 6.03143E-09 8.61648E-16 1.16434E-02 9.81044E-18 1.19593E-11 1.52636E-08 5.88050E-09 4.84062E-19
 9.55543E-03 1.91479E-02 2.26620E-04 2.25161E-08 1.09127E-11 5.01823E-08 2.98796E-12 5.32155E-11
 2.19711E-18 8.59673E-12 1.10328E-12 8.64351E-15 2.25016E-16 7.15369E-38 5.32404E-09 1.20382E-19
 1.44808E-24 3.86801E-22 1.00498E-12 3.79179E-19 4.84826E-11 1.83211E-17 4.50872E-18 7.22486E-11
 2.80338E-15 1.99921E-12 7.26506E-09 1.06666E-15 9.30370E-03 1.41227E-17 1.41769E-11 1.88369E-08
 6.32415E-09 6.95385E-19 9.55543E-03 1.91473E-02 2.26620E-04 2.75341E-08 1.23660E-11 5.00997E-08
 3.35082E-12 5.98416E-11 3.26116E-18 1.09087E-11 2.13068E-12 8.57114E-15 3.21481E-16 1.88736E-37
 5.32232E-09 1.78293E-19 2.20718E-24 5.48117E-22 1.47018E-12 5.06153E-19 4.89411E-11 2.79022E-17
 1.23187E-17 1.19841E-10 5.28049E-15 3.18874E-12 9.08530E-09 1.31131E-15 7.42810E-03 2.07988E-17
 1.70211E-11 2.44778E-08 6.75859E-09 1.01881E-18 9.55543E-03 1.91467E-02 2.26620E-04 3.52552E-08
 1.40108E-11 5.00126E-08 3.63499E-12 6.58632E-11 4.79238E-18 1.28604E-11 4.20031E-12 8.25182E-15
 4.37347E-16 5.14769E-37 5.32047E-09 2.64414E-19 3.36944E-24 7.80898E-22 2.13561E-12 6.35572E-19
 4.93475E-11 3.84248E-17 2.68750E-17 1.70057E-10 8.84789E-15 4.24786E-12 1.15224E-08 1.58737E-15
 5.74693E-03 3.09428E-17 2.05532E-11 3.23920E-08 7.11594E-09 1.50149E-18 9.55543E-03 1.91460E-02
 2.26620E-04 4.58519E-08 1.58115E-11 4.99211E-08 3.79914E-12 7.03087E-11 6.85848E-18 1.43529E-11
 8.37418E-12 7.58107E-15 5.67322E-16 1.44322E-36 5.31850E-09 3.91691E-19 5.14676E-24 1.11228E-21
 3.04659E-12 7.61887E-19 4.98197E-11 5.04205E-17 5.24543E-17 2.23635E-10 1.40327E-14 5.14795E-12
 1.44834E-08 1.88071E-15 4.34360E-03 4.57797E-17 2.47291E-11 4.22474E-08 7.32557E-09 2.19512E-18
 9.55543E-03 1.91453E-02 2.26620E-04 5.87520E-08 1.76913E-11 4.98254E-08 3.78225E-12 7.15258E-11
 9.29124E-18 1.50796E-11 1.62244E-11 6.51387E-15 6.69958E-16 4.07336E-36 5.31640E-09 5.76063E-19
 7.80338E-24 1.57528E-21 4.19661E-12 8.71978E-19 5.04626E-11 6.48955E-17 9.53172E-17 2.79930E-10
 2.12935E-14 5.85394E-12 1.79447E-08 2.17226E-15 3.19342E-03 6.68576E-17 2.95823E-11 5.39491E-08
 7.33503E-09 3.16955E-18 9.55544E-03 1.91445E-02 2.26620E-04 7.37017E-08 1.95869E-11 4.97256E-08
 3.51382E-12 6.78063E-11 1.15748E-17 1.50386E-11 2.92990E-11 5.11889E-15 6.90672E-16 1.13813E-35
 5.31415E-09 8.35865E-19 1.16958E-23 2.21426E-21 5.59916E-12 9.46816E-19 5.13647E-11 8.31155E-17
 1.64350E-16 3.38108E-10 3.12752E-14 6.34513E-12 2.19275E-08 2.44184E-15 2.31291E-03 9.65241E-17
 3.51831E-11 6.74825E-08 7.13699E-09 4.52427E-18 9.55544E-03 1.91437E-02 2.26620E-04 9.05736E-08
 2.14391E-11 4.96220E-08 2.96191E-12 5.82712E-11 1.29262E-17 1.44350E-11 4.81838E-11 3.57089E-15
 5.80831E-16 3.16310E-35 5.31175E-09 1.18794E-18 1.73712E-23 3.08902E-21 7.27709E-12 9.68689E-19
 5.25863E-11 1.06429E-16 2.72716E-16 3.97152E-10 4.47815E-14 6.61164E-12 2.64929E-08 2.71536E-15
 1.74300E-03 1.37915E-16 4.17459E-11 8.28668E-08 6.80087E-09 6.45484E-18 9.55544E-03 1.91428E-02
 2.26620E-04 1.09328E-07 2.34168E-11 4.95147E-08 2.31259E-12 4.65379E-11 1.31507E-17 1.35784E-11
 6.87101E-11 2.30072E-15 4.01426E-16 7.84397E-35 5.30919E-09 1.63526E-18 2.54994E-23 4.17689E-21
 9.26112E-12 9.34350E-19 5.41435E-11 1.34816E-16 4.32580E-16 4.55904E-10 6.26911E-14 6.65689E-12
 3.18328E-08 3.03948E-15 1.40623E-03 1.95768E-16 4.95290E-11 1.00559E-07 6.42898E-09 9.28648E-18
 9.55545E-03 1.91418E-02 2.26621E-04 1.30497E-07 2.57708E-11 4.94013E-08 1.76503E-12 3.65749E-11
 1.28674E-17 1.27011E-11 8.65087E-11 1.46962E-15 2.51536E-16 1.62236E-34 5.30637E-09 2.17146E-18
 3.70338E-23 5.38180E-21 1.16476E-11 8.61008E-19 5.60414E-11 1.66487E-16 6.54965E-16 5.14447E-10
 8.63403E-14 6.50388E-12 3.90715E-08 3.43737E-15 1.19232E-03 2.82105E-16 5.94189E-11 1.24180E-07
 6.06290E-09 1.37467E-17 9.55545E-03 1.91406E-02 2.26622E-04 1.58349E-07 2.88739E-11 4.92610E-08
 1.34177E-12 2.91191E-11 1.26202E-17 1.18358E-11 1.01346E-10 9.59617E-16 1.54624E-16 2.89579E-34
 5.30273E-09 2.86365E-18 5.42544E-23 6.69076E-21 1.49991E-11 7.65099E-19 5.85677E-11 1.97520E-16
 9.64832E-16 5.80913E-10 1.21693E-13 6.14570E-12 5.24120E-08 3.91619E-15 6.50610E-04 4.36830E-16
 7.43901E-11 1.67465E-07 5.69418E-09 2.21456E-17 9.55546E-03 1.91383E-02 2.26626E-04 2.08817E-07
 3.37954E-11 4.90215E-08 9.93446E-13 2.36579E-11 1.28569E-17 1.08931E-11 1.16111E-10 6.41286E-16
 1.48579E-16 4.79771E-34 5.29623E-09 4.01109E-18 8.46281E-23 8.29214E-21 2.15046E-11 6.49857E-19
 6.28399E-11 2.17071E-16 1.43401E-15 6.81364E-10 1.92828E-13 5.43886E-12 8.00800E-08 4.49608E-15
 4.24989E-04 7.56975E-16 9.90664E-11 2.55917E-07 5.33109E-09 4.05224E-17 9.55549E-03 1.91334E-02
 2.26642E-04 3.10745E-07 4.26484E-11 4.85122E-08 7.20377E-13 2.00538E-11 1.42376E-17 9.48651E-12
 1.33666E-10 4.47316E-16 1.29038E-16 7.99582E-34 5.28167E-09 6.31004E-18 1.48810E-22 1.07123E-20
 3.60668E-11 5.45189E-19 7.06756E-11 2.13538E-16 2.17742E-15 8.44111E-10 3.59819E-13 4.17967E-12
 1.33476E-07 5.24226E-15 3.86439E-04 1.40967E-15 1.37081E-10 4.23622E-07 5.03895E-09 8.06650E-17
 9.55556E-03 1.91226E-02 2.26690E-04 5.02769E-07 5.74810E-11 4.74689E-08 5.14659E-13 1.75696E-11
 1.66104E-17 7.86148E-12 1.55184E-10 3.24705E-16 8.82399E-17 1.51170E-33 5.25019E-09 1.10971E-17
 2.97312E-22 1.51043E-20 6.75404E-11 5.05936E-19 8.13959E-11 1.90383E-16 3.27505E-15 1.06221E-09
 7.28341E-13 2.74235E-12 2.13855E-07 6.18215E-15 4.00877E-04 2.50248E-15 1.84942E-10 6.69397E-07
 4.82215E-09 1.53821E-16 9.55570E-03 1.91032E-02 2.26810E-04 7.83170E-07 7.74011E-11 4.56940E-08
 3.76164E-13 1.55264E-11 1.88844E-17 6.57799E-12 1.76701E-10 2.40372E-16 5.51067E-17 3.22353E-33
 5.19381E-09 2.00584E-17 6.15199E-22 2.26329E-20 1.23927E-10 5.25460E-19 8.61275E-11 1.58200E-16
 4.43007E-15 1.21437E-09 1.28774E-12 1.63861E-12 3.03666E-07 7.29801E-15 4.20849E-04 3.93181E-15
 2.34141E-10 9.33388E-07 4.63494E-09 2.59787E-16 9.55591E-03 1.90752E-02 2.27019E-04 1.08312E-06
 9.86687E-11 4.32445E-08 2.90234E-13 1.36826E-11 2.00670E-17 5.75456E-12 1.91174E-10 1.79904E-16
 3.43841E-17 6.81777E-33 5.11233E-09 3.37618E-17 1.18718E-21 3.35557E-20 2.05406E-10 5.53033E-19
 6.71942E-11 1.07414E-16 4.66303E-15 1.08337E-09 1.61985E-12 8.38774E-13 3.82729E-07 8.72230E-15
 4.43752E-04 5.50504E-15 2.79046E-10 1.15240E-06 4.52216E-09 3.90789E-16 9.55618E-03 1.90407E-02
 2.27277E-04 1.33078E-06 1.18120E-10 4.03363E-08 2.33826E-13 1.18948E-11 1.98391E-17 5.11562E-12
 1.93850E-10 1.36873E-16 2.14477E-17 1.35498E-32 5.01178E-09 5.17769E-17 2.06266E-21 4.80321E-20
 3.05953E-10 5.60345E-19 5.07532E-11 7.81883E-17 4.74234E-15 9.34950E-10 1.74099E-12 4.65574E-13
 4.41699E-07 1.05876E-14 4.66402E-04 7.09836E-15 3.18255E-10 1.30089E-06 4.49009E-09 5.40817E-16
 9.55648E-03 1.90025E-02 2.27489E-04 1.49785E-06 1.34478E-10 3.72208E-08 2.04466E-13 1.07230E-11
 1.95930E-17 4.56646E-12 1.95754E-10 1.11319E-16 1.48680E-17 2.49737E-32 4.90055E-09 7.31503E-17
 3.25247E-21 6.60690E-20 4.17188E-10 5.65400E-19 3.74517E-11 5.99637E-17 4.71099E-15 7.89183E-10
 1.68310E-12 2.85280E-13 4.81392E-07 1.29761E-14 4.86694E-04 8.68541E-15 3.52720E-10 1.38584E-06
 4.50916E-09 7.09369E-16 9.55676E-03 1.89635E-02 2.27561E-04 1.59281E-06 1.47931E-10 3.41066E-08
 1.88415E-13 9.89662E-12 1.93357E-17 4.06388E-12 1.97197E-10 9.46453E-17 1.10989E-17 4.27310E-32
 4.78628E-09 9.67567E-17 4.75248E-21 8.74065E-20 5.31458E-10 5.63359E-19 2.71924E-11 4.74641E-17
 4.61713E-15 6.58357E-10 1.52399E-12 1.86566E-13 5.06525E-07 1.59833E-14 5.06528E-04 1.02926E-14
 3.83948E-10 1.42525E-06 4.55812E-09 9.00185E-16 9.55702E-03 1.89258E-02 2.27434E-04 1.63634E-06
 1.59225E-10 3.11607E-08 1.79298E-13 9.26474E-12 1.90692E-17 3.60297E-12 1.98335E-10 8.27273E-17
 8.65720E-18 6.83925E-32 4.67557E-09 1.21555E-16 6.55458E-21 1.11646E-19 6.42167E-10 5.51197E-19
 1.95834E-11 3.83257E-17 4.50599E-15 5.48109E-10 1.33214E-12 1.27016E-13 5.21952E-07 1.97301E-14
 5.26153E-04 1.19648E-14 4.13317E-10 1.43617E-06 4.62390E-09 1.11976E-15 9.55722E-03 1.88913E-02
 2.27102E-04 1.64777E-06 1.69154E-10 2.85005E-08 1.74051E-13 8.75314E-12 1.88004E-17 3.19072E-12
 1.99241E-10 7.36304E-17 6.94738E-18 1.03271E-31 4.57342E-09 1.46684E-16 8.65204E-21 1.38330E-19
 7.44311E-10 5.29206E-19 1.41254E-11 3.14741E-17 4.41513E-15 4.59418E-10 1.14872E-12 8.90040E-14
 5.31366E-07 2.43635E-14 5.45672E-04 1.37484E-14 4.41869E-10 1.43089E-06 4.69809E-09 1.37629E-15
 9.55737E-03 1.88603E-02 2.26587E-04 1.64090E-06 1.78323E-10 2.61459E-08 1.71091E-13 8.32181E-12
 1.85336E-17 2.82786E-12 1.99967E-10 6.63514E-17 5.68436E-18 1.48916E-31 4.48122E-09 1.71813E-16
 1.10630E-20 1.67301E-19 8.36517E-10 5.00103E-19 1.02473E-11 2.61958E-17 4.35907E-15 3.89216E-10
 9.88719E-13 6.36425E-14 5.37019E-07 3.00624E-14 5.65106E-04 1.56827E-14 4.70252E-10 1.41673E-06
 4.77556E-09 1.67892E-15 9.55749E-03 1.88329E-02 2.25922E-04 1.62387E-06 1.87110E-10 2.40827E-08
 1.69660E-13 7.95086E-12 1.82758E-17 2.51200E-12 2.00543E-10 6.03624E-17 4.72081E-18 2.07133E-31
 4.39893E-09 1.96791E-16 1.38180E-20 1.98523E-19 9.18804E-10 4.66833E-19 7.49493E-12 2.20586E-17
 4.34407E-15 3.33902E-10 8.54741E-13 4.62219E-14 5.40190E-07 3.70422E-14 5.84369E-04 1.78007E-14
 4.98849E-10 1.39785E-06 4.85310E-09 2.03781E-15 9.55757E-03 1.88089E-02 2.25143E-04 1.60122E-06
 1.95733E-10 2.22845E-08 1.69407E-13 7.63031E-12 1.80354E-17 2.23903E-12 2.00992E-10 5.53623E-17
 3.97202E-18 2.80054E-31 4.32596E-09 2.21542E-16 1.69562E-20 2.32023E-19 9.91776E-10 4.31864E-19
 5.53666E-12 1.87861E-17 4.37320E-15 2.90291E-10 7.44575E-13 3.40263E-14 5.41559E-07 4.55569E-14
 6.03051E-04 2.01320E-14 5.27851E-10 1.37647E-06 4.92869E-09 2.46419E-15 9.55763E-03 1.87877E-02
 2.24277E-04 1.57529E-06 2.04287E-10 2.07124E-08 1.70096E-13 7.35044E-12 1.78124E-17 2.00303E-12
 2.01338E-10 5.11260E-17 3.38118E-18 3.70774E-31 4.26110E-09 2.46122E-16 2.05317E-20 2.67963E-19
 1.05663E-09 3.96958E-19 4.13015E-12 1.61624E-17 4.44570E-15 2.55605E-10 6.54166E-13 2.53333E-14
 5.41460E-07 5.59045E-14 6.20439E-04 2.27059E-14 5.57329E-10 1.35379E-06 5.00115E-09 2.97061E-15
 9.55766E-03 1.87690E-02 2.23346E-04 1.54720E-06 2.12787E-10 1.93283E-08 1.71545E-13 7.10221E-12
 1.76034E-17 1.79822E-12 2.01599E-10 4.74823E-17 2.90920E-18 4.83896E-31 4.20309E-09 2.70666E-16
 2.46132E-20 3.06611E-19 1.11464E-09 3.63241E-19 3.10728E-12 1.40253E-17 4.56004E-15 2.27677E-10
 5.79558E-13 1.90334E-14 5.40078E-07 6.84312E-14 6.35602E-04 2.55539E-14 5.87294E-10 1.33048E-06
 5.06983E-09 3.57130E-15 9.55768E-03 1.87524E-02 2.22367E-04 1.51755E-06 2.21203E-10 1.81015E-08
 1.73600E-13 6.87757E-12 1.74043E-17 1.62022E-12 2.01791E-10 4.42994E-17 2.52837E-18 6.26267E-31
 4.15087E-09 2.95341E-16 2.92851E-20 3.48294E-19 1.16686E-09 3.31382E-19 2.35505E-12 1.22617E-17
 4.71630E-15 2.04931E-10 5.17610E-13 1.44077E-14 5.37597E-07 8.35436E-14 6.48005E-04 2.87116E-14
 6.17780E-10 1.30708E-06 5.13418E-09 4.28322E-15 9.55769E-03 1.87376E-02 2.21360E-04 1.48692E-06
 2.29509E-10 1.70110E-08 1.76312E-13 6.67703E-12 1.72279E-17 1.46705E-12 2.01919E-10 4.15255E-17
 2.22193E-18 8.06869E-31 4.10376E-09 3.20221E-16 3.46425E-20 3.93300E-19 1.21398E-09 3.02009E-19
 1.79824E-12 1.07999E-17 4.91679E-15 1.86280E-10 4.65980E-13 1.09846E-14 5.34210E-07 1.01759E-13
 6.58788E-04 3.22062E-14 6.48902E-10 1.28378E-06 5.19331E-09 5.12777E-15 9.55768E-03 1.87243E-02
 2.20333E-04 1.45579E-06 2.37794E-10 1.60325E-08 1.80499E-13 6.52813E-12 1.71423E-17 1.33784E-12
 2.01956E-10 3.92969E-17 1.98812E-18 1.03286E-30 4.06085E-09 3.45234E-16 4.07732E-20 4.41799E-19
 1.25689E-09 2.76097E-19 1.38099E-12 9.56334E-18 5.15765E-15 1.70788E-10 4.22258E-13 8.41680E-15
 5.30090E-07 1.23687E-13 6.68974E-04 3.60668E-14 6.80765E-10 1.26070E-06 5.24617E-09 6.13045E-15
 9.55767E-03 1.87122E-02 2.19296E-04 1.42451E-06 2.46128E-10 1.51470E-08 1.86846E-13 6.44833E-12
 1.71956E-17 1.23120E-12 2.01886E-10 3.76664E-17 1.81963E-18 1.31161E-30 4.02144E-09 3.70269E-16
 4.77738E-20 4.93911E-19 1.29630E-09 2.53974E-19 1.06486E-12 8.49682E-18 5.43642E-15 1.57772E-10
 3.84682E-13 6.46760E-15 5.25434E-07 1.50026E-13 6.79169E-04 4.03324E-14 7.13506E-10 1.23813E-06
 5.29157E-09 7.32238E-15 9.55765E-03 1.87014E-02 2.18266E-04 1.39362E-06 2.54573E-10 1.43474E-08
 1.95855E-13 6.44539E-12 1.74157E-17 1.14573E-12 2.01704E-10 3.66198E-17 1.70694E-18 1.65087E-30
 3.98533E-09 3.95096E-16 5.57488E-20 5.49621E-19 1.33240E-09 2.35499E-19 8.25322E-13 7.58059E-18
 5.75641E-15 1.46835E-10 3.52298E-13 4.98687E-15 5.20370E-07 1.81619E-13 6.90205E-04 4.50381E-14
 7.47251E-10 1.21618E-06 5.32836E-09 8.74128E-15 9.55763E-03 1.86915E-02 2.17251E-04 1.36337E-06
 2.63222E-10 1.36229E-08 2.08257E-13 6.53130E-12 1.78367E-17 1.07913E-12 2.01402E-10 3.61741E-17
 1.64472E-18 2.05523E-30 3.95214E-09 4.19504E-16 6.48033E-20 6.08863E-19 1.36560E-09 2.20419E-19
 6.42751E-13 6.78741E-18 6.11777E-15 1.37594E-10 3.24112E-13 3.85567E-15 5.14943E-07 2.19404E-13
 7.01867E-04 5.02299E-14 7.82029E-10 1.19487E-06 5.35597E-09 1.04298E-14 9.55760E-03 1.86826E-02
 2.16258E-04 1.33374E-06 2.72056E-10 1.29627E-08 2.24456E-13 6.70440E-12 1.84634E-17 1.02854E-12
 2.00983E-10 3.62662E-17 1.62534E-18 2.53536E-30 3.92144E-09 4.43483E-16 7.50881E-20 6.71785E-19
 1.39629E-09 2.08214E-19 5.02412E-13 6.09269E-18 6.52276E-15 1.29727E-10 2.99369E-13 2.98570E-15
 5.09231E-07 2.64450E-13 7.13728E-04 5.59658E-14 8.17899E-10 1.17437E-06 5.37390E-09 1.24397E-14
 9.55757E-03 1.86744E-02 2.15297E-04 1.30485E-06 2.81054E-10 1.23620E-08 2.44920E-13 6.96407E-12
 1.93029E-17 9.91703E-13 2.00452E-10 3.68462E-17 1.64424E-18 3.10493E-30 3.89311E-09 4.66997E-16
 8.67785E-20 7.38485E-19 1.42462E-09 1.98404E-19 3.94360E-13 5.48604E-18 6.97702E-15 1.23032E-10
 2.77626E-13 2.31667E-15 5.03354E-07 3.18008E-13 7.25775E-04 6.23098E-14 8.55000E-10 1.15489E-06
 5.38138E-09 1.48353E-14 9.55753E-03 1.86670E-02 2.14382E-04 1.27695E-06 2.90261E-10 1.18186E-08
 2.70423E-13 7.31674E-12 2.03753E-17 9.66884E-13 1.99806E-10 3.79086E-17 1.70066E-18 3.77434E-30
 3.86710E-09 4.89913E-16 1.00056E-19 8.08878E-19 1.45063E-09 1.90615E-19 3.11319E-13 4.96214E-18
 7.48649E-15 1.17360E-10 2.58521E-13 1.80359E-15 4.97466E-07 3.81493E-13 7.37928E-04 6.93396E-14
 8.93517E-10 1.13667E-06 5.37760E-09 1.76960E-14 9.55749E-03 1.86604E-02 2.13524E-04 1.25036E-06
 2.99726E-10 1.13316E-08 3.01837E-13 7.76912E-12 2.17003E-17 9.52583E-13 1.99043E-10 3.94476E-17
 1.79499E-18 4.55379E-30 3.84345E-09 5.12045E-16 1.15131E-19 8.82793E-19 1.47429E-09 1.84499E-19
 2.47805E-13 4.51932E-18 8.05836E-15 1.12595E-10 2.41766E-13 1.41216E-15 4.91669E-07 4.56536E-13
 7.49903E-04 7.71341E-14 9.33616E-10 1.11976E-06 5.36174E-09 2.11175E-14 9.55745E-03 1.86545E-02
 2.12729E-04 1.22521E-06 3.09505E-10 1.08951E-08 3.40296E-13 8.33115E-12 2.33015E-17 9.47361E-13
 1.98156E-10 4.14731E-17 1.93025E-18 5.44985E-30 3.82194E-09 5.33227E-16 1.32236E-19 9.60047E-19
 1.49580E-09 1.79748E-19 1.99026E-13 4.14682E-18 8.69638E-15 1.08592E-10 2.26950E-13 1.11258E-15
 4.86044E-07 5.45035E-13 7.60697E-04 8.57703E-14 9.75480E-10 1.10412E-06 5.33273E-09 2.52177E-14
 9.55741E-03 1.86491E-02 2.11995E-04 1.20157E-06 3.19703E-10 1.05025E-08 3.87296E-13 9.01735E-12
 2.52067E-17 9.49983E-13 1.97128E-10 4.40138E-17 2.11363E-18 6.45600E-30 3.80229E-09 5.53219E-16
 1.51605E-19 1.04027E-18 1.51544E-09 1.76075E-19 1.61243E-13 3.83168E-18 9.40158E-15 1.05217E-10
 2.13661E-13 8.81613E-16 4.80702E-07 6.49109E-13 7.70414E-04 9.53406E-14 1.01935E-09 1.08982E-06
 5.28946E-09 3.01432E-14 9.55736E-03 1.86443E-02 2.11324E-04 1.17964E-06 3.30446E-10 1.01501E-08
 4.44479E-13 9.84137E-12 2.74377E-17 9.59292E-13 1.95948E-10 4.70827E-17 2.35001E-18 7.55494E-30
 3.78438E-09 5.71692E-16 1.73487E-19 1.12290E-18 1.53335E-09 1.73183E-19 1.31911E-13 3.56825E-18
 1.01765E-14 1.02376E-10 2.01642E-13 7.03232E-16 4.75699E-07 7.71057E-13 7.79206E-04 1.05949E-13
 1.06541E-09 1.07683E-06 5.23106E-09 3.60693E-14 9.55731E-03 1.86400E-02 2.10713E-04 1.15943E-06
 3.41803E-10 9.83242E-09 5.13653E-13 1.08153E-11 3.00117E-17 9.74203E-13 1.94602E-10 5.06739E-17
 2.64374E-18 8.72919E-30 3.76798E-09 5.88454E-16 1.98193E-19 1.20748E-18 1.54975E-09 1.70786E-19
 1.08940E-13 3.34771E-18 1.10230E-14 9.99777E-11 1.90638E-13 5.64488E-16 4.71075E-07 9.13392E-13
 7.87213E-04 1.17710E-13 1.11384E-09 1.06510E-06 5.15675E-09 4.32107E-14 9.55727E-03 1.86360E-02
 2.10159E-04 1.14093E-06 3.53854E-10 9.54457E-09 5.96973E-13 1.19537E-11 3.29474E-17 9.93792E-13
 1.93073E-10 5.47803E-17 3.00003E-18 9.95205E-30 3.75288E-09 6.03339E-16 2.26062E-19 1.29345E-18
 1.56485E-09 1.68630E-19 9.07730E-14 3.16229E-18 1.19427E-14 9.79429E-11 1.80436E-13 4.55732E-16
 4.66920E-07 1.07890E-12 7.94470E-04 1.30762E-13 1.16491E-09 1.05473E-06 5.06613E-09 5.18375E-14
 9.55722E-03 1.86324E-02 2.09662E-04 1.12431E-06 3.66731E-10 9.28526E-09 6.96899E-13 1.32724E-11
 3.62606E-17 1.01704E-12 1.91347E-10 5.93882E-17 3.42379E-18 1.11836E-29 3.73905E-09 6.16123E-16
 2.57452E-19 1.38008E-18 1.57868E-09 1.66490E-19 7.64191E-14 3.01129E-18 1.29384E-14 9.62281E-11
 1.70950E-13 3.70580E-16 4.63297E-07 1.27064E-12 8.01019E-04 1.45262E-13 1.21890E-09 1.04580E-06
 4.95947E-09 6.22810E-14 9.55717E-03 1.86292E-02 2.09224E-04 1.10966E-06 3.80549E-10 9.05298E-09
 8.16150E-13 1.47867E-11 3.99619E-17 1.04293E-12 1.89407E-10 6.44687E-17 3.91808E-18 1.23839E-29
 3.72645E-09 6.26704E-16 2.92776E-19 1.46676E-18 1.59128E-09 1.64193E-19 6.50865E-14 2.89413E-18
 1.40132E-14 9.47925E-11 1.62116E-13 3.03957E-16 4.60205E-07 1.49173E-12 8.06982E-04 1.61388E-13
 1.27599E-09 1.03825E-06 4.83728E-09 7.49381E-14 9.55712E-03 1.86263E-02 2.08838E-04 1.09686E-06
 3.95350E-10 8.84338E-09 9.57862E-13 1.65128E-11 4.40665E-17 1.07077E-12 1.87235E-10 6.99803E-17
 4.48513E-18 1.35276E-29 3.71488E-09 6.35185E-16 3.32560E-19 1.55314E-18 1.60285E-09 1.61618E-19
 5.60301E-14 2.80496E-18 1.51692E-14 9.35830E-11 1.53815E-13 2.51327E-16 4.57655E-07 1.74546E-12
 8.12447E-04 1.79349E-13 1.33636E-09 1.03206E-06 4.70050E-09 9.02950E-14 9.55707E-03 1.86236E-02
 2.08499E-04 1.08587E-06 4.11164E-10 8.65324E-09 1.12552E-12 1.84670E-11 4.85907E-17 1.09995E-12
 1.84810E-10 7.58690E-17 5.12517E-18 1.45998E-29 3.70419E-09 6.41726E-16 3.77433E-19 1.63902E-18
 1.61354E-09 1.58690E-19 4.87218E-14 2.73992E-18 1.64091E-14 9.25598E-11 1.45979E-13 2.09439E-16
 4.55692E-07 2.03553E-12 8.17446E-04 1.99391E-13 1.40029E-09 1.02728E-06 4.55087E-09 1.08958E-13
 9.55702E-03 1.86211E-02 2.08207E-04 1.07672E-06 4.28059E-10 8.48139E-09 1.32279E-12 2.06632E-11
 5.35387E-17 1.12959E-12 1.82115E-10 8.20657E-17 5.83360E-18 1.55872E-29 3.69435E-09 6.46494E-16
 4.28099E-19 1.72430E-18 1.62338E-09 1.55370E-19 4.28190E-14 2.69883E-18 1.77368E-14 9.16983E-11
 1.38606E-13 1.76080E-16 4.54349E-07 2.36563E-12 8.22048E-04 2.21793E-13 1.46804E-09 1.02390E-06
 4.38986E-09 1.31664E-13 9.55696E-03 1.86189E-02 2.07955E-04 1.06941E-06 4.46068E-10 8.32528E-09
 1.55385E-12 2.31168E-11 5.89218E-17 1.15911E-12 1.79132E-10 8.84933E-17 6.60452E-18 1.64878E-29
 3.68524E-09 6.49708E-16 4.85410E-19 1.80903E-18 1.63249E-09 1.51639E-19 3.80070E-14 2.67890E-18
 1.91549E-14 9.09703E-11 1.31647E-13 1.49308E-16 4.53678E-07 2.73961E-12 8.26315E-04 2.46869E-13
 1.53991E-09 1.02187E-06 4.21886E-09 1.59332E-13 9.55691E-03 1.86168E-02 2.07742E-04 1.06397E-06
 4.65253E-10 8.18273E-09 1.82336E-12 2.58453E-11 6.47500E-17 1.18790E-12 1.75837E-10 9.50686E-17
 7.42950E-18 1.72948E-29 3.67675E-09 6.51535E-16 5.50322E-19 1.89318E-18 1.64098E-09 1.47485E-19
 3.40484E-14 2.67764E-18 2.06653E-14 9.03530E-11 1.25053E-13 1.27652E-16 4.53753E-07 3.16166E-12
 8.30275E-04 2.74968E-13 1.61632E-09 1.02119E-06 4.03936E-09 1.93108E-13 9.55686E-03 1.86148E-02
 2.07565E-04 1.06052E-06 4.85743E-10 8.05265E-09 2.13643E-12 2.88655E-11 7.10202E-17 1.21512E-12
 1.72210E-10 1.01699E-16 8.29545E-18 1.79894E-29 3.66885E-09 6.52061E-16 6.23846E-19 1.97669E-18
 1.64889E-09 1.42899E-19 3.07819E-14 2.69444E-18 2.22689E-14 8.98307E-11 1.18809E-13 1.10065E-16
 4.54655E-07 3.63626E-12 8.33941E-04 3.06461E-13 1.69773E-09 1.02177E-06 3.85267E-09 2.34430E-13
 9.55680E-03 1.86130E-02 2.07421E-04 1.05921E-06 5.07729E-10 7.93441E-09 2.49878E-12 3.21965E-11
 7.77181E-17 1.23979E-12 1.68228E-10 1.08288E-16 9.18492E-18 1.85370E-29 3.66151E-09 6.51296E-16
 7.07008E-19 2.05932E-18 1.65622E-09 1.37872E-19 2.80875E-14 2.72950E-18 2.39648E-14 8.93915E-11
 1.12914E-13 9.57450E-17 4.56447E-07 4.16869E-12 8.37310E-04 3.41726E-13 1.78466E-09 1.02350E-06
 3.66037E-09 2.85104E-13 9.55675E-03 1.86113E-02 2.07310E-04 1.06016E-06 5.31510E-10 7.82791E-09
 2.91619E-12 3.58506E-11 8.47841E-17 1.26071E-12 1.63877E-10 1.14714E-16 1.00707E-17 1.88850E-29
 3.65476E-09 6.49202E-16 8.00732E-19 2.14083E-18 1.66298E-09 1.32409E-19 2.58787E-14 2.78423E-18
 2.57503E-14 8.90262E-11 1.07416E-13 8.40911E-17 4.59166E-07 4.76484E-12 8.40399E-04 3.81131E-13
 1.87770E-09 1.02618E-06 3.46375E-09 3.47416E-13 9.55670E-03 1.86098E-02 2.07228E-04 1.06344E-06
 5.57504E-10 7.73237E-09 3.39483E-12 3.98376E-11 9.21214E-17 1.27685E-12 1.59142E-10 1.20839E-16
 1.09199E-17 1.89647E-29 3.64856E-09 6.45724E-16 9.05764E-19 2.22083E-18 1.66917E-09 1.26520E-19
 2.40708E-14 2.85858E-18 2.76196E-14 8.87245E-11 1.02398E-13 7.45678E-17 4.62861E-07 5.43039E-12
 8.43255E-04 4.25048E-13 1.97748E-09 1.02967E-06 3.26337E-09 4.24261E-13 9.55664E-03 1.86084E-02
 2.07173E-04 1.06913E-06 5.86232E-10 7.64611E-09 3.94226E-12 4.41762E-11 9.96281E-17 1.28746E-12
 1.53998E-10 1.26532E-16 1.17009E-17 1.87117E-29 3.64284E-09 6.40822E-16 1.02268E-18 2.29873E-18
 1.67490E-09 1.20214E-19 2.25784E-14 2.95025E-18 2.95640E-14 8.84742E-11 9.79844E-14 6.66964E-17
 4.67585E-07 6.17034E-12 8.45924E-04 4.73879E-13 2.08470E-09 1.03383E-06 3.05986E-09 5.19270E-13
 9.55659E-03 1.86071E-02 2.07140E-04 1.07732E-06 6.18212E-10 7.56751E-09 4.56698E-12 4.88882E-11
 1.07204E-16 1.29183E-12 1.48411E-10 1.31657E-16 1.23800E-17 1.81050E-29 3.63750E-09 6.34549E-16
 1.15202E-18 2.37416E-18 1.68024E-09 1.13518E-19 2.13334E-14 3.05682E-18 3.15756E-14 8.82652E-11
 9.44239E-14 6.01145E-17 4.73332E-07 6.99030E-12 8.48417E-04 5.28067E-13 2.19990E-09 1.03849E-06
 2.85517E-09 6.36940E-13 9.55653E-03 1.86059E-02 2.07128E-04 1.08798E-06 6.53881E-10 7.49603E-09
 5.27503E-12 5.39595E-11 1.14684E-16 1.28930E-12 1.42391E-10 1.36029E-16 1.29130E-17 1.71867E-29
 3.63252E-09 6.27168E-16 1.29441E-18 2.44785E-18 1.68521E-09 1.06528E-19 2.02956E-14 3.17840E-18
 3.36511E-14 8.80916E-11 9.21759E-14 5.45947E-17 4.80031E-07 7.89712E-12 8.50732E-04 5.88068E-13
 2.32356E-09 1.04344E-06 2.65199E-09 7.82841E-13 9.55648E-03 1.86047E-02 2.07134E-04 1.10098E-06
 6.93675E-10 7.43150E-09 6.06915E-12 5.93380E-11 1.21838E-16 1.27952E-12 1.35990E-10 1.39436E-16
 1.32562E-17 1.60317E-29 3.62792E-09 6.19101E-16 1.45037E-18 2.52133E-18 1.68982E-09 9.93923E-20
 1.94360E-14 3.31617E-18 3.57897E-14 8.79486E-11 9.18986E-14 4.99660E-17 4.87674E-07 8.89536E-12
 8.52901E-04 6.54388E-13 2.45624E-09 1.04857E-06 2.45159E-09 9.63957E-13 9.55642E-03 1.86036E-02
 2.07156E-04 1.11627E-06 7.38060E-10 7.37286E-09 6.95492E-12 6.50018E-11 1.28528E-16 1.26243E-12
 1.29222E-10 1.41757E-16 1.33852E-17 1.47174E-29 3.62362E-09 6.10725E-16 1.62052E-18 2.59588E-18
 1.69411E-09 9.22025E-20 1.87190E-14 3.46903E-18 3.79895E-14 8.78303E-11 9.44557E-14 4.60478E-17
 4.96247E-07 9.98878E-12 8.54946E-04 7.27609E-13 2.59847E-09 1.05376E-06 2.25543E-09 1.18891E-12
 9.55636E-03 1.86026E-02 2.07192E-04 1.13381E-06 7.87426E-10 7.31928E-09 7.93661E-12 7.09150E-11
 1.34629E-16 1.23814E-12 1.22119E-10 1.42895E-16 1.32847E-17 1.33333E-29 3.61959E-09 6.02461E-16
 1.80568E-18 2.67338E-18 1.69814E-09 8.50546E-20 1.81174E-14 3.63638E-18 4.02513E-14 8.77321E-11
 1.00974E-13 4.27021E-17 5.05624E-07 1.11837E-11 8.56866E-04 8.08352E-13 2.75051E-09 1.05884E-06
 2.06600E-09 1.46822E-12 9.55631E-03 1.86016E-02 2.07240E-04 1.15333E-06 8.42092E-10 7.27061E-09
 9.01156E-12 7.69767E-11 1.39947E-16 1.20723E-12 1.14785E-10 1.42742E-16 1.29508E-17 1.19672E-29
 3.61583E-09 5.94811E-16 2.00685E-18 2.75689E-18 1.70190E-09 7.80922E-20 1.76157E-14 3.81981E-18
 4.25812E-14 8.76511E-11 1.12656E-13 3.98360E-17 5.15709E-07 1.24861E-11 8.58669E-04 8.97269E-13
 2.91272E-09 1.06367E-06 1.88477E-09 1.81498E-12 9.55625E-03 1.86007E-02 2.07297E-04 1.17461E-06
 9.02501E-10 7.22648E-09 1.01774E-11 8.30973E-11 1.44342E-16 1.17046E-12 1.07311E-10 1.41270E-16
 1.23985E-17 1.06704E-29 3.61233E-09 5.88165E-16 2.22495E-18 2.84917E-18 1.70540E-09 7.14093E-20
 1.71978E-14 4.02015E-18 4.49838E-14 8.75844E-11 1.30730E-13 3.73556E-17 5.26412E-07 1.39024E-11
 8.60365E-04 9.95013E-13 3.08549E-09 1.06814E-06 1.71271E-09 2.24555E-12 9.55620E-03 1.85999E-02
 2.07361E-04 1.19748E-06 9.69280E-10 7.18643E-09 1.14311E-11 8.91875E-11 1.47693E-16 1.12873E-12
 9.97891E-11 1.38509E-16 1.16584E-17 9.46655E-30 3.60906E-09 5.82818E-16 2.46055E-18 2.95288E-18
 1.70867E-09 6.50694E-20 1.68494E-14 4.23781E-18 4.74622E-14 8.75295E-11 1.56045E-13 3.51767E-17
 5.37613E-07 1.54424E-11 8.61960E-04 1.10222E-12 3.26914E-09 1.07215E-06 1.55093E-09 2.78024E-12
 9.55614E-03 1.85991E-02 2.07432E-04 1.22166E-06 1.04322E-09 7.15017E-09 1.27656E-11 9.51339E-11
 1.49875E-16 1.08322E-12 9.23394E-11 1.34524E-16 1.07751E-17 8.36632E-30 3.60601E-09 5.79006E-16
 2.71390E-18 3.07103E-18 1.71172E-09 5.91366E-20 1.65596E-14 4.47361E-18 5.00196E-14 8.74842E-11
 1.88023E-13 3.32317E-17 5.49298E-07 1.71141E-11 8.63473E-04 1.21959E-12 3.46424E-09 1.07564E-06
 1.39948E-09 3.44458E-12 9.55608E-03 1.85983E-02 2.07507E-04 1.24712E-06 1.12532E-09 7.11708E-09
 1.41793E-11 1.00876E-10 1.50875E-16 1.03478E-12 8.50213E-11 1.29465E-16 9.79481E-18 7.36695E-30
 3.60314E-09 5.76870E-16 2.98502E-18 3.20610E-18 1.71459E-09 5.36134E-20 1.63165E-14 4.72688E-18
 5.26561E-14 8.74465E-11 2.23306E-13 3.14565E-17 5.61467E-07 1.89255E-11 8.64922E-04 1.34786E-12
 3.67133E-09 1.07859E-06 1.25833E-09 4.27020E-12 9.55603E-03 1.85976E-02 2.07587E-04 1.27386E-06
 1.21666E-09 7.08666E-09 1.56710E-11 1.06362E-10 1.50731E-16 9.84214E-13 7.78865E-11 1.23514E-16
 8.76241E-18 6.46646E-30 3.60042E-09 5.76551E-16 3.27398E-18 3.36085E-18 1.71731E-09 4.84925E-20
 1.61104E-14 4.99706E-18 5.53725E-14 8.74148E-11 2.52488E-13 2.98008E-17 5.74026E-07 2.08888E-11
 8.66313E-04 1.48799E-12 3.89049E-09 1.08096E-06 1.12804E-09 5.29539E-12 9.55597E-03 1.85969E-02
 2.07671E-04 1.30166E-06 1.31809E-09 7.05867E-09 1.72336E-11 1.11501E-10 1.49509E-16 9.32686E-13
 7.10318E-11 1.16858E-16 7.72524E-18 5.67105E-30 3.59784E-09 5.78193E-16 3.58176E-18 3.53902E-18
 1.71989E-09 4.37963E-20 1.59352E-14 5.28534E-18 5.81786E-14 8.73880E-11 2.76649E-13 2.82347E-17
 5.86878E-07 2.30163E-11 8.67648E-04 1.64125E-12 4.12144E-09 1.08271E-06 1.00887E-09 6.56598E-12
 9.55592E-03 1.85962E-02 2.07757E-04 1.33028E-06 1.43020E-09 7.03294E-09 1.88602E-11 1.16216E-10
 1.47366E-16 8.81311E-13 6.45402E-11 1.09716E-16 6.72398E-18 4.98654E-30 3.59539E-09 5.81899E-16
 3.91083E-18 3.74477E-18 1.72234E-09 3.95339E-20 1.57855E-14 5.59362E-18 6.10909E-14 8.73652E-11
 2.96692E-13 2.67372E-17 5.99925E-07 2.53226E-11 8.68931E-04 1.80928E-12 4.36375E-09 1.08385E-06
 9.00830E-10 8.13711E-12 9.55586E-03 1.85956E-02 2.07844E-04 1.35949E-06 1.55347E-09 7.00929E-09
 2.05448E-11 1.20444E-10 1.44493E-16 8.31101E-13 5.84800E-11 1.02302E-16 5.79040E-18 4.41193E-30
 3.59306E-09 5.87710E-16 4.26474E-18 3.98248E-18 1.72467E-09 3.57042E-20 1.56567E-14 5.92424E-18
 6.41292E-14 8.73456E-11 3.13363E-13 2.52947E-17 6.13078E-07 2.78273E-11 8.70166E-04 1.99399E-12
 4.61679E-09 1.08437E-06 8.03767E-10 1.00753E-11 9.55580E-03 1.85949E-02 2.07933E-04 1.38907E-06
 1.68853E-09 6.98756E-09 2.22817E-11 1.24136E-10 1.41086E-16 7.82932E-13 5.29058E-11 9.48158E-17
 4.94684E-18 3.93986E-30 3.59085E-09 5.95587E-16 4.64772E-18 4.25672E-18 1.72688E-09 3.22987E-20
 1.55447E-14 6.27979E-18 6.73156E-14 8.73286E-11 3.27274E-13 2.39005E-17 6.26251E-07 3.05563E-11
 8.71355E-04 2.19780E-12 4.87963E-09 1.08430E-06 7.17611E-10 1.24601E-11 9.55575E-03 1.85943E-02
 2.08021E-04 1.41880E-06 1.83582E-09 6.96761E-09 2.40660E-11 1.27255E-10 1.37352E-16 7.37528E-13
 4.78588E-11 8.74367E-17 4.20710E-18 3.56136E-30 3.58874E-09 6.05411E-16 5.06529E-18 4.57205E-18
 1.72899E-09 2.93057E-20 1.54462E-14 6.66325E-18 7.06750E-14 8.73137E-11 3.38930E-13 2.25578E-17
 6.39701E-07 3.35282E-11 8.72530E-04 2.42376E-12 5.15233E-09 1.08367E-06 6.41086E-10 1.53898E-11
 9.55569E-03 1.85937E-02 2.08112E-04 1.44921E-06 1.99611E-09 6.94885E-09 2.59078E-11 1.29869E-10
 1.33533E-16 6.94407E-13 4.32578E-11 8.03245E-17 3.56230E-18 3.26281E-30 3.58669E-09 6.17271E-16
 5.52408E-18 4.93257E-18 1.73104E-09 2.66492E-20 1.53562E-14 7.07394E-18 7.42212E-14 8.73002E-11
 3.48985E-13 2.12557E-17 6.54016E-07 3.67559E-11 8.73746E-04 2.67526E-12 5.43664E-09 1.08244E-06
 5.72152E-10 1.89899E-11 9.55563E-03 1.85931E-02 2.08208E-04 1.48162E-06 2.17148E-09 6.93039E-09
 2.78307E-11 1.32103E-10 1.29799E-16 6.52206E-13 3.89454E-11 7.35785E-17 2.99108E-18 3.02680E-30
 3.58459E-09 6.31639E-16 6.02974E-18 5.34320E-18 1.73314E-09 2.42198E-20 1.52687E-14 7.50650E-18
 7.79493E-14 8.72874E-11 3.58115E-13 1.99666E-17 6.69556E-07 4.02699E-11 8.75037E-04 2.95606E-12
 5.73352E-09 1.08053E-06 5.10008E-10 2.34168E-11 9.55557E-03 1.85925E-02 2.08313E-04 1.51681E-06
 2.36447E-09 6.91180E-09 2.98455E-11 1.33994E-10 1.26219E-16 6.10491E-13 3.48712E-11 6.72433E-17
 2.48569E-18 2.84012E-30 3.58239E-09 6.48911E-16 6.58772E-18 5.81005E-18 1.73534E-09 2.19743E-20
 1.51800E-14 7.95746E-18 8.18602E-14 8.72751E-11 3.66651E-13 1.86817E-17 6.86415E-07 4.41172E-11
 8.76409E-04 3.27039E-12 6.04292E-09 1.07785E-06 4.54422E-10 2.88643E-11 9.55550E-03 1.85918E-02
 2.08426E-04 1.55497E-06 2.57814E-09 6.89305E-09 3.19535E-11 1.35512E-10 1.22805E-16 5.69624E-13
 3.10608E-11 6.13305E-17 2.04612E-18 2.69184E-30 3.58009E-09 6.69243E-16 7.20357E-18 6.33994E-18
 1.73764E-09 1.99120E-20 1.50882E-14 8.42612E-18 8.59646E-14 8.72630E-11 3.74699E-13 1.74068E-17
 7.04659E-07 4.83515E-11 8.77871E-04 3.62322E-12 6.36466E-09 1.07430E-06 4.04911E-10 3.55746E-11
 9.55542E-03 1.85910E-02 2.08549E-04 1.59621E-06 2.81638E-09 6.87416E-09 3.41578E-11 1.36636E-10
 1.19560E-16 5.29973E-13 2.75329E-11 5.58387E-17 1.66979E-18 2.57281E-30 3.57767E-09 6.92781E-16
 7.88352E-18 6.94086E-18 1.74006E-09 1.80290E-20 1.49916E-14 8.91203E-18 9.02765E-14 8.72512E-11
 3.82337E-13 1.61470E-17 7.24364E-07 5.30354E-11 8.79427E-04 4.02056E-12 6.69830E-09 1.06979E-06
 3.60889E-10 4.38502E-11 9.55534E-03 1.85902E-02 2.08680E-04 1.64064E-06 3.08398E-09 6.85514E-09
 3.64638E-11 1.37352E-10 1.16498E-16 4.91819E-13 2.42939E-11 5.07618E-17 1.35184E-18 2.47603E-30
 3.57513E-09 7.19710E-16 8.63500E-18 7.62213E-18 1.74261E-09 1.63164E-20 1.48881E-14 9.41470E-18
 9.48138E-14 8.72394E-11 3.89637E-13 1.49077E-17 7.45616E-07 5.82433E-11 8.81086E-04 4.46946E-12
 7.04307E-09 1.06420E-06 3.21776E-10 5.40718E-11 9.55525E-03 1.85894E-02 2.08822E-04 1.68837E-06
 3.38690E-09 6.83599E-09 3.88791E-11 1.37655E-10 1.13632E-16 4.55381E-13 2.13420E-11 4.60879E-17
 1.08632E-18 2.39568E-30 3.57245E-09 7.50289E-16 9.46616E-18 8.39453E-18 1.74528E-09 1.47630E-20
 1.47756E-14 9.93338E-18 9.95980E-14 8.72277E-11 3.96668E-13 1.36959E-17 7.68508E-07 6.40634E-11
 8.82855E-04 4.97838E-12 7.39778E-09 1.05743E-06 2.87049E-10 6.67150E-11 9.55516E-03 1.85885E-02
 2.08973E-04 1.73948E-06 3.73228E-09 6.81675E-09 4.14130E-11 1.37543E-10 1.10984E-16 4.20822E-13
 1.86694E-11 4.18020E-17 8.66912E-19 2.32806E-30 3.56964E-09 7.84884E-16 1.03866E-17 9.27075E-18
 1.74809E-09 1.33574E-20 1.46516E-14 1.04673E-17 1.04657E-13 8.72160E-11 4.03495E-13 1.25204E-17
 7.93144E-07 7.05971E-11 8.84741E-04 5.55814E-12 7.76045E-09 1.04939E-06 2.56281E-10 8.23615E-11
 9.55505E-03 1.85876E-02 2.09135E-04 1.79404E-06 4.12752E-09 6.79742E-09 4.40739E-11 1.37016E-10
 1.08615E-16 3.88264E-13 1.62650E-11 3.78928E-17 6.87433E-19 2.27495E-30 3.56669E-09 8.24022E-16
 1.14111E-17 1.02664E-17 1.75105E-09 1.20891E-20 1.45138E-14 1.10163E-17 1.10032E-13 8.72041E-11
 4.10180E-13 1.13926E-17 8.19637E-07 7.79521E-11 8.86754E-04 6.22494E-12 8.12744E-09 1.04000E-06
 2.29168E-10 1.01669E-10 9.55494E-03 1.85865E-02 2.09307E-04 1.85204E-06 4.57742E-09 6.77803E-09
 4.68627E-11 1.36088E-10 1.06689E-16 3.57799E-13 1.41155E-11 3.43679E-17 5.42103E-19 2.24971E-30
 3.56358E-09 8.68442E-16 1.25722E-17 1.14022E-17 1.75416E-09 1.09488E-20 1.43594E-14 1.15830E-17
 1.15798E-13 8.71918E-11 4.16782E-13 1.03271E-17 8.48113E-07 8.62639E-11 8.88901E-04 6.99719E-12
 8.49536E-09 1.02920E-06 2.05368E-10 1.25453E-10 9.55482E-03 1.85855E-02 2.09490E-04 1.91344E-06
 5.08898E-09 6.75860E-09 4.97812E-11 1.34772E-10 1.05291E-16 3.29482E-13 1.22056E-11 3.12107E-17
 4.25530E-19 2.26034E-30 3.56031E-09 9.19091E-16 1.39028E-17 1.27014E-17 1.75743E-09 9.92719E-21
 1.41858E-14 1.21685E-17 1.22028E-13 8.71792E-11 4.23355E-13 9.33434E-18 8.78725E-07 9.57020E-11
 8.91190E-04 7.89574E-12 8.86110E-09 1.01695E-06 1.84502E-10 1.54740E-10 9.55469E-03 1.85843E-02
 2.09684E-04 1.97815E-06 5.67219E-09 6.73916E-09 5.28328E-11 1.33081E-10 1.04442E-16 3.03325E-13
 1.05180E-11 2.83901E-17 3.32797E-19 2.30985E-30 3.55686E-09 9.77191E-16 1.54355E-17 1.41902E-17
 1.76087E-09 9.01419E-21 1.39901E-14 1.27721E-17 1.28791E-13 8.71661E-11 4.29949E-13 8.42027E-18
 9.11656E-07 1.06470E-10 8.93631E-04 8.94646E-12 9.22135E-09 1.00324E-06 1.66223E-10 1.90778E-10
 9.55455E-03 1.85831E-02 2.09889E-04 2.04602E-06 6.33814E-09 6.71975E-09 5.60174E-11 1.31034E-10
 1.04164E-16 2.79310E-13 9.03420E-12 2.58784E-17 2.59559E-19 2.40357E-30 3.55324E-09 1.04435E-15
 1.72120E-17 1.58993E-17 1.76449E-09 8.19994E-21 1.37696E-14 1.33924E-17 1.36163E-13 8.71522E-11
 4.36612E-13 7.58813E-18 9.47135E-07 1.18818E-10 8.96233E-04 1.01813E-11 9.57296E-09 9.88070E-07
 1.50218E-10 2.35105E-10 9.55440E-03 1.85818E-02 2.10105E-04 2.11688E-06 7.09940E-09 6.70040E-09
 5.93316E-11 1.28653E-10 1.04485E-16 2.57398E-13 7.73572E-12 2.36493E-17 2.02072E-19 2.54960E-30
 3.54943E-09 1.12271E-15 1.92841E-17 1.78653E-17 1.76830E-09 7.47494E-21 1.35214E-14 1.40273E-17
 1.44228E-13 8.71376E-11 4.43388E-13 6.83887E-18 9.85441E-07 1.33055E-10 8.99004E-04 1.16398E-11
 9.91330E-09 9.71502E-07 1.36205E-10 2.89643E-10 9.55424E-03 1.85804E-02 2.10333E-04 2.19047E-06
 7.97070E-09 6.68116E-09 6.27697E-11 1.25963E-10 1.05432E-16 2.37534E-13 6.60414E-12 2.16770E-17
 1.57172E-19 2.75889E-30 3.54543E-09 1.21519E-15 2.17150E-17 2.01316E-17 1.77231E-09 6.83021E-21
 1.32426E-14 1.46727E-17 1.53075E-13 8.71221E-11 4.50322E-13 6.17131E-18 1.02692E-06 1.49566E-10
 9.01955E-04 1.33726E-11 1.02402E-08 9.53617E-07 1.23928E-10 3.56805E-10 9.55406E-03 1.85789E-02
 2.10573E-04 2.26650E-06 8.96922E-09 6.66206E-09 6.63224E-11 1.22993E-10 1.07045E-16 2.19657E-13
 5.62166E-12 1.99391E-17 1.22229E-19 3.04683E-30 3.54122E-09 1.32571E-15 2.45870E-17 2.27509E-17
 1.77651E-09 6.25745E-21 1.29304E-14 1.53235E-17 1.62793E-13 8.71056E-11 4.57454E-13 5.58258E-18
 1.07201E-06 1.68849E-10 9.05095E-04 1.54403E-11 1.05533E-08 9.34537E-07 1.13117E-10 4.39844E-10
 9.55388E-03 1.85773E-02 2.10824E-04 2.34460E-06 1.01208E-08 6.64316E-09 6.99870E-11 1.19762E-10
 1.09316E-16 2.03701E-13 4.77128E-12 1.84049E-17 9.50917E-20 3.42404E-30 3.53680E-09 1.45967E-15
 2.79843E-17 2.57850E-17 1.78093E-09 5.74895E-21 1.25822E-14 1.59706E-17 1.73453E-13 8.70879E-11
 4.64824E-13 5.06732E-18 1.12124E-06 1.91528E-10 9.08434E-04 1.79221E-11 1.08530E-08 9.14417E-07
 1.03529E-10 5.43081E-10 9.55368E-03 1.85757E-02 2.11087E-04 2.42435E-06 1.14584E-08 6.62452E-09
 7.37603E-11 1.16291E-10 1.12265E-16 1.89610E-13 4.03720E-12 1.70485E-17 7.40317E-20 3.90504E-30
 3.53216E-09 1.62454E-15 3.20145E-17 2.93118E-17 1.78557E-09 5.29820E-21 1.21953E-14 1.66033E-17
 1.85121E-13 8.70690E-11 4.72474E-13 4.61989E-18 1.17530E-06 2.18384E-10 9.11984E-04 2.09266E-11
 1.11412E-08 8.93454E-07 9.49565E-11 6.72339E-10 9.55346E-03 1.85739E-02 2.11362E-04 2.50522E-06
 1.30223E-08 6.60617E-09 7.76389E-11 1.12600E-10 1.15983E-16 1.77344E-13 3.40505E-12 1.58496E-17
 5.76885E-20 4.51425E-30 3.52729E-09 1.83069E-15 3.68255E-17 3.34347E-17 1.79044E-09 4.90032E-21
 1.17671E-14 1.72098E-17 1.97852E-13 8.70487E-11 4.80445E-13 4.23513E-18 1.23499E-06 2.50412E-10
 9.15755E-04 2.46068E-11 1.14215E-08 8.71879E-07 8.72137E-11 8.35787E-10 9.55323E-03 1.85720E-02
 2.11649E-04 2.58653E-06 1.48663E-08 6.58819E-09 8.16234E-11 1.08704E-10 1.20649E-16 1.66891E-13
 2.86193E-12 1.47906E-17 4.49996E-20 5.28917E-30 3.52219E-09 2.09256E-15 4.26213E-17 3.82968E-17
 1.79554E-09 4.55223E-21 1.12950E-14 1.77777E-17 2.11671E-13 8.70270E-11 4.88779E-13 3.90800E-18
 1.30132E-06 2.88932E-10 9.19759E-04 2.91897E-11 1.17004E-08 8.49957E-07 8.01317E-11 1.04536E-09
 9.55298E-03 1.85700E-02 2.11947E-04 2.66743E-06 1.70649E-08 6.57064E-09 8.57231E-11 1.04607E-10
 1.26587E-16 1.58275E-13 2.39628E-12 1.38578E-17 3.51416E-20 6.29081E-30 3.51684E-09 2.43015E-15
 4.96986E-17 4.41090E-17 1.80089E-09 4.25286E-21 1.07768E-14 1.82954E-17 2.26561E-13 8.70039E-11
 4.97520E-13 3.63343E-18 1.37549E-06 3.35783E-10 9.24006E-04 3.50306E-11 1.19879E-08 8.27979E-07
 7.35536E-11 1.31940E-09 9.55271E-03 1.85679E-02 2.12256E-04 2.74674E-06 1.97280E-08 6.55358E-09
 8.99619E-11 1.00299E-10 1.34364E-16 1.51554E-13 1.99781E-12 1.30421E-17 2.74788E-20 7.62502E-30
 3.51124E-09 2.87108E-15 5.85130E-17 5.12017E-17 1.80649E-09 4.00327E-21 1.02101E-14 1.87558E-17
 2.42419E-13 8.69794E-11 5.06709E-13 3.40604E-18 1.45894E-06 3.93715E-10 9.28506E-04 4.27168E-11
 1.23000E-08 8.06257E-07 6.73276E-11 1.68782E-09 9.55243E-03 1.85657E-02 2.12574E-04 2.82289E-06
 2.30271E-08 6.53710E-09 9.43898E-11 9.57426E-11 1.44957E-16 1.46838E-13 1.65736E-12 1.23397E-17
 2.15220E-20 9.49056E-30 3.50538E-09 3.45318E-15 6.97952E-17 6.01225E-17 1.81235E-09 3.80682E-21
 9.59298E-15 1.91605E-17 2.58995E-13 8.69538E-11 5.16391E-13 3.21971E-18 1.55334E-06 4.67064E-10
 9.33266E-04 5.32847E-11 1.26634E-08 7.85117E-07 6.13282E-11 2.20127E-09 9.55212E-03 1.85634E-02
 2.12902E-04 2.89358E-06 2.72267E-08 6.52129E-09 9.90867E-11 9.08702E-11 1.60153E-16 1.44281E-13
 1.36682E-12 1.17585E-17 1.68973E-20 1.23315E-29 3.49926E-09 4.22782E-15 8.48300E-17 7.18280E-17
 1.81847E-09 3.66942E-21 8.92347E-15 1.95284E-17 2.75784E-13 8.69275E-11 5.26605E-13 3.06776E-18
 1.66055E-06 5.62965E-10 9.38290E-04 6.86569E-11 1.31219E-08 7.64888E-07 5.54830E-11 2.94823E-09
 9.55179E-03 1.85609E-02 2.13238E-04 2.95551E-06 3.27241E-08 6.50626E-09 1.04164E-10 8.55827E-11
 1.83296E-16 1.44090E-13 1.11909E-12 1.13242E-17 1.33202E-20 1.72787E-29 3.49289E-09 5.26358E-15
 1.06025E-16 8.80457E-17 1.82484E-09 3.59950E-21 8.20032E-15 1.99041E-17 2.91863E-13 8.69013E-11
 5.37384E-13 2.94297E-18 1.78239E-06 6.93476E-10 9.43573E-04 9.25284E-11 1.37478E-08 7.45888E-07
 4.98133E-11 4.08536E-09 9.55144E-03 1.85584E-02 2.13579E-04 3.00377E-06 4.00806E-08 6.49211E-09
 1.09759E-10 7.97553E-11 2.20759E-16 1.46505E-13 9.07990E-13 1.10847E-17 1.05748E-20 2.75477E-29
 3.48628E-09 6.64959E-15 1.38045E-16 1.11953E-16 1.83145E-09 3.60729E-21 7.42349E-15 2.03609E-17
 3.05679E-13 8.68769E-11 5.48745E-13 2.83749E-18 1.92024E-06 8.79124E-10 9.49087E-04 1.32470E-10
 1.46480E-08 7.28399E-07 4.46130E-11 5.87888E-09 9.55108E-03 1.85557E-02 2.13921E-04 3.03124E-06
 4.99007E-08 6.47901E-09 1.15919E-10 7.33553E-11 2.86074E-16 1.51770E-13 7.28305E-13 1.11798E-17
 8.49908E-21 5.32202E-29 3.47948E-09 8.49521E-15 1.91283E-16 1.49496E-16 1.83824E-09 3.70311E-21
 6.59591E-15 2.09886E-17 3.15017E-13 8.68565E-11 5.60665E-13 2.74685E-18 2.07447E-06 1.15519E-09
 9.54773E-04 2.04048E-10 1.59939E-08 7.12608E-07 4.00860E-11 8.79818E-09 9.55069E-03 1.85530E-02
 2.14262E-04 3.02810E-06 6.29208E-08 6.46716E-09 1.22664E-10 6.63798E-11 4.05655E-16 1.60004E-13
 5.75582E-13 1.17767E-17 6.96373E-21 1.23442E-28 3.47259E-09 1.09204E-14 2.87271E-16 2.11795E-16
 1.84514E-09 3.89045E-21 5.72614E-15 2.18504E-17 3.16754E-13 8.68433E-11 5.73042E-13 2.66085E-18
 2.24385E-06 1.57981E-09 9.60514E-04 3.40587E-10 1.80616E-08 6.98539E-07 3.62324E-11 1.36722E-08
 9.55031E-03 1.85502E-02 2.14595E-04 2.98201E-06 7.99577E-08 6.45681E-09 1.29957E-10 5.88849E-11
 6.33802E-16 1.71035E-13 4.46256E-13 1.31018E-17 5.86481E-21 3.13415E-28 3.46574E-09 1.40267E-14
 4.72482E-16 3.20134E-16 1.85197E-09 4.15706E-21 4.83167E-15 2.29387E-17 3.07274E-13 8.68410E-11
 5.85647E-13 2.56352E-18 2.42422E-06 2.25274E-09 9.66095E-04 6.18773E-10 2.13070E-08 6.86015E-07
 3.30230E-11 2.20031E-08 9.54994E-03 1.85476E-02 2.14916E-04 2.87957E-06 1.01652E-07 6.44825E-09
 1.37744E-10 5.09478E-11 1.09200E-15 1.84125E-13 3.38289E-13 1.56189E-17 5.12377E-21 7.77464E-28
 3.45923E-09 1.78135E-14 8.55600E-16 5.15638E-16 1.85849E-09 4.46231E-21 3.94442E-15 2.41790E-17
 2.83661E-13 8.68532E-11 5.98020E-13 2.43745E-18 2.60581E-06 3.45008E-09 9.71106E-04 1.23790E-09
 2.64744E-08 6.74691E-07 3.14109E-11 3.69889E-08 9.54961E-03 1.85453E-02 2.15220E-04 2.71277E-06
 1.28178E-07 6.44188E-09 1.46284E-10 4.23224E-11 2.06623E-15 1.97488E-13 2.52420E-13 2.07830E-17
 4.68571E-21 1.69475E-27 3.45352E-09 2.19493E-14 1.72108E-15 8.63832E-16 1.86418E-09 4.71908E-21
 3.12075E-15 2.55881E-17 2.45822E-13 8.68806E-11 6.09240E-13 2.26520E-18 2.76213E-06 9.19654E-09
 9.74677E-04 2.85547E-09 3.33663E-08 6.64610E-07 4.44604E-11 6.91566E-08 9.54940E-03 1.85438E-02
 2.15499E-04 2.50565E-06 1.55344E-07 6.43826E-09 1.57362E-10 3.12190E-11 4.08425E-15 2.07445E-13
 1.95610E-13 3.97681E-17 4.51234E-21 2.80912E-27 3.44959E-09 2.51969E-14 4.05405E-15 1.27872E-15
 1.86811E-09 4.79935E-21 2.47421E-15 2.57688E-17 2.02994E-13 8.69160E-11 6.17337E-13 2.01424E-18
 2.86454E+02 2.83180E+02 2.79768E+02 2.76182E+02 2.72523E+02 2.68907E+02 2.65297E+02 2.62178E+02
 2.59781E+02 2.57999E+02 2.56754E+02 2.56097E+02 2.55810E+02 2.55533E+02 2.55158E+02 2.54723E+02
 2.54256E+02 2.53764E+02 2.53246E+02 2.52710E+02 2.52158E+02 2.51593E+02 2.51013E+02 2.50414E+02
 2.49786E+02 2.49115E+02 2.48393E+02 2.47644E+02 2.46886E+02 2.46127E+02 2.45383E+02 2.44648E+02
 2.43913E+02 2.43180E+02 2.42449E+02 2.41725E+02 2.41019E+02 2.40343E+02 2.39698E+02 2.39088E+02
 2.38517E+02 2.37988E+02 2.37494E+02 2.37029E+02 2.36587E+02 2.36161E+02 2.35748E+02 2.35349E+02
 2.34970E+02 2.34627E+02 2.34341E+02 2.34135E+02 2.34026E+02 2.34023E+02 2.34129E+02 2.34346E+02
 2.34668E+02 2.35083E+02 2.35587E+02 2.36180E+02 2.36866E+02 2.37652E+02 2.38541E+02 2.39521E+02
 2.40569E+02 2.41659E+02 2.42766E+02 2.43864E+02 2.44934E+02 2.45974E+02 2.46990E+02 2.47993E+02
 2.48992E+02 2.49996E+02 2.51016E+02 2.52060E+02 2.53122E+02 2.54139E+02 2.55077E+02 2.55931E+02
 2.56688E+02 2.57334E+02 2.57862E+02 2.58260E+02 2.58554E+02 2.58771E+02 2.58925E+02 2.59032E+02
 2.59103E+02 2.59152E+02 2.59202E+02 2.59265E+02 2.59317E+02 2.59289E+02 2.58764E+02 2.57466E+02
 2.55381E+02 2.52635E+02 2.49535E+02 2.45549E+02 1.00000E+05 1.00000E+05 1.00000E+05 1.00000E+05
 1.00000E+05 1.00000E+05 1.00000E+05 1.00000E+05 9.52758E+04 6.92150E+04 3.43950E+04 1.59705E+04
 8.47053E+03 5.64176E+03 4.49724E+03 4.01263E+03 3.90658E+03 3.99118E+03 4.33395E+03 4.85966E+03
 5.49805E+03 6.29871E+03 7.21063E+03 8.22132E+03 9.28821E+03 1.04576E+04 1.17576E+04 1.30000E+04
 1.43800E+04 1.59921E+04 1.75918E+04 1.93642E+04 2.14011E+04 2.38650E+04 2.69055E+04 3.00653E+04
 3.36653E+04 3.78445E+04 4.20679E+04 4.68626E+04 5.27639E+04 5.95145E+04 6.60866E+04 7.38321E+04
 8.26403E+04 9.14468E+04 1.01357E+05 1.12350E+05 1.25537E+05 1.41787E+05 1.59813E+05 1.78234E+05
 1.97418E+05 2.21216E+05 2.48700E+05 2.75226E+05 3.06216E+05 3.43084E+05 3.82847E+05 4.28453E+05
 4.80118E+05 5.29242E+05 5.83321E+05 6.42995E+05 7.08692E+05 7.81134E+05 8.60950E+05 9.48889E+05
 9.95224E+05 1.00000E+06 1.00000E+06 1.00000E+06 1.00000E+06 1.00000E+06 1.00000E+06 1.00000E+06
 1.00000E+06 1.00000E+06 1.00000E+06 1.00000E+06 1.00000E+06 1.00000E+06 1.00000E+06 1.00000E+06
 1.00000E+06 1.00000E+06 1.00000E+06 1.00000E+06 1.00000E+06 1.00000E+06 1.00000E+06 1.00000E+06
 1.00000E+06 1.00000E+06 1.00000E+06 1.00000E+06 1.00000E+06 1.00000E+06 1.00000E+06 1.00000E+06
 2.46238E+19 2.30018E+19 2.14801E+19 2.00546E+19 1.87122E+19 1.74409E+19 1.62404E+19 1.50810E+19
 1.39550E+19 1.28746E+19 1.18477E+19 1.08746E+19 9.96557E+18 9.13151E+18 8.36968E+18 7.67230E+18
 7.03294E+18 6.44659E+18 5.90879E+18 5.41538E+18 4.96263E+18 4.54720E+18 4.16602E+18 3.81638E+18
 3.49581E+18 3.20204E+18 2.93290E+18 2.68603E+18 2.45941E+18 2.25136E+18 2.06026E+18 1.88485E+18
 1.72394E+18 1.57637E+18 1.44105E+18 1.31699E+18 1.20321E+18 1.09887E+18 1.00322E+18 9.15553E+17
 8.35240E+17 7.61695E+17 6.94397E+17 6.32864E+17 5.76636E+17 5.25288E+17 4.78418E+17 4.35643E+17
 3.96603E+17 3.60963E+17 3.28412E+17 2.98670E+17 2.71496E+17 2.46683E+17 2.24043E+17 2.03402E+17
 1.84604E+17 1.67506E+17 1.51966E+17 1.37849E+17 1.25030E+17 1.13392E+17 1.02831E+17 9.32546E+16
 8.45829E+16 7.67392E+16 6.96499E+16 6.32467E+16 5.74646E+16 5.22401E+16 4.75149E+16 4.32371E+16
 3.93606E+16 3.58452E+16 3.26546E+16 2.97570E+16 2.71258E+16 2.47414E+16 2.25819E+16 2.06248E+16
 1.88501E+16 1.72401E+16 1.57783E+16 1.44503E+16 1.32412E+16 1.21382E+16 1.11306E+16 1.02092E+16
 9.36580E+15 8.59313E+15 7.88444E+15 7.23412E+15 6.63797E+15 6.09294E+15 5.60301E+15 5.16647E+15
 4.77615E+15 4.42357E+15 4.09923E+15 3.80821E+15 4.40392E-12 4.93385E-12 6.07158E-12 7.86149E-12
 1.02346E-11 1.31971E-11 1.67858E-11 2.10578E-11 2.62122E-11 3.34541E-11 4.74794E-11 7.85738E-11
 1.44323E-10 2.56309E-10 4.02991E-10 5.61382E-10 7.10614E-10 8.38820E-10 9.41550E-10 1.01939E-09
 1.07673E-09 1.11812E-09 1.14738E-09 1.16764E-09 1.18121E-09 1.18974E-09 1.19439E-09 1.19604E-09
 1.19533E-09 1.19271E-09 1.18856E-09 1.18315E-09 1.17674E-09 1.16956E-09 1.16184E-09 1.15375E-09
 1.14536E-09 1.13679E-09 1.12808E-09 1.11924E-09 1.11038E-09 1.10159E-09 1.09284E-09 1.08411E-09
 1.07545E-09 1.06685E-09 1.05827E-09 1.04973E-09 1.04128E-09 1.03300E-09 1.02501E-09 1.01718E-09
 1.00944E-09 1.00188E-09 9.94517E-10 9.87226E-10 9.80042E-10 9.73017E-10 9.66117E-10 9.59359E-10
 9.52749E-10 9.46176E-10 9.39640E-10 9.33147E-10 9.26698E-10 9.20296E-10 9.13942E-10 9.07639E-10
 9.01075E-10 8.93949E-10 8.86185E-10 8.77738E-10 8.68560E-10 8.58602E-10 8.47814E-10 8.36143E-10
 8.23537E-10 8.09947E-10 7.95324E-10 7.79627E-10 7.62816E-10 7.44856E-10 7.25715E-10 7.05373E-10
 6.83815E-10 6.61037E-10 6.37046E-10 6.11863E-10 5.85524E-10 5.58085E-10 5.29619E-10 5.00222E-10
 4.70016E-10 4.39152E-10 4.07830E-10 3.76287E-10 3.44765E-10 3.13512E-10 2.82753E-10 2.52746E-10
 9.93584E+00 8.73924E+00 8.86948E+00 9.47800E+00 1.06142E+01 1.19382E+01 1.32692E+01 1.48021E+01
 1.64223E+01 1.86807E+01 2.14222E+01 3.03409E+01 5.00451E+01 8.11664E+01 1.16890E+02 1.49371E+02
 1.73450E+02 1.87697E+02 1.93123E+02 1.91637E+02 1.85495E+02 1.76494E+02 1.65920E+02 1.54660E+02
 1.43307E+02 1.32232E+02 1.21609E+02 1.11539E+02 1.02072E+02 9.32321E+01 8.50133E+01 7.74243E+01
 7.04459E+01 6.40323E+01 5.81545E+01 5.27728E+01 4.78353E+01 4.33092E+01 3.91739E+01 3.54000E+01
 3.19540E+01 2.88171E+01 2.59762E+01 2.33988E+01 2.10654E+01 1.89560E+01 1.70509E+01 1.53311E+01
 1.37787E+01 1.23784E+01 1.11119E+01 9.96278E+00 8.92383E+00 7.98594E+00 7.13737E+00 6.37024E+00
 5.67885E+00 5.06611E+00 4.51791E+00 4.02647E+00 3.58726E+00 3.19474E+00 2.84313E+00 2.53423E+00
 2.25974E+00 2.01540E+00 1.79806E+00 1.60523E+00 1.43578E+00 1.28445E+00 1.14968E+00 1.02899E+00
 9.20633E-01 8.23548E-01 7.36168E-01 6.57380E-01 5.86385E-01 5.22667E-01 4.65579E-01 4.14643E-01
 3.69000E-01 3.28059E-01 2.91331E-01 2.58384E-01 2.28766E-01 2.02106E-01 1.78099E-01 1.56482E-01
 1.37029E-01 1.19541E-01 1.03836E-01 8.97629E-02 7.72064E-02 6.60739E-02 5.64082E-02 4.81038E-02
 4.09505E-02 3.47491E-02 2.92916E-02 2.46027E-02 1.00000E-12 1.00000E-12 1.00000E-12 1.00000E-12
 1.00000E-12 1.00000E-12 1.00000E-12 1.00000E-12 1.00000E-12 1.00000E-12 1.00000E-12 1.00000E-12
 1.00000E-12 1.00000E-12 1.00000E-12 1.00000E-12 1.00000E-12 1.00000E-12 1.00000E-12 1.00000E-12
 1.00000E-12 1.00000E-12 1.00000E-12 1.00000E-12 1.00000E-12 1.00000E-12 1.00000E-12 1.00000E-12
 1.00000E-12 1.00000E-12 1.00000E-12 1.00000E-12 1.00000E-12 1.00000E-12 1.00000E-12 1.00000E-12
 1.00000E-12 1.00000E-12 1.00000E-12 1.00000E-12 1.00000E-12 1.00000E-12 1.00000E-12 1.00000E-12
 1.00000E-12 1.00000E-12 1.00000E-12 1.00000E-12 1.00000E-12 1.00000E-12 1.00000E-12 1.00000E-12
 1.00000E-12 1.00000E-12 1.00000E-12 1.00000E-12 1.00000E-12 1.00000E-12 1.00000E-12 1.00000E-12
 1.00000E-12 1.00000E-12 1.00000E-12 1.00000E-12 1.00000E-12 1.00000E-12 1.00000E-12 1.00000E-12
 1.00000E-12 1.00000E-12 1.00000E-12 1.00000E-12 1.00000E-12 1.00000E-12 1.00000E-12 1.00000E-12
 1.00000E-12 1.00000E-12 1.00000E-12 1.00000E-12 1.00000E-12 1.00000E-12 1.00000E-12 1.00000E-12
 1.00000E-12 1.00000E-12 1.00000E-12 1.00000E-12 1.00000E-12 1.00000E-12 1.00000E-12 1.00000E-12
 1.00000E-12 1.00000E-12 1.00000E-12 1.00000E-12 1.00000E-12 1.00000E-12 1.00000E-12 1.00000E-12
 1.00000E-12 1.00000E-12 1.00000E-12 1.00000E-12 1.00000E-12 1.00000E-12 1.00000E-12 1.00000E-12
 1.00000E-12 1.00000E-12 1.00000E-12 1.00000E-12 1.00000E-12 1.00000E-12 1.00000E-12 1.00000E-12
 1.00000E-12 1.00000E-12 1.00000E-12 1.00000E-12 1.00000E-12 1.00000E-12 1.00000E-12 1.00000E-12
 1.00000E-12 1.00000E-12 1.00000E-12 1.00000E-12 1.00000E-12 1.00000E-12 1.00000E-12 1.00000E-12
 1.00000E-12 1.00000E-12 1.00000E-12 1.00000E-12 1.00000E-12 1.00000E-12 1.00000E-12 1.00000E-12
 1.00000E-12 1.00000E-12 1.00000E-12 1.00000E-12 1.00000E-12 1.00000E-12 1.00000E-12 1.00000E-12
 1.00000E-12 1.00000E-12 1.00000E-12 1.00000E-12 1.00000E-12 1.00000E-12 1.00000E-12 1.00000E-12
 1.00000E-12 1.00000E-12 1.00000E-12 1.00000E-12 1.00000E-12 1.00000E-12 1.00000E-12 1.00000E-12
 1.00000E-12 1.00000E-12 1.00000E-12 1.00000E-12 1.00000E-12 1.00000E-12 1.00000E-12 1.00000E-12
 1.00000E-12 1.00000E-12 1.00000E-12 1.00000E-12 1.00000E-12 1.00000E-12 1.00000E-12 1.00000E-12
 1.00000E-12 1.00000E-12 1.00000E-12 1.00000E-12 1.00000E-12 1.00000E-12 1.00000E-12 1.00000E-12
 1.00000E-12 1.00000E-12 1.00000E-12 1.00000E-12 1.00000E-12 1.00000E-12 1.00000E-12 1.00000E-12
 1.00000E-12 1.00000E-12 1.00000E-12 1.00000E-12 2.73939E-04 2.95000E-04 3.16573E-04 3.41308E-04
 3.66067E-04 3.92524E-04 4.21945E-04 4.52382E-04 4.85345E-04 5.21424E-04 5.77900E-04 6.31126E-04
 6.79680E-04 7.29151E-04 7.82829E-04 8.41383E-04 9.05631E-04 9.76327E-04 1.05392E-03 1.13906E-03
 1.23248E-03 1.33500E-03 1.44750E-03 1.57096E-03 1.70641E-03 1.85493E-03 2.01797E-03 2.19703E-03
 2.39377E-03 2.60999E-03 2.84771E-03 3.10889E-03 3.39583E-03 3.71143E-03 4.05866E-03 4.44094E-03
 4.86245E-03 5.32756E-03 5.84058E-03 6.40659E-03 7.03180E-03 7.72230E-03 8.48378E-03 9.32444E-03
 1.02525E-02 1.12768E-02 1.24073E-02 1.36553E-02 1.50335E-02 1.65558E-02 1.82400E-02 2.01054E-02
 2.21691E-02 2.44521E-02 2.69815E-02 2.97837E-02 3.28868E-02 3.62999E-02 4.00665E-02 4.42271E-02
 4.88171E-02 5.38775E-02 5.94621E-02 6.55687E-02 7.22724E-02 7.96355E-02 8.77177E-02 9.65765E-02
 1.06221E-01 1.16768E-01 1.28276E-01 1.40847E-01 1.54586E-01 1.69575E-01 1.85949E-01 2.03844E-01
 2.23392E-01 2.44707E-01 2.67926E-01 2.93142E-01 3.20568E-01 3.50399E-01 3.82837E-01 4.18098E-01
 4.56454E-01 4.98198E-01 5.43646E-01 5.93144E-01 6.47069E-01 7.05835E-01 7.69911E-01 8.39794E-01
 9.15961E-01 9.98843E-01 1.08814E+00 1.18383E+00 1.28658E+00 1.39746E+00 1.51859E+00 1.64979E+00
 1.00000E+00 1.00000E+00 1.00000E+00 1.00000E+00 1.00000E+00 1.00000E+00 1.00000E+00 1.00000E+00
 1.00000E+00 1.00000E+00 1.00000E+00 1.00000E+00 1.00000E+00 1.00000E+00 1.00000E+00 1.00000E+00
 1.00000E+00 1.00000E+00 1.00000E+00 1.00000E+00 1.00000E+00 1.00000E+00 1.00000E+00 1.00000E+00
 1.00000E+00 1.00000E+00 1.00000E+00 1.00000E+00 1.00000E+00 1.00000E+00 1.00000E+00 1.00000E+00
 1.00000E+00 1.00000E+00 1.00000E+00 1.00000E+00 1.00000E+00 1.00000E+00 1.00000E+00 1.00000E+00
 1.00000E+00 1.00000E+00 1.00000E+00 1.00000E+00 1.00000E+00 1.00000E+00 1.00000E+00 1.00000E+00
 1.00000E+00 1.00000E+00 1.00000E+00 1.00000E+00 1.00000E+00 1.00000E+00 1.00000E+00 1.00000E+00
 1.00000E+00 1.00000E+00 1.00000E+00 1.00000E+00 1.00000E+00 1.00000E+00 1.00000E+00 1.00000E+00
 1.00000E+00 1.00000E+00 1.00000E+00 1.00000E+00 1.00000E+00 1.00000E+00 1.00000E+00 1.00000E+00
 1.00000E+00 1.00000E+00 1.00000E+00 1.00000E+00 1.00000E+00 1.00000E+00 1.00000E+00 1.00000E+00
 1.00000E+00 1.00000E+00 1.00000E+00 1.00000E+00 1.00000E+00 1.00000E+00 1.00000E+00 1.00000E+00
 1.00000E+00 1.00000E+00 1.00000E+00 1.00000E+00 1.00000E+00 1.00000E+00 1.00000E+00 1.00000E+00
 1.00000E+00 1.00000E+00 1.00000E+00 1.00000E+00 1.00000E+00 1.00000E+00 1.00000E+00 1.00000E+00
 1.00000E+00 1.00000E+00 1.00000E+00 1.00000E+00 1.00000E+00 1.00000E+00 1.00000E+00 1.00000E+00
 1.00000E+00 1.00000E+00 1.00000E+00 1.00000E+00 1.00000E+00 1.00000E+00 1.00000E+00 1.00000E+00
 1.00000E+00 1.00000E+00 1.00000E+00 1.00000E+00 1.00000E+00 1.00000E+00 1.00000E+00 1.00000E+00
 1.00000E+00 1.00000E+00 1.00000E+00 1.00000E+00 1.00000E+00 1.00000E+00 1.00000E+00 1.00000E+00
 1.00000E+00 1.00000E+00 1.00000E+00 1.00000E+00 1.00000E+00 1.00000E+00 1.00000E+00 1.00000E+00
 1.00000E+00 1.00000E+00 1.00000E+00 1.00000E+00 1.00000E+00 1.00000E+00 1.00000E+00 1.00000E+00
 1.00000E+00 1.00000E+00 1.00000E+00 1.00000E+00 1.00000E+00 1.00000E+00 1.00000E+00 1.00000E+00
 1.00000E+00 1.00000E+00 1.00000E+00 1.00000E+00 1.00000E+00 1.00000E+00 1.00000E+00 1.00000E+00
 1.00000E+00 1.00000E+00 1.00000E+00 1.00000E+00 1.00000E+00 1.00000E+00 1.00000E+00 1.00000E+00
 1.00000E+00 1.00000E+00 1.00000E+00 1.00000E+00 1.00000E+00 1.00000E+00 1.00000E+00 1.00000E+00
 1.00000E+00 1.00000E+00 1.00000E+00 1.00000E+00 1.00000E+00 1.00000E+00 1.00000E+00 1.00000E+00
 1.00000E+00 1.00000E+00 1.00000E+00 1.00000E+00 1.00000E+00 1.00000E+00 1.00000E+00 1.00000E+00
 1.00000E-05 1.00000E-05 1.00000E-05 1.00000E-05 1.00000E-05 1.00000E-05 1.00000E-05 1.00000E-05
 1.00000E-05 1.00000E-05 1.00000E-05 1.00000E-05 1.00000E-05 1.00000E-05 1.00000E-05 1.00000E-05
 1.00000E-05 1.00000E-05 1.00000E-05 1.00000E-05 1.00000E-05 1.00000E-05 1.00000E-05 1.00000E-05
 1.00000E-05 1.00000E-05 1.00000E-05 1.00000E-05 1.00000E-05 1.00000E-05 1.00000E-05 1.00000E-05
 1.00000E-05 1.00000E-05 1.00000E-05 1.00000E-05 1.00000E-05 1.00000E-05 1.00000E-05 1.00000E-05
 1.00000E-05 1.00000E-05 1.00000E-05 1.00000E-05 1.00000E-05 1.00000E-05 1.00000E-05 1.00000E-05
 1.00000E-05 1.00000E-05 1.00000E-05 1.00000E-05 1.00000E-05 1.00000E-05 1.00000E-05 1.00000E-05
 1.00000E-05 1.00000E-05 1.00000E-05 1.00000E-05 1.00000E-05 1.00000E-05 1.00000E-05 1.00000E-05
 1.00000E-05 1.00000E-05 1.00000E-05 1.00000E-05 1.00000E-05 1.00000E-05 1.00000E-05 1.00000E-05
 1.00000E-05 1.00000E-05 1.00000E-05 1.00000E-05 1.00000E-05 1.00000E-05 1.00000E-05 1.00000E-05
 1.00000E-05 1.00000E-05 1.00000E-05 1.00000E-05 1.00000E-05 1.00000E-05 1.00000E-05 1.00000E-05
 1.00000E-05 1.00000E-05 1.00000E-05 1.00000E-05 1.00000E-05 1.00000E-05 1.00000E-05 1.00000E-05
 1.00000E-05 1.00000E-05 1.00000E-05 1.00000E-05 1.00000E-09 1.00000E-09 1.00000E-09 1.00000E-09
 1.00000E-09 1.00000E-09 1.00000E-09 1.00000E-09 1.00000E-09 1.00000E-09 1.00000E-09 1.00000E-09
 1.00000E-09 1.00000E-09 1.00000E-09 1.00000E-09 1.00000E-09 1.00000E-09 1.00000E-09 1.00000E-09
 1.00000E-09 1.00000E-09 1.00000E-09 1.00000E-09 1.00000E-09 1.00000E-09 1.00000E-09 1.00000E-09
 1.00000E-09 1.00000E-09 1.00000E-09 1.00000E-09 1.00000E-09 1.00000E-09 1.00000E-09 1.00000E-09
 1.00000E-09 1.00000E-09 1.00000E-09 1.00000E-09 1.00000E-09 1.00000E-09 1.00000E-09 1.00000E-09
 1.00000E-09 1.00000E-09 1.00000E-09 1.00000E-09 1.00000E-09 1.00000E-09 1.00000E-09 1.00000E-09
 1.00000E-09 1.00000E-09 1.00000E-09 1.00000E-09 1.00000E-09 1.00000E-09 1.00000E-09 1.00000E-09
 1.00000E-09 1.00000E-09 1.00000E-09 1.00000E-09 1.00000E-09 1.00000E-09 1.00000E-09 1.00000E-09
 1.00000E-09 1.00000E-09 1.00000E-09 1.00000E-09 1.00000E-09 1.00000E-09 1.00000E-09 1.00000E-09
 1.00000E-09 1.00000E-09 1.00000E-09 1.00000E-09 1.00000E-09 1.00000E-09 1.00000E-09 1.00000E-09
 1.00000E-09 1.00000E-09 1.00000E-09 1.00000E-09 1.00000E-09 1.00000E-09 1.00000E-09 1.00000E-09
 1.00000E-09 1.00000E-09 1.00000E-09 1.00000E-09 1.00000E-09 1.00000E-09 1.00000E-09 1.00000E-09
 1.00000E-09 1.00000E-09 1.00000E-09 1.00000E-09 1.00000E-09 1.00000E-09 1.00000E-09 1.00000E-09
 1.00000E-09 1.00000E-09 1.00000E-09 1.00000E-09 1.00000E-09 1.00000E-09 1.00000E-09 1.00000E-09
 1.00000E-09 1.00000E-09 1.00000E-09 1.00000E-09 1.00000E-09 1.00000E-09 1.00000E-09 1.00000E-09
 1.00000E-09 1.00000E-09 1.00000E-09 1.00000E-09 1.00000E-09 1.00000E-09 1.00000E-09 1.00000E-09
 1.00000E-09 1.00000E-09 1.00000E-09 1.00000E-09 1.00000E-09 1.00000E-09 1.00000E-09 1.00000E-09
 1.00000E-09 1.00000E-09 1.00000E-09 1.00000E-09 1.00000E-09 1.00000E-09 1.00000E-09 1.00000E-09
 1.00000E-09 1.00000E-09 1.00000E-09 1.00000E-09 1.00000E-09 1.00000E-09 1.00000E-09 1.00000E-09
 1.00000E-09 1.00000E-09 1.00000E-09 1.00000E-09 1.00000E-09 1.00000E-09 1.00000E-09 1.00000E-09
 1.00000E-09 1.00000E-09 1.00000E-09 1.00000E-09 1.00000E-09 1.00000E-09 1.00000E-09 1.00000E-09
 1.00000E-09 1.00000E-09 1.00000E-09 1.00000E-09 1.00000E-09 1.00000E-09 1.00000E-09 1.00000E-09
 1.00000E-09 1.00000E-09 1.00000E-09 1.00000E-09 1.00000E-09 1.00000E-09 1.00000E-09 1.00000E-09
 1.00000E-09 1.00000E-09 1.00000E-09 1.00000E-09 1.00000E-09 1.00000E-09 1.00000E-09 1.00000E-09
 1.00000E-09 1.00000E-09 1.00000E-09 1.00000E-09
