 1.97971E-10 5.76588E-17 1.18422E-02 5.07545E-14 1.00875E-11 9.62685E-10 2.34532E-08 4.72336E-21
 5.50000E-07 1.60000E-06 9.00000E-08 5.07065E-10 5.46625E-12 3.00000E-07 4.73327E-12 1.94841E-11
 1.79548E-14 1.23612E-10 3.30318E-13 1.43046E-14 1.33715E-16 5.49760E-23 5.00000E-10 1.86037E-13
 7.51700E-18 1.08497E-14 7.10339E-12 6.86552E-13 2.41224E-12 3.42106E-18 4.16441E-20 2.93054E-11
 1.84101E-12 4.32122E-14 2.08176E-10 7.10522E-17 9.55505E-03 5.87742E-14 1.03991E-11 1.01631E-09
 2.54881E-08 5.27106E-21 5.50125E-07 1.59706E-06 8.45216E-08 5.16646E-10 5.51761E-12 2.99982E-07
 5.58727E-12 2.11850E-11 2.26690E-14 1.64650E-10 5.29226E-13 1.46728E-14 1.89149E-16 1.09574E-22
 4.92375E-10 2.21301E-13 9.70921E-18 1.34279E-14 9.23920E-12 8.61502E-13 2.43085E-12 3.83889E-18
 5.50879E-20 4.48678E-11 3.05883E-12 4.81241E-14 2.10766E-10 8.84690E-17 7.68827E-03 6.79974E-14
 1.06118E-11 1.03240E-09 2.80565E-08 5.86980E-21 5.50277E-07 1.59436E-06 7.94615E-08 4.97569E-10
 5.46095E-12 2.99962E-07 6.49596E-12 2.28519E-11 2.81463E-14 2.11722E-10 8.55984E-13 1.52333E-14
 2.69687E-16 2.20325E-22 4.85263E-10 2.52964E-13 1.22245E-17 1.65146E-14 1.14679E-11 1.02768E-12
 2.44945E-12 4.27068E-18 7.10016E-20 5.90351E-11 4.38774E-12 5.03461E-14 2.08878E-10 1.10737E-16
 6.00520E-03 7.76146E-14 1.06673E-11 1.02340E-09 3.11185E-08 6.44920E-21 5.50446E-07 1.59191E-06
 7.48095E-08 4.61881E-10 5.26735E-12 2.99941E-07 7.57139E-12 2.47452E-11 3.46049E-14 2.66395E-10
 1.41543E-12 1.60317E-14 4.02432E-16 4.43345E-22 4.78714E-10 2.82245E-13 1.51369E-17 2.00569E-14
 1.38665E-11 1.19925E-12 2.48087E-12 4.68507E-18 9.10612E-20 7.25209E-11 5.84857E-12 5.25541E-14
 2.02422E-10 1.38851E-16 4.60942E-03 8.80091E-14 1.05806E-11 9.78415E-10 3.46175E-08 7.04088E-21
 5.50623E-07 1.58972E-06 7.05518E-08 4.10238E-10 4.94837E-12 2.99919E-07 8.89564E-12 2.69679E-11
 4.25899E-14 3.23568E-10 2.38756E-12 1.69895E-14 6.18642E-16 8.80064E-22 4.72767E-10 3.06571E-13
 1.85089E-17 2.39382E-14 1.61815E-11 1.37815E-12 2.53412E-12 5.13116E-18 1.17638E-19 8.55638E-11
 7.35973E-12 5.51571E-14 1.92267E-10 1.74059E-16 3.42749E-03 9.83646E-14 1.02935E-11 9.00758E-10
 3.84821E-08 7.60045E-21 5.50802E-07 1.58779E-06 6.66778E-08 3.48406E-10 4.50206E-12 2.99895E-07
 1.05960E-11 2.96758E-11 5.22917E-14 3.79915E-10 4.00352E-12 1.80089E-14 9.87245E-16 1.65794E-21
 4.67451E-10 3.19930E-13 2.22595E-17 2.77953E-14 1.82990E-11 1.55558E-12 2.62070E-12 5.59831E-18
 1.51758E-19 9.84234E-11 8.85943E-12 5.84170E-14 1.79004E-10 2.16784E-16 2.48976E-03 1.09012E-13
 9.81945E-12 7.99260E-10 4.26147E-08 8.13433E-21 5.50977E-07 1.58613E-06 6.31760E-08 2.83010E-10
 3.96111E-12 2.99870E-07 1.27779E-11 3.27691E-11 6.45019E-14 4.32501E-10 6.89484E-12 1.88353E-14
 1.59755E-15 3.04641E-21 4.62783E-10 3.19909E-13 2.64333E-17 3.13338E-14 2.01625E-11 1.71626E-12
 2.75068E-12 6.15060E-18 1.98877E-19 1.11323E-10 1.03020E-11 6.24676E-14 1.62721E-10 2.67217E-16
 1.74643E-03 1.18951E-13 9.11976E-12 6.83427E-10 4.68955E-08 8.56683E-21 5.51142E-07 1.58474E-06
 6.00425E-08 2.19934E-10 3.35300E-12 2.99843E-07 1.55174E-11 3.59600E-11 7.90308E-14 4.78193E-10
 1.21747E-11 1.91896E-14 2.59309E-15 5.51411E-21 4.58775E-10 3.04654E-13 3.09153E-17 3.42300E-14
 2.17511E-11 1.83620E-12 2.94116E-12 6.79659E-18 2.64832E-19 1.24466E-10 1.15910E-11 6.76055E-14
 1.43286E-10 3.25190E-16 1.17613E-03 1.26456E-13 8.19252E-12 5.62948E-10 5.11925E-08 8.78819E-21
 5.51294E-07 1.58359E-06 5.72758E-08 1.63993E-10 2.72930E-12 2.99814E-07 1.86818E-11 3.84914E-11
 9.37242E-14 5.13865E-10 2.15313E-11 1.87952E-14 4.11112E-15 1.00111E-20 4.55420E-10 2.75891E-13
 3.54167E-17 3.64228E-14 2.30716E-11 1.88649E-12 3.21535E-12 7.51602E-18 3.56561E-19 1.37972E-10
 1.25689E-11 7.42480E-14 1.20787E-10 3.90118E-16 7.56151E-04 1.28458E-13 7.06528E-12 4.46740E-10
 5.53901E-08 8.62025E-21 5.51430E-07 1.58266E-06 5.48703E-08 1.17998E-10 2.13762E-12 2.99783E-07
 2.17502E-11 3.91151E-11 1.03013E-13 5.37345E-10 3.63795E-11 1.74558E-14 6.14193E-15 1.87614E-20
 4.52688E-10 2.37992E-13 3.93304E-17 3.81488E-14 2.41547E-11 1.84293E-12 3.59611E-12 8.17493E-18
 4.77159E-19 1.51750E-10 1.30319E-11 8.27243E-14 9.65978E-11 4.61467E-16 4.61846E-04 1.22480E-13
 5.81699E-12 3.41716E-10 5.94285E-08 7.94981E-21 5.51548E-07 1.58193E-06 5.28061E-08 8.21974E-11
 1.60741E-12 2.99750E-07 2.40976E-11 3.71184E-11 1.01585E-13 5.49147E-10 5.55018E-11 1.52874E-14
 8.50419E-15 3.69495E-20 4.50509E-10 1.94919E-13 4.19438E-17 3.95617E-14 2.50475E-11 1.70417E-12
 4.08277E-12 8.52729E-18 6.19427E-19 1.65245E-10 1.28408E-11 9.27292E-14 7.39102E-11 5.39583E-16
 2.67118E-04 1.11636E-13 4.51634E-12 2.51776E-10 6.33197E-08 7.01770E-21 5.51645E-07 1.58134E-06
 5.10411E-08 5.48614E-11 1.13196E-12 2.99714E-07 2.69074E-11 3.47976E-11 9.68027E-14 5.53180E-10
 7.40902E-11 1.28698E-14 1.18072E-14 7.14503E-20 4.48782E-10 1.45956E-13 4.36388E-17 3.92000E-14
 2.58031E-11 1.50507E-12 4.61403E-12 8.50847E-18 7.79890E-19 1.77190E-10 1.20791E-11 1.02626E-13
 5.49005E-11 6.25435E-16 1.46109E-04 1.00748E-13 3.27126E-12 1.79019E-10 6.71007E-08 6.13546E-21
 5.51722E-07 1.58086E-06 4.95245E-08 3.46992E-11 7.24953E-13 2.99676E-07 3.24111E-11 3.45490E-11
 9.86418E-14 5.53652E-10 8.52411E-11 1.06349E-14 1.79247E-14 1.24475E-19 4.47398E-10 9.56439E-14
 4.53641E-17 3.55717E-14 2.64674E-11 1.28753E-12 5.06052E-12 8.18862E-18 9.62213E-19 1.85727E-10
 1.09592E-11 1.09443E-13 3.98242E-11 7.19731E-16 7.52095E-05 9.16267E-14 2.20479E-12 1.23738E-10
 7.07956E-08 5.40493E-21 5.51780E-07 1.58044E-06 4.82127E-08 2.09063E-11 4.18097E-13 2.99636E-07
 4.27187E-11 3.69478E-11 1.10891E-13 5.52738E-10 8.54329E-11 8.64285E-15 2.95878E-14 1.91381E-19
 4.46264E-10 5.42672E-14 4.75966E-17 2.93112E-14 2.70750E-11 1.07580E-12 5.23646E-12 7.51611E-18
 1.15238E-18 1.88678E-10 9.64089E-12 1.09359E-13 2.81889E-11 8.23868E-16 3.66179E-05 8.32616E-14
 1.42388E-12 8.41764E-11 7.44203E-08 4.76617E-21 5.51823E-07 1.58007E-06 4.70723E-08 1.22839E-11
 2.26415E-13 2.99592E-07 5.79887E-11 4.02554E-11 1.28355E-13 5.50908E-10 7.68722E-11 6.86398E-15
 4.69751E-14 2.79224E-19 4.45311E-10 2.82184E-14 5.00435E-17 2.30678E-14 2.76626E-11 8.79999E-13
 4.89505E-12 6.24652E-18 1.27244E-18 1.83657E-10 8.20724E-12 9.83630E-14 1.97672E-11 9.45272E-16
 1.69184E-05 7.57129E-14 9.36664E-13 5.70147E-11 7.80064E-08 4.23802E-21 5.51855E-07 1.57971E-06
 4.60743E-08 7.21324E-12 1.25007E-13 2.99546E-07 7.59964E-11 4.23211E-11 1.42977E-13 5.48061E-10
 6.45522E-11 5.42464E-15 6.43947E-14 3.97891E-19 4.44482E-10 1.48818E-14 5.26350E-17 1.85719E-14
 2.82529E-11 7.09510E-13 3.70020E-12 4.21120E-18 1.18384E-18 1.67967E-10 6.77758E-12 7.51165E-14
 1.43883E-11 1.11457E-15 9.37746E-06 7.14447E-14 6.85544E-13 3.87552E-11 8.16095E-08 4.00286E-21
 5.51877E-07 1.57936E-06 4.51894E-08 4.30006E-12 7.99694E-14 2.99496E-07 9.27708E-11 4.27491E-11
 1.50784E-13 5.44658E-10 5.25443E-11 4.48346E-15 7.28012E-14 4.87345E-19 4.43730E-10 8.87464E-15
 5.54239E-17 1.61436E-14 2.88574E-11 5.72076E-13 2.86695E-12 3.01656E-18 1.08110E-18 1.55092E-10
 5.58161E-12 5.72208E-14 1.12708E-11 1.36729E-15 6.82729E-06 7.06980E-14 5.53171E-13 2.65470E-11
 8.53051E-08 4.08710E-21 5.51892E-07 1.57901E-06 4.43915E-08 2.62018E-12 5.98018E-14 2.99441E-07
 1.09477E-10 4.37343E-11 1.56478E-13 5.41504E-10 4.25517E-11 3.87935E-15 7.30294E-14 4.76206E-19
 4.43024E-10 5.97248E-15 5.84722E-17 1.47813E-14 2.94819E-11 4.67642E-13 2.26561E-12 2.30138E-18
 9.59129E-19 1.44339E-10 4.65221E-12 4.46755E-14 9.42801E-12 1.71457E-15 5.49343E-06 7.23268E-14
 4.78397E-13 1.82578E-11 8.92619E-08 4.38835E-21 5.51902E-07 1.57863E-06 4.36450E-08 1.62579E-12
 4.95004E-14 2.99380E-07 1.25870E-10 4.48080E-11 1.61007E-13 5.38955E-10 3.45893E-11 3.47755E-15
 6.94868E-14 4.37199E-19 4.42325E-10 4.45686E-15 6.22657E-17 1.41609E-14 3.01413E-11 3.89907E-13
 1.81252E-12 1.83135E-18 8.48630E-19 1.35022E-10 3.93822E-12 3.55504E-14 8.28166E-12 2.17322E-15
 4.60563E-06 7.59739E-14 4.34487E-13 1.26084E-11 9.36662E-08 4.87473E-21 5.51907E-07 1.57821E-06
 4.29239E-08 1.02956E-12 4.35832E-14 2.99308E-07 1.42106E-10 4.57057E-11 1.65885E-13 5.37391E-10
 2.83866E-11 3.21445E-15 6.47329E-14 4.10501E-19 4.41603E-10 3.63678E-15 6.75529E-17 1.41527E-14
 3.08511E-11 3.33992E-13 1.46184E-12 1.50376E-18 7.64245E-19 1.26710E-10 3.39137E-12 2.86374E-14
 7.50704E-12 2.79312E-15 3.98462E-06 8.10829E-14 4.06256E-13 8.55825E-12 9.91173E-08 5.52417E-21
 5.51907E-07 1.57769E-06 4.21569E-08 6.53078E-13 3.98590E-14 2.99215E-07 1.58851E-10 4.68980E-11
 1.71057E-13 5.37425E-10 2.34150E-11 3.03910E-15 5.99346E-14 3.95932E-19 4.40773E-10 3.15754E-15
 7.42385E-17 1.46180E-14 3.16874E-11 2.94709E-13 1.16875E-12 1.23476E-18 6.84987E-19 1.18592E-10
 2.94133E-12 2.29536E-14 6.94020E-12 3.67389E-15 3.78850E-06 8.73361E-14 3.84842E-13 5.47485E-12
 1.06906E-07 6.31877E-21 5.51899E-07 1.57694E-06 4.12260E-08 4.02172E-13 3.71812E-14 2.99078E-07
 1.77345E-10 4.92390E-11 1.77060E-13 5.40713E-10 1.92927E-11 2.93203E-15 5.57589E-14 3.95213E-19
 4.39670E-10 2.86357E-15 8.23051E-17 1.55611E-14 3.28136E-11 2.71049E-13 8.99009E-13 9.69468E-19
 5.91230E-19 1.09634E-10 2.52967E-12 1.77870E-14 6.51878E-12 4.97516E-15 3.72853E-06 9.45933E-14
 3.68256E-13 3.27977E-12 1.18406E-07 7.24975E-21 5.51877E-07 1.57583E-06 4.00744E-08 2.46280E-13
 3.51560E-14 2.98869E-07 1.97772E-10 5.32073E-11 1.83496E-13 5.49771E-10 1.61693E-11 2.90145E-15
 5.36231E-14 4.22738E-19 4.38154E-10 2.73855E-15 9.26395E-17 1.72954E-14 3.43320E-11 2.67182E-13
 6.57378E-13 7.12035E-19 4.86508E-19 9.96601E-11 2.14729E-12 1.31693E-14 6.19167E-12 7.02176E-15
 3.73203E-06 1.02523E-13 3.54439E-13 1.82607E-12 1.36349E-07 8.27605E-21 5.51826E-07 1.57410E-06
 3.85927E-08 1.55480E-13 3.34817E-14 2.98533E-07 2.20753E-10 6.00153E-11 1.89862E-13 5.70475E-10
 1.41046E-11 2.97726E-15 5.52580E-14 4.98670E-19 4.35951E-10 2.78560E-15 1.06096E-16 2.03230E-14
 3.65079E-11 2.90752E-13 4.45424E-13 4.69281E-19 3.72538E-19 8.82807E-11 1.77733E-12 9.08156E-15
 5.95795E-12 1.03997E-14 3.73747E-06 1.11243E-13 3.45768E-13 9.93368E-13 1.64205E-07 9.38868E-21
 5.51727E-07 1.57141E-06 3.67249E-08 1.08168E-13 3.22914E-14 2.98000E-07 2.46160E-10 7.10585E-11
 1.95683E-13 6.11630E-10 1.31940E-11 3.22919E-15 6.31530E-14 6.65483E-19 4.32763E-10 3.07076E-15
 1.24175E-16 2.55732E-14 3.96249E-11 3.55955E-13 2.75418E-13 2.71411E-19 2.65457E-19 7.57687E-11
 1.42583E-12 5.72990E-15 5.85147E-12 1.61225E-14 3.74568E-06 1.21528E-13 3.47253E-13 5.95284E-13
 2.05981E-07 1.06445E-20 5.51547E-07 1.56737E-06 3.44852E-08 8.63912E-14 3.19294E-14 2.97181E-07
 2.73518E-10 8.79610E-11 2.01255E-13 6.84058E-10 1.34413E-11 3.77254E-15 8.13141E-14 1.01117E-18
 4.28299E-10 3.73238E-15 1.49175E-16 3.45982E-14 4.39470E-11 4.88359E-13 1.54742E-13 1.37931E-19
 1.83727E-19 6.28876E-11 1.10995E-12 3.27594E-15 5.88993E-12 2.60331E-14 3.75784E-06 1.33959E-13
 3.62390E-13 4.40765E-13 2.67672E-07 1.20722E-20 5.51240E-07 1.56141E-06 3.18796E-08 7.80928E-14
 3.24745E-14 2.95949E-07 3.03202E-10 1.13474E-10 2.07134E-13 8.02452E-10 1.49019E-11 4.79977E-15
 1.18447E-13 1.73316E-18 4.22130E-10 5.02042E-15 1.84169E-16 5.00736E-14 4.98454E-11 7.42248E-13
 7.79469E-14 6.10240E-20 1.34404E-19 5.02164E-11 8.35520E-13 1.66348E-15 6.09262E-12 4.31818E-14
 3.77525E-06 1.49463E-13 3.96115E-13 4.11263E-13 3.55543E-07 1.37390E-20 5.50746E-07 1.55290E-06
 2.89960E-08 7.78594E-14 3.40192E-14 2.94161E-07 3.35863E-10 1.50738E-10 2.14394E-13 9.81850E-10
 1.77714E-11 6.61765E-15 1.91491E-13 3.25245E-18 4.13885E-10 7.41353E-15 2.33459E-16 7.63023E-14
 5.75890E-11 1.21452E-12 3.50194E-14 2.37051E-20 1.16695E-19 3.85046E-11 6.08884E-13 7.41175E-16
 6.47656E-12 7.24042E-14 3.79911E-06 1.69061E-13 4.54217E-13 4.53374E-13 4.75269E-07 1.57460E-20
 5.49996E-07 1.54127E-06 2.59819E-08 8.39503E-14 3.66468E-14 2.91680E-07 3.72388E-10 2.03224E-10
 2.23957E-13 1.23525E-09 2.23859E-11 9.68950E-15 3.31468E-13 6.38776E-18 4.03313E-10 1.17637E-14
 3.02014E-16 1.19587E-13 6.72675E-11 2.06084E-12 1.40089E-14 8.20249E-21 1.22004E-19 2.83611E-11
 4.30612E-13 2.87899E-16 7.05989E-12 1.20279E-13 3.82959E-06 1.94257E-13 5.43827E-13 5.54965E-13
 6.26935E-07 1.83320E-20 5.48945E-07 1.52647E-06 2.30864E-08 9.63546E-14 4.05620E-14 2.88472E-07
 4.12950E-10 2.72304E-10 2.36460E-13 1.56271E-09 2.89634E-11 1.45409E-14 5.81306E-13 1.24241E-17
 3.90661E-10 1.94151E-14 3.94965E-16 1.87433E-13 7.84479E-11 3.45654E-12 5.10640E-15 2.64465E-21
 1.40519E-19 2.02986E-11 2.99613E-13 9.97800E-17 7.84473E-12 1.97002E-13 3.86738E-06 2.26056E-13
 6.71941E-13 7.25195E-13 8.12733E-07 2.17131E-20 5.47525E-07 1.50818E-06 2.04295E-08 1.15530E-13
 4.57994E-14 2.84451E-07 4.58397E-10 3.61058E-10 2.51938E-13 1.96842E-09 3.78908E-11 2.19463E-14
 1.00949E-12 2.33634E-17 3.75958E-10 3.25525E-14 5.18314E-16 2.90087E-13 9.08524E-11 5.63955E-12
 1.70232E-15 7.99863E-22 1.62878E-19 1.41617E-11 2.05309E-13 3.10219E-17 8.83312E-12 3.17311E-13
 3.91313E-06 2.65824E-13 8.46954E-13 9.86080E-13 1.03389E-06 2.62203E-20 5.45659E-07 1.48611E-06
 1.80922E-08 1.42226E-13 5.23875E-14 2.79531E-07 5.09713E-10 4.72638E-10 2.70710E-13 2.45461E-09
 4.95038E-11 3.28767E-14 1.71020E-12 4.19725E-17 3.59271E-10 5.44907E-14 6.79621E-16 4.40248E-13
 1.04128E-10 8.87887E-12 5.19864E-16 2.27540E-22 1.82976E-19 9.65123E-12 1.38639E-13 8.69275E-18
 1.00402E-11 5.01987E-13 3.96725E-06 3.15644E-13 1.08022E-12 1.37163E-12 1.28958E-06 3.24136E-20
 5.43270E-07 1.46010E-06 1.61247E-08 1.77607E-13 6.04749E-14 2.73655E-07 5.67765E-10 6.09901E-10
 2.93287E-13 3.01918E-09 6.39885E-11 4.84662E-14 2.79799E-12 7.15839E-17 3.40768E-10 9.00591E-14
 8.88288E-16 6.52928E-13 1.17831E-10 1.34292E-11 1.45671E-16 6.10724E-23 1.97265E-19 6.43886E-12
 9.24198E-14 2.20954E-18 1.14831E-11 7.78877E-13 4.02957E-06 3.78456E-13 1.38546E-12 1.92668E-12
 1.57541E-06 4.11903E-20 5.40299E-07 1.43026E-06 1.45516E-08 2.22846E-13 7.02473E-14 2.66825E-07
 6.33464E-10 7.74441E-10 3.20466E-13 3.65195E-09 8.11876E-11 6.98058E-14 4.38138E-12 1.15495E-16
 3.20806E-10 1.45821E-13 1.15643E-15 9.44487E-13 1.31428E-10 1.94475E-11 3.76700E-17 1.55889E-23
 2.04655E-19 4.22313E-12 6.10989E-14 5.15633E-19 1.31804E-11 1.18585E-12 4.09992E-06 4.58041E-13
 1.77944E-12 2.71013E-12 1.88625E-06 5.38994E-20 5.36681E-07 1.39672E-06 1.33558E-08 2.78997E-13
 8.18754E-14 2.59051E-07 7.08187E-10 9.68273E-10 3.53291E-13 4.34054E-09 1.00753E-10 9.79872E-14
 6.55312E-12 1.76456E-16 2.99713E-10 2.30517E-13 1.50011E-15 1.33324E-12 1.44494E-10 2.70001E-11
 9.00467E-18 3.78978E-24 2.05081E-19 2.73005E-12 4.01820E-14 1.11294E-19 1.51573E-11 1.77371E-12
 4.17787E-06 5.59477E-13 2.28409E-12 3.79772E-12 2.21546E-06 7.26387E-20 5.32362E-07 1.35972E-06
 1.24990E-08 3.47047E-13 9.56108E-14 2.50372E-07 7.93452E-10 1.19349E-09 3.92939E-13 5.06799E-09
 1.22134E-10 1.34057E-13 9.36815E-12 2.55715E-16 2.77862E-10 3.55503E-13 1.94025E-15 1.83919E-12
 1.56693E-10 3.60216E-11 1.99275E-18 8.78366E-25 1.99205E-19 1.74428E-12 2.64384E-14 2.23618E-20
 1.74299E-11 2.61038E-12 4.26311E-06 6.89155E-13 2.92430E-12 5.27985E-12 2.55685E-06 1.00560E-19
 5.27279E-07 1.31945E-06 1.19257E-08 4.27082E-13 1.11579E-13 2.40821E-07 8.91575E-10 1.45333E-09
 4.41038E-13 5.81631E-09 1.44649E-10 1.78996E-13 1.28398E-11 3.52609E-16 2.55556E-10 5.34860E-13
 2.50488E-15 2.48385E-12 1.67833E-10 4.63616E-11 4.07427E-19 1.93311E-25 1.88022E-19 1.10271E-12
 1.76382E-14 4.18759E-21 2.00074E-11 3.78477E-12 4.35527E-06 8.55467E-13 3.72768E-12 7.25792E-12
 2.90445E-06 1.42457E-19 5.21367E-07 1.27613E-06 1.15762E-08 5.17933E-13 1.29787E-13 2.30439E-07
 1.00564E-09 1.75157E-09 4.99957E-13 6.56510E-09 1.67447E-10 2.33516E-13 1.69197E-11 4.64489E-16
 2.33086E-10 7.85341E-13 3.23185E-15 3.28940E-12 1.77818E-10 5.77894E-11 7.66571E-20 4.01583E-26
 1.72799E-19 6.89973E-13 1.26269E-14 7.29607E-22 2.28905E-11 5.41043E-12 4.45353E-06 1.06945E-12
 4.72443E-12 9.83257E-12 3.25146E-06 2.05685E-19 5.14597E-07 1.23020E-06 1.13917E-08 6.17002E-13
 1.50178E-13 2.19329E-07 1.13916E-09 2.09141E-09 5.72695E-13 7.28798E-09 1.89448E-10 2.97749E-13
 2.14636E-11 5.86570E-16 2.10823E-10 1.12569E-12 4.17081E-15 4.27668E-12 1.86597E-10 6.99447E-11
 1.32517E-20 7.84932E-27 1.55117E-19 4.27937E-13 1.15982E-14 1.18272E-22 2.60181E-11 7.62952E-12
 4.55655E-06 1.34309E-12 5.93336E-12 1.30554E-11 3.59116E-06 3.00924E-19 5.06978E-07 1.18233E-06
 1.13162E-08 7.18207E-13 1.72160E-13 2.07655E-07 1.29664E-09 2.47560E-09 6.62144E-13 7.95291E-09
 2.09269E-10 3.70852E-13 2.62180E-11 7.12270E-16 1.89192E-10 1.57163E-12 5.38536E-15 5.46080E-12
 1.94202E-10 8.23400E-11 2.11027E-21 1.44303E-27 1.36710E-19 2.63990E-13 1.68037E-14 1.78855E-23
 2.93454E-11 1.06223E-11 4.66323E-06 1.69304E-12 7.37714E-12 1.69613E-11 3.91953E-06 4.44648E-19
 4.98522E-07 1.13307E-06 1.12998E-08 8.15819E-13 1.95295E-13 1.95564E-07 1.48282E-09 2.90610E-09
 7.72698E-13 8.53249E-09 2.25783E-10 4.51328E-13 3.08695E-11 8.37579E-16 1.68500E-10 2.14075E-12
 6.96150E-15 6.86025E-12 2.00712E-10 9.45513E-11 3.09561E-22 2.49564E-28 1.18803E-19 1.62376E-13
 3.45556E-14 2.52891E-24 3.28089E-11 1.46179E-11 4.77261E-06 2.13994E-12 9.07610E-12 2.15477E-11
 4.23452E-06 6.62113E-19 4.89246E-07 1.08289E-06 1.13022E-08 9.04257E-13 2.19092E-13 1.83195E-07
 1.70264E-09 3.38365E-09 9.09359E-13 9.00324E-09 2.38096E-10 5.37052E-13 3.50744E-11 9.61574E-16
 1.48974E-10 2.85160E-12 9.01259E-15 8.49787E-12 2.06231E-10 1.06207E-10 4.17874E-23 4.11546E-29
 1.02205E-19 9.98316E-14 7.52319E-14 3.39409E-25 3.63310E-11 1.99087E-11 4.88392E-06 2.70937E-12
 1.10487E-11 2.67720E-11 4.53566E-06 9.92707E-19 4.79162E-07 1.03219E-06 1.12936E-08 9.78932E-13
 2.43086E-13 1.70667E-07 1.96113E-09 3.90716E-09 1.07779E-12 9.34696E-09 2.45621E-10 6.25430E-13
 3.85018E-11 1.08660E-15 1.30755E-10 3.72488E-12 1.16875E-14 1.04038E-11 2.10881E-10 1.16994E-10
 5.17899E-24 7.18719E-30 8.73924E-20 6.15283E-14 1.13535E-13 4.80492E-26 3.98233E-11 2.68678E-11
 4.99656E-06 3.43270E-12 1.33117E-11 3.25547E-11 4.82313E-06 1.49900E-18 4.68286E-07 9.81253E-07
 1.12551E-08 1.03685E-12 2.66895E-13 1.58090E-07 2.26309E-09 4.47288E-09 1.28416E-12 9.55084E-09
 2.48081E-10 7.13536E-13 4.08692E-11 1.21752E-15 1.13921E-10 4.78468E-12 1.51811E-14 1.26176E-11
 2.14806E-10 1.26626E-10 5.87615E-25 2.06228E-30 7.46568E-20 3.81801E-14 1.36883E-13 1.11276E-26
 4.32059E-11 3.59761E-11 5.10982E-06 4.34819E-12 1.58857E-11 3.87954E-11 5.09634E-06 2.28298E-18
 4.56654E-07 9.30420E-07 1.11780E-08 1.07755E-12 2.90435E-13 1.45587E-07 2.61239E-09 5.07347E-09
 1.53419E-12 9.60669E-09 2.45509E-10 7.98610E-13 4.19799E-11 1.35919E-15 9.85311E-11 6.06022E-12
 1.97451E-14 1.51915E-11 2.18187E-10 1.34781E-10 6.09702E-26 1.37023E-30 6.42675E-20 2.40620E-14
 1.51001E-13 5.96131E-27 4.64223E-11 4.78601E-11 5.22288E-06 5.50145E-12 1.87985E-11 4.53812E-11
 5.35291E-06 3.51467E-18 4.44336E-07 8.80076E-07 1.10627E-08 1.10300E-12 3.14021E-13 1.33299E-07
 3.01131E-09 5.69807E-09 1.83176E-12 9.51137E-09 2.38227E-10 8.78591E-13 4.17596E-11 1.51362E-15
 8.46289E-11 7.58576E-12 2.57008E-14 1.81912E-11 2.21271E-10 1.41068E-10 5.80953E-27 1.32808E-30
 5.65768E-20 1.56488E-14 1.59415E-13 4.65860E-27 4.94356E-11 6.33412E-11 5.33508E-06 6.94466E-12
 2.20791E-11 5.21748E-11 5.58865E-06 5.48108E-18 4.31395E-07 8.30506E-07 1.09166E-08 1.11624E-12
 3.38184E-13 1.21345E-07 3.46098E-09 6.33417E-09 2.17764E-12 9.26769E-09 2.26801E-10 9.52367E-13
 4.02764E-11 1.67796E-15 7.21983E-11 9.39515E-12 3.34578E-14 2.16942E-11 2.24379E-10 1.45069E-10
 5.27070E-28 1.42627E-30 5.20582E-20 1.07560E-14 1.64307E-13 4.02666E-27 5.22457E-11 8.35237E-11
 5.44599E-06 8.73529E-12 2.57667E-11 5.90313E-11 5.79743E-06 8.67423E-18 4.17885E-07 7.81900E-07
 1.07510E-08 1.12141E-12 3.63862E-13 1.09817E-07 3.96027E-09 6.96882E-09 2.56640E-12 8.88366E-09
 2.12017E-10 1.02048E-12 3.77339E-11 1.84069E-15 6.11808E-11 1.15191E-11 4.35251E-14 2.57911E-11
 2.27871E-10 1.46364E-10 6.51140E-29 1.65684E-30 5.13873E-20 8.04604E-15 1.67017E-13 3.75450E-27
 5.48456E-11 1.09851E-10 5.55524E-06 1.09320E-11 2.98866E-11 6.57471E-11 5.97353E-06 1.39305E-17
 4.03866E-07 7.34412E-07 1.05765E-08 1.12153E-12 3.91861E-13 9.87974E-08 4.50605E-09 7.58625E-09
 2.98657E-12 8.37362E-09 1.94692E-10 1.08342E-12 3.43839E-11 1.98667E-15 5.14990E-11 1.39737E-11
 5.65219E-14 3.05763E-11 2.32019E-10 1.44644E-10 3.15185E-29 2.11879E-30 5.55974E-20 6.70960E-15
 1.68354E-13 3.84177E-27 5.71441E-11 1.44060E-10 5.66245E-06 1.35907E-11 3.43978E-11 7.19945E-11
 6.11566E-06 2.26274E-17 3.89401E-07 6.88186E-07 1.03996E-08 1.11579E-12 4.21824E-13 8.83572E-08
 5.09528E-09 8.16279E-09 3.42691E-12 7.76099E-09 1.75532E-10 1.13830E-12 3.04515E-11 2.11202E-15
 4.30659E-11 1.67446E-11 7.31928E-14 3.61243E-11 2.36864E-10 1.39897E-10 3.61496E-29 2.98611E-30
 6.62558E-20 6.26147E-15 1.68802E-13 4.32065E-27 5.90418E-11 1.88330E-10 5.76732E-06 1.67661E-11
 3.92393E-11 7.74840E-11 6.22627E-06 3.70298E-17 3.74561E-07 6.43344E-07 1.02235E-08 1.10353E-12
 4.53166E-13 7.85533E-08 5.72251E-09 8.67198E-09 3.87499E-12 7.07538E-09 1.55359E-10 1.18192E-12
 2.61993E-11 2.21854E-15 3.57842E-11 1.98016E-11 9.43788E-14 4.24981E-11 2.42220E-10 1.32370E-10
 4.87204E-29 4.54117E-30 8.54835E-20 6.41478E-15 1.68649E-13 5.23231E-27 6.05059E-11 2.45581E-10
 5.86960E-06 2.05145E-11 4.43827E-11 8.20800E-11 6.30811E-06 6.09050E-17 3.59408E-07 5.99959E-07
 1.00506E-08 1.08647E-12 4.86003E-13 6.94225E-08 6.37807E-09 9.09202E-09 4.31290E-12 6.34706E-09
 1.35080E-10 1.21368E-12 2.19228E-11 2.30063E-15 2.95462E-11 2.31068E-11 1.20967E-13 4.97535E-11
 2.47796E-10 1.22445E-10 6.90682E-29 7.23444E-30 1.15969E-19 7.00431E-15 1.68059E-13 6.62416E-27
 6.15377E-11 3.19670E-10 5.96910E-06 2.48948E-11 4.98123E-11 8.57345E-11 6.36355E-06 1.00502E-16
 3.44006E-07 5.58098E-07 9.88299E-09 1.06663E-12 5.20741E-13 6.09892E-08 7.05003E-09 9.40550E-09
 4.72085E-12 5.60516E-09 1.15463E-10 1.23404E-12 1.78684E-11 2.34853E-15 2.42429E-11 2.66010E-11
 1.53857E-13 5.79173E-11 2.53227E-10 1.10626E-10 9.99862E-29 1.17639E-29 1.61079E-19 7.93786E-15
 1.67126E-13 8.54146E-27 6.21328E-11 4.15580E-10 6.06563E-06 2.99716E-11 5.55024E-11 8.84276E-11
 6.39561E-06 1.66106E-16 3.28421E-07 5.17806E-07 9.72085E-09 1.04498E-12 5.57572E-13 5.32634E-08
 7.72619E-09 9.59868E-09 5.08257E-12 4.87648E-09 9.70742E-11 1.24315E-12 1.42026E-11 2.35564E-15
 1.97667E-11 3.01994E-11 1.93940E-13 6.69699E-11 2.58086E-10 9.75520E-11 1.45208E-28 1.91756E-29
 2.24984E-19 9.16569E-15 1.65898E-13 1.10157E-26 6.22911E-11 5.39767E-10 6.15898E-06 3.58238E-11
 6.14247E-11 9.01710E-11 6.40777E-06 2.74631E-16 3.12730E-07 4.79151E-07 9.56353E-09 1.02189E-12
 5.96613E-13 4.62479E-08 8.39469E-09 9.66261E-09 5.38752E-12 4.18375E-09 8.02999E-11 1.24101E-12
 1.10186E-11 2.31982E-15 1.60169E-11 3.38005E-11 2.42089E-13 7.68435E-11 2.61940E-10 8.39252E-11
 2.09276E-28 3.09891E-29 3.12680E-19 1.06604E-14 1.64403E-13 1.40525E-26 6.20402E-11 7.00678E-10
 6.24867E-06 4.25546E-11 6.75580E-11 9.10043E-11 6.40290E-06 4.53966E-16 2.97060E-07 4.42300E-07
 9.41043E-09 9.97805E-13 6.38226E-13 3.99514E-08 9.04460E-09 9.59429E-09 5.63071E-12 3.54441E-09
 6.53708E-11 1.22787E-12 8.34997E-12 2.24103E-15 1.29071E-11 3.72896E-11 2.99175E-13 8.74158E-11
 2.64439E-10 7.04175E-11 2.97375E-28 4.93338E-29 4.29699E-19 1.24008E-14 1.62662E-13 1.76161E-26
 6.14157E-11 9.09389E-10 6.33440E-06 5.02999E-11 7.38818E-11 9.09733E-11 6.38247E-06 7.50255E-16
 2.81518E-07 4.07348E-07 9.26051E-09 9.72827E-13 6.82846E-13 3.43577E-08 9.66744E-09 9.39701E-09
 5.81266E-12 2.96908E-09 5.23751E-11 1.20412E-12 6.18349E-12 2.12118E-15 1.03498E-11 4.05415E-11
 3.66212E-13 9.85127E-11 2.65392E-10 5.76062E-11 4.15218E-28 7.71233E-29 5.81954E-19 1.43698E-14
 1.60693E-13 2.16258E-26 6.04371E-11 1.18042E-09 6.41632E-06 5.92367E-11 8.03746E-11 9.01249E-11
 6.34636E-06 1.24008E-15 2.66135E-07 3.74208E-07 9.11173E-09 9.46541E-13 7.30726E-13 2.94145E-08
 1.02572E-08 9.07868E-09 5.93810E-12 2.46157E-09 4.12877E-11 1.17006E-12 4.47375E-12 1.96506E-15
 8.25440E-12 4.34331E-11 4.44606E-13 1.09925E-10 2.64779E-10 4.59332E-11 5.69145E-28 1.18310E-28
 7.75823E-19 1.65590E-14 1.58504E-13 2.59713E-26 5.91278E-11 1.53288E-09 6.49452E-06 6.95893E-11
 8.70197E-11 8.85217E-11 6.29299E-06 2.05109E-15 2.50946E-07 3.42811E-07 8.96237E-09 9.18631E-13
 7.82180E-13 2.50690E-08 1.08098E-08 8.65038E-09 6.01373E-12 2.02126E-09 3.20093E-11 1.12597E-12
 3.15953E-12 1.77931E-15 6.54384E-12 4.58471E-11 5.36360E-13 1.21401E-10 2.62761E-10 3.56802E-11
 7.65938E-28 1.78156E-28 1.01764E-18 1.89604E-14 1.56102E-13 3.05039E-26 5.75097E-11 1.99196E-09
 6.56912E-06 8.16286E-11 9.38084E-11 8.62483E-11 6.21946E-06 3.39664E-15 2.35987E-07 3.13084E-07
 8.81128E-09 8.88921E-13 8.37487E-13 2.12665E-08 1.13222E-08 8.12559E-09 6.04625E-12 1.64410E-09
 2.43910E-11 1.07209E-12 2.17454E-12 1.57192E-15 5.15247E-12 4.76777E-11 6.44381E-13 1.32643E-10
 2.59676E-10 2.69762E-11 1.01308E-27 2.63639E-28 1.31345E-18 2.15680E-14 1.53494E-13 3.50576E-26
 5.56090E-11 2.59108E-09 6.64018E-06 9.56625E-11 1.00749E-10 8.34190E-11 6.12181E-06 5.63422E-15
 2.21302E-07 2.84978E-07 8.65836E-09 8.57608E-13 8.96999E-13 1.79544E-08 1.17916E-08 7.52021E-09
 6.03949E-12 1.32394E-09 1.82542E-11 1.00894E-12 1.45493E-12 1.35082E-15 4.02543E-12 4.88332E-11
 7.72793E-13 1.43306E-10 2.56010E-10 1.98223E-11 1.31940E-27 3.84030E-28 1.66819E-18 2.43780E-14
 1.50684E-13 3.94626E-26 5.34638E-11 3.37347E-09 6.70723E-06 1.12016E-10 1.07856E-10 8.01938E-11
 5.99797E-06 9.35708E-15 2.07046E-07 2.58644E-07 8.50553E-09 8.25259E-13 9.60867E-13 1.51016E-08
 1.22169E-08 6.85222E-09 5.99829E-12 1.05497E-09 1.34163E-11 9.36884E-13 9.44048E-13 1.12834E-15
 3.12308E-12 4.92524E-11 9.27076E-13 1.52972E-10 2.52356E-10 1.41393E-11 1.69385E-27 5.51043E-28
 2.08578E-18 2.73692E-14 1.47692E-13 4.35273E-26 5.10982E-11 4.39432E-09 6.76993E-06 1.30985E-10
 1.15171E-10 7.67748E-11 5.84792E-06 1.55364E-14 1.93363E-07 2.34192E-07 8.35538E-09 7.92614E-13
 1.02865E-12 1.26691E-08 1.25957E-08 6.14168E-09 5.92491E-12 8.31085E-10 9.68882E-12 8.56747E-13
 5.92767E-13 9.17413E-16 2.40890E-12 4.89285E-11 1.11435E-12 1.61215E-10 2.49322E-10 9.78248E-12
 2.14722E-27 7.79541E-28 2.57074E-18 3.05230E-14 1.44538E-13 4.70972E-26 4.85169E-11 5.72317E-09
 6.82828E-06 1.52761E-10 1.22763E-10 7.33668E-11 5.67220E-06 2.57333E-14 1.80319E-07 2.11582E-07
 8.21056E-09 7.60543E-13 1.09936E-12 1.06039E-08 1.29209E-08 5.41062E-09 5.81398E-12 6.45994E-10
 6.88046E-12 7.70340E-13 3.59422E-13 7.26543E-16 1.84751E-12 4.78955E-11 1.34355E-12 1.67649E-10
 2.47476E-10 6.55949E-12 2.69500E-27 1.08887E-27 3.12863E-18 3.38405E-14 1.41220E-13 5.01013E-26
 4.57281E-11 7.44366E-09 6.88229E-06 1.77363E-10 1.30716E-10 7.01515E-11 5.47297E-06 4.23791E-14
 1.67978E-07 1.90779E-07 8.07478E-09 7.29958E-13 1.17149E-12 8.85737E-09 1.31822E-08 4.68269E-09
 5.65678E-12 4.94449E-10 4.81164E-12 6.80148E-13 2.10217E-13 5.61142E-16 1.40957E-12 4.62196E-11
 1.62510E-12 1.71948E-10 2.47307E-10 4.26236E-12 3.35662E-27 1.50315E-27 3.76628E-18 3.73263E-14
 1.37733E-13 5.25278E-26 4.27400E-11 9.65083E-09 6.93208E-06 2.04578E-10 1.39095E-10 6.72595E-11
 5.25400E-06 6.91073E-14 1.56386E-07 1.71709E-07 7.95212E-09 7.01448E-13 1.24276E-12 7.38294E-09
 1.33670E-08 3.98137E-09 5.44470E-12 3.72015E-10 3.32012E-12 5.89086E-13 1.18621E-13 4.23780E-16
 1.07012E-12 4.39966E-11 1.97032E-12 1.73896E-10 2.49152E-10 2.68694E-12 4.15493E-27 2.05142E-27
 4.49383E-18 4.09931E-14 1.34066E-13 5.44212E-26 3.95782E-11 1.24461E-08 6.97773E-06 2.33966E-10
 1.47935E-10 6.47635E-11 5.02055E-06 1.11098E-13 1.45585E-07 1.54301E-07 7.84723E-09 6.75220E-13
 1.31036E-12 6.14001E-09 1.34631E-08 3.32791E-09 5.17392E-12 2.74906E-10 2.26627E-12 5.00264E-13
 6.47213E-14 3.14288E-16 8.08724E-13 4.13440E-11 2.39029E-12 1.73430E-10 2.53152E-10 1.64754E-12
 5.11254E-27 2.76607E-27 5.32579E-18 4.48534E-14 1.30205E-13 5.58510E-26 3.62904E-11 1.59233E-08
 7.01917E-06 2.64940E-10 1.57211E-10 6.27129E-11 4.78200E-06 1.75217E-13 1.35660E-07 1.38554E-07
 7.76564E-09 6.50827E-13 1.36986E-12 5.09800E-09 1.34652E-08 2.73837E-09 4.85546E-12 1.99837E-10
 1.53700E-12 4.16404E-13 3.43870E-14 2.32001E-16 6.09534E-13 3.84272E-11 2.89316E-12 1.70662E-10
 2.59192E-10 9.88369E-13 6.24236E-27 3.67635E-27 6.29345E-18 4.88983E-14 1.26159E-13 5.68823E-26
 3.29763E-11 2.01737E-08 7.05639E-06 2.96832E-10 1.66866E-10 6.10581E-11 4.54210E-06 2.70388E-13
 1.26674E-07 1.24443E-07 7.71525E-09 6.28193E-13 1.41950E-12 4.22914E-09 1.33739E-08 2.22317E-09
 4.49753E-12 1.43133E-10 1.03873E-12 3.40167E-13 1.78966E-14 1.70967E-16 4.59195E-13 3.53390E-11
 3.48426E-12 1.65774E-10 2.67133E-10 5.82668E-13 7.54926E-27 4.80867E-27 7.42288E-18 5.31139E-14
 1.21942E-13 5.75836E-26 2.97311E-11 2.52761E-08 7.08952E-06 3.28961E-10 1.76789E-10 5.97037E-11
 4.30275E-06 4.07675E-13 1.18653E-07 1.11886E-07 7.70502E-09 6.07039E-13 1.45852E-12 3.50684E-09
 1.31945E-08 1.78545E-09 4.11101E-12 1.01195E-10 7.00960E-13 2.73227E-13 9.17008E-15 1.25747E-16
 3.46405E-13 3.21499E-11 4.16418E-12 1.59026E-10 2.76748E-10 3.38897E-13 9.02549E-27 6.18262E-27
 8.74083E-18 5.74886E-14 1.17566E-13 5.80349E-26 2.66330E-11 3.12939E-08 7.11879E-06 3.60738E-10
 1.86854E-10 5.85581E-11 4.06652E-06 6.00333E-13 1.11599E-07 1.00778E-07 7.74413E-09 5.86964E-13
 1.48664E-12 2.90766E-09 1.29371E-08 1.42230E-09 3.71033E-12 7.07900E-11 4.73218E-13 2.16253E-13
 4.64995E-15 9.23330E-17 2.62105E-13 2.89365E-11 4.92759E-12 1.50753E-10 2.87699E-10 1.95269E-13
 1.06464E-26 7.80552E-27 1.02786E-17 6.20054E-14 1.13048E-13 5.83256E-26 2.37448E-11 3.82822E-08
 7.14438E-06 3.91754E-10 1.96950E-10 5.75573E-11 3.83674E-06 8.64063E-13 1.05508E-07 9.10228E-08
 7.84159E-09 5.67685E-13 1.50440E-12 2.41222E-09 1.26157E-08 1.12678E-09 3.31105E-12 4.91470E-11
 3.20195E-13 1.69091E-13 2.34584E-15 6.77475E-17 1.99317E-13 2.57818E-11 5.76361E-12 1.41349E-10
 2.99568E-10 1.11906E-13 1.23693E-26 9.66785E-27 1.20717E-17 6.66325E-14 1.08419E-13 5.85543E-26
 2.11009E-11 4.62660E-08 7.16653E-06 4.21824E-10 2.07005E-10 5.67098E-11 3.62038E-06 1.21594E-12
 1.00363E-07 8.25138E-08 8.00590E-09 5.48594E-13 1.51001E-12 2.00389E-09 1.22458E-08 8.89436E-10
 2.93214E-12 3.40020E-11 2.17895E-13 1.30931E-13 1.18787E-15 5.02896E-17 1.52648E-13 2.27995E-11
 6.65251E-12 1.31264E-10 3.11841E-10 6.41712E-14 1.41395E-26 1.17375E-26 1.42030E-17 7.13294E-14
 1.03720E-13 5.89056E-26 1.87302E-11 5.53126E-08 7.18551E-06 4.50807E-10 2.16953E-10 5.59136E-11
 3.41372E-06 1.67840E-12 9.61256E-08 7.51329E-08 8.24793E-09 5.30160E-13 1.50800E-12 1.66813E-09
 1.18413E-08 7.01023E-10 2.57552E-12 2.34659E-11 1.48911E-13 1.00644E-13 6.02552E-16 3.72700E-17
 1.17942E-13 1.99828E-11 7.57873E-12 1.20757E-10 3.24299E-10 3.67893E-14 1.59031E-26 1.39864E-26
 1.66857E-17 7.60580E-14 9.89889E-14 5.95015E-26 1.66314E-11 6.54745E-08 7.20162E-06 4.78663E-10
 2.26745E-10 5.51205E-11 3.21624E-06 2.27756E-12 9.27484E-08 6.87598E-08 8.57798E-09 5.12494E-13
 1.50076E-12 1.39248E-09 1.14147E-08 5.52526E-10 2.24573E-12 1.61768E-11 1.02180E-13 7.69422E-14
 3.06287E-16 2.74559E-17 9.20753E-14 1.73581E-11 8.52291E-12 1.10115E-10 3.36664E-10 2.11006E-14
 1.76058E-26 1.63759E-26 1.95513E-17 8.07781E-14 9.42659E-14 6.05057E-26 1.47847E-11 7.68055E-08
 7.21519E-06 5.05494E-10 2.36382E-10 5.43314E-11 3.02904E-06 3.04434E-12 9.01674E-08 6.32567E-08
 9.00708E-09 4.95494E-13 1.48928E-12 1.16555E-09 1.09739E-08 4.35873E-10 1.94640E-12 1.11544E-11
 7.04204E-14 5.85886E-14 1.56220E-16 2.01173E-17 7.26563E-14 1.49610E-11 9.46577E-12 9.96249E-11
 3.48637E-10 1.21235E-14 1.92047E-26 1.88655E-26 2.28547E-17 8.54664E-14 8.95743E-14 6.21299E-26
 1.31659E-11 8.93488E-08 7.22653E-06 5.31542E-10 2.45917E-10 5.35990E-11 2.85484E-06 4.01392E-12
 8.83226E-08 5.84972E-08 9.54826E-09 4.78904E-13 1.47292E-12 9.77916E-10 1.05247E-08 3.44250E-10
 1.68057E-12 7.70672E-12 4.88026E-14 4.44930E-14 8.01939E-17 1.47666E-17 5.79444E-14 1.28272E-11
 1.03879E-11 8.95549E-11 3.59938E-10 6.99604E-15 2.06760E-26 2.14152E-26 2.67067E-17 9.01042E-14
 8.49327E-14 6.46688E-26 1.17547E-11 1.03135E-07 7.23590E-06 5.57111E-10 2.55428E-10 5.29831E-11
 2.69552E-06 5.22603E-12 8.71661E-08 5.43849E-08 1.02171E-08 4.62579E-13 1.45083E-12 8.22528E-10
 1.00724E-08 2.72214E-10 1.44903E-12 5.34532E-12 3.40518E-14 3.37371E-14 4.15507E-17 1.09429E-17
 4.67202E-14 1.09695E-11 1.12710E-11 8.00932E-11 3.70388E-10 4.06580E-15 2.20148E-26 2.39914E-26
 3.12701E-17 9.46619E-14 8.03704E-14 6.84911E-26 1.05300E-11 1.18266E-07 7.24348E-06 5.82421E-10
 2.64982E-10 5.24554E-11 2.54712E-06 6.73662E-12 8.66524E-08 5.08388E-08 1.10337E-08 4.46883E-13
 1.42619E-12 6.93778E-10 9.62204E-09 2.15597E-10 1.24680E-12 3.72068E-12 2.38795E-14 2.55541E-14
 2.16458E-17 8.10635E-18 3.81009E-14 9.35045E-12 1.21091E-11 7.12818E-11 3.79991E-10 2.37436E-15
 2.32185E-26 2.65821E-26 3.66012E-17 9.91096E-14 7.59174E-14 7.38162E-26 9.46934E-12 1.34801E-07
 7.24949E-06 6.07746E-10 2.74673E-10 5.20312E-11 2.40837E-06 8.60947E-12 8.67367E-08 4.77849E-08
 1.20232E-08 4.31865E-13 1.39964E-12 5.86973E-10 9.17695E-09 1.71045E-10 1.07125E-12 2.59952E-12
 1.68260E-14 1.93438E-14 1.13283E-17 5.99424E-18 3.14326E-14 7.95013E-12 1.28930E-11 6.31638E-11
 3.88733E-10 1.39325E-15 2.43024E-26 2.91822E-26 4.28287E-17 1.03423E-13 7.15981E-14 8.09850E-26
 8.55205E-12 1.52804E-07 7.25408E-06 6.33432E-10 2.84631E-10 5.17420E-11 2.27837E-06 1.09231E-11
 8.73762E-08 4.51585E-08 1.32162E-08 4.17533E-13 1.37161E-12 4.98262E-10 8.73979E-09 1.35936E-10
 9.19748E-13 1.82386E-12 1.19129E-14 1.46397E-14 5.95381E-18 4.42065E-18 2.62345E-14 6.74916E-12
 1.36180E-11 5.57619E-11 3.96617E-10 8.21637E-16 2.52923E-26 3.17970E-26 5.01104E-17 1.07579E-13
 6.74343E-14 9.04079E-26 7.75953E-12 1.72279E-07 7.25742E-06 6.59891E-10 2.95018E-10 5.16483E-11
 2.15739E-06 1.37651E-11 8.85320E-08 4.28981E-08 1.46535E-08 4.03730E-13 1.34097E-12 4.24331E-10
 8.31157E-09 1.08194E-10 7.90246E-13 1.28602E-12 8.48126E-15 1.10821E-14 3.14551E-18 3.26289E-18
 2.21429E-14 5.73171E-12 1.42767E-11 4.90840E-11 4.03658E-10 4.87712E-16 2.62349E-26 3.44470E-26
 5.87323E-17 1.11569E-13 6.34359E-14 1.02737E-25 7.07247E-12 1.93312E-07 7.25966E-06 6.87553E-10
 3.06024E-10 5.17600E-11 2.04253E-06 1.72615E-11 9.01716E-08 4.09487E-08 1.63905E-08 3.90536E-13
 1.30919E-12 3.62423E-10 7.89231E-09 8.62442E-11 6.78930E-13 9.10713E-13 6.06497E-15 8.38865E-15
 1.66587E-18 2.39165E-18 1.88862E-14 4.86709E-12 1.48732E-11 4.30792E-11 4.09934E-10 2.90775E-16
 2.71699E-26 3.71736E-26 6.88428E-17 1.15390E-13 5.96049E-14 1.18501E-25 6.47651E-12 2.15886E-07
 7.26090E-06 7.16974E-10 3.17897E-10 5.21397E-11 1.93315E-06 2.15561E-11 9.22655E-08 3.92669E-08
 1.84955E-08 3.77837E-13 1.27568E-12 3.10410E-10 7.48246E-09 6.88490E-11 5.83711E-13 6.48045E-13
 4.35860E-15 6.35079E-15 8.84590E-19 1.74089E-18 1.62692E-14 4.13713E-12 1.54061E-11 3.77140E-11
 4.15499E-10 1.74214E-16 2.81580E-26 4.00305E-26 8.07556E-17 1.19035E-13 5.59475E-14 1.38595E-25
 5.96017E-12 2.39940E-07 7.26126E-06 7.48871E-10 3.30959E-10 5.28824E-11 1.82903E-06 2.68240E-11
 9.47834E-08 3.78181E-08 2.10527E-08 3.65485E-13 1.23949E-12 2.66635E-10 7.08293E-09 5.50480E-11
 5.02817E-13 4.63906E-13 3.15135E-15 4.81083E-15 4.71513E-19 1.25965E-18 1.41500E-14 3.52592E-12
 1.58743E-11 3.29505E-11 4.20408E-10 1.05017E-16 2.92750E-26 4.30878E-26 9.49074E-17 1.22495E-13
 5.24740E-14 1.64304E-25 5.51486E-12 2.65280E-07 7.26081E-06 7.84116E-10 3.45603E-10 5.41260E-11
 1.73067E-06 3.32612E-11 9.76920E-08 3.65737E-08 2.41660E-08 3.53259E-13 1.19875E-12 2.29770E-10
 6.69497E-09 4.40881E-11 4.34895E-13 3.34732E-13 2.29695E-15 3.64965E-15 2.52952E-19 9.09131E-19
 1.24229E-14 3.02029E-12 1.62722E-11 2.87486E-11 4.24719E-10 6.38661E-17 3.06233E-26 4.64404E-26
 1.12034E-16 1.25756E-13 4.91955E-14 1.97704E-25 5.13165E-12 2.91684E-07 7.25964E-06 8.23748E-10
 3.62320E-10 5.60015E-11 1.63702E-06 4.11255E-11 1.00952E-07 3.55100E-08 2.79605E-08 3.41045E-13
 1.15288E-12 1.98757E-10 6.32034E-09 3.53929E-11 3.78119E-13 2.43836E-13 1.69026E-15 2.77490E-15
 1.36783E-19 6.53189E-19 1.10089E-14 2.60318E-12 1.65988E-11 2.50497E-11 4.28510E-10 3.92260E-17
 3.23173E-26 5.02174E-26 1.32933E-16 1.28806E-13 4.61244E-14 2.41479E-25 4.79962E-12 3.19008E-07
 7.25784E-06 8.69106E-10 3.81752E-10 5.86289E-11 1.54505E-06 5.08068E-11 1.04524E-07 3.46045E-08
 3.25948E-08 3.28837E-13 1.10315E-12 1.72685E-10 5.96053E-09 2.85154E-11 3.30279E-13 1.79432E-13
 1.25620E-15 2.11509E-15 7.45098E-20 4.63475E-19 9.84553E-15 2.25530E-12 1.68621E-11 2.17827E-11
 4.31863E-10 2.42825E-17 3.44844E-26 5.45940E-26 1.58130E-16 1.31638E-13 4.32674E-14 2.98567E-25
 4.51125E-12 3.46892E-07 7.25548E-06 9.21871E-10 4.04696E-10 6.22275E-11 1.45416E-06 6.27634E-11
 1.08368E-07 3.38372E-08 3.82651E-08 3.16466E-13 1.04895E-12 1.50782E-10 5.61684E-09 2.30910E-11
 2.90196E-13 1.33670E-13 9.45090E-16 1.61836E-15 4.10035E-20 3.24737E-19 8.88418E-15 1.96586E-12
 1.70610E-11 1.89015E-11 4.34836E-10 1.51721E-17 3.73138E-26 5.97965E-26 1.88647E-16 1.34247E-13
 4.06279E-14 3.73813E-25 4.25974E-12 3.74937E-07 7.25263E-06 9.84141E-10 4.32131E-10 6.71072E-11
 1.36441E-06 7.75882E-11 1.12451E-07 3.31889E-08 4.52306E-08 3.03739E-13 9.89678E-13 1.32368E-10
 5.28977E-09 1.88268E-11 2.56869E-13 1.01103E-13 7.21894E-16 1.24536E-15 2.28904E-20 2.24919E-19
 8.08537E-15 1.72631E-12 1.71932E-11 1.63660E-11 4.37479E-10 9.58889E-18 4.10554E-26 6.61112E-26
 2.25896E-16 1.36635E-13 3.82023E-14 4.74434E-25 4.03955E-12 4.02636E-07 7.24935E-06 1.05836E-09
 4.65178E-10 7.37060E-11 1.27715E-06 9.59798E-11 1.16757E-07 3.26411E-08 5.38522E-08 2.90439E-13
 9.24297E-13 1.16836E-10 4.97893E-09 1.54858E-11 2.29580E-13 7.79220E-14 5.62005E-16 9.66499E-16
 1.30446E-20 1.54581E-19 7.41661E-15 1.53046E-12 1.72491E-11 1.41432E-11 4.39843E-10 6.15517E-18
 4.60453E-26 7.38921E-26 2.72305E-16 1.38812E-13 3.59789E-14 6.12280E-25 3.84312E-12 4.29861E-07
 7.24569E-06 1.14757E-09 5.05214E-10 8.25295E-11 1.19232E-06 1.19019E-10 1.21257E-07 3.21798E-08
 6.45899E-08 2.76528E-13 8.54164E-13 1.03738E-10 4.68507E-09 1.28880E-11 2.07277E-13 6.13827E-14
 4.47174E-16 7.58500E-16 7.62642E-21 1.05261E-19 6.85463E-15 1.36951E-12 1.72325E-11 1.21928E-11
 4.41971E-10 4.01690E-18 5.26804E-26 8.35630E-26 3.30169E-16 1.40781E-13 3.39523E-14 8.03049E-25
 3.66358E-12 4.56853E-07 7.24171E-06 1.25542E-09 5.53848E-10 9.42119E-11 1.11038E-06 1.48279E-10
 1.25903E-07 3.17945E-08 7.80083E-08 2.62065E-13 7.81245E-13 9.27563E-11 4.41037E-09 1.08907E-11
 1.89115E-13 4.95793E-14 3.64663E-16 6.03960E-16 4.60125E-21 7.09385E-20 6.38337E-15 1.23606E-12
 1.71511E-11 1.04815E-11 4.43898E-10 2.66744E-18 6.14343E-26 9.55961E-26 4.02053E-16 1.42537E-13
 3.21243E-14 1.06889E-24 3.49557E-12 4.84377E-07 7.23748E-06 1.38625E-09 6.12892E-10 1.09592E-10
 1.03318E-06 1.86034E-10 1.30637E-07 3.14759E-08 9.48385E-08 2.47184E-13 7.07450E-13 8.36321E-11
 4.15735E-09 9.37565E-12 1.74532E-13 4.11799E-14 3.05594E-16 4.89845E-16 2.88430E-21 4.73558E-20
 5.99037E-15 1.12474E-12 1.70124E-11 8.98387E-12 4.45646E-10 1.80499E-18 7.28450E-26 1.10453E-25
 4.91378E-16 1.44075E-13 3.04970E-14 1.44254E-24 3.33509E-12 5.14280E-07 7.23310E-06 1.54568E-09
 6.84549E-10 1.29709E-10 9.62957E-07 2.36023E-10 1.35382E-07 3.12166E-08 1.15999E-07 2.32175E-13
 6.35368E-13 7.61654E-11 3.92924E-09 8.24401E-12 1.63026E-13 3.52190E-14 2.63418E-16 4.06021E-16
 1.88733E-21 3.13105E-20 5.66644E-15 1.03069E-12 1.68336E-11 7.67749E-12 4.47226E-10 1.24351E-18
 8.74126E-26 1.28470E-25 6.01370E-16 1.45388E-13 2.90746E-14 1.96877E-24 3.18070E-12 5.50212E-07
 7.22864E-06 1.74193E-09 7.71883E-10 1.55849E-10 9.02124E-07 3.05076E-10 1.40052E-07 3.10095E-08
 1.42730E-07 2.17516E-13 5.68179E-13 7.01778E-11 3.72906E-09 7.40806E-12 1.54087E-13 3.09432E-14
 2.32926E-16 3.44362E-16 1.28705E-21 2.04555E-20 5.40380E-15 9.48895E-13 1.66485E-11 6.54158E-12
 4.48629E-10 8.66892E-19 1.05434E-25 1.49679E-25 7.32947E-16 1.46471E-13 2.78592E-14 2.70255E-24
 3.03420E-12 6.00008E-07 7.22418E-06 1.99049E-09 8.80662E-10 1.89695E-10 8.50574E-07 4.08884E-10
 1.44566E-07 3.08476E-08 1.76898E-07 2.03891E-13 5.11584E-13 6.54988E-11 3.55897E-09 6.78164E-12
 1.46559E-13 2.76835E-14 2.08872E-16 2.97095E-16 8.96817E-22 1.29922E-20 5.19536E-15 8.71001E-13
 1.65398E-11 5.54685E-12 4.49810E-10 5.97349E-19 1.26656E-25 1.73560E-25 8.71927E-16 1.47343E-13
 2.68482E-14 3.66504E-24 2.90641E-12 6.76347E-07 7.21985E-06 2.31447E-09 1.01795E-09 2.34871E-10
 8.21796E-07 5.75873E-10 1.48783E-07 3.07262E-08 2.21079E-07 1.91494E-13 4.63931E-13 6.20156E-11
 3.42129E-09 6.27135E-12 1.41680E-13 2.51833E-14 1.89145E-16 2.60862E-16 6.36467E-22 8.13872E-21
 5.03726E-15 8.04428E-13 1.65214E-11 4.69816E-12 4.50744E-10 4.04968E-19 1.49470E-25 1.97667E-25
 1.01872E-15 1.47995E-13 2.60497E-14 4.94637E-24 2.81552E-12 8.11132E-07 7.21585E-06 2.76517E-09
 1.19610E-09 2.97492E-10 8.55074E-07 8.72603E-10 1.52426E-07 3.06435E-08 2.78590E-07 1.80208E-13
 4.18522E-13 5.96828E-11 3.31989E-09 5.75759E-12 1.44084E-13 2.34465E-14 1.73074E-16 2.35304E-16
 4.66466E-22 5.30334E-21 4.92917E-15 7.72928E-13 1.65610E-11 4.02262E-12 4.51412E-10 2.72897E-19
 1.68358E-25 2.14982E-25 1.21162E-15 1.48366E-13 2.54857E-14 6.90854E-24 2.81533E-12 1.19661E-06
 7.21240E-06 3.55243E-09 1.45236E-09 3.74318E-10 1.11302E-06 1.66138E-09 1.54968E-07 3.05996E-08
 3.54080E-07 1.71604E-13 3.82029E-13 5.84962E-11 3.26267E-09 4.79556E-12 1.63660E-13 2.20428E-14
 1.51277E-16 2.10565E-16 3.29453E-22 3.77338E-21 4.87265E-15 7.97534E-13 1.68936E-11 3.52880E-12
 4.51548E-10 1.64323E-19 1.65028E-25 1.97723E-25 1.48284E-15 1.48395E-13 2.51855E-14 1.02595E-23
 2.86689E+02 2.83525E+02 2.80229E+02 2.76772E+02 2.73207E+02 2.69701E+02 2.65995E+02 2.62000E+02
 2.57686E+02 2.53030E+02 2.48028E+02 2.42697E+02 2.37079E+02 2.31202E+02 2.25156E+02 2.19318E+02
 2.14883E+02 2.12360E+02 2.10809E+02 2.09617E+02 2.08673E+02 2.07909E+02 2.07258E+02 2.06714E+02
 2.06324E+02 2.06163E+02 2.06260E+02 2.06603E+02 2.07173E+02 2.07954E+02 2.08917E+02 2.10013E+02
 2.11223E+02 2.12530E+02 2.13925E+02 2.15418E+02 2.17005E+02 2.18661E+02 2.20359E+02 2.22062E+02
 2.23727E+02 2.25313E+02 2.26789E+02 2.28135E+02 2.29353E+02 2.30477E+02 2.31566E+02 2.32709E+02
 2.33979E+02 2.35345E+02 2.36754E+02 2.38202E+02 2.39702E+02 2.41253E+02 2.42841E+02 2.44457E+02
 2.46098E+02 2.47765E+02 2.49466E+02 2.51208E+02 2.53012E+02 2.54870E+02 2.56756E+02 2.58653E+02
 2.60543E+02 2.62399E+02 2.64182E+02 2.65774E+02 2.67153E+02 2.68326E+02 2.69297E+02 2.70068E+02
 2.70534E+02 2.70823E+02 2.70984E+02 2.71024E+02 2.70887E+02 2.70502E+02 2.69965E+02 2.69287E+02
 2.68474E+02 2.67477E+02 2.66370E+02 2.65144E+02 2.63771E+02 2.62177E+02 2.60352E+02 2.58396E+02
 2.56309E+02 2.54074E+02 2.51613E+02 2.48964E+02 2.46179E+02 2.43277E+02 2.40317E+02 2.37435E+02
 2.35174E+02 2.33300E+02 2.30659E+02 2.26449E+02 1.00000E+05 1.00000E+05 1.00000E+05 1.00000E+05
 1.00000E+05 1.00000E+05 1.00000E+05 1.00000E+05 1.00000E+05 1.00000E+05 1.00000E+05 1.00000E+05
 1.00000E+05 1.00000E+05 1.00000E+05 1.00000E+05 1.00000E+05 9.96137E+04 9.44624E+04 8.89467E+04
 6.92150E+04 4.94833E+04 3.64291E+04 2.35462E+04 1.76527E+04 1.23259E+04 9.59073E+03 7.22585E+03
 6.14918E+03 5.34577E+03 4.83421E+03 4.40738E+03 4.16976E+03 4.00390E+03 3.93354E+03 3.90915E+03
 3.93018E+03 3.97848E+03 4.09549E+03 4.26329E+03 4.47130E+03 4.71570E+03 4.98187E+03 5.27211E+03
 5.59407E+03 5.95895E+03 6.34230E+03 6.75645E+03 7.18629E+03 7.64873E+03 8.11841E+03 8.60720E+03
 9.10059E+03 9.60985E+03 1.01367E+04 1.07465E+04 1.13538E+04 1.19440E+04 1.25317E+04 1.30878E+04
 1.36483E+04 1.43800E+04 1.51117E+04 1.58720E+04 1.66329E+04 1.73623E+04 1.80891E+04 1.89483E+04
 1.98263E+04 2.07849E+04 2.17605E+04 2.29138E+04 2.41187E+04 2.55145E+04 2.69828E+04 2.84478E+04
 2.99112E+04 3.15210E+04 3.32185E+04 3.50648E+04 3.70209E+04 3.89744E+04 4.09256E+04 4.29880E+04
 4.51734E+04 4.75661E+04 5.02393E+04 5.30972E+04 5.62630E+04 5.93591E+04 6.23104E+04 6.53770E+04
 6.87477E+04 7.22973E+04 7.64632E+04 8.05838E+04 8.44911E+04 8.84563E+04 9.28271E+04 9.72370E+04
 2.46396E+19 2.30756E+19 2.16053E+19 2.02244E+19 1.89236E+19 1.76876E+19 1.65299E+19 1.54498E+19
 1.44428E+19 1.35037E+19 1.26269E+19 1.18065E+19 1.10358E+19 1.03100E+19 9.62206E+18 8.95526E+18
 8.26711E+18 7.55412E+18 6.86516E+18 6.22465E+18 5.63452E+18 5.09394E+18 4.60123E+18 4.15291E+18
 3.74469E+18 3.37245E+18 3.03342E+18 2.72560E+18 2.44696E+18 2.19538E+18 1.96889E+18 1.76562E+18
 1.58346E+18 1.42039E+18 1.27449E+18 1.14391E+18 1.02708E+18 9.22647E+17 8.29368E+17 7.46125E+17
 6.71905E+17 6.05751E+17 5.46769E+17 4.94139E+17 4.47084E+17 4.04889E+17 3.66915E+17 3.32587E+17
 3.01467E+17 2.73302E+17 2.47870E+17 2.24905E+17 2.04148E+17 1.85386E+17 1.68430E+17 1.53107E+17
 1.39254E+17 1.26724E+17 1.15381E+17 1.05106E+17 9.57868E+16 8.73352E+16 7.96761E+16 7.27355E+16
 6.64466E+16 6.07498E+16 5.55920E+16 5.09384E+16 4.67352E+16 4.29302E+16 3.94787E+16 3.63420E+16
 3.34991E+16 3.09028E+16 2.85236E+16 2.63405E+16 2.43404E+16 2.25115E+16 2.08293E+16 1.92798E+16
 1.78509E+16 1.65353E+16 1.53186E+16 1.41932E+16 1.31531E+16 1.21944E+16 1.13102E+16 1.04898E+16
 9.72834E+15 9.02172E+15 8.36820E+15 7.76202E+15 7.19788E+15 6.67220E+15 6.18084E+15 5.71853E+15
 5.27254E+15 4.84994E+15 4.47242E+15 4.14773E+15 7.65029E-11 8.34562E-11 9.74014E-11 1.18293E-10
 1.43396E-10 1.71079E-10 2.00053E-10 2.29148E-10 2.57289E-10 2.83559E-10 3.07315E-10 3.28282E-10
 3.46491E-10 3.62147E-10 3.75676E-10 3.87459E-10 3.97847E-10 4.07109E-10 4.15588E-10 4.23484E-10
 4.31446E-10 4.40439E-10 4.50034E-10 4.60358E-10 4.70736E-10 4.79915E-10 4.86621E-10 4.89371E-10
 4.86917E-10 4.78774E-10 4.64984E-10 4.45898E-10 4.22167E-10 3.94809E-10 3.64841E-10 3.33324E-10
 3.01173E-10 2.69195E-10 2.38179E-10 2.08859E-10 1.81680E-10 1.56872E-10 1.34522E-10 1.14593E-10
 9.69917E-11 8.16026E-11 6.82544E-11 5.67487E-11 4.68899E-11 3.84936E-11 3.12977E-11 2.52574E-11
 2.02149E-11 1.60371E-11 1.26045E-11 9.82429E-12 7.58576E-12 5.79454E-12 4.37416E-12 3.25737E-12
 2.39060E-12 1.73545E-12 1.24520E-12 8.82689E-13 6.17545E-13 4.25664E-13 2.88744E-13 1.93092E-13
 1.27204E-13 8.25929E-14 5.28082E-14 3.33257E-14 2.07500E-14 1.27750E-14 7.77430E-15 4.66821E-15
 2.76112E-15 1.61002E-15 9.25182E-16 5.24193E-16 2.92745E-16 1.60800E-16 8.66818E-17 4.58323E-17
 2.37571E-17 1.20789E-17 6.03173E-18 2.95708E-18 1.42467E-18 6.71719E-19 3.08372E-19 1.37567E-19
 5.96376E-20 2.50783E-20 1.02599E-20 4.06230E-21 1.54512E-21 5.62867E-22 1.96873E-22 6.59837E-23
 1.73896E+02 1.50396E+02 1.45375E+02 1.46346E+02 1.52379E+02 1.59171E+02 1.64017E+02 1.67616E+02
 1.68763E+02 1.67149E+02 1.64471E+02 1.60066E+02 1.54072E+02 1.46944E+02 1.39744E+02 1.31194E+02
 1.22340E+02 1.13208E+02 1.03589E+02 9.44971E+01 8.60700E+01 7.90569E+01 7.27629E+01 6.70011E+01
 6.14640E+01 5.59478E+01 5.04394E+01 4.49532E+01 3.95001E+01 3.42154E+01 2.92631E+01 2.46833E+01
 2.06198E+01 1.70090E+01 1.38736E+01 1.11897E+01 8.95955E+00 7.09782E+00 5.56911E+00 4.33989E+00
 3.36311E+00 2.59334E+00 1.99089E+00 1.52161E+00 1.15779E+00 8.76816E-01 6.60693E-01 4.94860E-01
 3.68143E-01 2.72078E-01 1.99367E-01 1.45027E-01 1.04637E-01 7.48382E-02 5.30381E-02 3.72871E-02
 2.59825E-02 1.79190E-02 1.22162E-02 8.21814E-03 5.44976E-03 3.60017E-03 2.35661E-03 1.52502E-03
 9.74682E-04 6.14234E-04 3.81283E-04 2.33631E-04 1.41211E-04 8.42225E-05 4.95206E-05 2.87680E-05
 1.65110E-05 9.37733E-06 5.26729E-06 2.92076E-06 1.59637E-06 8.60907E-07 4.57744E-07 2.40057E-07
 1.24129E-07 6.31570E-08 3.15404E-08 1.54516E-08 7.42238E-09 3.49874E-09 1.62045E-09 7.36807E-10
 3.29212E-10 1.43946E-10 6.12954E-11 2.53635E-11 1.01964E-11 3.97456E-12 1.50631E-12 5.51796E-13
 1.93510E-13 6.50319E-14 2.11606E-14 6.67467E-15 1.00000E-12 1.00000E-12 1.00000E-12 1.00000E-12
 1.00000E-12 1.00000E-12 1.00000E-12 1.00000E-12 1.00000E-12 1.00000E-12 1.00000E-12 1.00000E-12
 1.00000E-12 1.00000E-12 1.00000E-12 1.00000E-12 1.00000E-12 1.00000E-12 1.00000E-12 1.00000E-12
 1.00000E-12 1.00000E-12 1.00000E-12 1.00000E-12 1.00000E-12 1.00000E-12 1.00000E-12 1.00000E-12
 1.00000E-12 1.00000E-12 1.00000E-12 1.00000E-12 1.00000E-12 1.00000E-12 1.00000E-12 1.00000E-12
 1.00000E-12 1.00000E-12 1.00000E-12 1.00000E-12 1.00000E-12 1.00000E-12 1.00000E-12 1.00000E-12
 1.00000E-12 1.00000E-12 1.00000E-12 1.00000E-12 1.00000E-12 1.00000E-12 1.00000E-12 1.00000E-12
 1.00000E-12 1.00000E-12 1.00000E-12 1.00000E-12 1.00000E-12 1.00000E-12 1.00000E-12 1.00000E-12
 1.00000E-12 1.00000E-12 1.00000E-12 1.00000E-12 1.00000E-12 1.00000E-12 1.00000E-12 1.00000E-12
 1.00000E-12 1.00000E-12 1.00000E-12 1.00000E-12 1.00000E-12 1.00000E-12 1.00000E-12 1.00000E-12
 1.00000E-12 1.00000E-12 1.00000E-12 1.00000E-12 1.00000E-12 1.00000E-12 1.00000E-12 1.00000E-12
 1.00000E-12 1.00000E-12 1.00000E-12 1.00000E-12 1.00000E-12 1.00000E-12 1.00000E-12 1.00000E-12
 1.00000E-12 1.00000E-12 1.00000E-12 1.00000E-12 1.00000E-12 1.00000E-12 1.00000E-12 1.00000E-12
 1.00000E-12 1.00000E-12 1.00000E-12 1.00000E-12 1.00000E-12 1.00000E-12 1.00000E-12 1.00000E-12
 1.00000E-12 1.00000E-12 1.00000E-12 1.00000E-12 1.00000E-12 1.00000E-12 1.00000E-12 1.00000E-12
 1.00000E-12 1.00000E-12 1.00000E-12 1.00000E-12 1.00000E-12 1.00000E-12 1.00000E-12 1.00000E-12
 1.00000E-12 1.00000E-12 1.00000E-12 1.00000E-12 1.00000E-12 1.00000E-12 1.00000E-12 1.00000E-12
 1.00000E-12 1.00000E-12 1.00000E-12 1.00000E-12 1.00000E-12 1.00000E-12 1.00000E-12 1.00000E-12
 1.00000E-12 1.00000E-12 1.00000E-12 1.00000E-12 1.00000E-12 1.00000E-12 1.00000E-12 1.00000E-12
 1.00000E-12 1.00000E-12 1.00000E-12 1.00000E-12 1.00000E-12 1.00000E-12 1.00000E-12 1.00000E-12
 1.00000E-12 1.00000E-12 1.00000E-12 1.00000E-12 1.00000E-12 1.00000E-12 1.00000E-12 1.00000E-12
 1.00000E-12 1.00000E-12 1.00000E-12 1.00000E-12 1.00000E-12 1.00000E-12 1.00000E-12 1.00000E-12
 1.00000E-12 1.00000E-12 1.00000E-12 1.00000E-12 1.00000E-12 1.00000E-12 1.00000E-12 1.00000E-12
 1.00000E-12 1.00000E-12 1.00000E-12 1.00000E-12 1.00000E-12 1.00000E-12 1.00000E-12 1.00000E-12
 1.00000E-12 1.00000E-12 1.00000E-12 1.00000E-12 1.00000E-12 1.00000E-12 1.00000E-12 1.00000E-12
 1.00000E-12 1.00000E-12 1.00000E-12 1.00000E-12 2.73386E-04 2.93471E-04 3.14160E-04 3.37783E-04
 3.61773E-04 3.86852E-04 4.14270E-04 4.43569E-04 4.75741E-04 5.11540E-04 5.50185E-04 5.93059E-04
 6.41194E-04 6.95492E-04 7.55893E-04 8.25639E-04 9.02476E-04 9.86107E-04 1.08051E-03 1.18580E-03
 1.30352E-03 1.43163E-03 1.57364E-03 1.73199E-03 1.91005E-03 2.11098E-03 2.33720E-03 2.59123E-03
 2.87685E-03 3.19705E-03 3.55357E-03 3.95175E-03 4.38976E-03 4.87672E-03 5.41592E-03 6.01346E-03
 6.66614E-03 7.38766E-03 8.18393E-03 9.05720E-03 1.00130E-02 1.10583E-02 1.22008E-02 1.34498E-02
 1.48152E-02 1.63105E-02 1.79488E-02 1.97470E-02 2.17224E-02 2.38883E-02 2.62512E-02 2.88374E-02
 3.16673E-02 3.47632E-02 3.81472E-02 4.18432E-02 4.58738E-02 5.02688E-02 5.50612E-02 6.02848E-02
 6.59754E-02 7.19630E-02 7.83851E-02 8.53309E-02 9.28380E-02 1.00946E-01 1.09697E-01 1.19130E-01
 1.29296E-01 1.40255E-01 1.52071E-01 1.64814E-01 1.78547E-01 1.93375E-01 2.09397E-01 2.26715E-01
 2.45431E-01 2.65658E-01 2.87553E-01 3.11271E-01 3.36982E-01 3.64860E-01 3.95136E-01 4.28036E-01
 4.63811E-01 5.02727E-01 5.45118E-01 5.91396E-01 6.41980E-01 6.97336E-01 7.57981E-01 8.24564E-01
 8.97826E-01 9.78591E-01 1.06781E+00 1.16657E+00 1.27614E+00 1.39569E+00 1.52365E+00 1.66086E+00
 1.00000E+00 1.00000E+00 1.00000E+00 1.00000E+00 1.00000E+00 1.00000E+00 1.00000E+00 1.00000E+00
 1.00000E+00 1.00000E+00 1.00000E+00 1.00000E+00 1.00000E+00 1.00000E+00 1.00000E+00 1.00000E+00
 1.00000E+00 1.00000E+00 1.00000E+00 1.00000E+00 1.00000E+00 1.00000E+00 1.00000E+00 1.00000E+00
 1.00000E+00 1.00000E+00 1.00000E+00 1.00000E+00 1.00000E+00 1.00000E+00 1.00000E+00 1.00000E+00
 1.00000E+00 1.00000E+00 1.00000E+00 1.00000E+00 1.00000E+00 1.00000E+00 1.00000E+00 1.00000E+00
 1.00000E+00 1.00000E+00 1.00000E+00 1.00000E+00 1.00000E+00 1.00000E+00 1.00000E+00 1.00000E+00
 1.00000E+00 1.00000E+00 1.00000E+00 1.00000E+00 1.00000E+00 1.00000E+00 1.00000E+00 1.00000E+00
 1.00000E+00 1.00000E+00 1.00000E+00 1.00000E+00 1.00000E+00 1.00000E+00 1.00000E+00 1.00000E+00
 1.00000E+00 1.00000E+00 1.00000E+00 1.00000E+00 1.00000E+00 1.00000E+00 1.00000E+00 1.00000E+00
 1.00000E+00 1.00000E+00 1.00000E+00 1.00000E+00 1.00000E+00 1.00000E+00 1.00000E+00 1.00000E+00
 1.00000E+00 1.00000E+00 1.00000E+00 1.00000E+00 1.00000E+00 1.00000E+00 1.00000E+00 1.00000E+00
 1.00000E+00 1.00000E+00 1.00000E+00 1.00000E+00 1.00000E+00 1.00000E+00 1.00000E+00 1.00000E+00
 1.00000E+00 1.00000E+00 1.00000E+00 1.00000E+00 1.00000E+00 1.00000E+00 1.00000E+00 1.00000E+00
 1.00000E+00 1.00000E+00 1.00000E+00 1.00000E+00 1.00000E+00 1.00000E+00 1.00000E+00 1.00000E+00
 1.00000E+00 1.00000E+00 1.00000E+00 1.00000E+00 1.00000E+00 1.00000E+00 1.00000E+00 1.00000E+00
 1.00000E+00 1.00000E+00 1.00000E+00 1.00000E+00 1.00000E+00 1.00000E+00 1.00000E+00 1.00000E+00
 1.00000E+00 1.00000E+00 1.00000E+00 1.00000E+00 1.00000E+00 1.00000E+00 1.00000E+00 1.00000E+00
 1.00000E+00 1.00000E+00 1.00000E+00 1.00000E+00 1.00000E+00 1.00000E+00 1.00000E+00 1.00000E+00
 1.00000E+00 1.00000E+00 1.00000E+00 1.00000E+00 1.00000E+00 1.00000E+00 1.00000E+00 1.00000E+00
 1.00000E+00 1.00000E+00 1.00000E+00 1.00000E+00 1.00000E+00 1.00000E+00 1.00000E+00 1.00000E+00
 1.00000E+00 1.00000E+00 1.00000E+00 1.00000E+00 1.00000E+00 1.00000E+00 1.00000E+00 1.00000E+00
 1.00000E+00 1.00000E+00 1.00000E+00 1.00000E+00 1.00000E+00 1.00000E+00 1.00000E+00 1.00000E+00
 1.00000E+00 1.00000E+00 1.00000E+00 1.00000E+00 1.00000E+00 1.00000E+00 1.00000E+00 1.00000E+00
 1.00000E+00 1.00000E+00 1.00000E+00 1.00000E+00 1.00000E+00 1.00000E+00 1.00000E+00 1.00000E+00
 1.00000E+00 1.00000E+00 1.00000E+00 1.00000E+00 1.00000E+00 1.00000E+00 1.00000E+00 1.00000E+00
 1.00000E-05 1.00000E-05 1.00000E-05 1.00000E-05 1.00000E-05 1.00000E-05 1.00000E-05 1.00000E-05
 1.00000E-05 1.00000E-05 1.00000E-05 1.00000E-05 1.00000E-05 1.00000E-05 1.00000E-05 1.00000E-05
 1.00000E-05 1.00000E-05 1.00000E-05 1.00000E-05 1.00000E-05 1.00000E-05 1.00000E-05 1.00000E-05
 1.00000E-05 1.00000E-05 1.00000E-05 1.00000E-05 1.00000E-05 1.00000E-05 1.00000E-05 1.00000E-05
 1.00000E-05 1.00000E-05 1.00000E-05 1.00000E-05 1.00000E-05 1.00000E-05 1.00000E-05 1.00000E-05
 1.00000E-05 1.00000E-05 1.00000E-05 1.00000E-05 1.00000E-05 1.00000E-05 1.00000E-05 1.00000E-05
 1.00000E-05 1.00000E-05 1.00000E-05 1.00000E-05 1.00000E-05 1.00000E-05 1.00000E-05 1.00000E-05
 1.00000E-05 1.00000E-05 1.00000E-05 1.00000E-05 1.00000E-05 1.00000E-05 1.00000E-05 1.00000E-05
 1.00000E-05 1.00000E-05 1.00000E-05 1.00000E-05 1.00000E-05 1.00000E-05 1.00000E-05 1.00000E-05
 1.00000E-05 1.00000E-05 1.00000E-05 1.00000E-05 1.00000E-05 1.00000E-05 1.00000E-05 1.00000E-05
 1.00000E-05 1.00000E-05 1.00000E-05 1.00000E-05 1.00000E-05 1.00000E-05 1.00000E-05 1.00000E-05
 1.00000E-05 1.00000E-05 1.00000E-05 1.00000E-05 1.00000E-05 1.00000E-05 1.00000E-05 1.00000E-05
 1.00000E-05 1.00000E-05 1.00000E-05 1.00000E-05 1.00000E-09 1.00000E-09 1.00000E-09 1.00000E-09
 1.00000E-09 1.00000E-09 1.00000E-09 1.00000E-09 1.00000E-09 1.00000E-09 1.00000E-09 1.00000E-09
 1.00000E-09 1.00000E-09 1.00000E-09 1.00000E-09 1.00000E-09 1.00000E-09 1.00000E-09 1.00000E-09
 1.00000E-09 1.00000E-09 1.00000E-09 1.00000E-09 1.00000E-09 1.00000E-09 1.00000E-09 1.00000E-09
 1.00000E-09 1.00000E-09 1.00000E-09 1.00000E-09 1.00000E-09 1.00000E-09 1.00000E-09 1.00000E-09
 1.00000E-09 1.00000E-09 1.00000E-09 1.00000E-09 1.00000E-09 1.00000E-09 1.00000E-09 1.00000E-09
 1.00000E-09 1.00000E-09 1.00000E-09 1.00000E-09 1.00000E-09 1.00000E-09 1.00000E-09 1.00000E-09
 1.00000E-09 1.00000E-09 1.00000E-09 1.00000E-09 1.00000E-09 1.00000E-09 1.00000E-09 1.00000E-09
 1.00000E-09 1.00000E-09 1.00000E-09 1.00000E-09 1.00000E-09 1.00000E-09 1.00000E-09 1.00000E-09
 1.00000E-09 1.00000E-09 1.00000E-09 1.00000E-09 1.00000E-09 1.00000E-09 1.00000E-09 1.00000E-09
 1.00000E-09 1.00000E-09 1.00000E-09 1.00000E-09 1.00000E-09 1.00000E-09 1.00000E-09 1.00000E-09
 1.00000E-09 1.00000E-09 1.00000E-09 1.00000E-09 1.00000E-09 1.00000E-09 1.00000E-09 1.00000E-09
 1.00000E-09 1.00000E-09 1.00000E-09 1.00000E-09 1.00000E-09 1.00000E-09 1.00000E-09 1.00000E-09
 1.00000E-09 1.00000E-09 1.00000E-09 1.00000E-09 1.00000E-09 1.00000E-09 1.00000E-09 1.00000E-09
 1.00000E-09 1.00000E-09 1.00000E-09 1.00000E-09 1.00000E-09 1.00000E-09 1.00000E-09 1.00000E-09
 1.00000E-09 1.00000E-09 1.00000E-09 1.00000E-09 1.00000E-09 1.00000E-09 1.00000E-09 1.00000E-09
 1.00000E-09 1.00000E-09 1.00000E-09 1.00000E-09 1.00000E-09 1.00000E-09 1.00000E-09 1.00000E-09
 1.00000E-09 1.00000E-09 1.00000E-09 1.00000E-09 1.00000E-09 1.00000E-09 1.00000E-09 1.00000E-09
 1.00000E-09 1.00000E-09 1.00000E-09 1.00000E-09 1.00000E-09 1.00000E-09 1.00000E-09 1.00000E-09
 1.00000E-09 1.00000E-09 1.00000E-09 1.00000E-09 1.00000E-09 1.00000E-09 1.00000E-09 1.00000E-09
 1.00000E-09 1.00000E-09 1.00000E-09 1.00000E-09 1.00000E-09 1.00000E-09 1.00000E-09 1.00000E-09
 1.00000E-09 1.00000E-09 1.00000E-09 1.00000E-09 1.00000E-09 1.00000E-09 1.00000E-09 1.00000E-09
 1.00000E-09 1.00000E-09 1.00000E-09 1.00000E-09 1.00000E-09 1.00000E-09 1.00000E-09 1.00000E-09
 1.00000E-09 1.00000E-09 1.00000E-09 1.00000E-09 1.00000E-09 1.00000E-09 1.00000E-09 1.00000E-09
 1.00000E-09 1.00000E-09 1.00000E-09 1.00000E-09 1.00000E-09 1.00000E-09 1.00000E-09 1.00000E-09
 1.00000E-09 1.00000E-09 1.00000E-09 1.00000E-09
