 3.57053E-08 4.90615E-17 1.73303E-03 4.41486E-18 1.16351E-11 3.28380E-08 9.86312E-10 3.54907E-19
 1.39199E-02 4.50000E-02 6.93548E-04 4.14643E-08 7.25972E-12 4.34300E-08 1.10992E-13 1.19598E-11
 4.73809E-20 2.63802E-13 9.34951E-12 2.24899E-16 1.08313E-17 1.02261E-38 3.96272E-09 1.10609E-19
 4.09711E-25 3.49162E-23 1.40217E-12 1.11254E-20 3.43208E-10 1.27883E-16 7.65894E-18 6.56758E-11
 9.53830E-16 1.80282E-12 4.56147E-08 7.37181E-17 1.65824E-03 7.83534E-18 1.54416E-11 4.24293E-08
 1.07830E-09 6.49532E-19 1.39199E-02 4.49981E-02 6.93548E-04 5.33248E-08 9.23767E-12 4.33438E-08
 1.09331E-13 1.32364E-11 7.21856E-20 3.78640E-13 1.34309E-11 2.34606E-16 1.29890E-17 2.58856E-38
 3.96092E-09 1.60147E-19 7.49474E-25 5.66154E-23 2.16203E-12 1.48325E-20 3.48685E-10 1.71019E-16
 2.01694E-17 1.13957E-10 2.23575E-15 2.72935E-12 6.20438E-08 1.07440E-16 1.59098E-03 1.40804E-17
 2.07739E-11 5.87050E-08 1.16828E-09 1.21353E-18 1.39199E-02 4.49960E-02 6.93549E-04 7.32332E-08
 1.16541E-11 4.32506E-08 1.02105E-13 1.40636E-11 1.05494E-19 5.28465E-13 1.86668E-11 2.33004E-16
 1.41883E-17 5.55884E-38 3.95894E-09 2.22245E-19 1.28996E-24 8.47390E-23 3.31288E-12 1.80650E-20
 3.54739E-10 1.93589E-16 4.22371E-17 1.65736E-10 4.69701E-15 3.25256E-12 8.55018E-08 1.52326E-16
 1.53454E-03 2.48556E-17 2.77640E-11 8.19944E-08 1.24660E-09 2.24280E-18 1.39199E-02 4.49937E-02
 6.93551E-04 1.01513E-07 1.46299E-11 4.31501E-08 9.28033E-14 1.45340E-11 1.47147E-19 7.13524E-13
 2.47967E-11 2.22246E-16 1.43917E-17 1.07244E-37 3.95676E-09 2.99801E-19 2.15396E-24 1.20717E-22
 4.91579E-12 2.07909E-20 3.61265E-10 2.03546E-16 7.85132E-17 2.21504E-10 9.16437E-15 3.42059E-12
 1.22183E-07 2.12356E-16 1.39602E-03 4.43355E-17 3.73942E-11 1.18153E-07 1.31750E-09 4.21855E-18
 1.39199E-02 4.49906E-02 6.93556E-04 1.45120E-07 1.85770E-11 4.30206E-08 8.29341E-14 1.49719E-11
 2.03393E-19 9.73178E-13 3.23777E-11 2.09584E-16 1.52029E-17 1.93240E-37 3.95389E-09 4.13911E-19
 3.60574E-24 1.67624E-22 7.41184E-12 2.35965E-20 3.69424E-10 1.99277E-16 1.39948E-16 2.92470E-10
 1.83740E-14 3.31174E-12 2.41712E-07 2.98691E-16 6.05536E-04 1.05603E-16 5.88236E-11 2.35622E-07
 1.41090E-09 1.06732E-17 1.39199E-02 4.49819E-02 6.93580E-04 2.85632E-07 2.70110E-11 4.26593E-08
 6.60883E-14 1.64611E-11 3.34133E-19 1.76060E-12 5.10498E-11 2.07901E-16 3.57384E-17 3.94178E-37
 3.94566E-09 7.68833E-19 7.46560E-24 2.50921E-22 1.56404E-11 3.05679E-20 3.90634E-10 1.42687E-16
 3.02752E-16 4.85661E-10 6.00314E-14 2.67338E-12 6.97979E-07 4.15144E-16 4.00240E-04 3.54430E-16
 1.10869E-10 6.81076E-07 1.48951E-09 3.85157E-17 1.39199E-02 4.49471E-02 6.93747E-04 8.12282E-07
 4.81155E-11 4.12631E-08 5.34541E-14 2.16593E-11 7.82286E-19 4.53113E-12 1.11417E-10 2.27461E-16
 7.24102E-17 1.26047E-36 3.91292E-09 2.30979E-18 2.38434E-23 4.76605E-22 4.83794E-11 5.83103E-20
 4.62059E-10 7.63879E-17 8.72870E-16 1.11055E-09 3.47600E-13 1.29853E-12 1.55268E-06 5.73364E-16
 4.26965E-04 8.99722E-16 1.82371E-10 1.51245E-06 1.56245E-09 1.06189E-16 1.39198E-02 4.48738E-02
 6.94463E-04 1.78338E-06 7.83960E-11 3.84009E-08 4.94103E-14 2.87520E-11 1.58130E-18 9.41121E-12
 2.12115E-10 2.49982E-16 9.71277E-17 4.61212E-36 3.84405E-09 6.29345E-18 7.26641E-23 9.71795E-22
 1.17245E-10 1.19609E-19 5.83874E-10 5.60348E-17 2.07728E-15 2.13377E-09 1.40235E-12 6.68489E-13
 2.39525E-06 7.89972E-16 4.77428E-04 1.58477E-15 2.49032E-10 2.32164E-06 1.64700E-09 2.03580E-16
 1.39197E-02 4.47850E-02 6.96061E-04 2.71867E-06 1.06863E-10 3.49799E-08 4.89020E-14 3.40044E-11
 2.37548E-18 1.36827E-11 3.01888E-10 2.59422E-16 1.05437E-16 1.25705E-35 3.76041E-09 1.24947E-17
 1.59321E-22 1.70280E-21 2.00886E-10 1.90120E-19 6.99056E-10 5.54296E-17 3.66213E-15 3.04956E-09
 3.05409E-12 5.07844E-13 3.00989E-06 1.07765E-15 5.32101E-04 2.28784E-15 3.05857E-10 2.88348E-06
 1.73081E-09 3.19812E-16 1.39196E-02 4.47029E-02 6.98275E-04 3.36796E-06 1.30429E-10 3.18287E-08
 4.96610E-14 3.70779E-11 3.00133E-18 1.58868E-11 3.59461E-10 2.57708E-16 1.01395E-16 2.55239E-35
 3.68287E-09 1.95489E-17 2.73657E-22 2.56612E-21 2.78429E-10 2.41750E-19 7.75091E-10 6.14558E-17
 5.34792E-15 3.61767E-09 4.56539E-12 4.60444E-13 3.41573E-06 1.45174E-15 5.90694E-04 2.99426E-15
 3.55722E-10 3.21680E-06 1.80618E-09 4.55267E-16 1.39194E-02 4.46360E-02 7.00634E-04 3.75980E-06
 1.50123E-10 2.92469E-08 5.10507E-14 3.87308E-11 3.47939E-18 1.63534E-11 3.90780E-10 2.49287E-16
 9.13165E-17 4.23619E-35 3.61935E-09 2.63656E-17 4.06515E-22 3.48721E-21 3.41944E-10 2.67234E-19
 8.10712E-10 7.03690E-17 6.99491E-15 3.85729E-09 5.56615E-12 4.39716E-13 3.68881E-06 1.93186E-15
 6.53644E-04 3.73154E-15 4.02272E-10 3.40542E-06 1.87073E-09 6.17049E-16 1.39192E-02 4.45829E-02
 7.02896E-04 3.98985E-06 1.67634E-10 2.71749E-08 5.27307E-14 3.95680E-11 3.85788E-18 1.58325E-11
 4.06085E-10 2.37136E-16 7.93347E-17 6.21413E-35 3.56861E-09 3.26334E-17 5.56693E-22 4.44581E-21
 3.92693E-10 2.72502E-19 8.16069E-10 8.07822E-17 8.54359E-15 3.85925E-09 6.05905E-12 4.24264E-13
 3.88320E-06 2.54180E-15 7.21219E-04 4.52736E-15 4.47829E-10 3.51033E-06 1.92385E-09 8.14361E-16
 1.39189E-02 4.45403E-02 7.04989E-04 4.12576E-06 1.84101E-10 2.54880E-08 5.45989E-14 3.99670E-11
 4.17214E-18 1.48478E-11 4.12278E-10 2.23267E-16 6.76150E-17 8.43009E-35 3.52757E-09 3.83775E-17
 7.26829E-22 5.44208E-21 4.33726E-10 2.65050E-19 7.99866E-10 9.19974E-17 9.92254E-15 3.69187E-09
 6.13559E-12 4.07807E-13 4.03105E-06 3.30989E-15 7.91154E-04 5.40446E-15 4.93753E-10 3.56730E-06
 1.96602E-09 1.05783E-15 1.39187E-02 4.45053E-02 7.06917E-04 4.20674E-06 2.00164E-10 2.40755E-08
 5.64034E-14 4.01035E-11 4.42621E-18 1.36882E-11 4.13312E-10 2.08706E-16 5.71180E-17 1.08674E-34
 3.49351E-09 4.37676E-17 9.21260E-22 6.48394E-21 4.67793E-10 2.50655E-19 7.67536E-10 1.03421E-16
 1.10133E-14 3.39392E-09 5.90428E-12 3.88986E-13 4.14996E-06 4.29929E-15 8.49757E-04 6.38143E-15
 5.40810E-10 3.59561E-06 2.01119E-09 1.35978E-15 1.39184E-02 4.44759E-02 7.08687E-04 4.25411E-06
 2.16194E-10 2.28708E-08 5.89651E-14 4.03684E-11 4.69633E-18 1.25189E-11 4.14218E-10 1.96785E-16
 4.96896E-17 1.36601E-34 3.46472E-09 4.90392E-17 1.14436E-21 7.61794E-21 4.96574E-10 2.34773E-19
 7.39987E-10 1.17199E-16 1.23256E-14 3.16310E-09 5.66562E-12 3.75781E-13 4.24970E-06 5.56876E-15
 8.98873E-04 7.47429E-15 5.89477E-10 3.60592E-06 2.05822E-09 1.73489E-15 1.39182E-02 4.44514E-02
 7.10289E-04 4.27998E-06 2.32450E-10 2.18413E-08 6.20363E-14 4.07669E-11 4.96893E-18 1.14105E-11
 4.14922E-10 1.87013E-16 4.42505E-17 1.68178E-34 3.44038E-09 5.42683E-17 1.39985E-21 8.85284E-21
 5.20919E-10 2.18692E-19 7.16446E-10 1.33480E-16 1.38852E-14 2.98372E-09 5.44989E-12 3.66909E-13
 4.33527E-06 7.19040E-15 9.39250E-04 8.69930E-15 6.40059E-10 3.60474E-06 2.10575E-09 2.20101E-15
 1.39180E-02 4.44313E-02 7.11695E-04 4.29185E-06 2.49147E-10 2.09775E-08 6.56417E-14 4.13167E-11
 5.24746E-18 1.04026E-11 4.15370E-10 1.79068E-16 4.02189E-17 2.03150E-34 3.42017E-09 5.94258E-17
 1.69090E-21 1.01905E-20 5.41131E-10 2.02952E-19 6.96680E-10 1.52624E-16 1.57355E-14 2.84666E-09
 5.26324E-12 3.61273E-13 4.41004E-06 9.25091E-15 9.71870E-04 1.00747E-14 6.92804E-10 3.59657E-06
 2.15235E-09 2.78001E-15 1.39178E-02 4.44150E-02 7.12896E-04 4.29493E-06 2.66440E-10 2.02646E-08
 6.97728E-14 4.20009E-11 5.53146E-18 9.50738E-12 4.15566E-10 1.72527E-16 3.71539E-17 2.41322E-34
 3.40366E-09 6.44729E-17 2.02148E-21 1.16331E-20 5.57634E-10 1.87812E-19 6.80348E-10 1.75065E-16
 1.79212E-14 2.74359E-09 5.10463E-12 3.57940E-13 4.47741E-06 1.18538E-14 9.98385E-04 1.16198E-14
 7.47961E-10 3.58431E-06 2.19668E-09 3.49877E-15 1.39177E-02 4.44018E-02 7.13922E-04 4.29272E-06
 2.84413E-10 1.96723E-08 7.44139E-14 4.27939E-11 5.81823E-18 8.70984E-12 4.15553E-10 1.67006E-16
 3.47266E-17 2.82720E-34 3.39010E-09 6.94499E-17 2.39711E-21 1.31870E-20 5.71197E-10 1.73277E-19
 6.66759E-10 2.01166E-16 2.04738E-14 2.66555E-09 4.96723E-12 3.55989E-13 4.53875E-06 1.51209E-14
 1.01979E-03 1.33566E-14 8.05691E-10 3.56986E-06 2.23755E-09 4.38979E-15 1.39175E-02 4.43912E-02
 7.14787E-04 4.28750E-06 3.03107E-10 1.91835E-08 7.94831E-14 4.36303E-11 6.10021E-18 8.00476E-12
 4.15402E-10 1.62040E-16 3.26731E-17 3.27616E-34 3.37902E-09 7.43223E-17 2.82399E-21 1.48565E-20
 5.82274E-10 1.59398E-19 6.55521E-10 2.31457E-16 2.34386E-14 2.60686E-09 4.84730E-12 3.54792E-13
 4.59520E-06 1.91940E-14 1.03709E-03 1.53098E-14 8.66142E-10 3.55433E-06 2.27390E-09 5.49243E-15
 1.39174E-02 4.43826E-02 7.15514E-04 4.28089E-06 3.22507E-10 1.87797E-08 8.48588E-14 4.44308E-11
 6.36734E-18 7.38430E-12 4.15202E-10 1.57196E-16 3.07917E-17 3.76651E-34 3.36997E-09 7.90660E-17
 3.30968E-21 1.66468E-20 5.91331E-10 1.46274E-19 6.46217E-10 2.66512E-16 2.68625E-14 2.56272E-09
 4.74069E-12 3.53889E-13 4.64785E-06 2.42484E-14 1.05119E-03 1.75002E-14 9.29551E-10 3.53817E-06
 2.30439E-09 6.85685E-15 1.39173E-02 4.43756E-02 7.16127E-04 4.27406E-06 3.42826E-10 1.84434E-08
 9.08986E-14 4.53663E-11 6.63937E-18 6.84126E-12 4.14789E-10 1.53075E-16 2.92363E-17 4.28236E-34
 3.36250E-09 8.36658E-17 3.86028E-21 1.85556E-20 5.98798E-10 1.34237E-19 6.38450E-10 3.06832E-16
 3.07674E-14 2.52929E-09 4.64283E-12 3.53235E-13 4.69710E-06 3.04943E-14 1.06271E-03 1.99469E-14
 9.96170E-10 3.52169E-06 2.32743E-09 8.54631E-15 1.39172E-02 4.43698E-02 7.16644E-04 4.26779E-06
 3.64421E-10 1.81627E-08 9.82372E-14 4.67041E-11 6.95037E-18 6.37073E-12 4.13901E-10 1.50496E-16
 2.82284E-17 4.78868E-34 3.35632E-09 8.80862E-17 4.48030E-21 2.05730E-20 6.04976E-10 1.23598E-19
 6.31946E-10 3.52946E-16 3.51606E-14 2.50396E-09 4.55219E-12 3.53037E-13 4.74248E-06 3.81936E-14
 1.07204E-03 2.26633E-14 1.06630E-09 3.50535E-06 2.34117E-09 1.06434E-14 1.39171E-02 4.43652E-02
 7.17074E-04 4.26249E-06 3.87988E-10 1.79304E-08 1.08123E-13 4.89321E-11 7.36304E-18 5.96846E-12
 4.12051E-10 1.50869E-16 2.81430E-17 5.21484E-34 3.35126E-09 9.22642E-17 5.16999E-21 2.26781E-20
 6.10041E-10 1.14518E-19 6.26550E-10 4.05367E-16 4.00146E-14 2.48497E-09 4.47182E-12 3.53600E-13
 4.78325E-06 4.76384E-14 1.07952E-03 2.56701E-14 1.14007E-09 3.48981E-06 2.34487E-09 1.32471E-14
 1.39170E-02 4.43615E-02 7.17428E-04 4.25796E-06 4.13902E-10 1.77405E-08 1.21295E-13 5.22138E-11
 7.89757E-18 5.62239E-12 4.09089E-10 1.54288E-16 2.89266E-17 5.52536E-34 3.34715E-09 9.61743E-17
 5.93256E-21 2.48621E-20 6.14150E-10 1.06624E-19 6.22122E-10 4.64795E-16 4.53266E-14 2.47094E-09
 4.41013E-12 3.54665E-13 4.81937E-06 5.90800E-14 1.08555E-03 2.90205E-14 1.21719E-09 3.47555E-06
 2.33985E-09 1.64573E-14 1.39170E-02 4.43585E-02 7.17719E-04 4.25362E-06 4.41261E-10 1.75843E-08
 1.36180E-13 5.57186E-11 8.44982E-18 5.31197E-12 4.05868E-10 1.57695E-16 2.96526E-17 5.81478E-34
 3.34380E-09 9.98832E-17 6.78879E-21 2.71541E-20 6.17503E-10 9.91335E-20 6.18469E-10 5.32504E-16
 5.12297E-14 2.46052E-09 4.37585E-12 3.55248E-13 4.85088E-06 7.27884E-14 1.09043E-03 3.27776E-14
 1.29745E-09 3.46287E-06 2.32740E-09 2.03912E-14 1.39169E-02 4.43561E-02 7.17960E-04 4.24910E-06
 4.69214E-10 1.74554E-08 1.51102E-13 5.87191E-11 8.93016E-18 5.02551E-12 4.03128E-10 1.58864E-16
 2.96992E-17 6.17207E-34 3.34105E-09 1.03426E-16 7.76380E-21 2.95858E-20 6.20251E-10 9.16898E-20
 6.15447E-10 6.10005E-16 5.78725E-14 2.45277E-09 4.37462E-12 3.54647E-13 4.87789E-06 8.91470E-14
 1.09438E-03 3.69858E-14 1.38105E-09 3.45187E-06 2.30784E-09 2.52095E-14 1.39169E-02 4.43541E-02
 7.18158E-04 4.24443E-06 4.97945E-10 1.73494E-08 1.66290E-13 6.13267E-11 9.35026E-18 4.76142E-12
 4.00759E-10 1.58394E-16 2.92318E-17 6.58817E-34 3.33880E-09 1.06785E-16 8.87168E-21 3.21637E-20
 6.22499E-10 8.44154E-20 6.12953E-10 6.98513E-16 6.52971E-14 2.44705E-09 4.40861E-12 3.52825E-13
 4.90062E-06 1.08593E-13 1.09754E-03 4.16957E-14 1.46816E-09 3.44254E-06 2.28168E-09 3.11071E-14
 1.39169E-02 4.43526E-02 7.18320E-04 4.23977E-06 5.27586E-10 1.72628E-08 1.81932E-13 6.36214E-11
 9.71968E-18 4.52212E-12 3.98679E-10 1.56726E-16 2.84002E-17 7.06052E-34 3.33697E-09 1.09916E-16
 1.01288E-20 3.48970E-20 6.24324E-10 7.75485E-20 6.10910E-10 7.99407E-16 7.35522E-14 2.44287E-09
 4.47813E-12 3.49945E-13 4.91978E-06 1.31601E-13 1.10011E-03 4.69654E-14 1.55897E-09 3.43466E-06
 2.24939E-09 3.83161E-14 1.39169E-02 4.43513E-02 7.18454E-04 4.23523E-06 5.58081E-10 1.71912E-08
 1.98015E-13 6.56012E-11 1.00404E-17 4.30613E-12 3.96890E-10 1.54017E-16 2.72972E-17 7.60084E-34
 3.33547E-09 1.12828E-16 1.15557E-20 3.77980E-20 6.25825E-10 7.11940E-20 6.09218E-10 9.14179E-16
 8.27031E-14 2.43980E-09 4.58355E-12 3.46181E-13 4.93603E-06 1.58737E-13 1.10223E-03 5.28514E-14
 1.65372E-09 3.42798E-06 2.21144E-09 4.71256E-14 1.39168E-02 4.43502E-02 7.18566E-04 4.23087E-06
 5.89596E-10 1.71313E-08 2.14980E-13 6.74084E-11 1.03305E-17 4.11194E-12 3.95252E-10 1.50766E-16
 2.60683E-17 8.20134E-34 3.33422E-09 1.15538E-16 1.31716E-20 4.08762E-20 6.27078E-10 6.54215E-20
 6.07794E-10 1.04431E-15 9.27875E-14 2.43752E-09 4.72494E-12 3.41766E-13 4.94971E-06 1.90691E-13
 1.10398E-03 5.94184E-14 1.75263E-09 3.42236E-06 2.16917E-09 5.78873E-14 1.39168E-02 4.43494E-02
 7.18662E-04 4.22684E-06 6.22276E-10 1.70811E-08 2.33207E-13 6.91383E-11 1.06019E-17 3.94075E-12
 3.93668E-10 1.47328E-16 2.48242E-17 8.86245E-34 3.33317E-09 1.18020E-16 1.49980E-20 4.41544E-20
 6.28125E-10 6.03442E-20 6.06597E-10 1.19152E-15 1.03849E-13 2.43584E-09 4.89932E-12 3.37006E-13
 4.96149E-06 2.28225E-13 1.10547E-03 6.67379E-14 1.85590E-09 3.41754E-06 2.12353E-09 7.10247E-14
 1.39168E-02 4.43486E-02 7.18745E-04 4.22311E-06 6.56154E-10 1.70378E-08 2.53005E-13 7.08429E-11
 1.08626E-17 3.78855E-12 3.92089E-10 1.43871E-16 2.36325E-17 9.59068E-34 3.33227E-09 1.20320E-16
 1.70603E-20 4.76542E-20 6.29026E-10 5.59022E-20 6.05560E-10 1.35760E-15 1.15938E-13 2.43458E-09
 5.10740E-12 3.32078E-13 4.97263E-06 2.72007E-13 1.10687E-03 7.48746E-14 1.96389E-09 3.41301E-06
 2.07256E-09 8.70574E-14 1.39168E-02 4.43479E-02 7.18825E-04 4.21941E-06 6.91354E-10 1.69966E-08
 2.75112E-13 7.26719E-11 1.11328E-17 3.64206E-12 3.90377E-10 1.40572E-16 2.25123E-17 1.03628E-33
 3.33142E-09 1.22634E-16 1.93827E-20 5.13600E-20 6.29882E-10 5.17623E-20 6.04568E-10 1.54399E-15
 1.29080E-13 2.43355E-09 5.36876E-12 3.26803E-13 4.98392E-06 3.22696E-13 1.10829E-03 8.38976E-14
 2.07695E-09 3.40846E-06 2.01455E-09 1.06622E-13 1.39168E-02 4.43472E-02 7.18909E-04 4.21557E-06
 7.28075E-10 1.69545E-08 3.00416E-13 7.47710E-11 1.14312E-17 3.49333E-12 3.88393E-10 1.37560E-16
 2.14746E-17 1.11482E-33 3.33054E-09 1.25100E-16 2.19900E-20 5.52535E-20 6.30758E-10 4.77444E-20
 6.03547E-10 1.75219E-15 1.43293E-13 2.43267E-09 5.70978E-12 3.21067E-13 4.99535E-06 3.81162E-13
 1.10972E-03 9.38976E-14 2.19528E-09 3.40389E-06 1.95059E-09 1.30487E-13 1.39168E-02 4.43465E-02
 7.18997E-04 4.21171E-06 7.66405E-10 1.69114E-08 3.29481E-13 7.71681E-11 1.17625E-17 3.34446E-12
 3.86106E-10 1.34840E-16 2.05364E-17 1.19486E-33 3.32964E-09 1.27706E-16 2.49146E-20 5.93562E-20
 6.31654E-10 4.39288E-20 6.02494E-10 1.98438E-15 1.58625E-13 2.43192E-09 6.14387E-12 3.15071E-13
 5.00691E-06 4.48340E-13 1.11118E-03 1.04977E-13 2.31914E-09 3.39931E-06 1.88166E-09 1.59580E-13
 1.39168E-02 4.43458E-02 7.19090E-04 4.20794E-06 8.06411E-10 1.68673E-08 3.62938E-13 7.98840E-11
 1.21315E-17 3.19742E-12 3.83494E-10 1.32390E-16 1.96965E-17 1.27718E-33 3.32873E-09 1.30442E-16
 2.81935E-20 6.36967E-20 6.32572E-10 4.03677E-20 6.01409E-10 2.24296E-15 1.75133E-13 2.43130E-09
 6.68363E-12 3.09004E-13 5.01863E-06 5.25255E-13 1.11265E-03 1.17246E-13 2.44881E-09 3.39472E-06
 1.80863E-09 1.95037E-13 1.39168E-02 4.43451E-02 7.19187E-04 4.20440E-06 8.48237E-10 1.68224E-08
 4.01656E-13 8.29653E-11 1.25457E-17 3.05384E-12 3.80506E-10 1.30223E-16 1.89519E-17 1.36194E-33
 3.32779E-09 1.33305E-16 3.18660E-20 6.83061E-20 6.33511E-10 3.70889E-20 6.00291E-10 2.53047E-15
 1.92861E-13 2.43083E-09 7.33944E-12 3.03044E-13 5.03054E-06 6.13027E-13 1.11414E-03 1.30822E-13
 2.58462E-09 3.39010E-06 1.73230E-09 2.38248E-13 1.39168E-02 4.43443E-02 7.19290E-04 4.20125E-06
 8.92083E-10 1.67765E-08 4.46735E-13 8.64720E-11 1.30133E-17 2.91499E-12 3.77080E-10 1.28358E-16
 1.82988E-17 1.44891E-33 3.32683E-09 1.36295E-16 3.59738E-20 7.32200E-20 6.34473E-10 3.41026E-20
 5.99139E-10 2.84960E-15 2.11850E-13 2.43049E-09 8.11585E-12 2.97358E-13 5.04271E-06 7.12850E-13
 1.11566E-03 1.45841E-13 2.72687E-09 3.38542E-06 1.65346E-09 2.90888E-13 1.39168E-02 4.43436E-02
 7.19399E-04 4.19863E-06 9.38062E-10 1.67298E-08 4.99419E-13 9.04512E-11 1.35432E-17 2.78184E-12
 3.73168E-10 1.26781E-16 1.77325E-17 1.53902E-33 3.32584E-09 1.39419E-16 4.05664E-20 7.84820E-20
 6.35456E-10 3.14063E-20 5.97951E-10 3.20338E-15 2.32156E-13 2.43028E-09 9.00648E-12 2.92095E-13
 5.05522E-06 8.26039E-13 1.11719E-03 1.62447E-13 2.87594E-09 3.38064E-06 1.57281E-09 3.55014E-13
 1.39168E-02 4.43428E-02 7.19514E-04 4.19674E-06 9.86408E-10 1.66823E-08 5.61411E-13 9.49865E-11
 1.41475E-17 2.65506E-12 3.68681E-10 1.25518E-16 1.72491E-17 1.63219E-33 3.32484E-09 1.42686E-16
 4.56948E-20 8.41397E-20 6.36462E-10 2.89895E-20 5.96726E-10 3.59494E-15 2.53818E-13 2.43020E-09
 1.00067E-11 2.87398E-13 5.06818E-06 9.54070E-13 1.11875E-03 1.80776E-13 3.03232E-09 3.37573E-06
 1.49088E-09 4.33194E-13 1.39168E-02 4.43420E-02 7.19637E-04 4.19576E-06 1.03768E-09 1.66340E-08
 6.35112E-13 1.00213E-10 1.48405E-17 2.53504E-12 3.63484E-10 1.24631E-16 1.68409E-17 1.72486E-33
 3.32381E-09 1.46109E-16 5.14012E-20 9.02422E-20 6.37491E-10 2.68357E-20 5.95462E-10 4.02710E-15
 2.76831E-13 2.43025E-09 1.10912E-11 2.83393E-13 5.08170E-06 1.09850E-12 1.12033E-03 2.00987E-13
 3.19645E-09 3.37062E-06 1.40833E-09 5.28532E-13 1.39168E-02 4.43412E-02 7.19767E-04 4.19590E-06
 1.09229E-09 1.65849E-08 7.23102E-13 1.06215E-10 1.56326E-17 2.42187E-12 3.57488E-10 1.24096E-16
 1.64929E-17 1.81565E-33 3.32275E-09 1.49704E-16 5.77377E-20 9.68513E-20 6.38544E-10 2.49235E-20
 5.94157E-10 4.50308E-15 3.01217E-13 2.43043E-09 1.21949E-11 2.80162E-13 5.09590E-06 1.26099E-12
 1.12193E-03 2.23270E-13 3.36872E-09 3.36526E-06 1.32587E-09 6.44766E-13 1.39168E-02 4.43404E-02
 7.19906E-04 4.19733E-06 1.15042E-09 1.65350E-08 8.28073E-13 1.13021E-10 1.65299E-17 2.31540E-12
 3.50662E-10 1.23822E-16 1.61851E-17 1.90584E-33 3.32168E-09 1.53493E-16 6.47706E-20 1.04044E-19
 6.39621E-10 2.32289E-20 5.92811E-10 5.02665E-15 3.27033E-13 2.43074E-09 1.32132E-11 2.77737E-13
 5.11093E-06 1.44340E-12 1.12356E-03 2.47830E-13 3.54955E-09 3.35961E-06 1.24423E-09 7.86444E-13
 1.39168E-02 4.43396E-02 7.20054E-04 4.20026E-06 1.21231E-09 1.64845E-08 9.53160E-13 1.20647E-10
 1.75368E-17 2.21529E-12 3.42987E-10 1.23721E-16 1.58956E-17 1.99666E-33 3.32057E-09 1.57498E-16
 7.25727E-20 1.11911E-19 6.40724E-10 2.17271E-20 5.91420E-10 5.60179E-15 3.54338E-13 2.43116E-09
 1.41503E-11 2.76107E-13 5.12692E-06 1.64779E-12 1.12522E-03 2.74894E-13 3.73943E-09 3.35359E-06
 1.16402E-09 9.59116E-13 1.39168E-02 4.43387E-02 7.20213E-04 4.20489E-06 1.27828E-09 1.64332E-08
 1.10212E-12 1.29114E-10 1.86579E-17 2.12104E-12 3.34439E-10 1.23711E-16 1.56033E-17 2.08886E-33
 3.31945E-09 1.61744E-16 8.12217E-20 1.20549E-19 6.41853E-10 2.03939E-20 5.89984E-10 6.23268E-15
 3.83188E-13 2.43171E-09 1.50102E-11 2.75225E-13 5.14401E-06 1.87638E-12 1.12691E-03 3.04716E-13
 3.93880E-09 3.34713E-06 1.08577E-09 1.16949E-12 1.39168E-02 4.43379E-02 7.20382E-04 4.21142E-06
 1.34857E-09 1.63812E-08 1.27942E-12 1.38436E-10 1.98994E-17 2.03207E-12 3.25000E-10 1.23723E-16
 1.52891E-17 2.18421E-33 3.31829E-09 1.66256E-16 9.08086E-20 1.30072E-19 6.43009E-10 1.92064E-20
 5.88500E-10 6.92396E-15 4.13654E-13 2.43238E-09 1.57968E-11 2.75020E-13 5.16237E-06 2.13158E-12
 1.12863E-03 3.37552E-13 4.14826E-09 3.34016E-06 1.00979E-09 1.42587E-12 1.39168E-02 4.43370E-02
 7.20562E-04 4.22008E-06 1.42378E-09 1.63286E-08 1.49076E-12 1.48663E-10 2.12682E-17 1.94772E-12
 3.14614E-10 1.23707E-16 1.49326E-17 2.28109E-33 3.31710E-09 1.71059E-16 1.01416E-19 1.40598E-19
 6.44193E-10 1.81433E-20 5.86966E-10 7.67992E-15 4.45769E-13 2.43316E-09 1.65143E-11 2.75394E-13
 5.18216E-06 2.41593E-12 1.13039E-03 3.73640E-13 4.36851E-09 3.33258E-06 9.36225E-10 1.73859E-12
 1.39168E-02 4.43361E-02 7.20756E-04 4.23112E-06 1.50495E-09 1.62753E-08 1.74326E-12 1.59852E-10
 2.27678E-17 1.86729E-12 3.03218E-10 1.23604E-16 1.45115E-17 2.37369E-33 3.31589E-09 1.76176E-16
 1.13107E-19 1.52251E-19 6.45407E-10 1.71848E-20 5.85382E-10 8.50412E-15 4.79516E-13 2.43406E-09
 1.71666E-11 2.76217E-13 5.20354E-06 2.73207E-12 1.13219E-03 4.13269E-13 4.60018E-09 3.32429E-06
 8.65300E-10 2.12009E-12 1.39168E-02 4.43351E-02 7.20962E-04 4.24475E-06 1.59283E-09 1.62214E-08
 2.04481E-12 1.72002E-10 2.43992E-17 1.79003E-12 2.90804E-10 1.23330E-16 1.40076E-17 2.45997E-33
 3.31465E-09 1.81630E-16 1.25966E-19 1.65178E-19 6.46651E-10 1.63126E-20 5.83746E-10 9.40088E-15
 5.14932E-13 2.43506E-09 1.77578E-11 2.77318E-13 5.22667E-06 3.08289E-12 1.13402E-03 4.56782E-13
 4.84379E-09 3.31519E-06 7.97285E-10 2.58532E-12 1.39169E-02 4.43342E-02 7.21184E-04 4.26122E-06
 1.68795E-09 1.61669E-08 2.40404E-12 1.85055E-10 2.61611E-17 1.71527E-12 2.77424E-10 1.22791E-16
 1.34091E-17 2.54104E-33 3.31337E-09 1.87444E-16 1.40106E-19 1.79548E-19 6.47927E-10 1.55104E-20
 5.82054E-10 1.03754E-14 5.52102E-13 2.43618E-09 1.82919E-11 2.78494E-13 5.25168E-06 3.47146E-12
 1.13590E-03 5.04543E-13 5.09991E-09 3.30517E-06 7.32366E-10 3.15249E-12 1.39169E-02 4.43332E-02
 7.21421E-04 4.28076E-06 1.79104E-09 1.61117E-08 2.83097E-12 1.98937E-10 2.80484E-17 1.64232E-12
 2.63140E-10 1.21908E-16 1.27084E-17 2.61654E-33 3.31206E-09 1.93642E-16 1.55639E-19 1.95546E-19
 6.49236E-10 1.47633E-20 5.80306E-10 1.14327E-14 5.91097E-13 2.43741E-09 1.87727E-11 2.79514E-13
 5.27873E-06 3.90092E-12 1.13782E-03 5.56893E-13 5.36928E-09 3.29411E-06 6.70591E-10 3.84415E-12
 1.39169E-02 4.43322E-02 7.21674E-04 4.30359E-06 1.90342E-09 1.60560E-08 3.33759E-12 2.13569E-10
 3.00496E-17 1.57060E-12 2.48021E-10 1.20600E-16 1.19012E-17 2.68141E-33 3.31072E-09 2.00242E-16
 1.72647E-19 2.13372E-19 6.50580E-10 1.40584E-20 5.78498E-10 1.25770E-14 6.31939E-13 2.43874E-09
 1.92041E-11 2.80125E-13 5.30793E-06 4.37449E-12 1.13980E-03 6.14169E-13 5.65261E-09 3.28188E-06
 6.11980E-10 4.68796E-12 1.39170E-02 4.43312E-02 7.21946E-04 4.32996E-06 2.02673E-09 1.59997E-08
 3.93755E-12 2.28836E-10 3.21461E-17 1.49959E-12 2.32168E-10 1.18791E-16 1.09913E-17 2.72934E-33
 3.30934E-09 2.07265E-16 1.91193E-19 2.33241E-19 6.51960E-10 1.33842E-20 5.76628E-10 1.38118E-14
 6.74632E-13 2.44018E-09 1.95897E-11 2.80063E-13 5.33939E-06 4.89575E-12 1.14183E-03 6.76817E-13
 5.95042E-09 3.26837E-06 5.56665E-10 5.71666E-12 1.39170E-02 4.43301E-02 7.22236E-04 4.36006E-06
 2.16209E-09 1.59428E-08 4.64505E-12 2.44550E-10 3.43191E-17 1.42893E-12 2.15753E-10 1.16430E-16
 9.99612E-18 2.76080E-33 3.30792E-09 2.14731E-16 2.11395E-19 2.55406E-19 6.53379E-10 1.27321E-20
 5.74693E-10 1.51423E-14 7.19280E-13 2.44173E-09 1.99332E-11 2.79082E-13 5.37319E-06 5.46885E-12
 1.14391E-03 7.45378E-13 6.26304E-09 3.25347E-06 5.04806E-10 6.96908E-12 1.39171E-02 4.43290E-02
 7.22547E-04 4.39410E-06 2.31031E-09 1.58853E-08 5.47484E-12 2.60474E-10 3.65500E-17 1.35837E-12
 1.99000E-10 1.13503E-16 8.94384E-18 2.77964E-33 3.30646E-09 2.22660E-16 2.33417E-19 2.80148E-19
 6.54837E-10 1.20952E-20 5.72688E-10 1.65753E-14 7.66040E-13 2.44338E-09 2.02379E-11 2.76972E-13
 5.40939E-06 6.09844E-12 1.14606E-03 8.20448E-13 6.59079E-09 3.23706E-06 4.56482E-10 8.49180E-12
 1.39172E-02 4.43278E-02 7.22879E-04 4.43223E-06 2.47246E-09 1.58273E-08 6.44287E-12 2.76365E-10
 3.88176E-17 1.28782E-12 1.82134E-10 1.10024E-16 7.86663E-18 2.78857E-33 3.30496E-09 2.31071E-16
 2.57429E-19 3.07776E-19 6.56338E-10 1.14688E-20 5.70608E-10 1.81176E-14 8.15072E-13 2.44515E-09
 2.05071E-11 2.73568E-13 5.44802E-06 6.78949E-12 1.14828E-03 9.02631E-13 6.93404E-09 3.21902E-06
 4.11655E-10 1.03411E-11 1.39172E-02 4.43266E-02 7.23234E-04 4.47465E-06 2.65023E-09 1.57687E-08
 7.56698E-12 2.91996E-10 4.10960E-17 1.21729E-12 1.65363E-10 1.06023E-16 6.79570E-18 2.78679E-33
 3.30342E-09 2.39982E-16 2.83580E-19 3.38626E-19 6.57882E-10 1.08498E-20 5.68447E-10 1.97755E-14
 8.66504E-13 2.44702E-09 2.07440E-11 2.68757E-13 5.48912E-06 7.54712E-12 1.15057E-03 9.92495E-13
 7.29322E-09 3.19921E-06 3.70202E-10 1.25855E-11 1.39173E-02 4.43254E-02 7.23612E-04 4.52152E-06
 2.84623E-09 1.57096E-08 8.86721E-12 3.07156E-10 4.33518E-17 1.14692E-12 1.48878E-10 1.01537E-16
 5.75944E-18 2.76953E-33 3.30183E-09 2.49408E-16 3.11959E-19 3.73058E-19 6.59472E-10 1.02365E-20
 5.66197E-10 2.15535E-14 9.20413E-13 2.44902E-09 2.09513E-11 2.62482E-13 5.53267E-06 8.37720E-12
 1.15293E-03 1.09073E-12 7.66850E-09 3.17753E-06 3.32028E-10 1.53054E-11 1.39174E-02 4.43241E-02
 7.24016E-04 4.57298E-06 3.06287E-09 1.56500E-08 1.03639E-11 3.21630E-10 4.55545E-17 1.07693E-12
 1.32874E-10 9.66341E-17 4.78527E-18 2.73610E-33 3.30019E-09 2.59366E-16 3.42705E-19 4.11474E-19
 6.61109E-10 9.62876E-21 5.63852E-10 2.34579E-14 9.76944E-13 2.45113E-09 2.11319E-11 2.54763E-13
 5.57867E-06 9.28703E-12 1.15538E-03 1.19825E-12 8.05967E-09 3.15387E-06 2.97081E-10 1.85931E-11
 1.39175E-02 4.43227E-02 7.24446E-04 4.62918E-06 3.30187E-09 1.55898E-08 1.20762E-11 3.35195E-10
 4.76831E-17 1.00765E-12 1.17552E-10 9.14168E-17 3.89762E-18 2.69179E-33 3.29850E-09 2.69876E-16
 3.76064E-19 4.54326E-19 6.62797E-10 9.02799E-21 5.61399E-10 2.54978E-14 1.03636E-12 2.45337E-09
 2.12882E-11 2.45704E-13 5.62705E-06 1.02848E-11 1.15791E-03 1.31606E-12 8.46645E-09 3.12813E-06
 2.65252E-10 2.25572E-11 1.39176E-02 4.43213E-02 7.24904E-04 4.69020E-06 3.56552E-09 1.55292E-08
 1.40229E-11 3.47657E-10 4.97138E-17 9.39441E-13 1.03085E-10 8.59847E-17 3.11276E-18 2.63970E-33
 3.29676E-09 2.80957E-16 4.12286E-19 5.02112E-19 6.64538E-10 8.43637E-21 5.58828E-10 2.76823E-14
 1.09892E-12 2.45576E-09 2.14227E-11 2.35462E-13 5.67777E-06 1.13789E-11 1.16054E-03 1.44508E-12
 8.88867E-09 3.10023E-06 2.36374E-10 2.73266E-11 1.39177E-02 4.43199E-02 7.25391E-04 4.75614E-06
 3.85752E-09 1.54681E-08 1.62239E-11 3.58862E-10 5.16130E-17 8.72704E-13 8.96086E-11 8.04150E-17
 2.43778E-18 2.57752E-33 3.29497E-09 2.92634E-16 4.51522E-19 5.55369E-19 6.66333E-10 7.85660E-21
 5.56127E-10 3.00181E-14 1.16480E-12 2.45829E-09 2.15375E-11 2.24230E-13 5.73075E-06 1.25801E-11
 1.16327E-03 1.58666E-12 9.32557E-09 3.07013E-06 2.10320E-10 3.30445E-11 1.39179E-02 4.43184E-02
 7.25909E-04 4.82706E-06 4.18024E-09 1.54066E-08 1.86943E-11 3.68673E-10 5.33654E-17 8.07849E-13
 7.72402E-11 7.48158E-17 1.87436E-18 2.51104E-33 3.29311E-09 3.04937E-16 4.94127E-19 6.14705E-19
 6.68185E-10 7.29201E-21 5.53280E-10 3.25170E-14 1.23438E-12 2.46098E-09 2.16346E-11 2.12255E-13
 5.78590E-06 1.39017E-11 1.16610E-03 1.74252E-12 9.77604E-09 3.03778E-06 1.86971E-10 3.98693E-11
 1.39180E-02 4.43168E-02 7.26459E-04 4.90299E-06 4.53515E-09 1.53446E-08 2.14442E-11 3.76994E-10
 5.49710E-17 7.45272E-13 6.60657E-11 6.92990E-17 1.41813E-18 2.44911E-33 3.29120E-09 3.17903E-16
 5.40631E-19 6.80804E-19 6.70097E-10 6.74607E-21 5.50273E-10 3.51946E-14 1.30816E-12 2.46384E-09
 2.17158E-11 1.99820E-13 5.84315E-06 1.53579E-11 1.16905E-03 1.91447E-12 1.02391E-08 3.00318E-06
 1.66140E-10 4.79827E-11 1.39182E-02 4.43151E-02 7.27041E-04 4.98398E-06 4.92506E-09 1.52822E-08
 2.44824E-11 3.83786E-10 5.64219E-17 6.85315E-13 5.61124E-11 6.39409E-17 1.05825E-18 2.39467E-33
 3.28923E-09 3.31572E-16 5.91514E-19 7.54417E-19 6.72071E-10 6.22187E-21 5.47088E-10 3.80644E-14
 1.38656E-12 2.46689E-09 2.17829E-11 1.87182E-13 5.90243E-06 1.69639E-11 1.17211E-03 2.10437E-12
 1.07140E-08 2.96634E-06 1.47606E-10 5.75922E-11 1.39184E-02 4.43134E-02 7.27658E-04 5.07005E-06
 5.35399E-09 1.52195E-08 2.78169E-11 3.89068E-10 5.77047E-17 6.28252E-13 4.73542E-11 5.87930E-17
 7.80364E-19 2.34726E-33 3.28719E-09 3.45991E-16 6.47214E-19 8.36369E-19 6.74110E-10 5.72181E-21
 5.43707E-10 4.11382E-14 1.46999E-12 2.47014E-09 2.18373E-11 1.74568E-13 5.96368E-06 1.87369E-11
 1.17530E-03 2.31434E-12 1.11997E-08 2.92728E-06 1.31140E-10 6.89285E-11 1.39186E-02 4.43116E-02
 7.28310E-04 5.16125E-06 5.82635E-09 1.51564E-08 3.14519E-11 3.92894E-10 5.88085E-17 5.74286E-13
 3.97290E-11 5.38960E-17 5.69610E-19 2.30663E-33 3.28508E-09 3.61214E-16 7.08228E-19 9.27576E-19
 6.76215E-10 5.24773E-21 5.40111E-10 4.44277E-14 1.55890E-12 2.47361E-09 2.18804E-11 1.62170E-13
 6.02688E-06 2.06955E-11 1.17862E-03 2.54663E-12 1.16956E-08 2.88607E-06 1.16520E-10 8.22504E-11
 1.39188E-02 4.43097E-02 7.28999E-04 5.25765E-06 6.34764E-09 1.50931E-08 3.53892E-11 3.95349E-10
 5.97185E-17 5.23548E-13 3.31497E-11 4.92736E-17 4.12060E-19 2.27110E-33 3.28291E-09 3.77312E-16
 7.75032E-19 1.02905E-18 6.78390E-10 4.80082E-21 5.36280E-10 4.79428E-14 1.65370E-12 2.47732E-09
 2.19134E-11 1.50143E-13 6.09202E-06 2.28603E-11 1.18208E-03 2.80371E-12 1.22009E-08 2.84280E-06
 1.03543E-10 9.78444E-11 1.39191E-02 4.43078E-02 7.29726E-04 5.35931E-06 6.92405E-09 1.50295E-08
 3.96259E-11 3.96533E-10 6.04207E-17 4.76106E-13 2.75179E-11 4.49390E-17 2.95705E-19 2.23888E-33
 3.28066E-09 3.94372E-16 8.48128E-19 1.14193E-18 6.80639E-10 4.38177E-21 5.32190E-10 5.16921E-14
 1.75483E-12 2.48130E-09 2.19373E-11 1.38604E-13 6.15911E-06 2.52551E-11 1.18569E-03 3.08852E-12
 1.27153E-08 2.79759E-06 9.20381E-11 1.16020E-10 1.39193E-02 4.43057E-02 7.30491E-04 5.46630E-06
 7.56150E-09 1.49657E-08 4.41525E-11 3.96554E-10 6.09104E-17 4.31978E-13 2.27334E-11 4.09035E-17
 2.10743E-19 2.21049E-33 3.27834E-09 4.12507E-16 9.28182E-19 1.26749E-18 6.82963E-10 3.99087E-21
 5.27819E-10 5.56850E-14 1.86278E-12 2.48555E-09 2.19533E-11 1.27643E-13 6.22817E-06 2.79066E-11
 1.18946E-03 3.40444E-12 1.32383E-08 2.75063E-06 8.18446E-11 1.37116E-10 1.39196E-02 4.43036E-02
 7.31297E-04 5.57867E-06 8.26632E-09 1.49018E-08 4.89535E-11 3.95526E-10 6.11857E-17 3.91130E-13
 1.86967E-11 3.71712E-17 1.49298E-19 2.18683E-33 3.27593E-09 4.31863E-16 1.01598E-18 1.40717E-18
 6.85366E-10 3.62798E-21 5.23142E-10 5.99303E-14 1.97808E-12 2.49011E-09 2.19622E-11 1.17316E-13
 6.29925E-06 3.08394E-11 1.19338E-03 3.75409E-12 1.37709E-08 2.70211E-06 7.27928E-11 1.61524E-10
 1.39199E-02 4.43013E-02 7.32143E-04 5.69652E-06 9.05007E-09 1.48377E-08 5.40153E-11 3.93561E-10
 6.12100E-17 3.53487E-13 1.53079E-11 3.37154E-17 1.05062E-19 2.15970E-33 3.27345E-09 4.52623E-16
 1.11174E-18 1.56254E-18 6.87852E-10 3.29255E-21 5.18130E-10 6.44227E-14 2.10092E-12 2.49500E-09
 2.19650E-11 1.07632E-13 6.37239E-06 3.40865E-11 1.19748E-03 4.14168E-12 1.43136E-08 2.65227E-06
 6.47713E-11 1.89638E-10 1.39202E-02 4.42990E-02 7.33032E-04 5.81990E-06 9.91947E-09 1.47736E-08
 5.93088E-11 3.90768E-10 6.09970E-17 3.18954E-13 1.24856E-11 3.05378E-17 7.35274E-20 2.13234E-33
 3.27087E-09 4.75030E-16 1.21646E-18 1.73546E-18 6.90425E-10 2.98401E-21 5.12756E-10 6.91670E-14
 2.23181E-12 2.50025E-09 2.19623E-11 9.86104E-14 6.44762E-06 3.76903E-11 1.20177E-03 4.57318E-12
 1.48664E-08 2.60140E-06 5.76999E-11 2.21868E-10 1.39206E-02 4.42965E-02 7.33963E-04 5.94885E-06
 1.08772E-08 1.47095E-08 6.47958E-11 3.87254E-10 6.05980E-17 2.87422E-13 1.01600E-11 2.76474E-17
 5.13621E-20 2.11409E-33 3.26821E-09 4.99391E-16 1.33187E-18 1.92809E-18 6.93088E-10 2.70174E-21
 5.06990E-10 7.41760E-14 2.37158E-12 2.50589E-09 2.19550E-11 9.02674E-14 6.52498E-06 4.16962E-11
 1.20624E-03 5.05492E-12 1.54303E-08 2.54979E-06 5.14853E-11 2.58679E-10 1.39210E-02 4.42939E-02
 7.34938E-04 6.08340E-06 1.19286E-08 1.46454E-08 7.04418E-11 3.83120E-10 6.00482E-17 2.58760E-13
 8.26286E-12 2.50325E-17 3.59372E-20 2.10871E-33 3.26545E-09 5.26080E-16 1.45961E-18 2.14294E-18
 6.95845E-10 2.44483E-21 5.00799E-10 7.94548E-14 2.52088E-12 2.51194E-09 2.19437E-11 8.25873E-14
 6.60449E-06 4.61554E-11 1.21091E-03 5.59399E-12 1.60067E-08 2.49773E-06 4.60316E-11 3.00594E-10
 1.39214E-02 4.42912E-02 7.35956E-04 6.22361E-06 1.30803E-08 1.45814E-08 7.62144E-11 3.78463E-10
 5.93767E-17 2.32818E-13 6.72829E-12 2.26752E-17 2.52596E-20 2.11823E-33 3.26260E-09 5.55558E-16
 1.60146E-18 2.38284E-18 6.98699E-10 2.21209E-21 4.94152E-10 8.50035E-14 2.68036E-12 2.51845E-09
 2.19291E-11 7.55356E-14 6.68617E-06 5.11271E-11 1.21580E-03 6.19884E-12 1.65971E-08 2.44552E-06
 4.12531E-11 3.48196E-10 1.39218E-02 4.42884E-02 7.37019E-04 6.36956E-06 1.43384E-08 1.45176E-08
 8.20832E-11 3.73372E-10 5.86200E-17 2.09432E-13 5.49648E-12 2.05575E-17 1.78892E-20 2.14564E-33
 3.25964E-09 5.88382E-16 1.75960E-18 2.65111E-18 7.01655E-10 2.00215E-21 4.87013E-10 9.08205E-14
 2.85073E-12 2.52543E-09 2.19119E-11 6.90719E-14 6.77004E-06 5.66904E-11 1.22090E-03 6.88156E-12
 1.72015E-08 2.39343E-06 3.70826E-11 4.02143E-10 1.39223E-02 4.42854E-02 7.38126E-04 6.52138E-06
 1.57039E-08 1.44541E-08 8.80204E-11 3.67926E-10 5.78508E-17 1.88433E-13 4.51516E-12 1.86718E-17
 1.28222E-20 2.20185E-33 3.25658E-09 6.25230E-16 1.93756E-18 2.95168E-18 7.04716E-10 1.81355E-21
 4.79346E-10 9.69167E-14 3.03322E-12 2.53294E-09 2.18926E-11 6.31578E-14 6.85609E-06 6.29270E-11
 1.22623E-03 7.65401E-12 1.78215E-08 2.34169E-06 3.34387E-11 4.63227E-10 1.39228E-02 4.42824E-02
 7.39277E-04 6.67922E-06 1.71856E-08 1.43910E-08 9.40085E-11 3.62190E-10 5.70912E-17 1.69643E-13
 3.73517E-12 1.69926E-17 9.31767E-21 2.28876E-33 3.25341E-09 6.66916E-16 2.13831E-18 3.28898E-18
 7.07886E-10 1.64460E-21 4.71115E-10 1.03283E-13 3.22866E-12 2.54099E-09 2.18719E-11 5.77385E-14
 6.94431E-06 6.99266E-11 1.23180E-03 8.52887E-12 1.84594E-08 2.29052E-06 3.02418E-11 5.32362E-10
 1.39234E-02 4.42791E-02 7.40473E-04 6.84333E-06 1.87969E-08 1.43283E-08 1.00033E-10 3.56221E-10
 5.63403E-17 1.52879E-13 3.11343E-12 1.54926E-17 6.86095E-21 2.40548E-33 3.25013E-09 7.14429E-16
 2.36473E-18 3.66803E-18 7.11167E-10 1.49350E-21 4.62280E-10 1.09897E-13 3.43769E-12 2.54964E-09
 2.18501E-11 5.27570E-14 7.03467E-06 7.77970E-11 1.23762E-03 9.52184E-12 1.91170E-08 2.24008E-06
 2.74275E-11 6.10608E-10 1.39239E-02 4.42757E-02 7.41712E-04 7.01404E-06 2.05512E-08 1.42663E-08
 1.06082E-10 3.50064E-10 5.56094E-17 1.37965E-13 2.61529E-12 1.41514E-17 5.11533E-21 2.55483E-33
 3.24673E-09 7.68981E-16 2.62055E-18 4.09467E-18 7.14563E-10 1.35852E-21 4.52799E-10 1.16734E-13
 3.66115E-12 2.55892E-09 2.18280E-11 4.81643E-14 7.12712E-06 8.66651E-11 1.24370E-03 1.06516E-11
 1.97963E-08 2.19052E-06 2.49423E-11 6.99220E-10 1.39245E-02 4.42722E-02 7.42994E-04 7.19170E-06
 2.24636E-08 1.42050E-08 1.12147E-10 3.43753E-10 5.49127E-17 1.24737E-13 2.21354E-12 1.29513E-17
 3.85895E-21 2.74100E-33 3.24322E-09 8.32069E-16 2.91017E-18 4.57576E-18 7.18078E-10 1.23804E-21
 4.42628E-10 1.23766E-13 3.89991E-12 2.56887E-09 2.18059E-11 4.39165E-14 7.22154E-06 9.66830E-11
 1.25005E-03 1.19412E-11 2.04988E-08 2.14194E-06 2.27418E-11 7.99736E-10 1.39251E-02 4.42685E-02
 7.44320E-04 7.37677E-06 2.45511E-08 1.41445E-08 1.18227E-10 3.37308E-10 5.42725E-17 1.13044E-13
 1.88712E-12 1.18775E-17 2.94428E-21 2.97112E-33 3.23958E-09 9.05540E-16 3.23905E-18 5.11943E-18
 7.21716E-10 1.13059E-21 4.31720E-10 1.30956E-13 4.15503E-12 2.57954E-09 2.17845E-11 3.99746E-14
 7.31774E-06 1.08031E-10 1.25668E-03 1.34191E-11 2.12260E-08 2.09442E-06 2.07866E-11 9.14083E-10
 1.39258E-02 4.42646E-02 7.45688E-04 7.56971E-06 2.68356E-08 1.40850E-08 1.24330E-10 3.30739E-10
 5.37116E-17 1.02756E-13 1.61958E-12 1.09162E-17 2.27036E-21 3.25436E-33 3.23582E-09 9.91686E-16
 3.61381E-18 5.73547E-18 7.25481E-10 1.03485E-21 4.20024E-10 1.38266E-13 4.42766E-12 2.59098E-09
 2.17643E-11 3.63021E-14 7.41546E-06 1.20905E-10 1.26360E-03 1.51165E-11 2.19818E-08 2.04802E-06
 1.90365E-11 1.04465E-09 1.39265E-02 4.42606E-02 7.47098E-04 7.77105E-06 2.93519E-08 1.40266E-08
 1.30466E-10 3.24044E-10 5.32274E-17 9.37584E-14 1.39784E-12 1.00496E-17 1.76554E-21 3.59199E-33
 3.23192E-09 1.09336E-15 4.04067E-18 6.43571E-18 7.29375E-10 9.49691E-22 4.07488E-10 1.45628E-13
 4.71837E-12 2.60324E-09 2.17458E-11 3.28629E-14 7.51435E-06 1.35576E-10 1.27083E-03 1.70807E-11
 2.27661E-08 2.00276E-06 1.74667E-11 1.19484E-09 1.39272E-02 4.42564E-02 7.48549E-04 7.98133E-06
 3.21345E-08 1.39695E-08 1.36677E-10 3.17191E-10 5.28836E-17 8.59658E-14 1.21260E-12 9.27067E-18
 1.38505E-21 4.00378E-33 3.22789E-09 1.21413E-15 4.53042E-18 7.23565E-18 7.33403E-10 8.74232E-22
 3.94055E-10 1.53003E-13 5.02884E-12 2.61637E-09 2.17296E-11 2.96262E-14 7.61391E-06 1.52405E-10
 1.27837E-03 1.93791E-11 2.35770E-08 1.95866E-06 1.60583E-11 1.36966E-09 1.39280E-02 4.42520E-02
 7.50039E-04 8.20102E-06 3.52308E-08 1.39139E-08 1.43037E-10 3.10111E-10 5.27844E-17 7.93185E-14
 1.05669E-12 8.57435E-18 1.09784E-21 4.52285E-33 3.22373E-09 1.35843E-15 5.09832E-18 8.15630E-18
 7.37567E-10 8.07840E-22 3.79666E-10 1.60370E-13 5.36144E-12 2.63044E-09 2.17164E-11 2.65607E-14
 7.71358E-06 1.71935E-10 1.28624E-03 2.21177E-11 2.44072E-08 1.91572E-06 1.47940E-11 1.57712E-09
 1.39288E-02 4.42474E-02 7.51567E-04 8.43047E-06 3.87113E-08 1.38600E-08 1.49679E-10 3.02677E-10
 5.30952E-17 7.37859E-14 9.23862E-13 7.96103E-18 8.80208E-22 5.21552E-33 3.21943E-09 1.53176E-15
 5.76911E-18 9.22753E-18 7.41869E-10 7.50110E-22 3.64259E-10 1.67769E-13 5.71991E-12 2.64549E-09
 2.17068E-11 2.36331E-14 7.81273E-06 1.94773E-10 1.29445E-03 2.54174E-11 2.52681E-08 1.87395E-06
 1.36246E-11 1.82875E-09 1.39297E-02 4.42426E-02 7.53131E-04 8.66982E-06 4.27461E-08 1.38079E-08
 1.56723E-10 2.94774E-10 5.38242E-17 6.93635E-14 8.06968E-13 7.40913E-18 7.06660E-22 6.08379E-33
 3.21498E-09 1.74094E-15 6.56224E-18 1.04913E-17 7.46312E-10 7.00784E-22 3.47771E-10 1.75137E-13
 6.10330E-12 2.66160E-09 2.17014E-11 2.08039E-14 7.91075E-06 2.21702E-10 1.30300E-03 2.94402E-11
 2.61914E-08 1.83333E-06 1.24907E-11 2.14240E-09 1.39306E-02 4.42375E-02 7.54727E-04 8.91877E-06
 4.76379E-08 1.37579E-08 1.64315E-10 2.86261E-10 5.49281E-17 6.60894E-14 7.00343E-13 6.89098E-18
 5.58489E-22 7.04573E-33 3.21040E-09 1.99458E-15 7.49388E-18 1.20129E-17 7.50896E-10 6.60037E-22
 3.30125E-10 1.82359E-13 6.50555E-12 2.67884E-09 2.17010E-11 1.80360E-14 8.00698E-06 2.54301E-10
 1.31192E-03 3.45289E-11 2.72007E-08 1.79388E-06 1.13707E-11 2.55163E-09 1.39315E-02 4.42323E-02
 7.56354E-04 9.17588E-06 5.38152E-08 1.37102E-08 1.72785E-10 2.76806E-10 5.67334E-17 6.40734E-14
 6.02725E-13 6.40870E-18 4.31742E-22 8.10483E-33 3.20567E-09 2.30352E-15 8.61480E-18 1.39090E-17
 7.55626E-10 6.28976E-22 3.11230E-10 1.89604E-13 6.92276E-12 2.69731E-09 2.17064E-11 1.53040E-14
 8.10075E-06 2.95570E-10 1.32121E-03 4.13573E-11 2.83205E-08 1.75561E-06 1.02774E-11 3.12022E-09
 1.39325E-02 4.42269E-02 7.58007E-04 9.43745E-06 6.19374E-08 1.36651E-08 1.82734E-10 2.65806E-10
 6.00998E-17 6.35138E-14 5.16734E-13 5.97884E-18 3.31501E-22 9.40538E-33 3.20079E-09 2.68115E-15
 1.00330E-17 1.63993E-17 7.60501E-10 6.09884E-22 2.90991E-10 1.97453E-13 7.35242E-12 2.71710E-09
 2.17183E-11 1.26009E-14 8.19153E-06 3.52763E-10 1.33086E-03 5.15989E-11 2.94859E-08 1.71862E-06
 9.31607E-12 3.98639E-09 1.39335E-02 4.42213E-02 7.59674E-04 9.69566E-06 7.28306E-08 1.36228E-08
 1.95347E-10 2.52067E-10 6.77119E-17 6.47087E-14 4.48738E-13 5.69270E-18 2.72902E-22 1.20962E-32
 3.19579E-09 3.14304E-15 1.20911E-17 1.99277E-17 7.65509E-10 6.06413E-22 2.69337E-10 2.07891E-13
 7.81776E-12 2.73826E-09 2.17379E-11 9.95900E-15 8.27981E-06 4.41724E-10 1.34080E-03 6.91470E-11
 3.05508E-08 1.68317E-06 8.62640E-12 5.44675E-09 1.39346E-02 4.42155E-02 7.61333E-04 9.93638E-06
 8.76221E-08 1.35839E-08 2.12170E-10 2.34046E-10 8.55793E-17 6.80053E-14 4.02681E-13 5.70238E-18
 2.71039E-22 2.03520E-32 3.19068E-09 3.70480E-15 1.56422E-17 2.53829E-17 7.70610E-10 6.22774E-22
 2.46294E-10 2.24946E-13 8.36521E-12 2.76071E-09 2.17659E-11 7.46985E-15 8.36902E-06 5.88458E-10
 1.35091E-03 1.01746E-10 3.16268E-08 1.64973E-06 8.18324E-12 8.07099E-09 1.39357E-02 4.42097E-02
 7.62949E-04 1.01378E-05 1.08444E-07 1.35491E-08 2.33741E-10 2.11233E-10 1.24609E-16 7.36829E-14
 3.72117E-13 6.07598E-18 3.28295E-22 4.88400E-32 3.18557E-09 4.37892E-15 2.22911E-17 3.44912E-17
 7.75725E-10 6.61858E-22 2.22026E-10 2.53609E-13 8.97664E-12 2.78431E-09 2.18029E-11 5.28117E-15
 8.46690E-06 8.37935E-10 1.36096E-03 1.67245E-10 3.30430E-08 1.61890E-06 7.89118E-12 1.30259E-08
 1.39367E-02 4.42039E-02 7.64473E-04 1.02693E-05 1.38347E-07 1.35190E-08 2.59410E-10 1.84328E-10
 2.11082E-16 8.18526E-14 3.46504E-13 6.90161E-18 4.37340E-22 1.82715E-31 3.18056E-09 5.16938E-15
 3.58661E-17 5.07388E-17 7.80736E-10 7.23871E-22 1.96869E-10 3.01608E-13 9.56412E-12 2.80878E-09
 2.18489E-11 3.53097E-15 8.58513E-06 1.26413E-09 1.37059E-03 3.09753E-10 3.54586E-08 1.59126E-06
 7.59216E-12 2.27611E-08 1.39377E-02 4.41985E-02 7.65842E-04 1.02921E-05 1.81739E-07 1.34946E-08
 2.87402E-10 1.55190E-10 4.11630E-16 9.22271E-14 3.18041E-13 8.27062E-18 5.70603E-22 9.91524E-31
 3.17584E-09 6.05767E-15 6.61717E-17 8.12862E-17 7.85451E-10 8.03248E-22 1.71498E-10 3.80560E-13
 9.94220E-12 2.83364E-09 2.19023E-11 2.25983E-15 8.73365E-06 2.01073E-09 1.37916E-03 6.51249E-10
 4.00908E-08 1.56738E-06 7.21690E-12 4.28514E-08 1.39386E-02 4.41938E-02 7.66973E-04 1.01693E-05
 2.45765E-07 1.34767E-08 3.16158E-10 1.25515E-10 8.98115E-16 1.03627E-13 2.85788E-13 1.03956E-17
 6.92990E-22 5.14048E-30 3.17175E-09 6.96762E-15 1.40724E-16 1.39793E-16 7.89546E-10 8.83115E-22
 1.47345E-10 5.10926E-13 9.87238E-12 2.85768E-09 2.19590E-11 1.39657E-15 8.89456E-06 5.22779E-09
 1.38528E-03 1.61932E-09 4.76973E-08 1.54881E-06 9.42014E-12 9.08355E-08 1.39392E-02 4.41905E-02
 7.67757E-04 9.91042E-06 3.34087E-07 1.34667E-08 3.49108E-10 9.20552E-11 2.03539E-15 1.12921E-13
 2.56974E-13 1.90209E-17 7.85090E-22 1.62912E-29 3.16891E-09 7.67181E-15 3.57934E-16 2.30213E-16
 7.92375E-10 9.30207E-22 1.27935E-10 7.44485E-13 9.56201E-12 2.87712E-09 2.20065E-11 7.89038E-16
 2.61756E+02 2.61292E+02 2.60864E+02 2.60500E+02 2.60270E+02 2.60244E+02 2.60426E+02 2.60664E+02
 2.60836E+02 2.60953E+02 2.61030E+02 2.61075E+02 2.61095E+02 2.61091E+02 2.61066E+02 2.61033E+02
 2.60999E+02 2.60966E+02 2.60932E+02 2.60887E+02 2.60819E+02 2.60757E+02 2.60740E+02 2.60840E+02
 2.61070E+02 2.61295E+02 2.61416E+02 2.61459E+02 2.61439E+02 2.61357E+02 2.61232E+02 2.61078E+02
 2.60898E+02 2.60708E+02 2.60524E+02 2.60346E+02 2.60173E+02 2.60006E+02 2.59852E+02 2.59708E+02
 2.59579E+02 2.59484E+02 2.59429E+02 2.59410E+02 2.59426E+02 2.59476E+02 2.59555E+02 2.59672E+02
 2.59845E+02 2.60081E+02 2.60373E+02 2.60722E+02 2.61140E+02 2.61644E+02 2.62228E+02 2.62881E+02
 2.63594E+02 2.64368E+02 2.65216E+02 2.66140E+02 2.67125E+02 2.68162E+02 2.69261E+02 2.70404E+02
 2.71560E+02 2.72716E+02 2.73873E+02 2.75027E+02 2.76183E+02 2.77346E+02 2.78513E+02 2.79679E+02
 2.80877E+02 2.82096E+02 2.83297E+02 2.84461E+02 2.85581E+02 2.86646E+02 2.87610E+02 2.88476E+02
 2.89260E+02 2.89968E+02 2.90603E+02 2.91166E+02 2.91656E+02 2.92105E+02 2.92500E+02 2.92816E+02
 2.92999E+02 2.93165E+02 2.93547E+02 2.94223E+02 2.95198E+02 2.95784E+02 2.94670E+02 2.91581E+02
 2.86484E+02 2.79817E+02 2.72712E+02 2.65723E+02 1.00000E+05 1.00000E+05 1.00000E+05 1.00000E+05
 6.92150E+04 1.46933E+04 5.25650E+03 3.94167E+03 4.13278E+03 5.20761E+03 6.89450E+03 9.04400E+03
 1.16161E+04 1.43800E+04 1.77661E+04 2.18689E+04 2.79600E+04 3.54994E+04 4.46878E+04 5.73183E+04
 7.18344E+04 9.03989E+04 1.12350E+05 1.43717E+05 1.82328E+05 2.30033E+05 2.88789E+05 3.64956E+05
 4.63400E+05 5.70456E+05 7.00961E+05 8.60950E+05 9.96639E+05 1.00000E+06 1.00000E+06 1.00000E+06
 1.00000E+06 1.00000E+06 1.00000E+06 1.00000E+06 1.00000E+06 1.00000E+06 1.00000E+06 1.00000E+06
 1.00000E+06 1.00000E+06 1.00000E+06 1.00000E+06 1.00000E+06 1.00000E+06 1.00000E+06 1.00000E+06
 1.00000E+06 1.00000E+06 1.00000E+06 1.00000E+06 1.00000E+06 1.00000E+06 1.00000E+06 1.00000E+06
 1.00000E+06 1.00000E+06 1.00000E+06 1.00000E+06 1.00000E+06 1.00000E+06 1.00000E+06 1.00000E+06
 1.00000E+06 1.00000E+06 1.00000E+06 1.00000E+06 1.00000E+06 1.00000E+06 1.00000E+06 1.00000E+06
 1.00000E+06 1.00000E+06 1.00000E+06 1.00000E+06 1.00000E+06 1.00000E+06 1.00000E+06 1.00000E+06
 1.00000E+06 1.00000E+06 1.00000E+06 1.00000E+06 1.00000E+06 1.00000E+06 1.00000E+06 1.00000E+06
 1.00000E+06 1.00000E+06 1.00000E+06 1.00000E+06 1.00000E+06 1.00000E+06 1.00000E+06 1.00000E+06
 2.67077E+19 2.42834E+19 2.20731E+19 2.00565E+19 1.82133E+19 1.65261E+19 1.49840E+19 1.35843E+19
 1.23197E+19 1.11760E+19 1.01407E+19 9.20279E+18 8.35274E+18 7.58209E+18 6.88323E+18 6.24907E+18
 5.67339E+18 5.15078E+18 4.67639E+18 4.24591E+18 3.85540E+18 3.50073E+18 3.17815E+18 2.88412E+18
 2.61621E+18 2.37348E+18 2.15433E+18 1.95610E+18 1.77658E+18 1.61392E+18 1.46638E+18 1.33244E+18
 1.21080E+18 1.10026E+18 9.99748E+17 9.08353E+17 8.25266E+17 7.49728E+17 6.81049E+17 6.18615E+17
 5.61858E+17 5.10232E+17 4.63275E+17 4.20585E+17 3.81787E+17 3.46534E+17 3.14516E+17 2.85432E+17
 2.59000E+17 2.34984E+17 2.13174E+17 1.93373E+17 1.75395E+17 1.59067E+17 1.44247E+17 1.30806E+17
 1.18624E+17 1.07584E+17 9.75752E+16 8.85029E+16 8.02856E+16 7.28454E+16 6.61067E+16 6.00071E+16
 5.44912E+16 4.95034E+16 4.49915E+16 4.09086E+16 3.72115E+16 3.38619E+16 3.08262E+16 2.80744E+16
 2.55759E+16 2.33078E+16 2.12512E+16 1.93863E+16 1.76947E+16 1.61599E+16 1.47683E+16 1.35053E+16
 1.23573E+16 1.13126E+16 1.03612E+16 9.49401E+15 8.70315E+15 7.98057E+15 7.32042E+15 6.71751E+15
 6.16763E+15 5.66349E+15 5.19727E+15 4.76546E+15 4.36627E+15 4.00679E+15 3.69791E+15 3.43402E+15
 3.20790E+15 3.00912E+15 2.82271E+15 2.64233E+15 3.77124E-11 4.34538E-11 5.61484E-11 7.58808E-11
 1.07872E-10 2.15444E-10 6.44036E-10 1.54377E-09 2.61925E-09 3.57769E-09 4.31549E-09 4.86048E-09
 5.26371E-09 5.56877E-09 5.80395E-09 5.98569E-09 6.12364E-09 6.22656E-09 6.30374E-09 6.36111E-09
 6.40363E-09 6.43524E-09 6.45865E-09 6.47567E-09 6.48777E-09 6.49627E-09 6.50214E-09 6.50605E-09
 6.50848E-09 6.50988E-09 6.51051E-09 6.51059E-09 6.51026E-09 6.50955E-09 6.50840E-09 6.50678E-09
 6.50465E-09 6.50196E-09 6.49868E-09 6.49479E-09 6.49026E-09 6.48505E-09 6.47920E-09 6.47276E-09
 6.46566E-09 6.45784E-09 6.44923E-09 6.43975E-09 6.42930E-09 6.41779E-09 6.40449E-09 6.38985E-09
 6.37374E-09 6.35603E-09 6.33654E-09 6.31513E-09 6.29160E-09 6.26577E-09 6.23742E-09 6.20633E-09
 6.17225E-09 6.13492E-09 6.09409E-09 6.04945E-09 6.00071E-09 5.94755E-09 5.88964E-09 5.82665E-09
 5.75822E-09 5.68399E-09 5.60361E-09 5.51669E-09 5.42289E-09 5.32187E-09 5.21330E-09 5.09702E-09
 4.97295E-09 4.84092E-09 4.70081E-09 4.55256E-09 4.39618E-09 4.23179E-09 4.05958E-09 3.87988E-09
 3.69313E-09 3.49991E-09 3.30096E-09 3.09717E-09 2.88958E-09 2.67940E-09 2.46792E-09 2.25659E-09
 2.04701E-09 1.84100E-09 1.64062E-09 1.44780E-09 1.26425E-09 1.09132E-09 9.30026E-10 7.81476E-10
 7.65940E+01 6.81796E+01 7.04578E+01 8.14959E+01 9.59470E+01 1.34651E+02 3.37407E+02 7.28133E+02
 1.12030E+03 1.38838E+03 1.51970E+03 1.55341E+03 1.52685E+03 1.46555E+03 1.38250E+03 1.28816E+03
 1.18957E+03 1.09104E+03 9.95630E+02 9.05244E+02 8.21014E+02 7.43065E+02 6.71109E+02 6.05242E+02
 5.44601E+02 4.89827E+02 4.40966E+02 3.97505E+02 3.58732E+02 3.23905E+02 2.92557E+02 2.64299E+02
 2.38814E+02 2.15844E+02 1.95071E+02 1.76270E+02 1.59261E+02 1.43869E+02 1.29944E+02 1.17463E+02
 1.06155E+02 9.58976E+01 8.65926E+01 7.81601E+01 7.05234E+01 6.36102E+01 5.73564E+01 5.16974E+01
 4.65736E+01 4.19681E+01 3.77963E+01 3.40219E+01 3.06128E+01 2.75367E+01 2.47531E+01 2.22412E+01
 1.99810E+01 1.79408E+01 1.60987E+01 1.44371E+01 1.29392E+01 1.15899E+01 1.03789E+01 9.29060E+00
 8.31365E+00 7.43658E+00 6.64909E+00 5.94194E+00 5.30722E+00 4.73646E+00 4.22327E+00 3.76198E+00
 3.34723E+00 2.97520E+00 2.64130E+00 2.34711E+00 2.09016E+00 1.85818E+00 1.64902E+00 1.46044E+00
 1.29039E+00 1.13712E+00 9.99104E-01 8.74963E-01 7.63471E-01 6.63457E-01 5.73983E-01 4.94191E-01
 4.23326E-01 3.60449E-01 3.04669E-01 2.55435E-01 2.12301E-01 1.75216E-01 1.44108E-01 1.18096E-01
 9.63328E-02 7.80035E-02 6.23568E-02 4.92904E-02 1.00000E-12 1.00000E-12 1.00000E-12 1.00000E-12
 1.00000E-12 1.00000E-12 1.00000E-12 1.00000E-12 1.00000E-12 1.00000E-12 1.00000E-12 1.00000E-12
 1.00000E-12 1.00000E-12 1.00000E-12 1.00000E-12 1.00000E-12 1.00000E-12 1.00000E-12 1.00000E-12
 1.00000E-12 1.00000E-12 1.00000E-12 1.00000E-12 1.00000E-12 1.00000E-12 1.00000E-12 1.00000E-12
 1.00000E-12 1.00000E-12 1.00000E-12 1.00000E-12 1.00000E-12 1.00000E-12 1.00000E-12 1.00000E-12
 1.00000E-12 1.00000E-12 1.00000E-12 1.00000E-12 1.00000E-12 1.00000E-12 1.00000E-12 1.00000E-12
 1.00000E-12 1.00000E-12 1.00000E-12 1.00000E-12 1.00000E-12 1.00000E-12 1.00000E-12 1.00000E-12
 1.00000E-12 1.00000E-12 1.00000E-12 1.00000E-12 1.00000E-12 1.00000E-12 1.00000E-12 1.00000E-12
 1.00000E-12 1.00000E-12 1.00000E-12 1.00000E-12 1.00000E-12 1.00000E-12 1.00000E-12 1.00000E-12
 1.00000E-12 1.00000E-12 1.00000E-12 1.00000E-12 1.00000E-12 1.00000E-12 1.00000E-12 1.00000E-12
 1.00000E-12 1.00000E-12 1.00000E-12 1.00000E-12 1.00000E-12 1.00000E-12 1.00000E-12 1.00000E-12
 1.00000E-12 1.00000E-12 1.00000E-12 1.00000E-12 1.00000E-12 1.00000E-12 1.00000E-12 1.00000E-12
 1.00000E-12 1.00000E-12 1.00000E-12 1.00000E-12 1.00000E-12 1.00000E-12 1.00000E-12 1.00000E-12
 1.00000E-12 1.00000E-12 1.00000E-12 1.00000E-12 1.00000E-12 1.00000E-12 1.00000E-12 1.00000E-12
 1.00000E-12 1.00000E-12 1.00000E-12 1.00000E-12 1.00000E-12 1.00000E-12 1.00000E-12 1.00000E-12
 1.00000E-12 1.00000E-12 1.00000E-12 1.00000E-12 1.00000E-12 1.00000E-12 1.00000E-12 1.00000E-12
 1.00000E-12 1.00000E-12 1.00000E-12 1.00000E-12 1.00000E-12 1.00000E-12 1.00000E-12 1.00000E-12
 1.00000E-12 1.00000E-12 1.00000E-12 1.00000E-12 1.00000E-12 1.00000E-12 1.00000E-12 1.00000E-12
 1.00000E-12 1.00000E-12 1.00000E-12 1.00000E-12 1.00000E-12 1.00000E-12 1.00000E-12 1.00000E-12
 1.00000E-12 1.00000E-12 1.00000E-12 1.00000E-12 1.00000E-12 1.00000E-12 1.00000E-12 1.00000E-12
 1.00000E-12 1.00000E-12 1.00000E-12 1.00000E-12 1.00000E-12 1.00000E-12 1.00000E-12 1.00000E-12
 1.00000E-12 1.00000E-12 1.00000E-12 1.00000E-12 1.00000E-12 1.00000E-12 1.00000E-12 1.00000E-12
 1.00000E-12 1.00000E-12 1.00000E-12 1.00000E-12 1.00000E-12 1.00000E-12 1.00000E-12 1.00000E-12
 1.00000E-12 1.00000E-12 1.00000E-12 1.00000E-12 1.00000E-12 1.00000E-12 1.00000E-12 1.00000E-12
 1.00000E-12 1.00000E-12 1.00000E-12 1.00000E-12 1.00000E-12 1.00000E-12 1.00000E-12 1.00000E-12
 1.00000E-12 1.00000E-12 1.00000E-12 1.00000E-12 2.91311E-04 3.16091E-04 3.42678E-04 3.67338E-04
 3.98486E-04 4.55838E-04 4.98174E-04 5.33431E-04 5.71339E-04 6.13371E-04 6.59984E-04 7.11629E-04
 7.68819E-04 8.32216E-04 9.03065E-04 9.82026E-04 1.06969E-03 1.16692E-03 1.27475E-03 1.39420E-03
 1.52638E-03 1.67272E-03 1.83495E-03 2.01441E-03 2.21367E-03 2.43384E-03 2.67619E-03 2.94247E-03
 3.23517E-03 3.55766E-03 3.91317E-03 4.30525E-03 4.73772E-03 5.21453E-03 5.74076E-03 6.32173E-03
 6.96311E-03 7.67125E-03 8.45305E-03 9.31279E-03 1.02619E-02 1.13101E-02 1.24679E-02 1.37467E-02
 1.51588E-02 1.67180E-02 1.84395E-02 2.03402E-02 2.24391E-02 2.47494E-02 2.72988E-02 3.01118E-02
 3.32129E-02 3.66291E-02 4.03965E-02 4.45462E-02 4.91103E-02 5.41355E-02 5.96677E-02 6.57543E-02
 7.24487E-02 7.98075E-02 8.78796E-02 9.67352E-02 1.06443E-01 1.17081E-01 1.28732E-01 1.41489E-01
 1.55443E-01 1.70715E-01 1.87420E-01 2.05686E-01 2.25648E-01 2.47427E-01 2.71191E-01 2.96822E-01
 3.24242E-01 3.54055E-01 3.86452E-01 4.21653E-01 4.59906E-01 5.01475E-01 5.46647E-01 5.95732E-01
 6.49069E-01 7.07044E-01 7.70049E-01 8.38503E-01 9.12842E-01 9.93685E-01 1.08181E+00 1.17789E+00
 1.28256E+00 1.39566E+00 1.51627E+00 1.64512E+00 1.78382E+00 1.93536E+00 2.10434E+00 2.28985E+00
 1.00000E+00 1.00000E+00 1.00000E+00 1.00000E+00 1.00000E+00 1.00000E+00 1.00000E+00 1.00000E+00
 1.00000E+00 1.00000E+00 1.00000E+00 1.00000E+00 1.00000E+00 1.00000E+00 1.00000E+00 1.00000E+00
 1.00000E+00 1.00000E+00 1.00000E+00 1.00000E+00 1.00000E+00 1.00000E+00 1.00000E+00 1.00000E+00
 1.00000E+00 1.00000E+00 1.00000E+00 1.00000E+00 1.00000E+00 1.00000E+00 1.00000E+00 1.00000E+00
 1.00000E+00 1.00000E+00 1.00000E+00 1.00000E+00 1.00000E+00 1.00000E+00 1.00000E+00 1.00000E+00
 1.00000E+00 1.00000E+00 1.00000E+00 1.00000E+00 1.00000E+00 1.00000E+00 1.00000E+00 1.00000E+00
 1.00000E+00 1.00000E+00 1.00000E+00 1.00000E+00 1.00000E+00 1.00000E+00 1.00000E+00 1.00000E+00
 1.00000E+00 1.00000E+00 1.00000E+00 1.00000E+00 1.00000E+00 1.00000E+00 1.00000E+00 1.00000E+00
 1.00000E+00 1.00000E+00 1.00000E+00 1.00000E+00 1.00000E+00 1.00000E+00 1.00000E+00 1.00000E+00
 1.00000E+00 1.00000E+00 1.00000E+00 1.00000E+00 1.00000E+00 1.00000E+00 1.00000E+00 1.00000E+00
 1.00000E+00 1.00000E+00 1.00000E+00 1.00000E+00 1.00000E+00 1.00000E+00 1.00000E+00 1.00000E+00
 1.00000E+00 1.00000E+00 1.00000E+00 1.00000E+00 1.00000E+00 1.00000E+00 1.00000E+00 1.00000E+00
 1.00000E+00 1.00000E+00 1.00000E+00 1.00000E+00 1.00000E+00 1.00000E+00 1.00000E+00 1.00000E+00
 1.00000E+00 1.00000E+00 1.00000E+00 1.00000E+00 1.00000E+00 1.00000E+00 1.00000E+00 1.00000E+00
 1.00000E+00 1.00000E+00 1.00000E+00 1.00000E+00 1.00000E+00 1.00000E+00 1.00000E+00 1.00000E+00
 1.00000E+00 1.00000E+00 1.00000E+00 1.00000E+00 1.00000E+00 1.00000E+00 1.00000E+00 1.00000E+00
 1.00000E+00 1.00000E+00 1.00000E+00 1.00000E+00 1.00000E+00 1.00000E+00 1.00000E+00 1.00000E+00
 1.00000E+00 1.00000E+00 1.00000E+00 1.00000E+00 1.00000E+00 1.00000E+00 1.00000E+00 1.00000E+00
 1.00000E+00 1.00000E+00 1.00000E+00 1.00000E+00 1.00000E+00 1.00000E+00 1.00000E+00 1.00000E+00
 1.00000E+00 1.00000E+00 1.00000E+00 1.00000E+00 1.00000E+00 1.00000E+00 1.00000E+00 1.00000E+00
 1.00000E+00 1.00000E+00 1.00000E+00 1.00000E+00 1.00000E+00 1.00000E+00 1.00000E+00 1.00000E+00
 1.00000E+00 1.00000E+00 1.00000E+00 1.00000E+00 1.00000E+00 1.00000E+00 1.00000E+00 1.00000E+00
 1.00000E+00 1.00000E+00 1.00000E+00 1.00000E+00 1.00000E+00 1.00000E+00 1.00000E+00 1.00000E+00
 1.00000E+00 1.00000E+00 1.00000E+00 1.00000E+00 1.00000E+00 1.00000E+00 1.00000E+00 1.00000E+00
 1.00000E+00 1.00000E+00 1.00000E+00 1.00000E+00 1.00000E+00 1.00000E+00 1.00000E+00 1.00000E+00
 1.00000E-05 1.00000E-05 1.00000E-05 1.00000E-05 1.00000E-05 1.00000E-05 1.00000E-05 1.00000E-05
 1.00000E-05 1.00000E-05 1.00000E-05 1.00000E-05 1.00000E-05 1.00000E-05 1.00000E-05 1.00000E-05
 1.00000E-05 1.00000E-05 1.00000E-05 1.00000E-05 1.00000E-05 1.00000E-05 1.00000E-05 1.00000E-05
 1.00000E-05 1.00000E-05 1.00000E-05 1.00000E-05 1.00000E-05 1.00000E-05 1.00000E-05 1.00000E-05
 1.00000E-05 1.00000E-05 1.00000E-05 1.00000E-05 1.00000E-05 1.00000E-05 1.00000E-05 1.00000E-05
 1.00000E-05 1.00000E-05 1.00000E-05 1.00000E-05 1.00000E-05 1.00000E-05 1.00000E-05 1.00000E-05
 1.00000E-05 1.00000E-05 1.00000E-05 1.00000E-05 1.00000E-05 1.00000E-05 1.00000E-05 1.00000E-05
 1.00000E-05 1.00000E-05 1.00000E-05 1.00000E-05 1.00000E-05 1.00000E-05 1.00000E-05 1.00000E-05
 1.00000E-05 1.00000E-05 1.00000E-05 1.00000E-05 1.00000E-05 1.00000E-05 1.00000E-05 1.00000E-05
 1.00000E-05 1.00000E-05 1.00000E-05 1.00000E-05 1.00000E-05 1.00000E-05 1.00000E-05 1.00000E-05
 1.00000E-05 1.00000E-05 1.00000E-05 1.00000E-05 1.00000E-05 1.00000E-05 1.00000E-05 1.00000E-05
 1.00000E-05 1.00000E-05 1.00000E-05 1.00000E-05 1.00000E-05 1.00000E-05 1.00000E-05 1.00000E-05
 1.00000E-05 1.00000E-05 1.00000E-05 1.00000E-05 1.00000E-09 1.00000E-09 1.00000E-09 1.00000E-09
 1.00000E-09 1.00000E-09 1.00000E-09 1.00000E-09 1.00000E-09 1.00000E-09 1.00000E-09 1.00000E-09
 1.00000E-09 1.00000E-09 1.00000E-09 1.00000E-09 1.00000E-09 1.00000E-09 1.00000E-09 1.00000E-09
 1.00000E-09 1.00000E-09 1.00000E-09 1.00000E-09 1.00000E-09 1.00000E-09 1.00000E-09 1.00000E-09
 1.00000E-09 1.00000E-09 1.00000E-09 1.00000E-09 1.00000E-09 1.00000E-09 1.00000E-09 1.00000E-09
 1.00000E-09 1.00000E-09 1.00000E-09 1.00000E-09 1.00000E-09 1.00000E-09 1.00000E-09 1.00000E-09
 1.00000E-09 1.00000E-09 1.00000E-09 1.00000E-09 1.00000E-09 1.00000E-09 1.00000E-09 1.00000E-09
 1.00000E-09 1.00000E-09 1.00000E-09 1.00000E-09 1.00000E-09 1.00000E-09 1.00000E-09 1.00000E-09
 1.00000E-09 1.00000E-09 1.00000E-09 1.00000E-09 1.00000E-09 1.00000E-09 1.00000E-09 1.00000E-09
 1.00000E-09 1.00000E-09 1.00000E-09 1.00000E-09 1.00000E-09 1.00000E-09 1.00000E-09 1.00000E-09
 1.00000E-09 1.00000E-09 1.00000E-09 1.00000E-09 1.00000E-09 1.00000E-09 1.00000E-09 1.00000E-09
 1.00000E-09 1.00000E-09 1.00000E-09 1.00000E-09 1.00000E-09 1.00000E-09 1.00000E-09 1.00000E-09
 1.00000E-09 1.00000E-09 1.00000E-09 1.00000E-09 1.00000E-09 1.00000E-09 1.00000E-09 1.00000E-09
 1.00000E-09 1.00000E-09 1.00000E-09 1.00000E-09 1.00000E-09 1.00000E-09 1.00000E-09 1.00000E-09
 1.00000E-09 1.00000E-09 1.00000E-09 1.00000E-09 1.00000E-09 1.00000E-09 1.00000E-09 1.00000E-09
 1.00000E-09 1.00000E-09 1.00000E-09 1.00000E-09 1.00000E-09 1.00000E-09 1.00000E-09 1.00000E-09
 1.00000E-09 1.00000E-09 1.00000E-09 1.00000E-09 1.00000E-09 1.00000E-09 1.00000E-09 1.00000E-09
 1.00000E-09 1.00000E-09 1.00000E-09 1.00000E-09 1.00000E-09 1.00000E-09 1.00000E-09 1.00000E-09
 1.00000E-09 1.00000E-09 1.00000E-09 1.00000E-09 1.00000E-09 1.00000E-09 1.00000E-09 1.00000E-09
 1.00000E-09 1.00000E-09 1.00000E-09 1.00000E-09 1.00000E-09 1.00000E-09 1.00000E-09 1.00000E-09
 1.00000E-09 1.00000E-09 1.00000E-09 1.00000E-09 1.00000E-09 1.00000E-09 1.00000E-09 1.00000E-09
 1.00000E-09 1.00000E-09 1.00000E-09 1.00000E-09 1.00000E-09 1.00000E-09 1.00000E-09 1.00000E-09
 1.00000E-09 1.00000E-09 1.00000E-09 1.00000E-09 1.00000E-09 1.00000E-09 1.00000E-09 1.00000E-09
 1.00000E-09 1.00000E-09 1.00000E-09 1.00000E-09 1.00000E-09 1.00000E-09 1.00000E-09 1.00000E-09
 1.00000E-09 1.00000E-09 1.00000E-09 1.00000E-09 1.00000E-09 1.00000E-09 1.00000E-09 1.00000E-09
 1.00000E-09 1.00000E-09 1.00000E-09 1.00000E-09
