 3.47118E-08 1.13512E-18 1.25149E-04 5.30271E-20 2.80363E-12 2.08580E-08 2.97865E-10 2.37301E-20
 1.03898E-01 3.31380E-01 5.82225E-03 2.29270E-08 1.25649E-12 3.42171E-07 2.03725E-14 6.09139E-13
 1.40787E-22 3.40116E-15 1.05196E-11 1.12418E-18 4.33718E-20 2.60005E-38 7.34943E-08 5.60626E-20
 8.95659E-26 8.65640E-24 8.90804E-13 1.56590E-21 5.53238E-10 2.88117E-17 2.34501E-18 6.51138E-11
 1.35579E-17 1.98809E-13 4.42472E-08 1.85758E-18 1.51621E-04 9.54209E-20 3.86739E-12 2.71727E-08
 3.23002E-10 4.56737E-20 1.03898E-01 3.31380E-01 5.82225E-03 2.97761E-08 1.62610E-12 3.42092E-07
 1.97738E-14 8.86589E-13 2.06431E-22 5.24136E-15 1.46558E-11 1.65283E-18 7.54035E-20 4.07059E-38
 7.34926E-08 7.86828E-20 1.66713E-25 1.31041E-23 1.37775E-12 2.17608E-21 5.61506E-10 3.79009E-17
 4.96494E-18 1.14025E-10 3.16436E-17 3.27111E-13 6.02236E-08 2.88738E-18 1.81152E-04 1.72500E-19
 5.36368E-12 3.81704E-08 3.48896E-10 8.88318E-20 1.03898E-01 3.31379E-01 5.82225E-03 4.16546E-08
 2.06002E-12 3.42005E-07 1.91992E-14 1.26806E-12 3.04245E-22 8.03604E-15 1.97606E-11 2.37596E-18
 1.27911E-19 4.87490E-38 7.34908E-08 1.04065E-19 2.70405E-25 1.71903E-23 2.12508E-12 2.82420E-21
 5.70067E-10 4.16300E-17 9.09725E-18 1.67932E-10 6.58801E-17 4.37337E-13 8.34159E-08 4.33193E-18
 2.13715E-04 3.06085E-19 7.36267E-12 5.43201E-08 3.74094E-10 1.70405E-19 1.03898E-01 3.31378E-01
 5.82225E-03 5.91011E-08 2.60601E-12 3.41909E-07 1.87662E-14 1.75569E-12 4.43375E-22 1.19178E-14
 2.56346E-11 3.27752E-18 2.04143E-19 5.33075E-38 7.34887E-08 1.32458E-19 4.14323E-25 2.13522E-23
 3.17793E-12 3.49684E-21 5.78846E-10 4.22629E-17 1.55182E-17 2.27534E-10 1.26456E-16 5.26839E-13
 1.14276E-07 6.33411E-18 2.49588E-04 5.23805E-19 9.89531E-12 7.57789E-08 3.98058E-10 3.16750E-19
 1.03898E-01 3.31377E-01 5.82225E-03 8.23386E-08 3.29795E-12 3.41803E-07 1.85947E-14 2.35442E-12
 6.32085E-22 1.68993E-14 3.17753E-11 4.34353E-18 3.06066E-19 5.68446E-38 7.34864E-08 1.64082E-19
 6.14665E-25 2.59994E-23 4.55658E-12 4.17731E-21 5.87744E-10 4.17196E-17 2.51006E-17 2.92383E-10
 2.25830E-16 5.94970E-13 1.53686E-07 9.08317E-18 2.89163E-04 8.64091E-19 1.30177E-11 1.03119E-07
 4.20650E-10 5.69795E-19 1.03898E-01 3.31377E-01 5.82225E-03 1.12029E-07 4.16894E-12 3.41688E-07
 1.86809E-14 3.06879E-12 8.81269E-22 2.30392E-14 3.77954E-11 5.55692E-18 4.33665E-19 6.02665E-38
 7.34839E-08 1.99094E-19 8.91681E-25 3.13839E-23 6.30245E-12 4.84360E-21 5.96634E-10 4.08352E-17
 3.87954E-17 3.61637E-10 3.79938E-16 6.42736E-13 2.02784E-07 1.28251E-17 3.32693E-04 1.37932E-18
 1.68020E-11 1.37141E-07 4.41728E-10 9.94955E-19 1.03898E-01 3.31376E-01 5.82225E-03 1.49083E-07
 5.25399E-12 3.41563E-07 1.89789E-14 3.89225E-12 1.20305E-21 3.03999E-14 4.33140E-11 6.87646E-18
 5.81768E-19 6.38315E-38 7.34810E-08 2.37534E-19 1.27068E-24 3.76760E-23 8.46967E-12 5.46648E-21
 6.05362E-10 3.99385E-17 5.76253E-17 4.34034E-10 6.08140E-16 6.71770E-13 2.63937E-07 1.78770E-17
 3.80330E-04 2.14816E-18 2.13755E-11 1.79550E-07 4.61074E-10 1.69929E-18 1.03898E-01 3.31374E-01
 5.82226E-03 1.95398E-07 6.60138E-12 3.41424E-07 1.93782E-14 4.79703E-12 1.60909E-21 3.91829E-14
 4.80164E-11 8.22123E-18 7.36365E-19 6.73442E-38 7.34778E-08 2.79999E-19 1.78398E-24 4.49407E-23
 1.11695E-11 6.01808E-21 6.13891E-10 3.90055E-17 8.28258E-17 5.09135E-10 9.39893E-16 6.84075E-13
 3.52654E-07 2.46992E-17 4.32959E-04 3.40087E-18 2.73950E-11 2.41298E-07 4.80106E-10 2.95621E-18
 1.03898E-01 3.31373E-01 5.82226E-03 2.62976E-07 8.39539E-12 3.41245E-07 1.71075E-14 5.70305E-12
 1.89390E-21 5.13369E-14 5.22040E-11 9.45553E-18 8.72883E-19 6.94568E-38 7.34735E-08 3.34609E-19
 2.48534E-24 5.28439E-23 1.51021E-11 6.52925E-21 6.23451E-10 3.67538E-17 1.18006E-16 5.98378E-10
 1.49857E-15 6.80574E-13 5.39409E-07 3.40199E-17 2.63534E-04 6.10779E-18 3.74207E-11 3.72243E-07
 5.02271E-10 5.84093E-18 1.03898E-01 3.31370E-01 5.82228E-03 4.06472E-07 1.13510E-11 3.40904E-07
 9.38996E-15 6.40836E-12 1.57991E-21 7.56603E-14 5.75814E-11 1.02831E-17 1.66238E-18 6.69948E-38
 7.34652E-08 4.35684E-19 3.51222E-24 5.99718E-23 2.34521E-11 7.08752E-21 6.38513E-10 3.02472E-17
 1.76586E-16 7.47996E-10 2.90112E-15 6.50420E-13 1.01195E-06 4.67397E-17 2.35939E-04 1.32806E-17
 5.63072E-11 7.01649E-07 5.26038E-10 1.40115E-17 1.03898E-01 3.31363E-01 5.82232E-03 7.68994E-07
 1.69424E-11 3.40068E-07 6.90214E-15 6.90668E-12 2.12450E-21 1.32020E-13 6.66947E-11 1.06248E-17
 1.98952E-18 6.07701E-38 7.34441E-08 6.73477E-19 5.23805E-24 6.59318E-23 4.45265E-11 7.64939E-21
 6.67303E-10 2.05401E-17 2.87425E-16 1.03212E-09 7.34899E-15 5.48845E-13 2.12893E-06 6.35972E-17
 2.67871E-04 3.19514E-17 8.92090E-11 1.47463E-06 5.43033E-10 3.73212E-17 1.03898E-01 3.31345E-01
 5.82249E-03 1.62513E-06 2.69549E-11 3.38151E-07 4.79936E-15 7.20717E-12 2.99596E-21 2.50828E-13
 7.91601E-11 1.03324E-17 1.72452E-18 5.92411E-38 7.33943E-08 1.19328E-18 8.54163E-24 7.49795E-23
 9.43586E-11 7.97838E-21 7.13113E-10 1.26253E-17 4.79051E-16 1.48056E-09 2.07190E-14 3.71797E-13
 4.11512E-06 8.48122E-17 3.25501E-04 6.97479E-17 1.34829E-10 2.83551E-06 5.48592E-10 9.04638E-17
 1.03897E-01 3.31313E-01 5.82295E-03 3.14771E-06 4.13435E-11 3.34817E-07 3.49052E-15 7.36891E-12
 4.00973E-21 4.32848E-13 8.86920E-11 9.57603E-18 1.30751E-18 6.71667E-38 7.33050E-08 2.06671E-18
 1.44791E-23 9.15791E-23 1.83615E-10 8.04879E-21 7.54543E-10 8.31786E-18 6.97964E-16 1.87783E-09
 4.76596E-14 2.07251E-13 6.83108E-06 1.09495E-16 4.06384E-04 1.29415E-16 1.88203E-10 4.67257E-06
 5.39962E-10 1.86749E-16 1.03897E-01 3.31268E-01 5.82400E-03 5.23165E-06 5.87358E-11 3.30297E-07
 2.17601E-15 7.20044E-12 3.91145E-21 6.41098E-13 8.86858E-11 8.29297E-18 8.63543E-19 8.04512E-38
 7.31808E-08 3.24122E-18 2.36713E-23 1.14479E-22 3.07869E-10 7.92543E-21 7.54266E-10 6.00170E-18
 7.85449E-16 1.85209E-09 7.50272E-14 1.07133E-13 1.00579E-05 1.39604E-16 5.06097E-04 2.11319E-16
 2.46758E-10 6.82100E-06 5.28293E-10 3.39711E-16 1.03897E-01 3.31213E-01 5.82597E-03 7.70926E-06
 7.83092E-11 3.24894E-07 1.95610E-15 7.39585E-12 4.83923E-21 8.52428E-13 8.83147E-11 7.55130E-18
 6.31292E-19 9.74736E-38 7.30288E-08 4.67507E-18 3.65497E-23 1.43371E-22 4.59779E-10 7.97064E-21
 7.53925E-10 4.86033E-18 8.77270E-16 1.82158E-09 1.03232E-13 5.82556E-14 1.34874E-05 1.76131E-16
 6.16833E-04 3.12728E-16 3.08035E-10 9.05961E-06 5.15536E-10 5.60450E-16 1.03897E-01 3.31152E-01
 5.82910E-03 1.03404E-05 9.91967E-11 3.19047E-07 1.92094E-15 7.87932E-12 5.92624E-21 1.05005E-12
 8.76688E-11 7.16615E-18 5.08413E-19 1.15915E-37 7.28615E-08 6.29235E-18 5.31407E-23 1.77221E-22
 6.27160E-10 8.20722E-21 7.53569E-10 4.30181E-18 9.75925E-16 1.78940E-09 1.28836E-13 3.61432E-14
 1.68535E-05 2.20216E-16 7.30539E-04 4.30120E-16 3.70371E-10 1.12010E-05 5.02363E-10 8.59530E-16
 1.03897E-01 3.31090E-01 5.83337E-03 1.29142E-05 1.20767E-10 3.13162E-07 2.01404E-15 8.61557E-12
 7.19757E-21 1.22624E-12 8.67886E-11 7.01923E-18 4.44586E-19 1.33898E-37 7.26908E-08 8.00920E-18
 7.32464E-23 2.15150E-22 7.97870E-10 8.56490E-21 7.53226E-10 4.06734E-18 1.08415E-15 1.75829E-09
 1.50040E-13 2.57155E-14 1.99632E-05 2.73262E-16 8.39987E-04 5.60172E-16 4.32658E-10 1.31142E-05
 4.89163E-10 1.24817E-15 1.03898E-01 3.31030E-01 5.83856E-03 1.52770E-05 1.42606E-10 3.07578E-07
 2.21678E-15 9.59790E-12 8.68355E-21 1.37838E-12 8.56819E-11 7.04384E-18 4.15877E-19 1.50014E-37
 7.25273E-08 9.74007E-18 9.65311E-23 2.56468E-22 9.61316E-10 8.98034E-21 7.52916E-10 4.03902E-18
 1.20467E-15 1.73031E-09 1.66814E-13 2.03129E-14 2.27544E-05 3.36744E-16 9.41590E-04 7.01605E-16
 4.94817E-10 1.47616E-05 4.75720E-10 1.74298E-15 1.03898E-01 3.30975E-01 5.84438E-03 1.73785E-05
 1.64676E-10 3.02444E-07 2.52625E-15 1.08300E-11 1.04219E-20 1.50873E-12 8.43425E-11 7.18840E-18
 4.08669E-19 1.63519E-37 7.23761E-08 1.14386E-17 1.22855E-22 3.00893E-22 1.11248E-09 9.41533E-21
 7.52643E-10 4.15093E-18 1.33926E-15 1.70614E-09 1.80945E-13 1.72016E-14 2.52357E-05 4.12150E-16
 1.03419E-03 8.54543E-16 5.57206E-10 1.61553E-05 4.61644E-10 2.36681E-15 1.03898E-01 3.30925E-01
 5.85057E-03 1.92257E-05 1.87113E-10 2.97790E-07 2.95075E-15 1.23235E-11 1.24539E-20 1.62052E-12
 8.27562E-11 7.41318E-18 4.14998E-19 1.74168E-37 7.22387E-08 1.30859E-17 1.52263E-22 3.48411E-22
 1.24996E-09 9.84792E-21 7.52405E-10 4.36754E-18 1.48915E-15 1.68572E-09 1.95666E-13 1.52537E-14
 2.74387E-05 5.00979E-16 1.11779E-03 1.01979E-15 6.20261E-10 1.73251E-05 4.46620E-10 3.14891E-15
 1.03898E-01 3.30880E-01 5.85693E-03 2.08457E-05 2.10102E-10 2.93597E-07 3.50787E-15 1.40962E-11
 1.48230E-20 1.71628E-12 8.09030E-11 7.68811E-18 4.29865E-19 1.82004E-37 7.21146E-08 1.46771E-17
 1.84908E-22 3.99167E-22 1.37398E-09 1.02641E-20 7.52197E-10 4.67059E-18 1.65532E-15 1.66866E-09
 2.16367E-13 1.39650E-14 2.94107E-05 6.04647E-16 1.19332E-03 1.19876E-15 6.84518E-10 1.83096E-05
 4.30385E-10 4.12688E-15 1.03898E-01 3.30839E-01 5.86336E-03 2.22781E-05 2.33868E-10 2.89806E-07
 4.22278E-15 1.61691E-11 1.75759E-20 1.79804E-12 7.87605E-11 7.98693E-18 4.49318E-19 1.87267E-37
 7.20025E-08 1.62230E-17 2.21075E-22 4.53472E-22 1.48609E-09 1.06557E-20 7.52015E-10 5.04955E-18
 1.83842E-15 1.65443E-09 2.52733E-13 1.30789E-14 3.11966E-05 7.24462E-16 1.26198E-03 1.39316E-15
 7.50486E-10 1.91444E-05 4.12812E-10 5.34750E-15 1.03899E-01 3.30802E-01 5.86978E-03 2.35609E-05
 2.58621E-10 2.86351E-07 5.12716E-15 1.85586E-11 2.07553E-20 1.86705E-12 7.63117E-11 8.28356E-18
 4.69647E-19 1.90340E-37 7.19005E-08 1.77425E-17 2.61132E-22 5.11765E-22 1.58816E-09 1.10171E-20
 7.51853E-10 5.49907E-18 2.03906E-15 1.64250E-09 3.21349E-13 1.24548E-14 3.28199E-05 8.61811E-16
 1.32434E-03 1.60428E-15 8.18452E-10 1.98524E-05 3.93970E-10 6.86667E-15 1.03899E-01 3.30768E-01
 5.87613E-03 2.47162E-05 2.84564E-10 2.83198E-07 6.26799E-15 2.13014E-11 2.44200E-20 1.92332E-12
 7.35202E-11 8.56759E-18 4.88630E-19 1.91382E-37 7.18075E-08 1.92456E-17 3.05359E-22 5.74493E-22
 1.68113E-09 1.13444E-20 7.51708E-10 6.01941E-18 2.25763E-15 1.63252E-09 4.59560E-13 1.20189E-14
 3.43055E-05 1.01792E-15 1.38125E-03 1.83341E-15 8.88768E-10 2.04556E-05 3.73905E-10 8.75453E-15
 1.03899E-01 3.30737E-01 5.88236E-03 2.57670E-05 3.12000E-10 2.80305E-07 7.71438E-15 2.44660E-11
 2.86619E-20 1.96666E-12 7.03180E-11 8.84094E-18 5.04841E-19 1.90285E-37 7.17224E-08 2.07520E-17
 3.54028E-22 6.42205E-22 1.76626E-09 1.16344E-20 7.51578E-10 6.61090E-18 2.49358E-15 1.62415E-09
 7.37634E-13 1.17234E-14 3.56793E-05 1.19378E-15 1.43368E-03 2.08241E-15 9.61779E-10 2.09743E-05
 3.52848E-10 1.10961E-14 1.03900E-01 3.30709E-01 5.88848E-03 2.67359E-05 3.41091E-10 2.77621E-07
 9.52687E-15 2.80451E-11 3.35015E-20 1.99617E-12 6.67134E-11 9.07259E-18 5.13944E-19 1.87669E-37
 7.16436E-08 2.22930E-17 4.07581E-22 7.15705E-22 1.84502E-09 1.18732E-20 7.51460E-10 7.27540E-18
 2.74742E-15 1.61705E-09 1.26184E-12 1.15248E-14 3.69438E-05 1.39086E-15 1.48179E-03 2.35305E-15
 1.03752E-09 2.14183E-05 3.31353E-10 1.39879E-14 1.03900E-01 3.30683E-01 5.89445E-03 2.76283E-05
 3.71809E-10 2.75138E-07 1.17506E-14 3.19523E-11 3.88720E-20 2.01018E-12 6.27950E-11 9.22017E-18
 5.11436E-19 1.84529E-37 7.15710E-08 2.38840E-17 4.66492E-22 7.95956E-22 1.91768E-09 1.20387E-20
 7.51353E-10 8.02093E-18 3.02129E-15 1.61107E-09 2.27721E-12 1.13876E-14 3.81071E-05 1.61078E-15
 1.52603E-03 2.64739E-15 1.11611E-09 2.17985E-05 3.09842E-10 1.75474E-14 1.03901E-01 3.30659E-01
 5.90024E-03 2.84535E-05 4.04178E-10 2.72836E-07 1.44351E-14 3.60984E-11 4.46999E-20 2.00763E-12
 5.86528E-11 9.25865E-18 4.95367E-19 1.81488E-37 7.15038E-08 2.55512E-17 5.31318E-22 8.84064E-22
 1.98485E-09 1.21152E-20 7.51255E-10 8.85512E-18 3.31694E-15 1.60603E-09 4.18350E-12 1.12803E-14
 3.91762E-05 1.85543E-15 1.56678E-03 2.96772E-15 1.19767E-09 2.21237E-05 2.88651E-10 2.19147E-14
 1.03901E-01 3.30637E-01 5.90583E-03 2.92194E-05 4.38230E-10 2.70694E-07 1.76301E-14 4.03856E-11
 5.08974E-20 1.98810E-12 5.43852E-11 9.17579E-18 4.66127E-19 1.78961E-37 7.14415E-08 2.73240E-17
 6.02680E-22 9.81243E-22 2.04713E-09 1.20937E-20 7.51165E-10 9.78673E-18 3.63613E-15 1.60177E-09
 7.38115E-12 1.11778E-14 4.01467E-05 2.12748E-15 1.60405E-03 3.31612E-15 1.28219E-09 2.23983E-05
 2.68130E-10 2.72527E-14 1.03902E-01 3.30617E-01 5.91118E-03 2.99260E-05 4.73977E-10 2.68717E-07
 2.13861E-14 4.47134E-11 5.73649E-20 1.95214E-12 5.00923E-11 8.97400E-18 4.26273E-19 1.77213E-37
 7.13841E-08 2.92162E-17 6.81170E-22 1.08875E-21 2.10448E-09 1.19717E-20 7.51083E-10 1.08285E-17
 3.98100E-15 1.59820E-09 1.10337E-11 1.10632E-14 4.10125E-05 2.43042E-15 1.63772E-03 3.69487E-15
 1.36955E-09 2.26260E-05 2.48577E-10 3.37515E-14 1.03903E-01 3.30598E-01 5.91622E-03 3.05709E-05
 5.11412E-10 2.66911E-07 2.57515E-14 4.89806E-11 6.39955E-20 1.90153E-12 4.58736E-11 8.66508E-18
 3.79506E-19 1.76446E-37 7.13319E-08 3.12306E-17 7.67431E-22 1.20790E-21 2.15669E-09 1.17544E-20
 7.51009E-10 1.19958E-17 4.35405E-15 1.59524E-09 1.40629E-11 1.09253E-14 4.17727E-05 2.76840E-15
 1.66789E-03 4.10676E-15 1.45974E-09 2.28114E-05 2.30193E-10 4.16350E-14 1.03903E-01 3.30582E-01
 5.92091E-03 3.11550E-05 5.50507E-10 2.65277E-07 3.07674E-14 5.30853E-11 7.06798E-20 1.83884E-12
 4.18283E-11 8.26501E-18 3.29711E-19 1.76883E-37 7.12848E-08 3.33707E-17 8.62267E-22 1.34015E-21
 2.20384E-09 1.14529E-20 7.50943E-10 1.33056E-17 4.75816E-15 1.59282E-09 1.65523E-11 1.07562E-14
 4.24349E-05 3.14608E-15 1.69493E-03 4.55537E-15 1.55284E-09 2.29607E-05 2.13057E-10 5.11691E-14
 1.03904E-01 3.30567E-01 5.92527E-03 3.16847E-05 5.91212E-10 2.63795E-07 3.64699E-14 5.69371E-11
 7.73235E-20 1.76654E-12 3.80445E-11 7.79165E-18 2.80335E-19 1.78772E-37 7.12422E-08 3.56544E-17
 9.66730E-22 1.48713E-21 2.24645E-09 1.10803E-20 7.50884E-10 1.47747E-17 5.19655E-15 1.59083E-09
 1.85991E-11 1.05507E-14 4.30051E-05 3.56919E-15 1.71912E-03 5.04466E-15 1.64892E-09 2.30790E-05
 1.97210E-10 6.26650E-14 1.03905E-01 3.30554E-01 5.92931E-03 3.21646E-05 6.33466E-10 2.62454E-07
 4.28992E-14 6.04726E-11 8.38598E-20 1.68735E-12 3.45828E-11 7.26708E-18 2.34126E-19 1.82334E-37
 7.12037E-08 3.80910E-17 1.08200E-21 1.65056E-21 2.28492E-09 1.06524E-20 7.50831E-10 1.64231E-17
 5.67277E-15 1.58920E-09 2.02783E-11 1.03087E-14 4.34909E-05 4.04432E-15 1.74082E-03 5.57914E-15
 1.74809E-09 2.31708E-05 1.82629E-10 7.64889E-14 1.03905E-01 3.30542E-01 5.93306E-03 3.26005E-05
 6.77212E-10 2.61239E-07 5.01042E-14 6.36570E-11 9.02542E-20 1.60361E-12 3.14759E-11 6.71322E-18
 1.92808E-19 1.87789E-37 7.11689E-08 4.06945E-17 1.20946E-21 1.83233E-21 2.31973E-09 1.01842E-20
 7.50784E-10 1.82725E-17 6.19058E-15 1.58787E-09 2.16576E-11 1.00333E-14 4.38998E-05 4.57914E-15
 1.76031E-03 6.16381E-15 1.85050E-09 2.32401E-05 1.69243E-10 9.30714E-14 1.03906E-01 3.30531E-01
 5.93653E-03 3.29980E-05 7.22403E-10 2.60134E-07 5.81472E-14 6.64822E-11 9.65015E-20 1.51733E-12
 2.87295E-11 6.14984E-18 1.57146E-19 1.95348E-37 7.11373E-08 4.34779E-17 1.35064E-21 2.03448E-21
 2.35129E-09 9.68916E-21 7.50741E-10 2.03472E-17 6.75392E-15 1.58678E-09 2.27924E-11 9.72979E-15
 4.42349E-05 5.18292E-15 1.77766E-03 6.80384E-15 1.95619E-09 2.32894E-05 1.57028E-10 1.12914E-13
 1.03907E-01 3.30521E-01 5.93973E-03 3.33580E-05 7.69008E-10 2.59139E-07 6.71083E-14 6.89612E-11
 1.02615E-19 1.43116E-12 2.63283E-11 5.59580E-18 1.27235E-19 2.05216E-37 7.11090E-08 4.64200E-17
 1.50713E-21 2.25913E-21 2.37967E-09 9.18392E-21 7.50702E-10 2.26764E-17 7.36696E-15 1.58589E-09
 2.37169E-11 9.40726E-15 4.45025E-05 5.86589E-15 1.79308E-03 7.50498E-15 2.06533E-09 2.33214E-05
 1.45891E-10 1.36609E-13 1.03908E-01 3.30513E-01 5.94266E-03 3.36841E-05 8.17048E-10 2.58246E-07
 7.70903E-14 7.11241E-11 1.08626E-19 1.34684E-12 2.42401E-11 5.06437E-18 1.02627E-19 2.17577E-37
 7.10835E-08 4.95108E-17 1.68071E-21 2.50864E-21 2.40513E-09 8.68048E-21 7.50668E-10 2.52913E-17
 8.03362E-15 1.58518E-09 2.44673E-11 9.07356E-15 4.47115E-05 6.63911E-15 1.80687E-03 8.27346E-15
 2.17815E-09 2.33388E-05 1.35680E-10 1.64864E-13 1.03908E-01 3.30505E-01 5.94536E-03 3.39828E-05
 8.66610E-10 2.57438E-07 8.82231E-14 7.30121E-11 1.14579E-19 1.26491E-12 2.24231E-11 4.56325E-18
 8.26091E-20 2.32592E-37 7.10605E-08 5.27669E-17 1.87335E-21 2.78563E-21 2.42813E-09 8.18388E-21
 7.50637E-10 2.82242E-17 8.75739E-15 1.58459E-09 2.50798E-11 8.73327E-15 4.48673E-05 7.51528E-15
 1.81917E-03 9.11563E-15 2.29487E-09 2.33433E-05 1.26306E-10 1.98507E-13 1.03909E-01 3.30498E-01
 5.94784E-03 3.42567E-05 9.17839E-10 2.56710E-07 1.00666E-13 7.46707E-11 1.20515E-19 1.18645E-12
 2.08308E-11 4.09881E-18 6.64544E-20 2.50368E-37 7.10398E-08 5.61722E-17 2.08704E-21 3.09294E-21
 2.44887E-09 7.70170E-21 7.50609E-10 3.15125E-17 9.54146E-15 1.58412E-09 2.55776E-11 8.39286E-15
 4.49762E-05 8.50821E-15 1.83016E-03 1.00381E-14 2.41575E-09 2.33368E-05 1.17662E-10 2.38522E-13
 1.03910E-01 3.30492E-01 5.95014E-03 3.45095E-05 9.70961E-10 2.56052E-07 1.14614E-13 7.61471E-11
 1.26473E-19 1.11188E-12 1.94151E-11 3.67367E-18 5.34545E-20 2.70934E-37 7.10210E-08 5.97222E-17
 2.32385E-21 3.43372E-21 2.46759E-09 7.23753E-21 7.50584E-10 3.51963E-17 1.03884E-14 1.58374E-09
 2.59820E-11 8.05647E-15 4.50442E-05 9.63293E-15 1.84006E-03 1.10477E-14 2.54111E-09 2.33205E-05
 1.09617E-10 2.86072E-13 1.03910E-01 3.30487E-01 5.95226E-03 3.47456E-05 1.02627E-09 2.55454E-07
 1.30298E-13 7.74862E-11 1.32485E-19 1.04105E-12 1.81312E-11 3.28754E-18 4.29814E-20 2.94232E-37
 7.10040E-08 6.34303E-17 2.58597E-21 3.81145E-21 2.48461E-09 6.79112E-21 7.50561E-10 3.93192E-17
 1.13003E-14 1.58344E-09 2.63119E-11 7.72560E-15 4.50757E-05 1.09063E-14 1.84895E-03 1.21516E-14
 2.67123E-09 2.32956E-05 1.02095E-10 3.42523E-13 1.03911E-01 3.30482E-01 5.95424E-03 3.49669E-05
 1.08412E-09 2.54911E-07 1.47981E-13 7.87254E-11 1.38571E-19 9.74266E-13 1.69412E-11 2.93945E-18
 3.45331E-20 3.20124E-37 7.09886E-08 6.72799E-17 2.87559E-21 4.22996E-21 2.50006E-09 6.36459E-21
 7.50540E-10 4.39296E-17 1.22788E-14 1.58319E-09 2.65800E-11 7.40261E-15 4.50752E-05 1.23471E-14
 1.85691E-03 1.33571E-14 2.80639E-09 2.32634E-05 9.50353E-11 4.09473E-13 1.03912E-01 3.30477E-01
 5.95606E-03 3.51744E-05 1.14486E-09 2.54421E-07 1.67956E-13 7.98923E-11 1.44734E-19 9.11912E-13
 1.58166E-11 2.62736E-18 2.77079E-20 3.48421E-37 7.09746E-08 7.12376E-17 3.19502E-21 4.69345E-21
 2.51403E-09 5.96046E-21 7.50521E-10 4.90812E-17 1.33256E-14 1.58299E-09 2.67960E-11 7.08943E-15
 4.50473E-05 1.39764E-14 1.86394E-03 1.46723E-14 2.94684E-09 2.32254E-05 8.84211E-11 4.88780E-13
 1.03912E-01 3.30473E-01 5.95772E-03 3.53676E-05 1.20885E-09 2.53984E-07 1.90541E-13 8.10049E-11
 1.50961E-19 8.54545E-13 1.47387E-11 2.34908E-18 2.21942E-20 3.78905E-37 7.09621E-08 7.52441E-17
 3.54669E-21 5.20653E-21 2.52651E-09 5.58256E-21 7.50504E-10 5.48326E-17 1.44426E-14 1.58284E-09
 2.69675E-11 6.78868E-15 4.49968E-05 1.58174E-14 1.87014E-03 1.61058E-14 3.09289E-09 2.31829E-05
 8.22218E-11 5.82610E-13 1.03913E-01 3.30470E-01 5.95923E-03 3.55475E-05 1.27646E-09 2.53595E-07
 2.16079E-13 8.20746E-11 1.57231E-19 8.02133E-13 1.36958E-11 2.10160E-18 1.77387E-20 4.11328E-37
 7.09510E-08 7.92669E-17 3.93329E-21 5.77434E-21 2.53763E-09 5.23129E-21 7.50489E-10 6.12480E-17
 1.56315E-14 1.58271E-09 2.71027E-11 6.50106E-15 4.49273E-05 1.78964E-14 1.87566E-03 1.76672E-14
 3.24487E-09 2.31366E-05 7.63742E-11 6.93464E-13 1.03914E-01 3.30467E-01 5.96063E-03 3.57171E-05
 1.34807E-09 2.53246E-07 2.44936E-13 8.31071E-11 1.63513E-19 7.53969E-13 1.26825E-11 1.88110E-18
 1.41348E-20 4.45481E-37 7.09410E-08 8.33234E-17 4.35786E-21 6.40270E-21 2.54763E-09 4.90277E-21
 7.50476E-10 6.83996E-17 1.68944E-14 1.58262E-09 2.72098E-11 6.22459E-15 4.48417E-05 2.02433E-14
 1.88060E-03 1.93669E-14 3.40309E-09 2.30869E-05 7.08411E-11 8.24215E-13 1.03914E-01 3.30464E-01
 5.96191E-03 3.58782E-05 1.42404E-09 2.52932E-07 2.77498E-13 8.41032E-11 1.69772E-19 7.09594E-13
 1.16982E-11 1.68441E-18 1.12232E-20 4.81198E-37 7.09320E-08 8.74175E-17 4.82374E-21 7.09803E-21
 2.55667E-09 4.59471E-21 7.50463E-10 7.63681E-17 1.82339E-14 1.58255E-09 2.72946E-11 5.95824E-15
 4.47438E-05 2.28905E-14 1.88500E-03 2.12159E-14 3.56782E-09 2.30352E-05 6.56371E-11 9.78164E-13
 1.03915E-01 3.30461E-01 5.96309E-03 3.60305E-05 1.50475E-09 2.52650E-07 3.14173E-13 8.50612E-11
 1.75951E-19 6.69099E-13 1.07439E-11 1.50948E-18 8.87937E-21 5.18165E-37 7.09238E-08 9.15030E-17
 5.33433E-21 7.86728E-21 2.56479E-09 4.30852E-21 7.50452E-10 8.52403E-17 1.96523E-14 1.58249E-09
 2.73609E-11 5.70355E-15 4.46363E-05 2.58750E-14 1.88890E-03 2.32265E-14 3.73935E-09 2.29820E-05
 6.07457E-11 1.15906E-12 1.03915E-01 3.30459E-01 5.96417E-03 3.61747E-05 1.59058E-09 2.52398E-07
 3.55378E-13 8.59767E-11 1.81997E-19 6.32214E-13 9.82396E-12 1.35380E-18 6.99907E-21 5.56221E-37
 7.09165E-08 9.55648E-17 5.89357E-21 8.71819E-21 2.57209E-09 4.04319E-21 7.50442E-10 9.51137E-17
 2.11527E-14 1.58245E-09 2.74125E-11 5.46027E-15 4.45209E-05 2.92370E-14 1.89240E-03 2.54113E-14
 3.91801E-09 2.29278E-05 5.61291E-11 1.37117E-12 1.03915E-01 3.30457E-01 5.96518E-03 3.63122E-05
 1.68198E-09 2.52170E-07 4.01567E-13 8.68490E-11 1.87853E-19 5.98479E-13 8.93909E-12 1.21491E-18
 5.49289E-21 5.95063E-37 7.09099E-08 9.96128E-17 6.50557E-21 9.65948E-21 2.57870E-09 3.79627E-21
 7.50432E-10 1.06096E-16 2.27378E-14 1.58242E-09 2.74525E-11 5.22702E-15 4.44005E-05 3.30202E-14
 1.89552E-03 2.77839E-14 4.10409E-09 2.28733E-05 5.17917E-11 1.61930E-12 1.03916E-01 3.30455E-01
 5.96610E-03 3.64428E-05 1.77945E-09 2.51966E-07 4.53197E-13 8.76747E-11 1.93448E-19 5.67829E-13
 8.09230E-12 1.09114E-18 4.29176E-21 6.34297E-37 7.09040E-08 1.03613E-16 7.17462E-21 1.07006E-20
 2.58465E-09 3.56813E-21 7.50424E-10 1.18303E-16 2.44102E-14 1.58239E-09 2.74831E-11 5.00458E-15
 4.42774E-05 3.72719E-14 1.89830E-03 3.03584E-14 4.29792E-09 2.28192E-05 4.77304E-11 1.90884E-12
 1.03916E-01 3.30453E-01 5.96694E-03 3.65663E-05 1.88355E-09 2.51784E-07 5.10734E-13 8.84514E-11
 1.98704E-19 5.40129E-13 7.28566E-12 9.80904E-19 3.33764E-21 6.73451E-37 7.08986E-08 1.07539E-16
 7.90526E-21 1.18520E-20 2.59000E-09 3.35859E-21 7.50416E-10 1.31859E-16 2.61725E-14 1.58237E-09
 2.75062E-11 4.79334E-15 4.41533E-05 4.20427E-14 1.90077E-03 3.31494E-14 4.49982E-09 2.27660E-05
 4.39381E-11 2.24577E-12 1.03917E-01 3.30452E-01 5.96772E-03 3.66831E-05 1.99490E-09 2.51620E-07
 5.74643E-13 8.91771E-11 2.03536E-19 5.15169E-13 6.52088E-12 8.82714E-19 2.58252E-21 7.11935E-37
 7.08938E-08 1.11375E-16 8.70222E-21 1.31252E-20 2.59480E-09 3.16689E-21 7.50409E-10 1.46899E-16
 2.80267E-14 1.58236E-09 2.75234E-11 4.59339E-15 4.40296E-05 4.73870E-14 1.90297E-03 3.61718E-14
 4.71013E-09 2.27140E-05 4.04045E-11 2.63669E-12 1.03917E-01 3.30451E-01 5.96843E-03 3.67936E-05
 2.11422E-09 2.51474E-07 6.45364E-13 8.98498E-11 2.07851E-19 4.92684E-13 5.79975E-12 7.95187E-19
 1.98724E-21 7.49035E-37 7.08895E-08 1.15116E-16 9.57037E-21 1.45331E-20 2.59912E-09 2.99180E-21
 7.50403E-10 1.63570E-16 2.99747E-14 1.58236E-09 2.75359E-11 4.40462E-15 4.39063E-05 5.33635E-14
 1.90495E-03 3.94411E-14 4.92922E-09 2.26630E-05 3.71017E-11 3.08874E-12 1.03917E-01 3.30450E-01
 5.96909E-03 3.68990E-05 2.24232E-09 2.51342E-07 7.23322E-13 9.04693E-11 2.11559E-19 4.72284E-13
 5.12256E-12 7.16911E-19 1.51936E-21 7.84047E-37 7.08856E-08 1.18788E-16 1.05148E-20 1.60899E-20
 2.60305E-09 2.83099E-21 7.50397E-10 1.82032E-16 3.20183E-14 1.58235E-09 2.75449E-11 4.22590E-15
 4.37840E-05 6.00349E-14 1.90674E-03 4.29731E-14 5.15746E-09 2.26130E-05 3.40183E-11 3.60959E-12
 1.03918E-01 3.30448E-01 5.96971E-03 3.69998E-05 2.38006E-09 2.51222E-07 8.08872E-13 9.10338E-11
 2.14563E-19 4.53725E-13 4.49096E-12 6.46799E-19 1.15349E-21 8.16235E-37 7.08820E-08 1.22397E-16
 1.15409E-20 1.78116E-20 2.60664E-09 2.68313E-21 7.50392E-10 2.02453E-16 3.41590E-14 1.58235E-09
 2.75511E-11 4.05690E-15 4.36636E-05 6.74666E-14 1.90836E-03 4.67839E-14 5.39522E-09 2.25644E-05
 3.11593E-11 4.20735E-12 1.03918E-01 3.30447E-01 5.97028E-03 3.70961E-05 2.52833E-09 2.51113E-07
 9.02266E-13 9.15399E-11 2.16769E-19 4.36887E-13 3.90827E-12 5.84031E-19 8.69507E-22 8.44843E-37
 7.08787E-08 1.25933E-16 1.26540E-20 1.97151E-20 2.60992E-09 2.54780E-21 7.50386E-10 2.25009E-16
 3.63985E-14 1.58235E-09 2.75552E-11 3.89813E-15 4.35462E-05 7.57441E-14 1.90982E-03 5.08971E-14
 5.64270E-09 2.25173E-05 2.85307E-11 4.89036E-12 1.03918E-01 3.30447E-01 5.97080E-03 3.71878E-05
 2.68752E-09 2.51014E-07 1.00360E-12 9.19818E-11 2.18146E-19 4.21658E-13 3.38010E-12 5.27881E-19
 6.51770E-22 8.70520E-37 7.08757E-08 1.29384E-16 1.38623E-20 2.18191E-20 2.61292E-09 2.42455E-21
 7.50382E-10 2.49900E-16 3.87442E-14 1.58235E-09 2.75577E-11 3.75013E-15 4.34325E-05 8.49572E-14
 1.91115E-03 5.53359E-14 5.90019E-09 2.24721E-05 2.61377E-11 5.66732E-12 1.03919E-01 3.30446E-01
 5.97130E-03 3.72750E-05 2.85820E-09 2.50924E-07 1.11288E-12 9.23577E-11 2.18667E-19 4.07919E-13
 2.90857E-12 4.77735E-19 4.86403E-22 8.93503E-37 7.08730E-08 1.32742E-16 1.51741E-20 2.41438E-20
 2.61565E-09 2.31284E-21 7.50377E-10 2.77335E-16 4.12021E-14 1.58235E-09 2.75588E-11 3.61347E-15
 4.33230E-05 9.52045E-14 1.91234E-03 6.01254E-14 6.16781E-09 2.24289E-05 2.39880E-11 6.54715E-12
 1.03919E-01 3.30445E-01 5.97175E-03 3.73577E-05 3.04076E-09 2.50843E-07 1.22997E-12 9.26662E-11
 2.18313E-19 3.95555E-13 2.49520E-12 4.33074E-19 3.62114E-22 9.13765E-37 7.08705E-08 1.36001E-16
 1.65983E-20 2.67066E-20 2.61815E-09 2.21207E-21 7.50373E-10 3.07532E-16 4.37788E-14 1.58235E-09
 2.75590E-11 3.48899E-15 4.32146E-05 1.06603E-13 1.91346E-03 6.52926E-14 6.44587E-09 2.23863E-05
 2.20282E-11 7.53896E-12 1.03919E-01 3.30444E-01 5.97218E-03 3.74387E-05 3.23580E-09 2.50767E-07
 1.35476E-12 9.29141E-11 2.17111E-19 3.84068E-13 2.13382E-12 3.93008E-19 2.68837E-22 9.31689E-37
 7.08681E-08 1.39266E-16 1.81451E-20 2.95313E-20 2.62051E-09 2.11849E-21 7.50369E-10 3.40750E-16
 4.64812E-14 1.58235E-09 2.75584E-11 3.37416E-15 4.31019E-05 1.19293E-13 1.91457E-03 7.08659E-14
 6.73501E-09 2.23422E-05 2.01860E-11 8.65208E-12 1.03919E-01 3.30444E-01 5.97262E-03 3.75221E-05
 3.44435E-09 2.50691E-07 1.48723E-12 9.31110E-11 2.15101E-19 3.72843E-13 1.81561E-12 3.56652E-19
 1.98658E-22 9.48193E-37 7.08658E-08 1.42708E-16 1.98253E-20 3.26536E-20 2.62286E-09 2.02733E-21
 7.50365E-10 3.77289E-16 4.93158E-14 1.58235E-09 2.75572E-11 3.26530E-15 4.29832E-05 1.33415E-13
 1.91568E-03 7.68734E-14 7.03558E-09 2.22959E-05 1.84524E-11 9.89584E-12 1.03920E-01 3.30443E-01
 5.97307E-03 3.76097E-05 3.66723E-09 2.50615E-07 1.62708E-12 9.32600E-11 2.12294E-19 3.61687E-13
 1.53779E-12 3.23650E-19 1.46212E-22 9.63184E-37 7.08634E-08 1.46400E-16 2.16495E-20 3.61030E-20
 2.62526E-09 1.93725E-21 7.50361E-10 4.17440E-16 5.22884E-14 1.58236E-09 2.75554E-11 3.16229E-15
 4.28586E-05 1.49130E-13 1.91680E-03 8.33470E-14 7.34786E-09 2.22475E-05 1.68410E-11 1.12795E-11
 1.03920E-01 3.30442E-01 5.97353E-03 3.77015E-05 3.90503E-09 2.50538E-07 1.77385E-12 9.33635E-11
 2.08728E-19 3.50617E-13 1.29842E-12 2.93825E-19 1.07360E-22 9.76719E-37 7.08609E-08 1.50353E-16
 2.36298E-20 3.99086E-20 2.62769E-09 1.84855E-21 7.50356E-10 4.61501E-16 5.54059E-14 1.58236E-09
 2.75531E-11 3.06619E-15 4.27284E-05 1.66624E-13 1.91793E-03 9.03242E-14 7.67220E-09 2.21970E-05
 1.53581E-11 1.28124E-11 1.03920E-01 3.30442E-01 5.97401E-03 3.77975E-05 4.15830E-09 2.50461E-07
 1.92712E-12 9.34252E-11 2.04478E-19 3.39657E-13 1.09418E-12 2.66963E-19 7.87592E-23 9.89352E-37
 7.08585E-08 1.54580E-16 2.57803E-20 4.41048E-20 2.63017E-09 1.76160E-21 7.50351E-10 5.09795E-16
 5.86777E-14 1.58236E-09 2.75502E-11 2.97755E-15 4.25931E-05 1.86110E-13 1.91906E-03 9.78465E-14
 8.00897E-09 2.21447E-05 1.40033E-11 1.45041E-11 1.03920E-01 3.30441E-01 5.97449E-03 3.78976E-05
 4.42754E-09 2.50382E-07 2.08643E-12 9.34495E-11 1.99631E-19 3.28832E-13 9.21212E-13 2.42830E-19
 5.78010E-23 1.00171E-36 7.08559E-08 1.59090E-16 2.81170E-20 4.87299E-20 2.63269E-09 1.67666E-21
 7.50346E-10 5.62666E-16 6.21137E-14 1.58237E-09 2.75469E-11 2.89649E-15 4.24528E-05 2.07833E-13
 1.92020E-03 1.05960E-13 8.35853E-09 2.20905E-05 1.27725E-11 1.63646E-11 1.03921E-01 3.30440E-01
 5.97499E-03 3.80020E-05 4.71319E-09 2.50304E-07 2.25134E-12 9.34407E-11 1.94288E-19 3.18160E-13
 7.75631E-13 2.21183E-19 4.24899E-23 1.01445E-36 7.08534E-08 1.63895E-16 3.06573E-20 5.38255E-20
 2.63525E-09 1.59399E-21 7.50341E-10 6.20487E-16 6.57252E-14 1.58237E-09 2.75431E-11 2.82287E-15
 4.23080E-05 2.32069E-13 1.92135E-03 1.14717E-13 8.72128E-09 2.20347E-05 1.16588E-11 1.84045E-11
 1.03921E-01 3.30439E-01 5.97549E-03 3.81106E-05 5.01571E-09 2.50224E-07 2.42143E-12 9.34028E-11
 1.88547E-19 3.07659E-13 6.53664E-13 2.01788E-19 3.13219E-23 1.02824E-36 7.08508E-08 1.69007E-16
 3.34212E-20 5.94371E-20 2.63785E-09 1.51376E-21 7.50336E-10 6.83664E-16 6.95240E-14 1.58238E-09
 2.75390E-11 2.75635E-15 4.21591E-05 2.59125E-13 1.92250E-03 1.24170E-13 9.09764E-09 2.19775E-05
 1.06538E-11 2.06346E-11 1.03921E-01 3.30439E-01 5.97600E-03 3.82234E-05 5.33568E-09 2.50145E-07
 2.59632E-12 9.33400E-11 1.82497E-19 2.97346E-13 5.51707E-13 1.84411E-19 2.31698E-23 1.04346E-36
 7.08481E-08 1.74439E-16 3.64291E-20 6.56142E-20 2.64049E-09 1.43614E-21 7.50330E-10 7.52626E-16
 7.35213E-14 1.58239E-09 2.75344E-11 2.69651E-15 4.20062E-05 2.89330E-13 1.92366E-03 1.34374E-13
 9.48817E-09 2.19189E-05 9.74808E-12 2.30662E-11 1.03921E-01 3.30438E-01 5.97652E-03 3.83405E-05
 5.67392E-09 2.50065E-07 2.77562E-12 9.32558E-11 1.76206E-19 2.87234E-13 4.66474E-13 1.68829E-19
 1.72019E-23 1.06011E-36 7.08455E-08 1.80202E-16 3.97016E-20 7.24107E-20 2.64318E-09 1.36123E-21
 7.50324E-10 8.27819E-16 7.77263E-14 1.58239E-09 2.75296E-11 2.64285E-15 4.18497E-05 3.23072E-13
 1.92482E-03 1.45393E-13 9.89333E-09 2.18591E-05 8.93251E-12 2.57117E-11 1.03922E-01 3.30437E-01
 5.97705E-03 3.84618E-05 6.03107E-09 2.49984E-07 2.95902E-12 9.31532E-11 1.69756E-19 2.77336E-13
 3.95260E-13 1.54846E-19 1.28244E-23 1.07860E-36 7.08427E-08 1.86311E-16 4.32630E-20 7.98854E-20
 2.64590E-09 1.28911E-21 7.50317E-10 9.09745E-16 8.21515E-14 1.58240E-09 2.75244E-11 2.59487E-15
 4.16900E-05 3.60779E-13 1.92599E-03 1.57295E-13 1.03136E-08 2.17984E-05 8.19795E-12 2.85847E-11
 1.03922E-01 3.30436E-01 5.97759E-03 3.85874E-05 6.40784E-09 2.49904E-07 3.14626E-12 9.30349E-11
 1.63217E-19 2.67661E-13 3.35733E-13 1.42283E-19 9.60373E-24 1.09923E-36 7.08400E-08 1.92779E-16
 4.71395E-20 8.81023E-20 2.64866E-09 1.21983E-21 7.50310E-10 9.98943E-16 8.68088E-14 1.58241E-09
 2.75190E-11 2.55207E-15 4.15272E-05 4.02934E-13 1.92715E-03 1.70155E-13 1.07496E-08 2.17369E-05
 7.53572E-12 3.16997E-11 1.03922E-01 3.30436E-01 5.97813E-03 3.87173E-05 6.80508E-09 2.49823E-07
 3.33714E-12 9.29030E-11 1.56650E-19 2.58219E-13 2.85888E-13 1.30978E-19 7.22528E-24 1.12223E-36
 7.08372E-08 1.99621E-16 5.13595E-20 9.71315E-20 2.65145E-09 1.15342E-21 7.50303E-10 1.09600E-15
 9.17108E-14 1.58242E-09 2.75133E-11 2.51397E-15 4.13616E-05 4.50018E-13 1.92832E-03 1.84036E-13
 1.12020E-08 2.16748E-05 6.93758E-12 3.50701E-11 1.03923E-01 3.30435E-01 5.97868E-03 3.88516E-05
 7.22435E-09 2.49742E-07 3.53128E-12 9.27597E-11 1.50071E-19 2.49018E-13 2.43903E-13 1.20770E-19
 5.45550E-24 1.14684E-36 7.08343E-08 2.06851E-16 5.59472E-20 1.07050E-19 2.65429E-09 1.08989E-21
 7.50296E-10 1.20149E-15 9.68627E-14 1.58242E-09 2.75074E-11 2.48010E-15 4.11933E-05 5.02567E-13
 1.92948E-03 1.99006E-13 1.16719E-08 2.16123E-05 6.39607E-12 3.87098E-11 1.03923E-01 3.30434E-01
 5.97923E-03 3.89904E-05 7.66729E-09 2.49661E-07 3.72832E-12 9.26069E-11 1.43496E-19 2.40064E-13
 2.08334E-13 1.11522E-19 4.13004E-24 1.17239E-36 7.08315E-08 2.14486E-16 6.09291E-20 1.17941E-19
 2.65715E-09 1.02922E-21 7.50288E-10 1.31600E-15 1.02270E-13 1.58243E-09 2.75013E-11 2.45005E-15
 4.10224E-05 5.61212E-13 1.93065E-03 2.15145E-13 1.21600E-08 2.15495E-05 5.90470E-12 4.26347E-11
 1.03923E-01 3.30433E-01 5.97979E-03 3.91338E-05 8.13539E-09 2.49580E-07 3.92800E-12 9.24457E-11
 1.36959E-19 2.31362E-13 1.78095E-13 1.03122E-19 3.13344E-24 1.19869E-36 7.08286E-08 2.22541E-16
 6.63371E-20 1.29901E-19 2.66005E-09 9.71393E-22 7.50279E-10 1.44024E-15 1.07941E-13 1.58244E-09
 2.74950E-11 2.42341E-15 4.08489E-05 6.26670E-13 1.93181E-03 2.32538E-13 1.26672E-08 2.14868E-05
 5.45784E-12 4.68623E-11 1.03924E-01 3.30433E-01 5.98035E-03 3.92817E-05 8.63022E-09 2.49500E-07
 4.13014E-12 9.22774E-11 1.30493E-19 2.22916E-13 1.52317E-13 9.54782E-20 2.38167E-24 1.22560E-36
 7.08256E-08 2.31035E-16 7.22074E-20 1.43035E-19 2.66299E-09 9.16359E-22 7.50270E-10 1.57493E-15
 1.13884E-13 1.58245E-09 2.74885E-11 2.39982E-15 4.06729E-05 6.99725E-13 1.93297E-03 2.51270E-13
 1.31947E-08 2.14244E-05 5.05066E-12 5.14100E-11 1.03924E-01 3.30432E-01 5.98092E-03 3.94345E-05
 9.15380E-09 2.49420E-07 4.33447E-12 9.21029E-11 1.24116E-19 2.14731E-13 1.30266E-13 8.85051E-20
 1.81216E-24 1.25259E-36 7.08227E-08 2.39986E-16 7.85769E-20 1.57464E-19 2.66595E-09 8.64078E-22
 7.50260E-10 1.72084E-15 1.20105E-13 1.58246E-09 2.74818E-11 2.37894E-15 4.04943E-05 7.81335E-13
 1.93413E-03 2.71441E-13 1.37436E-08 2.13625E-05 4.67914E-12 5.62996E-11 1.03924E-01 3.30431E-01
 5.98149E-03 3.95920E-05 9.70792E-09 2.49340E-07 4.54097E-12 9.19228E-11 1.17862E-19 2.06809E-13
 1.11388E-13 8.21390E-20 1.38013E-24 1.27974E-36 7.08197E-08 2.49412E-16 8.54923E-20 1.73329E-19
 2.66894E-09 8.14497E-22 7.50250E-10 1.87886E-15 1.26612E-13 1.58247E-09 2.74751E-11 2.36044E-15
 4.03129E-05 8.72689E-13 1.93527E-03 2.93179E-13 1.43147E-08 2.13013E-05 4.34000E-12 6.15587E-11
 1.03925E-01 3.30430E-01 5.98206E-03 3.97546E-05 1.02941E-08 2.49261E-07 4.74990E-12 9.17372E-11
 1.11780E-19 1.99154E-13 9.52573E-14 7.63328E-20 1.05261E-24 1.30773E-36 7.08167E-08 2.59334E-16
 9.30134E-20 1.90789E-19 2.67196E-09 7.67561E-22 7.50239E-10 2.05005E-15 1.33421E-13 1.58248E-09
 2.74682E-11 2.34400E-15 4.01285E-05 9.75220E-13 1.93641E-03 3.16627E-13 1.49089E-08 2.12412E-05
 4.03051E-12 6.72203E-11 1.03925E-01 3.30430E-01 5.98263E-03 3.99223E-05 1.09141E-08 2.49183E-07
 4.96172E-12 9.15460E-11 1.05912E-19 1.91769E-13 8.15113E-14 7.10466E-20 8.04509E-25 1.33738E-36
 7.08136E-08 2.69772E-16 1.01210E-19 2.10033E-19 2.67500E-09 7.23213E-22 7.50228E-10 2.23559E-15
 1.40545E-13 1.58249E-09 2.74612E-11 2.32930E-15 3.99408E-05 1.09081E-12 1.93754E-03 3.41983E-13
 1.55268E-08 2.11824E-05 3.74841E-12 7.33304E-11 1.03925E-01 3.30429E-01 5.98320E-03 4.00953E-05
 1.15689E-08 2.49105E-07 5.17739E-12 9.13486E-11 1.00318E-19 1.84656E-13 6.98577E-14 6.62573E-20
 6.17243E-25 1.37072E-36 7.08106E-08 2.80746E-16 1.10177E-19 2.31279E-19 2.67806E-09 6.81395E-22
 7.50216E-10 2.43699E-15 1.48013E-13 1.58251E-09 2.74541E-11 2.31603E-15 3.97495E-05 1.22154E-12
 1.93865E-03 3.69414E-13 1.61696E-08 2.11253E-05 3.49153E-12 7.99318E-11 1.03926E-01 3.30428E-01
 5.98377E-03 4.02736E-05 1.22610E-08 2.49029E-07 5.39748E-12 9.11447E-11 9.50038E-20 1.77819E-13
 5.99671E-14 6.19234E-20 4.75371E-25 1.40798E-36 7.08075E-08 2.92275E-16 1.20004E-19 2.54775E-19
 2.68114E-09 6.42052E-22 7.50203E-10 2.65572E-15 1.55837E-13 1.58252E-09 2.74470E-11 2.30386E-15
 3.95541E-05 1.36997E-12 1.93975E-03 3.99123E-13 1.68386E-08 2.10701E-05 3.25797E-12 8.70763E-11
 1.03926E-01 3.30427E-01 5.98434E-03 4.04574E-05 1.29932E-08 2.48953E-07 5.62275E-12 9.09338E-11
 8.99796E-20 1.71262E-13 5.15638E-14 5.80126E-20 3.67606E-25 1.44989E-36 7.08044E-08 3.04379E-16
 1.30796E-19 2.80809E-19 2.68423E-09 6.05128E-22 7.50189E-10 2.89348E-15 1.64033E-13 1.58253E-09
 2.74399E-11 2.29250E-15 3.93543E-05 1.53932E-12 1.94083E-03 4.31348E-13 1.75347E-08 2.10173E-05
 3.04609E-12 9.48270E-11 1.03926E-01 3.30426E-01 5.98491E-03 4.06469E-05 1.37680E-08 2.48880E-07
 5.85423E-12 9.07151E-11 8.52565E-20 1.64990E-13 4.44226E-14 5.44988E-20 2.85605E-25 1.49753E-36
 7.08013E-08 3.17075E-16 1.42681E-19 3.09716E-19 2.68733E-09 5.70571E-22 7.50174E-10 3.15226E-15
 1.72620E-13 1.58254E-09 2.74327E-11 2.28160E-15 3.91494E-05 1.73360E-12 1.94189E-03 4.66373E-13
 1.82592E-08 2.09672E-05 2.85449E-12 1.03261E-10 1.03927E-01 3.30426E-01 5.98548E-03 4.08422E-05
 1.45886E-08 2.48808E-07 6.09318E-12 9.04876E-11 8.08440E-20 1.59008E-13 3.83524E-14 5.13606E-20
 2.23107E-25 1.55237E-36 7.07982E-08 3.30381E-16 1.55810E-19 3.41883E-19 2.69044E-09 5.38334E-22
 7.50159E-10 3.43437E-15 1.81622E-13 1.58256E-09 2.74256E-11 2.27079E-15 3.89388E-05 1.95756E-12
 1.94292E-03 5.04469E-13 1.90139E-08 2.09202E-05 2.68200E-12 1.12457E-10 1.03927E-01 3.30425E-01
 5.98604E-03 4.10434E-05 1.54594E-08 2.48738E-07 6.34062E-12 9.02504E-11 7.67278E-20 1.53322E-13
 3.31706E-14 4.85677E-20 1.75162E-25 1.61459E-36 7.07951E-08 3.44310E-16 1.70336E-19 3.77763E-19
 2.69353E-09 5.08378E-22 7.50142E-10 3.74222E-15 1.91048E-13 1.58257E-09 2.74185E-11 2.25962E-15
 3.87219E-05 2.21730E-12 1.94393E-03 5.45990E-13 1.98004E-08 2.08767E-05 2.52799E-12 1.22523E-10
 1.03927E-01 3.30424E-01 5.98660E-03 4.12506E-05 1.63849E-08 2.48670E-07 6.59832E-12 9.00018E-11
 7.29138E-20 1.47939E-13 2.87442E-14 4.61029E-20 1.38277E-25 1.68562E-36 7.07920E-08 3.58873E-16
 1.86458E-19 4.17900E-19 2.69662E-09 4.80668E-22 7.50125E-10 4.07879E-15 2.00917E-13 1.58258E-09
 2.74114E-11 2.24749E-15 3.84981E-05 2.52113E-12 1.94491E-03 5.91459E-13 2.06198E-08 2.08371E-05
 2.39256E-12 1.33616E-10 1.03928E-01 3.30423E-01 5.98715E-03 4.14639E-05 1.73691E-08 2.48605E-07
 6.86957E-12 8.97386E-11 6.94418E-20 1.42869E-13 2.49889E-14 4.39661E-20 1.10004E-25 1.76938E-36
 7.07889E-08 3.74076E-16 2.04453E-19 4.62976E-19 2.69969E-09 4.55184E-22 7.50106E-10 4.44810E-15
 2.11267E-13 1.58260E-09 2.74045E-11 2.23353E-15 3.82664E-05 2.88125E-12 1.94585E-03 6.41737E-13
 2.14718E-08 2.08021E-05 2.27690E-12 1.45997E-10 1.03928E-01 3.30423E-01 5.98770E-03 4.16832E-05
 1.84157E-08 2.48542E-07 7.16012E-12 8.94552E-11 6.63942E-20 1.38122E-13 2.18503E-14 4.21882E-20
 8.86485E-26 1.87529E-36 7.07859E-08 3.89917E-16 2.24755E-19 5.13889E-19 2.70273E-09 4.31916E-22
 7.50087E-10 4.85613E-15 2.22172E-13 1.58261E-09 2.73977E-11 2.21639E-15 3.80263E-05 3.31223E-12
 1.94676E-03 6.97489E-13 2.23623E-08 2.07720E-05 2.18335E-12 1.59927E-10 1.03928E-01 3.30422E-01
 5.98824E-03 4.19087E-05 1.95380E-08 2.48483E-07 7.47436E-12 8.91472E-11 6.37512E-20 1.33712E-13
 1.91898E-14 4.07543E-20 7.22256E-26 2.00476E-36 7.07829E-08 4.06386E-16 2.47756E-19 5.71874E-19
 2.70572E-09 4.10869E-22 7.50066E-10 5.30842E-15 2.33610E-13 1.58263E-09 2.73911E-11 2.19402E-15
 3.77770E-05 3.83775E-12 1.94761E-03 7.59847E-13 2.33004E-08 2.07475E-05 2.11721E-12 1.75869E-10
 1.03929E-01 3.30421E-01 5.98877E-03 4.21401E-05 2.07568E-08 2.48427E-07 7.82118E-12 8.88059E-11
 6.15548E-20 1.29653E-13 1.69011E-14 3.97026E-20 5.94809E-26 2.16459E-36 7.07800E-08 4.23461E-16
 2.74093E-19 6.38895E-19 2.70866E-09 3.92061E-22 7.50044E-10 5.81362E-15 2.45547E-13 1.58265E-09
 2.73847E-11 2.16306E-15 3.75178E-05 4.50021E-12 1.94842E-03 8.30622E-13 2.43046E-08 2.07291E-05
 2.08919E-12 1.94670E-10 1.03929E-01 3.30421E-01 5.98929E-03 4.23772E-05 2.21124E-08 2.48376E-07
 8.21878E-12 8.84132E-11 5.99416E-20 1.25963E-13 1.49002E-14 3.91413E-20 4.95014E-26 2.36558E-36
 7.07771E-08 4.41104E-16 3.04767E-19 7.18555E-19 2.71153E-09 3.75525E-22 7.50020E-10 6.38538E-15
 2.57866E-13 1.58266E-09 2.73786E-11 2.11797E-15 3.72483E-05 5.40288E-12 1.94917E-03 9.15109E-13
 2.54016E-08 2.07173E-05 2.11979E-12 2.18568E-10 1.03929E-01 3.30420E-01 5.98980E-03 4.26195E-05
 2.36794E-08 2.48329E-07 8.71732E-12 8.79187E-11 5.95077E-20 1.22663E-13 1.32220E-14 3.94962E-20
 4.23910E-26 2.66591E-36 7.07743E-08 4.59247E-16 3.42328E-19 8.18560E-19 2.71430E-09 3.61313E-22
 7.49995E-10 7.05810E-15 2.70512E-13 1.58268E-09 2.73728E-11 2.04982E-15 3.69688E-05 6.80511E-12
 1.94986E-03 1.02503E-12 2.66673E-08 2.07126E-05 2.24401E-12 2.52850E-10 1.03930E-01 3.30419E-01
 5.99028E-03 4.28657E-05 2.56589E-08 2.48287E-07 9.42607E-12 8.72133E-11 6.15068E-20 1.19780E-13
 1.18676E-14 4.17128E-20 3.83127E-26 3.18851E-36 7.07717E-08 4.77763E-16 3.92154E-19 9.56958E-19
 2.71696E-09 3.49492E-22 7.49969E-10 7.90715E-15 2.83075E-13 1.58270E-09 2.73674E-11 1.94551E-15
 3.66810E-05 9.45512E-12 1.95048E-03 1.19175E-12 2.82973E-08 2.07155E-05 2.51937E-12 3.11669E-10
 1.03930E-01 3.30419E-01 5.99075E-03 4.31131E-05 2.85803E-08 2.48251E-07 1.05931E-11 8.60488E-11
 6.92280E-20 1.17346E-13 1.08328E-14 4.82395E-20 3.82804E-26 4.27405E-36 7.07692E-08 4.96406E-16
 4.67693E-19 1.17820E-18 2.71946E-09 3.40131E-22 7.49941E-10 9.12783E-15 2.94369E-13 1.58272E-09
 2.73625E-11 1.78868E-15 3.63906E-05 1.56648E-11 1.95101E-03 1.50494E-12 3.08016E-08 2.07257E-05
 3.03727E-12 4.34689E-10 1.03930E-01 3.30418E-01 5.99119E-03 4.33558E-05 3.38300E-08 2.48222E-07
 1.27345E-11 8.39091E-11 9.23575E-20 1.15401E-13 1.00674E-14 6.54022E-20 4.47838E-26 6.90030E-36
 7.07669E-08 5.14664E-16 6.04743E-19 1.59122E-18 2.72174E-09 3.33273E-22 7.49911E-10 1.12561E-14
 3.01255E-13 1.58274E-09 2.73582E-11 1.56605E-15 3.61126E-05 3.38936E-11 1.95144E-03 2.27847E-12
 3.54380E-08 2.07415E-05 3.95646E-12 7.49303E-10 1.03930E-01 3.30418E-01 5.99158E-03 4.35787E-05
 4.48102E-08 2.48200E-07 1.68773E-11 7.97672E-11 1.66066E-19 1.13999E-13 9.64196E-15 1.13703E-19
 6.87732E-26 1.44068E-35 7.07649E-08 5.31353E-16 9.17782E-19 2.44334E-18 2.72370E-09 3.28880E-22
 7.49878E-10 1.60078E-14 2.97799E-13 1.58278E-09 2.73548E-11 1.28277E-15 3.58900E-05 1.79201E-10
 1.95173E-03 5.24878E-12 4.52531E-08 2.07575E-05 5.66488E-12 1.83564E-09 1.03931E-01 3.30418E-01
 5.99187E-03 4.37425E-05 6.81929E-08 2.48187E-07 2.52159E-11 7.14287E-11 4.13325E-19 1.13223E-13
 9.62083E-15 4.33158E-19 1.82568E-25 3.60915E-35 7.07635E-08 5.43505E-16 1.94310E-18 4.09667E-18
 2.72508E-09 3.26756E-22 7.49837E-10 3.10734E-14 2.77844E-13 1.58283E-09 2.73525E-11 9.88869E-16
 2.35352E+02 2.37110E+02 2.38778E+02 2.40353E+02 2.41855E+02 2.43301E+02 2.44699E+02 2.46056E+02
 2.47389E+02 2.48713E+02 2.50040E+02 2.51353E+02 2.52623E+02 2.53847E+02 2.55028E+02 2.56167E+02
 2.57267E+02 2.58333E+02 2.59378E+02 2.60410E+02 2.61436E+02 2.62462E+02 2.63491E+02 2.64533E+02
 2.65609E+02 2.66713E+02 2.67821E+02 2.68917E+02 2.69992E+02 2.71038E+02 2.72047E+02 2.73009E+02
 2.73913E+02 2.74751E+02 2.75515E+02 2.76201E+02 2.76808E+02 2.77339E+02 2.77800E+02 2.78201E+02
 2.78555E+02 2.78876E+02 2.79180E+02 2.79479E+02 2.79782E+02 2.80099E+02 2.80435E+02 2.80793E+02
 2.81178E+02 2.81590E+02 2.82032E+02 2.82508E+02 2.83020E+02 2.83573E+02 2.84170E+02 2.84818E+02
 2.85519E+02 2.86278E+02 2.87084E+02 2.87930E+02 2.88812E+02 2.89724E+02 2.90662E+02 2.91625E+02
 2.92611E+02 2.93613E+02 2.94623E+02 2.95636E+02 2.96645E+02 2.97646E+02 2.98638E+02 2.99618E+02
 3.00583E+02 3.01533E+02 3.02473E+02 3.03412E+02 3.04351E+02 3.05293E+02 3.06244E+02 3.07204E+02
 3.08172E+02 3.09142E+02 3.10102E+02 3.11056E+02 3.12003E+02 3.12940E+02 3.13864E+02 3.14780E+02
 3.15688E+02 3.16576E+02 3.17403E+02 3.18198E+02 3.18974E+02 3.19772E+02 3.20517E+02 3.21178E+02
 3.21723E+02 3.22265E+02 3.22805E+02 3.23217E+02 1.00000E+05 1.00000E+05 1.00000E+05 1.00000E+05
 1.00000E+05 1.00000E+05 1.00000E+05 9.65835E+04 6.92150E+04 3.11244E+04 1.32659E+04 6.76356E+03
 4.98485E+03 4.16000E+03 3.92206E+03 3.97279E+03 4.31265E+03 4.89650E+03 5.63700E+03 6.56156E+03
 7.62153E+03 8.77971E+03 9.99929E+03 1.14579E+04 1.28588E+04 1.43800E+04 1.61853E+04 1.79609E+04
 2.00388E+04 2.24885E+04 2.56009E+04 2.91365E+04 3.30188E+04 3.75962E+04 4.23453E+04 4.78806E+04
 5.47732E+04 6.21368E+04 6.99374E+04 7.96488E+04 8.92276E+04 1.00115E+05 1.12350E+05 1.27271E+05
 1.45874E+05 1.66315E+05 1.87109E+05 2.10900E+05 2.40465E+05 2.70582E+05 3.04371E+05 3.45400E+05
 3.90724E+05 4.43871E+05 4.99926E+05 5.57106E+05 6.20782E+05 6.92321E+05 7.72156E+05 8.60950E+05
 9.59688E+05 9.98221E+05 1.00000E+06 1.00000E+06 1.00000E+06 1.00000E+06 1.00000E+06 1.00000E+06
 1.00000E+06 1.00000E+06 1.00000E+06 1.00000E+06 1.00000E+06 1.00000E+06 1.00000E+06 1.00000E+06
 1.00000E+06 1.00000E+06 1.00000E+06 1.00000E+06 1.00000E+06 1.00000E+06 1.00000E+06 1.00000E+06
 1.00000E+06 1.00000E+06 1.00000E+06 1.00000E+06 1.00000E+06 1.00000E+06 1.00000E+06 1.00000E+06
 1.00000E+06 1.00000E+06 1.00000E+06 1.00000E+06 1.00000E+06 1.00000E+06 1.00000E+06 1.00000E+06
 2.95394E+19 2.63370E+19 2.35106E+19 2.10123E+19 1.87992E+19 1.68349E+19 1.50888E+19 1.35347E+19
 1.21494E+19 1.09128E+19 9.80787E+18 8.82042E+18 7.93825E+18 7.14949E+18 6.44352E+18 5.81110E+18
 5.24404E+18 4.73508E+18 4.27776E+18 3.86645E+18 3.49624E+18 3.16280E+18 2.86231E+18 2.59131E+18
 2.34666E+18 2.12579E+18 1.92652E+18 1.74674E+18 1.58453E+18 1.43812E+18 1.30592E+18 1.18651E+18
 1.07863E+18 9.81117E+17 8.92922E+17 8.13103E+17 7.40809E+17 6.75273E+17 6.15804E+17 5.61786E+17
 5.12667E+17 4.67960E+17 4.27231E+17 3.90101E+17 3.56234E+17 3.25331E+17 2.97127E+17 2.71382E+17
 2.47880E+17 2.26425E+17 2.06837E+17 1.88953E+17 1.72625E+17 1.57715E+17 1.44099E+17 1.31664E+17
 1.20308E+17 1.09937E+17 1.00470E+17 9.18312E+16 8.39491E+16 7.67585E+16 7.01990E+16 6.42144E+16
 5.87542E+16 5.37727E+16 4.92279E+16 4.50814E+16 4.12980E+16 3.78452E+16 3.46928E+16 3.18140E+16
 2.91843E+16 2.67813E+16 2.45839E+16 2.25734E+16 2.07331E+16 1.90481E+16 1.75044E+16 1.60899E+16
 1.47935E+16 1.36053E+16 1.25165E+16 1.15182E+16 1.06026E+16 9.76277E+15 8.99221E+15 8.28481E+15
 7.63520E+15 7.03875E+15 6.49167E+15 5.98908E+15 5.52692E+15 5.10118E+15 4.71001E+15 4.35081E+15
 4.02113E+15 3.71703E+15 3.43646E+15 3.17876E+15 3.79087E-13 4.37356E-13 5.67453E-13 7.71823E-13
 1.05048E-12 1.41075E-12 1.86371E-12 2.43308E-12 3.26809E-12 5.05042E-12 9.56020E-12 2.02052E-11
 3.90217E-11 6.43661E-11 9.38432E-11 1.24247E-10 1.52859E-10 1.77826E-10 1.98643E-10 2.15530E-10
 2.28965E-10 2.39531E-10 2.47751E-10 2.53971E-10 2.58470E-10 2.61442E-10 2.62840E-10 2.62454E-10
 2.60047E-10 2.56588E-10 2.53268E-10 2.50104E-10 2.47082E-10 2.44196E-10 2.41429E-10 2.38769E-10
 2.36231E-10 2.33813E-10 2.31490E-10 2.29264E-10 2.27124E-10 2.25053E-10 2.23049E-10 2.21119E-10
 2.19279E-10 2.17531E-10 2.15854E-10 2.14236E-10 2.12683E-10 2.11194E-10 2.09773E-10 2.08410E-10
 2.07100E-10 2.05846E-10 2.04634E-10 2.03450E-10 2.02294E-10 2.01167E-10 2.00066E-10 1.98993E-10
 1.97945E-10 1.96849E-10 1.95660E-10 1.94368E-10 1.92967E-10 1.91447E-10 1.89801E-10 1.88020E-10
 1.86098E-10 1.84027E-10 1.81800E-10 1.79408E-10 1.76841E-10 1.74093E-10 1.71153E-10 1.68015E-10
 1.64671E-10 1.61114E-10 1.57339E-10 1.53341E-10 1.49116E-10 1.44664E-10 1.39984E-10 1.35081E-10
 1.29958E-10 1.24625E-10 1.19093E-10 1.13377E-10 1.07494E-10 1.01469E-10 9.53271E-11 8.90984E-11
 8.28168E-11 7.65195E-11 7.02469E-11 6.40425E-11 5.79512E-11 5.20182E-11 4.62883E-11 4.08058E-11
 6.56519E-01 6.34186E-01 6.97114E-01 8.05660E-01 9.42240E-01 1.09236E+00 1.24733E+00 1.41536E+00
 1.66525E+00 2.00929E+00 3.27071E+00 6.13894E+00 1.06347E+01 1.58056E+01 2.07826E+01 2.47978E+01
 2.74397E+01 2.86465E+01 2.86613E+01 2.78163E+01 2.64090E+01 2.46828E+01 2.28258E+01 2.09136E+01
 1.90191E+01 1.72246E+01 1.55079E+01 1.38724E+01 1.23278E+01 1.09183E+01 9.68568E+00 8.61455E+00
 7.67076E+00 6.83872E+00 6.10494E+00 5.45659E+00 4.88508E+00 4.38137E+00 3.93354E+00 3.53472E+00
 3.18030E+00 2.86311E+00 2.57875E+00 2.32375E+00 2.09535E+00 1.89011E+00 1.70545E+00 1.53911E+00
 1.38928E+00 1.25428E+00 1.13265E+00 1.02298E+00 9.24160E-01 8.35208E-01 7.54858E-01 6.82224E-01
 6.16606E-01 5.57355E-01 5.03847E-01 4.55540E-01 4.11924E-01 3.72416E-01 3.36594E-01 3.04098E-01
 2.74614E-01 2.47953E-01 2.23829E-01 2.01975E-01 1.82556E-01 1.65432E-01 1.49816E-01 1.35577E-01
 1.22591E-01 1.10748E-01 9.99452E-02 9.00889E-02 8.10977E-02 7.28974E-02 6.54200E-02 5.86053E-02
 5.23989E-02 4.67515E-02 4.16186E-02 3.69575E-02 3.27298E-02 2.89004E-02 2.54377E-02 2.23117E-02
 1.94954E-02 1.69651E-02 1.46994E-02 1.26752E-02 1.08725E-02 9.27190E-03 7.85916E-03 6.61858E-03
 5.53525E-03 4.59280E-03 3.77841E-03 3.08110E-03 1.00000E-12 1.00000E-12 1.00000E-12 1.00000E-12
 1.00000E-12 1.00000E-12 1.00000E-12 1.00000E-12 1.00000E-12 1.00000E-12 1.00000E-12 1.00000E-12
 1.00000E-12 1.00000E-12 1.00000E-12 1.00000E-12 1.00000E-12 1.00000E-12 1.00000E-12 1.00000E-12
 1.00000E-12 1.00000E-12 1.00000E-12 1.00000E-12 1.00000E-12 1.00000E-12 1.00000E-12 1.00000E-12
 1.00000E-12 1.00000E-12 1.00000E-12 1.00000E-12 1.00000E-12 1.00000E-12 1.00000E-12 1.00000E-12
 1.00000E-12 1.00000E-12 1.00000E-12 1.00000E-12 1.00000E-12 1.00000E-12 1.00000E-12 1.00000E-12
 1.00000E-12 1.00000E-12 1.00000E-12 1.00000E-12 1.00000E-12 1.00000E-12 1.00000E-12 1.00000E-12
 1.00000E-12 1.00000E-12 1.00000E-12 1.00000E-12 1.00000E-12 1.00000E-12 1.00000E-12 1.00000E-12
 1.00000E-12 1.00000E-12 1.00000E-12 1.00000E-12 1.00000E-12 1.00000E-12 1.00000E-12 1.00000E-12
 1.00000E-12 1.00000E-12 1.00000E-12 1.00000E-12 1.00000E-12 1.00000E-12 1.00000E-12 1.00000E-12
 1.00000E-12 1.00000E-12 1.00000E-12 1.00000E-12 1.00000E-12 1.00000E-12 1.00000E-12 1.00000E-12
 1.00000E-12 1.00000E-12 1.00000E-12 1.00000E-12 1.00000E-12 1.00000E-12 1.00000E-12 1.00000E-12
 1.00000E-12 1.00000E-12 1.00000E-12 1.00000E-12 1.00000E-12 1.00000E-12 1.00000E-12 1.00000E-12
 1.00000E-12 1.00000E-12 1.00000E-12 1.00000E-12 1.00000E-12 1.00000E-12 1.00000E-12 1.00000E-12
 1.00000E-12 1.00000E-12 1.00000E-12 1.00000E-12 1.00000E-12 1.00000E-12 1.00000E-12 1.00000E-12
 1.00000E-12 1.00000E-12 1.00000E-12 1.00000E-12 1.00000E-12 1.00000E-12 1.00000E-12 1.00000E-12
 1.00000E-12 1.00000E-12 1.00000E-12 1.00000E-12 1.00000E-12 1.00000E-12 1.00000E-12 1.00000E-12
 1.00000E-12 1.00000E-12 1.00000E-12 1.00000E-12 1.00000E-12 1.00000E-12 1.00000E-12 1.00000E-12
 1.00000E-12 1.00000E-12 1.00000E-12 1.00000E-12 1.00000E-12 1.00000E-12 1.00000E-12 1.00000E-12
 1.00000E-12 1.00000E-12 1.00000E-12 1.00000E-12 1.00000E-12 1.00000E-12 1.00000E-12 1.00000E-12
 1.00000E-12 1.00000E-12 1.00000E-12 1.00000E-12 1.00000E-12 1.00000E-12 1.00000E-12 1.00000E-12
 1.00000E-12 1.00000E-12 1.00000E-12 1.00000E-12 1.00000E-12 1.00000E-12 1.00000E-12 1.00000E-12
 1.00000E-12 1.00000E-12 1.00000E-12 1.00000E-12 1.00000E-12 1.00000E-12 1.00000E-12 1.00000E-12
 1.00000E-12 1.00000E-12 1.00000E-12 1.00000E-12 1.00000E-12 1.00000E-12 1.00000E-12 1.00000E-12
 1.00000E-12 1.00000E-12 1.00000E-12 1.00000E-12 1.00000E-12 1.00000E-12 1.00000E-12 1.00000E-12
 1.00000E-12 1.00000E-12 1.00000E-12 1.00000E-12 3.21184E-04 3.41837E-04 3.64580E-04 3.90388E-04
 4.18649E-04 4.50234E-04 4.85886E-04 5.25394E-04 5.68657E-04 6.39702E-04 7.00898E-04 7.61674E-04
 8.26696E-04 8.97597E-04 9.75884E-04 1.06281E-03 1.15974E-03 1.26791E-03 1.38843E-03 1.52240E-03
 1.67105E-03 1.83560E-03 2.01694E-03 2.21749E-03 2.43911E-03 2.68184E-03 2.94930E-03 3.24379E-03
 3.56692E-03 3.92174E-03 4.31047E-03 4.73452E-03 5.19937E-03 5.70866E-03 6.26614E-03 6.87623E-03
 7.54274E-03 8.26996E-03 9.06548E-03 9.93580E-03 1.08862E-02 1.19262E-02 1.30646E-02 1.43107E-02
 1.56736E-02 1.71659E-02 1.87998E-02 2.05887E-02 2.25473E-02 2.46913E-02 2.70382E-02 2.96069E-02
 3.24164E-02 3.54868E-02 3.88459E-02 4.25200E-02 4.65369E-02 5.09261E-02 5.57216E-02 6.09586E-02
 6.66767E-02 7.29174E-02 7.97233E-02 8.71446E-02 9.52353E-02 1.04038E-01 1.13613E-01 1.24029E-01
 1.35236E-01 1.47215E-01 1.60209E-01 1.74298E-01 1.89570E-01 2.06121E-01 2.24055E-01 2.43485E-01
 2.64529E-01 2.87318E-01 3.11991E-01 3.38697E-01 3.67594E-01 3.98853E-01 4.32653E-01 4.69191E-01
 5.08682E-01 5.51352E-01 5.97445E-01 6.47227E-01 7.00983E-01 7.59007E-01 8.21593E-01 8.89117E-01
 9.61971E-01 1.04061E+00 1.12538E+00 1.21671E+00 1.31506E+00 1.42116E+00 1.53558E+00 1.65876E+00
 1.00000E+00 1.00000E+00 1.00000E+00 1.00000E+00 1.00000E+00 1.00000E+00 1.00000E+00 1.00000E+00
 1.00000E+00 1.00000E+00 1.00000E+00 1.00000E+00 1.00000E+00 1.00000E+00 1.00000E+00 1.00000E+00
 1.00000E+00 1.00000E+00 1.00000E+00 1.00000E+00 1.00000E+00 1.00000E+00 1.00000E+00 1.00000E+00
 1.00000E+00 1.00000E+00 1.00000E+00 1.00000E+00 1.00000E+00 1.00000E+00 1.00000E+00 1.00000E+00
 1.00000E+00 1.00000E+00 1.00000E+00 1.00000E+00 1.00000E+00 1.00000E+00 1.00000E+00 1.00000E+00
 1.00000E+00 1.00000E+00 1.00000E+00 1.00000E+00 1.00000E+00 1.00000E+00 1.00000E+00 1.00000E+00
 1.00000E+00 1.00000E+00 1.00000E+00 1.00000E+00 1.00000E+00 1.00000E+00 1.00000E+00 1.00000E+00
 1.00000E+00 1.00000E+00 1.00000E+00 1.00000E+00 1.00000E+00 1.00000E+00 1.00000E+00 1.00000E+00
 1.00000E+00 1.00000E+00 1.00000E+00 1.00000E+00 1.00000E+00 1.00000E+00 1.00000E+00 1.00000E+00
 1.00000E+00 1.00000E+00 1.00000E+00 1.00000E+00 1.00000E+00 1.00000E+00 1.00000E+00 1.00000E+00
 1.00000E+00 1.00000E+00 1.00000E+00 1.00000E+00 1.00000E+00 1.00000E+00 1.00000E+00 1.00000E+00
 1.00000E+00 1.00000E+00 1.00000E+00 1.00000E+00 1.00000E+00 1.00000E+00 1.00000E+00 1.00000E+00
 1.00000E+00 1.00000E+00 1.00000E+00 1.00000E+00 1.00000E+00 1.00000E+00 1.00000E+00 1.00000E+00
 1.00000E+00 1.00000E+00 1.00000E+00 1.00000E+00 1.00000E+00 1.00000E+00 1.00000E+00 1.00000E+00
 1.00000E+00 1.00000E+00 1.00000E+00 1.00000E+00 1.00000E+00 1.00000E+00 1.00000E+00 1.00000E+00
 1.00000E+00 1.00000E+00 1.00000E+00 1.00000E+00 1.00000E+00 1.00000E+00 1.00000E+00 1.00000E+00
 1.00000E+00 1.00000E+00 1.00000E+00 1.00000E+00 1.00000E+00 1.00000E+00 1.00000E+00 1.00000E+00
 1.00000E+00 1.00000E+00 1.00000E+00 1.00000E+00 1.00000E+00 1.00000E+00 1.00000E+00 1.00000E+00
 1.00000E+00 1.00000E+00 1.00000E+00 1.00000E+00 1.00000E+00 1.00000E+00 1.00000E+00 1.00000E+00
 1.00000E+00 1.00000E+00 1.00000E+00 1.00000E+00 1.00000E+00 1.00000E+00 1.00000E+00 1.00000E+00
 1.00000E+00 1.00000E+00 1.00000E+00 1.00000E+00 1.00000E+00 1.00000E+00 1.00000E+00 1.00000E+00
 1.00000E+00 1.00000E+00 1.00000E+00 1.00000E+00 1.00000E+00 1.00000E+00 1.00000E+00 1.00000E+00
 1.00000E+00 1.00000E+00 1.00000E+00 1.00000E+00 1.00000E+00 1.00000E+00 1.00000E+00 1.00000E+00
 1.00000E+00 1.00000E+00 1.00000E+00 1.00000E+00 1.00000E+00 1.00000E+00 1.00000E+00 1.00000E+00
 1.00000E+00 1.00000E+00 1.00000E+00 1.00000E+00 1.00000E+00 1.00000E+00 1.00000E+00 1.00000E+00
 1.00000E-05 1.00000E-05 1.00000E-05 1.00000E-05 1.00000E-05 1.00000E-05 1.00000E-05 1.00000E-05
 1.00000E-05 1.00000E-05 1.00000E-05 1.00000E-05 1.00000E-05 1.00000E-05 1.00000E-05 1.00000E-05
 1.00000E-05 1.00000E-05 1.00000E-05 1.00000E-05 1.00000E-05 1.00000E-05 1.00000E-05 1.00000E-05
 1.00000E-05 1.00000E-05 1.00000E-05 1.00000E-05 1.00000E-05 1.00000E-05 1.00000E-05 1.00000E-05
 1.00000E-05 1.00000E-05 1.00000E-05 1.00000E-05 1.00000E-05 1.00000E-05 1.00000E-05 1.00000E-05
 1.00000E-05 1.00000E-05 1.00000E-05 1.00000E-05 1.00000E-05 1.00000E-05 1.00000E-05 1.00000E-05
 1.00000E-05 1.00000E-05 1.00000E-05 1.00000E-05 1.00000E-05 1.00000E-05 1.00000E-05 1.00000E-05
 1.00000E-05 1.00000E-05 1.00000E-05 1.00000E-05 1.00000E-05 1.00000E-05 1.00000E-05 1.00000E-05
 1.00000E-05 1.00000E-05 1.00000E-05 1.00000E-05 1.00000E-05 1.00000E-05 1.00000E-05 1.00000E-05
 1.00000E-05 1.00000E-05 1.00000E-05 1.00000E-05 1.00000E-05 1.00000E-05 1.00000E-05 1.00000E-05
 1.00000E-05 1.00000E-05 1.00000E-05 1.00000E-05 1.00000E-05 1.00000E-05 1.00000E-05 1.00000E-05
 1.00000E-05 1.00000E-05 1.00000E-05 1.00000E-05 1.00000E-05 1.00000E-05 1.00000E-05 1.00000E-05
 1.00000E-05 1.00000E-05 1.00000E-05 1.00000E-05 1.00000E-09 1.00000E-09 1.00000E-09 1.00000E-09
 1.00000E-09 1.00000E-09 1.00000E-09 1.00000E-09 1.00000E-09 1.00000E-09 1.00000E-09 1.00000E-09
 1.00000E-09 1.00000E-09 1.00000E-09 1.00000E-09 1.00000E-09 1.00000E-09 1.00000E-09 1.00000E-09
 1.00000E-09 1.00000E-09 1.00000E-09 1.00000E-09 1.00000E-09 1.00000E-09 1.00000E-09 1.00000E-09
 1.00000E-09 1.00000E-09 1.00000E-09 1.00000E-09 1.00000E-09 1.00000E-09 1.00000E-09 1.00000E-09
 1.00000E-09 1.00000E-09 1.00000E-09 1.00000E-09 1.00000E-09 1.00000E-09 1.00000E-09 1.00000E-09
 1.00000E-09 1.00000E-09 1.00000E-09 1.00000E-09 1.00000E-09 1.00000E-09 1.00000E-09 1.00000E-09
 1.00000E-09 1.00000E-09 1.00000E-09 1.00000E-09 1.00000E-09 1.00000E-09 1.00000E-09 1.00000E-09
 1.00000E-09 1.00000E-09 1.00000E-09 1.00000E-09 1.00000E-09 1.00000E-09 1.00000E-09 1.00000E-09
 1.00000E-09 1.00000E-09 1.00000E-09 1.00000E-09 1.00000E-09 1.00000E-09 1.00000E-09 1.00000E-09
 1.00000E-09 1.00000E-09 1.00000E-09 1.00000E-09 1.00000E-09 1.00000E-09 1.00000E-09 1.00000E-09
 1.00000E-09 1.00000E-09 1.00000E-09 1.00000E-09 1.00000E-09 1.00000E-09 1.00000E-09 1.00000E-09
 1.00000E-09 1.00000E-09 1.00000E-09 1.00000E-09 1.00000E-09 1.00000E-09 1.00000E-09 1.00000E-09
 1.00000E-09 1.00000E-09 1.00000E-09 1.00000E-09 1.00000E-09 1.00000E-09 1.00000E-09 1.00000E-09
 1.00000E-09 1.00000E-09 1.00000E-09 1.00000E-09 1.00000E-09 1.00000E-09 1.00000E-09 1.00000E-09
 1.00000E-09 1.00000E-09 1.00000E-09 1.00000E-09 1.00000E-09 1.00000E-09 1.00000E-09 1.00000E-09
 1.00000E-09 1.00000E-09 1.00000E-09 1.00000E-09 1.00000E-09 1.00000E-09 1.00000E-09 1.00000E-09
 1.00000E-09 1.00000E-09 1.00000E-09 1.00000E-09 1.00000E-09 1.00000E-09 1.00000E-09 1.00000E-09
 1.00000E-09 1.00000E-09 1.00000E-09 1.00000E-09 1.00000E-09 1.00000E-09 1.00000E-09 1.00000E-09
 1.00000E-09 1.00000E-09 1.00000E-09 1.00000E-09 1.00000E-09 1.00000E-09 1.00000E-09 1.00000E-09
 1.00000E-09 1.00000E-09 1.00000E-09 1.00000E-09 1.00000E-09 1.00000E-09 1.00000E-09 1.00000E-09
 1.00000E-09 1.00000E-09 1.00000E-09 1.00000E-09 1.00000E-09 1.00000E-09 1.00000E-09 1.00000E-09
 1.00000E-09 1.00000E-09 1.00000E-09 1.00000E-09 1.00000E-09 1.00000E-09 1.00000E-09 1.00000E-09
 1.00000E-09 1.00000E-09 1.00000E-09 1.00000E-09 1.00000E-09 1.00000E-09 1.00000E-09 1.00000E-09
 1.00000E-09 1.00000E-09 1.00000E-09 1.00000E-09 1.00000E-09 1.00000E-09 1.00000E-09 1.00000E-09
 1.00000E-09 1.00000E-09 1.00000E-09 1.00000E-09
