 1.28716E-08 3.36223E-16 7.20035E-03 7.57368E-18 1.72699E-11 3.64341E-08 2.34062E-09 8.26518E-19
 2.21565E-02 4.50000E-02 5.90066E-04 4.72045E-08 1.27920E-11 4.87636E-08 2.15941E-12 4.19618E-11
 1.31311E-18 2.12082E-12 3.39786E-12 2.34310E-15 8.41445E-17 2.42820E-39 4.52544E-09 2.47380E-20
 4.66958E-25 4.83055E-23 1.10096E-12 2.88749E-20 1.31367E-10 8.91842E-17 6.52579E-18 7.02638E-11
 1.77458E-15 3.47445E-12 1.61913E-08 4.22677E-16 5.53698E-03 1.22568E-17 2.14737E-11 4.63797E-08
 2.47033E-09 1.31638E-18 2.21565E-02 4.49981E-02 5.90066E-04 5.95777E-08 1.50385E-11 4.86755E-08
 2.20137E-12 4.54185E-11 1.97305E-18 2.65457E-12 7.06674E-12 2.15324E-15 1.11034E-16 8.10317E-39
 4.52359E-09 3.84851E-20 8.00077E-25 7.51262E-23 1.67112E-12 3.83319E-20 1.33777E-10 1.31420E-16
 1.86995E-17 1.20375E-10 3.76478E-15 5.37347E-12 2.15138E-08 5.17547E-16 4.28233E-03 2.02722E-17
 2.72681E-11 6.27702E-08 2.53124E-09 2.15993E-18 2.21565E-02 4.49960E-02 5.90066E-04 7.95511E-08
 1.76132E-11 4.85824E-08 2.07425E-12 4.61884E-11 2.78789E-18 3.04474E-12 1.35868E-11 1.82961E-15
 1.25910E-16 2.47557E-38 4.52160E-09 5.93526E-20 1.34592E-24 1.13451E-22 2.51441E-12 4.62133E-20
 1.37018E-10 1.69416E-16 4.16118E-17 1.73473E-10 7.13066E-15 6.60599E-12 2.89853E-08 6.17385E-16
 3.34010E-03 3.34865E-17 3.47843E-11 8.58463E-08 2.51624E-09 3.56945E-18 2.21565E-02 4.49938E-02
 5.90066E-04 1.07230E-07 2.05519E-11 4.84843E-08 1.81305E-12 4.38980E-11 3.63109E-18 3.29120E-12
 2.34560E-11 1.42872E-15 1.21050E-16 6.80740E-38 4.51945E-09 8.97018E-20 2.22684E-24 1.65388E-22
 3.67479E-12 5.14535E-20 1.41172E-10 2.02965E-16 8.11194E-17 2.30162E-10 1.26863E-14 7.14620E-12
 3.85832E-08 7.22057E-16 2.66762E-03 5.42271E-17 4.39904E-11 1.15029E-07 2.44132E-09 5.83375E-18
 2.21565E-02 4.49914E-02 5.90066E-04 1.41759E-07 2.38516E-11 4.83814E-08 1.48491E-12 3.90428E-11
 4.32352E-18 3.39493E-12 3.59528E-11 1.03011E-15 9.79217E-17 1.65511E-37 4.51712E-09 1.31483E-19
 3.60468E-24 2.30613E-22 5.15818E-12 5.32412E-20 1.46120E-10 2.32993E-16 1.45042E-16 2.89748E-10
 2.13903E-14 7.08440E-12 5.04141E-08 8.38719E-16 2.18552E-03 8.57464E-17 5.49726E-11 1.50285E-07
 2.34019E-09 9.39594E-18 2.21565E-02 4.49888E-02 5.90067E-04 1.83008E-07 2.76141E-11 4.82737E-08
 1.16216E-12 3.30629E-11 4.78016E-18 3.40973E-12 4.93989E-11 7.04696E-16 6.95663E-17 3.54349E-37
 4.51460E-09 1.85884E-19 5.70950E-24 3.07477E-22 6.99472E-12 5.17786E-20 1.51605E-10 2.59651E-16
 2.43082E-16 3.51272E-10 3.44705E-14 6.60699E-12 6.47270E-08 9.82748E-16 1.85088E-03 1.32477E-16
 6.79394E-11 1.92115E-07 2.24758E-09 1.49445E-17 2.21565E-02 4.49860E-02 5.90070E-04 2.31548E-07
 3.20444E-11 4.81606E-08 8.97384E-13 2.75256E-11 5.06478E-18 3.39414E-12 6.20047E-11 4.79286E-16
 4.65842E-17 6.72899E-37 4.51185E-09 2.53685E-19 8.85913E-24 3.95587E-22 9.24782E-12 4.83723E-20
 1.57358E-10 2.82764E-16 3.85955E-16 4.14066E-10 5.34841E-14 5.92261E-12 8.48483E-08 1.16889E-15
 1.45401E-03 2.06947E-16 8.46245E-11 2.50152E-07 2.17629E-09 2.42857E-17 2.21565E-02 4.49823E-02
 5.90075E-04 2.98500E-07 3.78579E-11 4.80196E-08 6.87313E-13 2.30172E-11 5.35028E-18 3.39484E-12
 7.40256E-11 3.32214E-16 3.41108E-17 1.19085E-36 4.50826E-09 3.48980E-19 1.38693E-23 5.03454E-22
 1.25032E-11 4.42437E-20 1.64146E-10 2.94702E-16 5.97753E-16 4.88547E-10 8.51271E-14 5.08837E-12
 1.28732E-07 1.41197E-15 7.51215E-04 3.67272E-16 1.13026E-10 3.76407E-07 2.12281E-09 4.53674E-17
 2.21565E-02 4.49746E-02 5.90093E-04 4.43507E-07 4.82281E-11 4.77421E-08 4.93104E-13 1.94316E-11
 5.97663E-18 3.51199E-12 8.91514E-11 2.32955E-16 3.71526E-17 2.20616E-36 4.50083E-09 5.51025E-19
 2.44508E-23 6.74359E-22 1.99357E-11 4.00596E-20 1.76097E-10 2.68234E-16 9.71974E-16 6.24718E-10
 1.67576E-13 3.86049E-12 2.40308E-07 1.72779E-15 5.02686E-04 7.84275E-16 1.66553E-10 6.93765E-07
 2.08346E-09 1.03274E-16 2.21565E-02 4.49536E-02 5.90169E-04 8.06217E-07 6.89273E-11 4.70225E-08
 3.27661E-13 1.67955E-11 7.39713E-18 3.81173E-12 1.13439E-10 1.64475E-16 3.21458E-17 5.02366E-36
 4.48048E-09 1.10908E-18 5.38033E-23 1.02770E-21 4.02835E-11 3.97824E-20 2.01583E-10 2.08016E-16
 1.73619E-15 9.08302E-10 4.43531E-13 2.24481E-12 4.63791E-07 2.14728E-15 4.83893E-04 1.70372E-15
 2.48210E-10 1.31968E-06 2.07088E-09 2.41332E-16 2.21566E-02 4.49053E-02 5.90446E-04 1.51947E-06
 1.02538E-10 4.54628E-08 2.23139E-13 1.51779E-11 9.51835E-18 4.48178E-12 1.48176E-10 1.21177E-16
 2.18586E-17 1.44242E-35 4.43393E-09 2.52685E-18 1.34764E-22 1.77878E-21 8.68315E-11 4.82272E-20
 2.42530E-10 1.62581E-16 3.10810E-15 1.35664E-09 1.22369E-12 1.17160E-12 7.57094E-07 2.69928E-15
 5.09108E-04 3.10670E-15 3.39001E-10 2.12172E-06 2.08537E-09 4.75257E-16 2.21569E-02 4.48249E-02
 5.91130E-04 2.43040E-06 1.41896E-10 4.29847E-08 1.71552E-13 1.42714E-11 1.15973E-17 5.31495E-12
 1.84561E-10 9.60808E-17 1.54048E-17 4.20937E-35 4.35645E-09 5.30712E-18 3.10070E-22 3.10301E-21
 1.64312E-10 6.29713E-20 2.81698E-10 1.43865E-16 4.83433E-15 1.77823E-09 2.53868E-12 7.23692E-13
 1.02337E-06 3.38777E-15 5.38715E-04 4.70312E-15 4.21126E-10 2.82198E-06 2.10217E-09 7.77719E-16
 2.21573E-02 4.47209E-02 5.92243E-04 3.22184E-06 1.77980E-10 3.98939E-08 1.46905E-13 1.35980E-11
 1.30570E-17 5.81817E-12 2.12304E-10 8.00865E-17 1.15052E-17 1.04636E-34 4.25638E-09 9.38729E-18
 6.02129E-22 4.99053E-21 2.64387E-10 7.74063E-20 2.92260E-10 1.35581E-16 6.13754E-15 1.90609E-09
 3.60904E-12 5.16185E-13 1.21328E-06 4.18883E-15 5.69901E-04 6.28677E-15 4.90253E-10 3.28761E-06
 2.09271E-09 1.12330E-15 2.21577E-02 4.46068E-02 5.93517E-04 3.74521E-06 2.07169E-10 3.65861E-08
 1.33219E-13 1.28367E-11 1.37327E-17 5.78271E-12 2.26715E-10 6.72151E-17 8.56833E-18 2.12217E-34
 4.14664E-09 1.41174E-17 1.00639E-21 7.24813E-21 3.74125E-10 8.55215E-20 2.54150E-10 1.20578E-16
 5.95082E-15 1.56070E-09 3.51287E-12 3.64442E-13 1.33147E-06 5.20857E-15 6.02911E-04 7.82116E-15
 5.49211E-10 3.54134E-06 2.09886E-09 1.50912E-15 2.21581E-02 4.44947E-02 5.94609E-04 4.02930E-06
 2.30236E-10 3.33850E-08 1.23061E-13 1.18762E-11 1.36776E-17 5.35523E-12 2.28113E-10 5.67169E-17
 6.28195E-18 3.75114E-34 4.03864E-09 1.91032E-17 1.50740E-21 9.82870E-21 4.82125E-10 8.67635E-20
 2.19503E-10 1.13896E-16 5.72570E-15 1.26998E-09 3.12939E-12 2.80479E-13 1.40048E-06 6.52041E-15
 6.37840E-04 9.35236E-15 6.02059E-10 3.65453E-06 2.12267E-09 1.94810E-15 2.21584E-02 4.43926E-02
 5.95306E-04 4.15601E-06 2.49261E-10 3.04967E-08 1.18942E-13 1.12296E-11 1.36835E-17 4.83660E-12
 2.29248E-10 4.98248E-17 4.89545E-18 5.99546E-34 3.94004E-09 2.40872E-17 2.09183E-21 1.26746E-20
 5.80728E-10 8.55043E-20 1.89788E-10 1.11512E-16 5.54218E-15 1.04266E-09 2.69702E-12 2.30005E-13
 1.44030E-06 8.18709E-15 6.74580E-04 1.09440E-14 6.52010E-10 3.68822E-06 2.15647E-09 2.46064E-15
 2.21587E-02 4.43036E-02 5.95561E-04 4.19395E-06 2.66060E-10 2.79918E-08 1.17707E-13 1.07455E-11
 1.36995E-17 4.33403E-12 2.30176E-10 4.47991E-17 3.94899E-18 8.89303E-34 3.85378E-09 2.89414E-17
 2.75615E-21 1.57425E-20 6.66981E-10 8.22945E-20 1.65103E-10 1.11684E-16 5.43807E-15 8.71031E-10
 2.31067E-12 1.96056E-13 1.46360E-06 1.02861E-14 7.13076E-04 1.26506E-14 7.01088E-10 3.68017E-06
 2.19542E-09 3.07036E-15 2.21588E-02 4.42274E-02 5.95420E-04 4.18508E-06 2.81807E-10 2.58479E-08
 1.18025E-13 1.03533E-11 1.37097E-17 3.87780E-12 2.30945E-10 4.08568E-17 3.25201E-18 1.25025E-33
 3.77949E-09 3.36526E-17 3.50650E-21 1.90292E-20 7.41280E-10 7.77652E-20 1.44761E-10 1.13555E-16
 5.41999E-15 7.42184E-10 1.99196E-12 1.71184E-13 1.47726E-06 1.29136E-14 7.53283E-04 1.45135E-14
 7.50437E-10 3.65069E-06 2.23657E-09 3.80310E-15 2.21589E-02 4.41624E-02 5.94955E-04 4.15170E-06
 2.97161E-10 2.40165E-08 1.19297E-13 1.00211E-11 1.37082E-17 3.47288E-12 2.31588E-10 3.76263E-17
 2.71566E-18 1.69030E-33 3.71571E-09 3.82394E-17 4.35360E-21 2.25476E-20 8.05056E-10 7.24910E-20
 1.27965E-10 1.16718E-16 5.48541E-15 6.44875E-10 1.73606E-12 1.51883E-13 1.48482E-06 1.61854E-14
 7.94854E-04 1.65668E-14 8.00655E-10 3.61018E-06 2.27806E-09 4.68759E-15 2.21590E-02 4.41066E-02
 5.94234E-04 4.10490E-06 3.12444E-10 2.24382E-08 1.21185E-13 9.72743E-12 1.36869E-17 3.11402E-12
 2.32136E-10 3.48861E-17 2.28996E-18 2.22234E-33 3.66054E-09 4.27429E-17 5.31288E-21 2.63262E-20
 8.60228E-10 6.68874E-20 1.13933E-10 1.20911E-16 5.62672E-15 5.70183E-10 1.53053E-12 1.36220E-13
 1.48801E-06 2.02402E-14 8.36906E-04 1.88415E-14 8.52030E-10 3.56406E-06 2.31865E-09 5.75648E-15
 2.21590E-02 4.40584E-02 5.93313E-04 4.05020E-06 3.27789E-10 2.10670E-08 1.23414E-13 9.45287E-12
 1.36331E-17 2.79470E-12 2.32618E-10 3.24806E-17 1.94351E-18 2.86520E-33 3.61246E-09 4.71974E-17
 6.40225E-21 3.03951E-20 9.08301E-10 6.11999E-20 1.02087E-10 1.26037E-16 5.84067E-15 5.12017E-10
 1.36451E-12 1.23122E-13 1.48777E-06 2.52388E-14 8.77760E-04 2.13715E-14 9.04665E-10 3.51531E-06
 2.35752E-09 7.04706E-15 2.21591E-02 4.40164E-02 5.92239E-04 3.99035E-06 3.43174E-10 1.98642E-08
 1.25615E-13 9.17115E-12 1.35217E-17 2.50867E-12 2.33066E-10 3.02639E-17 1.65311E-18 3.65135E-33
 3.57020E-09 5.16462E-17 7.64495E-21 3.47936E-20 9.50562E-10 5.55460E-20 9.19713E-11 1.32054E-16
 6.12677E-15 4.66037E-10 1.22927E-12 1.11904E-13 1.48474E-06 3.13682E-14 9.16094E-04 2.41935E-14
 9.58600E-10 3.46541E-06 2.39413E-09 8.60249E-15 2.21591E-02 4.39795E-02 5.91044E-04 3.92699E-06
 3.58484E-10 1.87949E-08 1.27415E-13 8.85957E-12 1.33288E-17 2.25249E-12 2.33510E-10 2.81312E-17
 1.40284E-18 4.63264E-33 3.53257E-09 5.61382E-17 9.07102E-21 3.95718E-20 9.88197E-10 5.00257E-20
 8.32016E-11 1.38888E-16 6.48480E-15 4.29039E-10 1.11757E-12 1.02062E-13 1.48001E-06 3.88906E-14
 9.56192E-04 2.73307E-14 1.01430E-09 3.41530E-06 2.42785E-09 1.04831E-14 2.21591E-02 4.39469E-02
 5.89770E-04 3.86297E-06 3.74077E-10 1.78429E-08 1.29843E-13 8.59310E-12 1.31519E-17 2.03197E-12
 2.33867E-10 2.63230E-17 1.20163E-18 5.81090E-33 3.49901E-09 6.06028E-17 1.06949E-20 4.47247E-20
 1.02175E-09 4.50288E-20 7.55768E-11 1.46483E-16 6.91168E-15 3.99124E-10 1.02363E-12 9.33500E-14
 1.47442E-06 4.81828E-14 1.00601E-03 3.07765E-14 1.07252E-09 3.36497E-06 2.45755E-09 1.27733E-14
 2.21591E-02 4.39181E-02 5.88447E-04 3.80042E-06 3.90815E-10 1.69911E-08 1.35234E-13 8.51394E-12
 1.31769E-17 1.85031E-12 2.33991E-10 2.52564E-17 1.06631E-18 7.07203E-33 3.46897E-09 6.48902E-17
 1.25047E-20 5.01842E-20 1.05180E-09 4.09554E-20 6.89070E-11 1.54630E-16 7.39212E-15 3.74760E-10
 9.41901E-13 8.55549E-14 1.46766E-06 5.95797E-14 1.05739E-03 3.45718E-14 1.13299E-09 3.31474E-06
 2.48275E-09 1.55510E-14 2.21591E-02 4.38925E-02 5.87097E-04 3.73832E-06 4.08361E-10 1.62259E-08
 1.42668E-13 8.53990E-12 1.33077E-17 1.69690E-12 2.33977E-10 2.45961E-17 9.70667E-19 8.44690E-33
 3.44196E-09 6.90476E-17 1.45318E-20 5.59857E-20 1.07881E-09 3.74608E-20 6.30413E-11 1.63470E-16
 7.93735E-15 3.54793E-10 8.70778E-13 7.85227E-14 1.45919E-06 7.34076E-14 1.10258E-03 3.87916E-14
 1.19518E-09 3.26559E-06 2.50365E-09 1.88976E-14 2.21591E-02 4.38699E-02 5.85751E-04 3.67545E-06
 4.25995E-10 1.55444E-08 1.50345E-13 8.55172E-12 1.33994E-17 1.56139E-12 2.33957E-10 2.39419E-17
 8.87774E-19 1.00869E-32 3.41789E-09 7.31907E-17 1.68371E-20 6.22165E-20 1.10287E-09 3.41829E-20
 5.79206E-11 1.73467E-16 8.57318E-15 3.38539E-10 8.10196E-13 7.22330E-14 1.44904E-06 9.01103E-14
 1.14184E-03 4.34970E-14 1.25910E-09 3.21831E-06 2.52019E-09 2.29248E-14 2.21591E-02 4.38504E-02
 5.84445E-04 3.61200E-06 4.43617E-10 1.49447E-08 1.58151E-13 8.54404E-12 1.34511E-17 1.44061E-12
 2.33944E-10 2.32753E-17 8.13935E-19 1.20804E-32 3.39671E-09 7.73444E-17 1.94662E-20 6.89138E-20
 1.12405E-09 3.11091E-20 5.34975E-11 1.85013E-16 9.31401E-15 3.25451E-10 7.58903E-13 6.66713E-14
 1.43749E-06 1.10246E-13 1.17586E-03 4.87410E-14 1.32496E-09 3.17319E-06 2.53210E-09 2.77754E-14
 2.21591E-02 4.38335E-02 5.83198E-04 3.54858E-06 4.61367E-10 1.44182E-08 1.66696E-13 8.54965E-12
 1.35096E-17 1.33417E-12 2.33905E-10 2.26877E-17 7.52651E-19 1.44767E-32 3.37811E-09 8.14998E-17
 2.24597E-20 7.60955E-20 1.14265E-09 2.83163E-20 4.96820E-11 1.98322E-16 1.01655E-14 3.14934E-10
 7.14940E-13 6.17528E-14 1.42488E-06 1.34456E-13 1.20541E-03 5.45866E-14 1.39299E-09 3.13040E-06
 2.53908E-09 3.36211E-14 2.21591E-02 4.38188E-02 5.82021E-04 3.48581E-06 4.79307E-10 1.39547E-08
 1.76459E-13 8.58879E-12 1.36063E-17 1.24198E-12 2.33819E-10 2.22249E-17 7.04382E-19 1.73479E-32
 3.36174E-09 8.56550E-17 2.58690E-20 8.37893E-20 1.15903E-09 2.58397E-20 4.63796E-11 2.13573E-16
 1.11336E-14 3.06469E-10 6.76638E-13 5.73757E-14 1.41163E-06 1.63491E-13 1.23114E-03 6.11034E-14
 1.46347E-09 3.09013E-06 2.54073E-09 4.06745E-14 2.21592E-02 4.38060E-02 5.80921E-04 3.42443E-06
 4.97559E-10 1.35455E-08 1.88069E-13 8.68428E-12 1.37751E-17 1.16394E-12 2.33663E-10 2.19336E-17
 6.69816E-19 2.07587E-32 3.34727E-09 8.97990E-17 2.97501E-20 9.20158E-20 1.17349E-09 2.36936E-20
 4.35109E-11 2.30938E-16 1.22234E-14 2.99645E-10 6.42658E-13 5.34488E-14 1.39815E-06 1.98235E-13
 1.25364E-03 6.83663E-14 1.53678E-09 3.05257E-06 2.53653E-09 4.92000E-14 2.21592E-02 4.37948E-02
 5.79902E-04 3.36517E-06 5.16303E-10 1.31832E-08 2.02307E-13 8.86032E-12 1.40503E-17 1.09967E-12
 2.33414E-10 2.18581E-17 6.49713E-19 2.47498E-32 3.33445E-09 9.39159E-17 3.41619E-20 1.00785E-19
 1.18631E-09 2.18714E-20 4.10105E-11 2.50592E-16 1.34389E-14 2.94140E-10 6.11933E-13 4.98931E-14
 1.38499E-06 2.39694E-13 1.27315E-03 7.64694E-14 1.61339E-09 3.01826E-06 2.52593E-09 5.95306E-14
 2.21592E-02 4.37851E-02 5.78979E-04 3.30932E-06 5.35760E-10 1.28651E-08 2.19946E-13 9.13550E-12
 1.44580E-17 1.04891E-12 2.33052E-10 2.20226E-17 6.44228E-19 2.93476E-32 3.32318E-09 9.79619E-17
 3.91707E-20 1.10095E-19 1.19758E-09 2.03554E-20 3.88489E-11 2.72864E-16 1.47865E-14 2.89753E-10
 5.83905E-13 4.66700E-14 1.37247E-06 2.89019E-13 1.29012E-03 8.55098E-14 1.69372E-09 2.98724E-06
 2.50843E-09 7.20710E-14 2.21592E-02 4.37767E-02 5.78148E-04 3.25732E-06 5.56103E-10 1.25850E-08
 2.41861E-13 9.52659E-12 1.50194E-17 1.01035E-12 2.32561E-10 2.24426E-17 6.53399E-19 3.45620E-32
 3.31324E-09 1.01919E-16 4.48514E-20 1.19952E-19 1.20753E-09 1.91087E-20 3.69736E-11 2.97972E-16
 1.62696E-14 2.86257E-10 5.57894E-13 4.37195E-14 1.36080E-06 3.47509E-13 1.30500E-03 9.55945E-14
 1.77814E-09 2.95942E-06 2.48357E-09 8.73185E-14 2.21592E-02 4.37693E-02 5.77405E-04 3.20939E-06
 5.77495E-10 1.23369E-08 2.69035E-13 1.00491E-11 1.57521E-17 9.82510E-13 2.31926E-10 2.31264E-17
 6.77430E-19 4.03814E-32 3.30441E-09 1.05772E-16 5.12875E-20 1.30357E-19 1.21636E-09 1.80915E-20
 3.53366E-11 3.26117E-16 1.78916E-14 2.83470E-10 5.33347E-13 4.09910E-14 1.35024E-06 4.16632E-13
 1.31805E-03 1.06844E-13 1.86710E-09 2.93481E-06 2.45094E-09 1.05894E-13 2.21593E-02 4.37629E-02
 5.76748E-04 3.16591E-06 6.00154E-10 1.21171E-08 3.02635E-13 1.07199E-11 1.66726E-17 9.64089E-13
 2.31131E-10 2.40812E-17 7.16963E-19 4.67431E-32 3.29656E-09 1.09491E-16 5.85677E-20 1.41305E-19
 1.22421E-09 1.72679E-20 3.39071E-11 3.57571E-16 1.96555E-14 2.81260E-10 5.09953E-13 3.84559E-14
 1.34092E-06 4.98005E-13 1.32958E-03 1.19388E-13 1.96100E-09 2.91322E-06 2.41027E-09 1.28556E-13
 2.21593E-02 4.37571E-02 5.76169E-04 3.12687E-06 6.24244E-10 1.19212E-08 3.43979E-13 1.15550E-11
 1.77936E-17 9.53645E-13 2.30157E-10 2.53058E-17 7.72678E-19 5.35703E-32 3.28953E-09 1.13074E-16
 6.67929E-20 1.52796E-19 1.23123E-09 1.65994E-20 3.26500E-11 3.92551E-16 2.15639E-14 2.79509E-10
 4.87381E-13 3.60830E-14 1.33297E-06 5.93350E-13 1.33981E-03 1.33387E-13 2.06022E-09 2.89454E-06
 2.36149E-09 1.56235E-13 2.21593E-02 4.37521E-02 5.75665E-04 3.09234E-06 6.49853E-10 1.17461E-08
 3.94473E-13 1.25671E-11 1.91240E-17 9.49899E-13 2.28994E-10 2.67864E-17 8.45141E-19 6.08289E-32
 3.28322E-09 1.16528E-16 7.60879E-20 1.64844E-19 1.23754E-09 1.60525E-20 3.15415E-11 4.31357E-16
 2.36222E-14 2.78131E-10 4.65469E-13 3.38563E-14 1.32659E-06 7.04561E-13 1.34883E-03 1.49017E-13
 2.16525E-09 2.87873E-06 2.30469E-09 1.90089E-13 2.21593E-02 4.37476E-02 5.75233E-04 3.06264E-06
 6.77122E-10 1.15905E-08 4.55847E-13 1.37737E-11 2.06756E-17 9.51658E-13 2.27623E-10 2.85130E-17
 9.35434E-19 6.84536E-32 3.27759E-09 1.19848E-16 8.65880E-20 1.77465E-19 1.24317E-09 1.56009E-20
 3.05692E-11 4.74393E-16 2.58350E-14 2.77063E-10 4.44227E-13 3.17733E-14 1.32194E-06 8.33766E-13
 1.35672E-03 1.66475E-13 2.27663E-09 2.86570E-06 2.24029E-09 2.31561E-13 2.21593E-02 4.37437E-02
 5.74872E-04 3.03808E-06 7.06263E-10 1.14541E-08 5.30191E-13 1.51956E-11 2.24597E-17 9.57683E-13
 2.26023E-10 3.04778E-17 1.04477E-18 7.63285E-32 3.27262E-09 1.23011E-16 9.84339E-20 1.90679E-19
 1.24815E-09 1.52243E-20 2.97258E-11 5.22150E-16 2.82056E-14 2.76257E-10 4.23828E-13 2.98407E-14
 1.31907E-06 9.83320E-13 1.36360E-03 1.85958E-13 2.39487E-09 2.85509E-06 2.16880E-09 2.82436E-13
 2.21593E-02 4.37403E-02 5.74576E-04 3.01859E-06 7.37519E-10 1.13344E-08 6.20097E-13 1.68589E-11
 2.44878E-17 9.66786E-13 2.24168E-10 3.26738E-17 1.17452E-18 8.42715E-32 3.26823E-09 1.26021E-16
 1.11768E-19 2.04516E-19 1.25254E-09 1.49039E-20 2.89939E-11 5.74990E-16 3.07350E-14 2.75660E-10
 4.04373E-13 2.80530E-14 1.31793E-06 1.15569E-12 1.36971E-03 2.07667E-13 2.52044E-09 2.84639E-06
 2.09047E-09 3.44914E-13 2.21593E-02 4.37372E-02 5.74334E-04 3.00382E-06 7.71148E-10 1.12282E-08
 7.28910E-13 1.87984E-11 2.67784E-17 9.78019E-13 2.22018E-10 3.50976E-17 1.32688E-18 9.20427E-32
 3.26429E-09 1.28910E-16 1.26737E-19 2.19000E-19 1.25647E-09 1.46228E-20 2.83497E-11 6.33097E-16
 3.34235E-14 2.75221E-10 3.85889E-13 2.63932E-14 1.31853E-06 1.35359E-12 1.37512E-03 2.31845E-13
 2.65380E-09 2.83926E-06 2.00622E-09 4.21699E-13 2.21593E-02 4.37345E-02 5.74140E-04 2.99372E-06
 8.07326E-10 1.11340E-08 8.60272E-13 2.10444E-11 2.93423E-17 9.90371E-13 2.19541E-10 3.77305E-17
 1.50286E-18 9.95321E-32 3.26077E-09 1.31690E-16 1.43520E-19 2.34211E-19 1.25999E-09 1.43697E-20
 2.77827E-11 6.96879E-16 3.62745E-14 2.74909E-10 3.68822E-13 2.48658E-14 1.32082E-06 1.58025E-12
 1.37990E-03 2.58727E-13 2.79555E-09 2.83336E-06 1.91713E-09 5.16207E-13 2.21594E-02 4.37321E-02
 5.73990E-04 2.98818E-06 8.46497E-10 1.10509E-08 1.01863E-12 2.36331E-11 3.21812E-17 1.00283E-12
 2.16698E-10 4.05558E-17 1.70263E-18 1.06422E-31 3.25764E-09 1.34367E-16 1.62257E-19 2.50230E-19
 1.26313E-09 1.41351E-20 2.72855E-11 7.66741E-16 3.92869E-14 2.74699E-10 3.53856E-13 2.34768E-14
 1.32472E-06 1.83902E-12 1.38416E-03 2.88553E-13 2.94627E-09 2.82829E-06 1.82381E-09 6.32672E-13
 2.21594E-02 4.37300E-02 5.73878E-04 2.98695E-06 8.89122E-10 1.09771E-08 1.20977E-12 2.66146E-11
 3.53090E-17 1.01460E-12 2.13432E-10 4.35622E-17 1.92713E-18 1.12387E-31 3.25482E-09 1.36983E-16
 1.83088E-19 2.67138E-19 1.26594E-09 1.39099E-20 2.68455E-11 8.42923E-16 4.24596E-14 2.74568E-10
 3.41733E-13 2.22202E-14 1.33014E-06 2.13343E-12 1.38795E-03 3.21631E-13 3.10639E-09 2.82375E-06
 1.72756E-09 7.76230E-13 2.21594E-02 4.37281E-02 5.73798E-04 2.98979E-06 9.35390E-10 1.09115E-08
 1.43979E-12 3.00271E-11 3.87287E-17 1.02489E-12 2.09701E-10 4.67142E-17 2.17438E-18 1.17458E-31
 3.25230E-09 1.39576E-16 2.06225E-19 2.85119E-19 1.26847E-09 1.36873E-20 2.64559E-11 9.25930E-16
 4.57985E-14 2.74496E-10 3.33616E-13 2.10999E-14 1.33691E-06 2.46754E-12 1.39133E-03 3.58295E-13
 3.27632E-09 2.81949E-06 1.62970E-09 9.53232E-13 2.21594E-02 4.37264E-02 5.73746E-04 2.99637E-06
 9.85574E-10 1.08537E-08 1.71548E-12 3.39038E-11 4.24305E-17 1.03295E-12 2.05466E-10 4.99651E-17
 2.43935E-18 1.21680E-31 3.25003E-09 1.42175E-16 2.31892E-19 3.04395E-19 1.27073E-09 1.34613E-20
 2.61116E-11 1.01637E-15 4.93098E-14 2.74472E-10 3.30926E-13 2.01176E-14 1.34485E-06 2.84602E-12
 1.39433E-03 3.98870E-13 3.45658E-09 2.81528E-06 1.53134E-09 1.17165E-12 2.21594E-02 4.37249E-02
 5.73717E-04 3.00635E-06 1.04022E-09 1.08026E-08 2.04450E-12 3.82739E-11 4.63833E-17 1.03818E-12
 2.00689E-10 5.32558E-17 2.71380E-18 1.24914E-31 3.24801E-09 1.44799E-16 2.60264E-19 3.25190E-19
 1.27276E-09 1.32252E-20 2.58073E-11 1.11477E-15 5.29962E-14 2.74482E-10 3.35220E-13 1.92682E-14
 1.35384E-06 3.27371E-12 1.39703E-03 4.43689E-13 3.64778E-09 2.81090E-06 1.43317E-09 1.44143E-12
 2.21593E-02 4.37235E-02 5.73709E-04 3.01942E-06 1.09999E-09 1.07572E-08 2.43589E-12 4.31712E-11
 5.05545E-17 1.04020E-12 1.95328E-10 5.65239E-17 2.98770E-18 1.26994E-31 3.24618E-09 1.47478E-16
 2.91501E-19 3.47731E-19 1.27458E-09 1.29720E-20 2.55361E-11 1.22152E-15 5.68596E-14 2.74517E-10
 3.48194E-13 1.85382E-14 1.36382E-06 3.75553E-12 1.39948E-03 4.93101E-13 3.85060E-09 2.80617E-06
 1.33560E-09 1.77499E-12 2.21593E-02 4.37223E-02 5.73716E-04 3.03541E-06 1.16566E-09 1.07164E-08
 2.90026E-12 4.86309E-11 5.49059E-17 1.03871E-12 1.89337E-10 5.97002E-17 3.24853E-18 1.27765E-31
 3.24452E-09 1.50245E-16 3.25740E-19 3.72254E-19 1.27625E-09 1.26944E-20 2.52912E-11 1.33695E-15
 6.09017E-14 2.74571E-10 3.71686E-13 1.79101E-14 1.37465E-06 4.29696E-12 1.40171E-03 5.47497E-13
 4.06559E-09 2.80100E-06 1.23945E-09 2.18768E-12 2.21593E-02 4.37212E-02 5.73737E-04 3.05398E-06
 1.23800E-09 1.06797E-08 3.44616E-12 5.46296E-11 5.93379E-17 1.03351E-12 1.82731E-10 6.26580E-17
 3.47791E-18 1.27235E-31 3.24299E-09 1.53111E-16 3.63142E-19 3.99087E-19 1.27777E-09 1.23877E-20
 2.50694E-11 1.46160E-15 6.51282E-14 2.74638E-10 4.07223E-13 1.73662E-14 1.38615E-06 4.90369E-12
 1.40375E-03 6.07315E-13 4.29325E-09 2.79534E-06 1.14554E-09 2.69851E-12 2.21593E-02 4.37201E-02
 5.73769E-04 3.07478E-06 1.31781E-09 1.06467E-08 4.07985E-12 6.10923E-11 6.37108E-17 1.02463E-12
 1.75577E-10 6.52380E-17 3.65653E-18 1.25520E-31 3.24160E-09 1.56075E-16 4.03891E-19 4.28620E-19
 1.27917E-09 1.20499E-20 2.48683E-11 1.59616E-15 6.95473E-14 2.74715E-10 4.55547E-13 1.68838E-14
 1.39815E-06 5.58188E-12 1.40562E-03 6.73042E-13 4.53397E-09 2.78920E-06 1.05480E-09 3.33097E-12
 2.21593E-02 4.37192E-02 5.73810E-04 3.09739E-06 1.40597E-09 1.06170E-08 4.80347E-12 6.78790E-11
 6.78442E-17 1.01230E-12 1.68015E-10 6.72588E-17 3.76892E-18 1.22794E-31 3.24032E-09 1.59124E-16
 4.48196E-19 4.61317E-19 1.28045E-09 1.16838E-20 2.46858E-11 1.74148E-15 7.41705E-14 2.74796E-10
 5.15427E-13 1.64392E-14 1.41048E-06 6.33974E-12 1.40733E-03 7.45130E-13 4.78812E-09 2.78262E-06
 9.68587E-10 4.11464E-12 2.21593E-02 4.37183E-02 5.73858E-04 3.12141E-06 1.50374E-09 1.05903E-08
 5.61384E-12 7.47846E-11 7.15235E-17 9.97032E-13 1.60251E-10 6.85455E-17 3.80909E-18 1.19077E-31
 3.23914E-09 1.62230E-16 4.96143E-19 4.97682E-19 1.28162E-09 1.12985E-20 2.45199E-11 1.89831E-15
 7.90062E-14 2.74880E-10 5.81936E-13 1.60133E-14 1.42362E-06 7.18204E-12 1.40898E-03 8.24056E-13
 5.05688E-09 2.77534E-06 8.86112E-10 5.08651E-12 2.21593E-02 4.37174E-02 5.73914E-04 3.14765E-06
 1.61247E-09 1.05650E-08 6.52739E-12 8.18782E-11 7.48158E-17 9.78714E-13 1.52198E-10 6.91729E-17
 3.78432E-18 1.14380E-31 3.23801E-09 1.65505E-16 5.47816E-19 5.38062E-19 1.28276E-09 1.08918E-20
 2.43614E-11 2.06605E-15 8.40549E-14 2.74969E-10 6.46531E-13 1.55878E-14 1.43831E-06 8.11130E-12
 1.41068E-03 9.10494E-13 5.34164E-09 2.76692E-06 8.06277E-10 6.29150E-12 2.21593E-02 4.37166E-02
 5.73982E-04 3.17762E-06 1.73303E-09 1.05397E-08 7.57333E-12 8.93500E-11 7.79064E-17 9.56673E-13
 1.43631E-10 6.93028E-17 3.70031E-18 1.09035E-31 3.23685E-09 1.69130E-16 6.03567E-19 5.82916E-19
 1.28392E-09 1.04551E-20 2.42003E-11 2.24358E-15 8.93220E-14 2.75068E-10 7.03921E-13 1.51473E-14
 1.45480E-06 9.13502E-12 1.41244E-03 1.00529E-12 5.64283E-09 2.75717E-06 7.30206E-10 7.78419E-12
 2.21593E-02 4.37156E-02 5.74062E-04 3.21179E-06 1.86612E-09 1.05140E-08 8.76150E-12 9.71067E-11
 8.07595E-17 9.30857E-13 1.34634E-10 6.89216E-17 3.55981E-18 1.03498E-31 3.23564E-09 1.73165E-16
 6.63904E-19 6.32983E-19 1.28513E-09 9.99326E-21 2.40338E-11 2.43092E-15 9.48251E-14 2.75178E-10
 7.55562E-13 1.46843E-14 1.47314E-06 1.02620E-11 1.41429E-03 1.10940E-12 5.96074E-09 2.74598E-06
 6.58813E-10 9.63154E-12 2.21593E-02 4.37147E-02 5.74155E-04 3.25031E-06 2.01272E-09 1.04878E-08
 1.00959E-11 1.04985E-10 8.32977E-17 9.01519E-13 1.25364E-10 6.79981E-17 3.36770E-18 9.80691E-32
 3.23438E-09 1.77630E-16 7.29360E-19 6.89082E-19 1.28638E-09 9.51314E-21 2.38617E-11 2.62851E-15
 1.00585E-13 2.75298E-10 8.02004E-13 1.41896E-14 1.49338E-06 1.15013E-11 1.41622E-03 1.22382E-12
 6.29571E-09 2.73320E-06 5.92413E-10 1.19164E-11 2.21593E-02 4.37137E-02 5.74261E-04 3.29328E-06
 2.17436E-09 1.04612E-08 1.15819E-11 1.12838E-10 8.54649E-17 8.68973E-13 1.15962E-10 6.65359E-17
 3.13156E-18 9.28412E-32 3.23307E-09 1.82539E-16 8.00400E-19 7.52034E-19 1.28769E-09 9.02008E-21
 2.36834E-11 2.83664E-15 1.06620E-13 2.75429E-10 8.43764E-13 1.36536E-14 1.51557E-06 1.28637E-11
 1.41824E-03 1.34952E-12 6.64817E-09 2.71868E-06 5.31038E-10 1.47417E-11 2.21592E-02 4.37126E-02
 5.74381E-04 3.34083E-06 2.35327E-09 1.04342E-08 1.32255E-11 1.20534E-10 8.72169E-17 8.33601E-13
 1.06553E-10 6.45638E-17 2.86135E-18 8.77526E-32 3.23170E-09 1.87904E-16 8.77335E-19 8.22672E-19
 1.28906E-09 8.51847E-21 2.34984E-11 3.05542E-15 1.12945E-13 2.75570E-10 8.81321E-13 1.30690E-14
 1.53976E-06 1.43608E-11 1.42035E-03 1.48768E-12 7.01824E-09 2.70222E-06 4.74621E-10 1.82332E-11
 2.21592E-02 4.37115E-02 5.74514E-04 3.39308E-06 2.55189E-09 1.04067E-08 1.50336E-11 1.27948E-10
 8.85382E-17 7.95845E-13 9.72533E-11 6.21372E-17 2.56872E-18 8.27868E-32 3.23028E-09 1.93732E-16
 9.60560E-19 9.01919E-19 1.29049E-09 8.01255E-21 2.33058E-11 3.28505E-15 1.19583E-13 2.75723E-10
 9.15122E-13 1.24337E-14 1.56599E-06 1.60060E-11 1.42258E-03 1.63973E-12 7.40560E-09 2.68361E-06
 4.23069E-10 2.25427E-11 2.21592E-02 4.37104E-02 5.74662E-04 3.45012E-06 2.77260E-09 1.03788E-08
 1.70126E-11 1.34964E-10 8.94492E-17 7.56198E-13 8.81706E-11 5.93341E-17 2.26596E-18 7.80237E-32
 3.22879E-09 2.00027E-16 1.05072E-18 9.90842E-19 1.29197E-09 7.50669E-21 2.31051E-11 3.52597E-15
 1.26564E-13 2.75886E-10 9.45582E-13 1.17508E-14 1.59430E-06 1.78150E-11 1.42491E-03 1.80743E-12
 7.80954E-09 2.66265E-06 3.76242E-10 2.78525E-11 2.21592E-02 4.37091E-02 5.74823E-04 3.51203E-06
 3.01801E-09 1.03505E-08 1.91694E-11 1.41478E-10 8.99905E-17 7.15185E-13 7.94009E-11 5.62430E-17
 1.96475E-18 7.35552E-32 3.22724E-09 2.06793E-16 1.14865E-18 1.09065E-18 1.29353E-09 7.00524E-21
 2.28953E-11 3.77881E-15 1.33925E-13 2.76062E-10 9.73081E-13 1.10278E-14 1.62471E-06 1.98063E-11
 1.42737E-03 1.99277E-12 8.22903E-09 2.63908E-06 3.33934E-10 3.43831E-11 2.21592E-02 4.37078E-02
 5.74998E-04 3.57889E-06 3.29129E-09 1.03218E-08 2.15109E-11 1.47400E-10 9.02070E-17 6.73332E-13
 7.10259E-11 5.29517E-17 1.67513E-18 6.94240E-32 3.22561E-09 2.14027E-16 1.25526E-18 1.20267E-18
 1.29515E-09 6.51229E-21 2.26754E-11 4.04422E-15 1.41713E-13 2.76250E-10 9.97966E-13 1.02750E-14
 1.65725E-06 2.20018E-11 1.42995E-03 2.19795E-12 8.66272E-09 2.61269E-06 2.95884E-10 4.24005E-11
 2.21592E-02 4.37065E-02 5.75187E-04 3.65071E-06 3.59647E-09 1.02927E-08 2.40447E-11 1.52656E-10
 9.01386E-17 6.31151E-13 6.31117E-11 4.95407E-17 1.40497E-18 6.56154E-32 3.22392E-09 2.21720E-16
 1.37142E-18 1.32837E-18 1.29685E-09 6.03151E-21 2.24446E-11 4.32279E-15 1.49974E-13 2.76450E-10
 1.02056E-12 9.50437E-15 1.69195E-06 2.44270E-11 1.43268E-03 2.42562E-12 9.10871E-09 2.58324E-06
 2.61815E-10 5.22205E-11 2.21592E-02 4.37050E-02 5.75390E-04 3.72754E-06 3.93793E-09 1.02632E-08
 2.67781E-11 1.57185E-10 8.98356E-17 5.89121E-13 5.57088E-11 4.60863E-17 1.15980E-18 6.21517E-32
 3.22214E-09 2.29862E-16 1.49831E-18 1.46939E-18 1.29862E-09 5.56616E-21 2.22016E-11 4.61532E-15
 1.58771E-13 2.76664E-10 1.04114E-12 8.72903E-15 1.72884E-06 2.71111E-11 1.43555E-03 2.67905E-12
 9.56443E-09 2.55052E-06 2.31444E-10 6.42126E-11 2.21591E-02 4.37035E-02 5.75605E-04 3.80934E-06
 4.32027E-09 1.02334E-08 2.97168E-11 1.60945E-10 8.93567E-17 5.47680E-13 4.88525E-11 4.26585E-17
 9.42847E-19 5.90909E-32 3.22029E-09 2.38436E-16 1.63751E-18 1.62766E-18 1.30048E-09 5.11905E-21
 2.19453E-11 4.92288E-15 1.68178E-13 2.76893E-10 1.05997E-12 7.96219E-15 1.76795E-06 3.00885E-11
 1.43858E-03 2.96169E-12 1.00272E-08 2.51433E-06 2.04447E-10 7.88206E-11 2.21591E-02 4.37019E-02
 5.75834E-04 3.89606E-06 4.74979E-09 1.02032E-08 3.28664E-11 1.63911E-10 8.87320E-17 5.07208E-13
 4.25617E-11 3.93079E-17 7.55189E-19 5.63876E-32 3.21835E-09 2.47419E-16 1.79039E-18 1.80520E-18
 1.30242E-09 4.69228E-21 2.16745E-11 5.24623E-15 1.78273E-13 2.77136E-10 1.07730E-12 7.21516E-15
 1.80931E-06 3.33998E-11 1.44178E-03 3.27703E-12 1.04943E-08 2.47453E-06 1.80485E-10 9.65809E-11
 2.21591E-02 4.37002E-02 5.76074E-04 3.98762E-06 5.23508E-09 1.01726E-08 3.62329E-11 1.66070E-10
 8.79624E-17 4.68025E-13 3.68411E-11 3.60681E-17 5.96189E-19 5.39125E-32 3.21631E-09 2.56786E-16
 1.95788E-18 2.00419E-18 1.30445E-09 4.28734E-21 2.13879E-11 5.58575E-15 1.89136E-13 2.77397E-10
 1.09333E-12 6.49693E-15 1.85295E-06 3.70908E-11 1.44517E-03 3.62965E-12 1.09621E-08 2.43101E-06
 1.59271E-10 1.18109E-10 2.21591E-02 4.36985E-02 5.76326E-04 4.08387E-06 5.78435E-09 1.01417E-08
 3.98170E-11 1.67427E-10 8.70772E-17 4.30396E-13 3.16852E-11 3.29738E-17 4.64118E-19 5.16809E-32
 3.21419E-09 2.66517E-16 2.14182E-18 2.22721E-18 1.30658E-09 3.90545E-21 2.10841E-11 5.94230E-15
 2.00869E-13 2.77674E-10 1.10827E-12 5.81569E-15 1.89891E-06 4.12137E-11 1.44874E-03 4.02521E-12
 1.14266E-08 2.38375E-06 1.40542E-10 1.44114E-10 2.21591E-02 4.36966E-02 5.76588E-04 4.18460E-06
 6.40612E-09 1.01106E-08 4.36136E-11 1.68000E-10 8.61125E-17 3.94532E-13 2.70795E-11 3.00533E-17
 3.56490E-19 4.97544E-32 3.21196E-09 2.76605E-16 2.34480E-18 2.47728E-18 1.30881E-09 3.54748E-21
 2.07618E-11 6.31693E-15 2.13594E-13 2.77970E-10 1.12229E-12 5.17782E-15 1.94722E-06 4.58310E-11
 1.45252E-03 4.46898E-12 1.18848E-08 2.33277E-06 1.24019E-10 1.75467E-10 2.21591E-02 4.36946E-02
 5.76858E-04 4.28951E-06 7.11325E-09 1.00791E-08 4.76184E-11 1.67816E-10 8.50514E-17 3.60591E-13
 2.30008E-11 2.73131E-17 2.70310E-19 4.80179E-32 3.20962E-09 2.87053E-16 2.56822E-18 2.75753E-18
 1.31114E-09 3.21383E-21 2.04196E-11 6.70976E-15 2.27420E-13 2.78285E-10 1.13557E-12 4.58644E-15
 1.99793E-06 5.10127E-11 1.45652E-03 4.96799E-12 1.23329E-08 2.27821E-06 1.09471E-10 2.13159E-10
 2.21591E-02 4.36925E-02 5.77137E-04 4.39824E-06 7.91767E-09 1.00474E-08 5.18179E-11 1.66914E-10
 8.39128E-17 3.28682E-13 1.94209E-11 2.47639E-17 2.02505E-19 4.65031E-32 3.20717E-09 2.97891E-16
 2.81490E-18 3.07175E-18 1.31359E-09 2.90474E-21 2.00560E-11 7.12132E-15 2.42485E-13 2.78621E-10
 1.14826E-12 4.04378E-15 2.05107E-06 5.68380E-11 1.46075E-03 5.53182E-12 1.27672E-08 2.22027E-06
 9.67139E-11 2.58295E-10 2.21591E-02 4.36903E-02 5.77422E-04 4.51031E-06 8.82916E-09 1.00154E-08
 5.61881E-11 1.65351E-10 8.27537E-17 2.98878E-13 1.63081E-11 2.24177E-17 1.50101E-19 4.53715E-32
 3.20461E-09 3.09189E-16 3.08979E-18 3.42470E-18 1.31616E-09 2.62029E-21 1.96696E-11 7.55265E-15
 2.58956E-13 2.78979E-10 1.16051E-12 3.55118E-15 2.10668E-06 6.33998E-11 1.46522E-03 6.17132E-12
 1.31848E-08 2.15923E-06 8.55605E-11 3.12174E-10 2.21591E-02 4.36879E-02 5.77711E-04 4.62514E-06
 9.85925E-09 9.98320E-09 6.07025E-11 1.63188E-10 8.16109E-17 2.71211E-13 1.36268E-11 2.02750E-17
 1.10282E-19 4.47100E-32 3.20192E-09 3.21049E-16 3.39816E-18 3.82181E-18 1.31885E-09 2.36020E-21
 1.92590E-11 8.00415E-15 2.77005E-13 2.79359E-10 1.17245E-12 3.10792E-15 2.16478E-06 7.08063E-11
 1.46995E-03 6.89935E-12 1.35834E-08 2.09543E-06 7.58287E-11 3.76317E-10 2.21591E-02 4.36854E-02
 5.78001E-04 4.74208E-06 1.10204E-08 9.95083E-09 6.53316E-11 1.60492E-10 8.05135E-17 2.45677E-13
 1.13378E-11 1.83305E-17 8.04903E-20 4.45886E-32 3.19909E-09 3.33608E-16 3.74619E-18 4.26938E-18
 1.32167E-09 2.12379E-21 1.88229E-11 8.47579E-15 2.96815E-13 2.79764E-10 1.18421E-12 2.71185E-15
 2.22543E-06 7.91837E-11 1.47496E-03 7.73127E-12 1.39615E-08 2.02929E-06 6.73488E-11 4.52501E-10
 2.21591E-02 4.36828E-02 5.78291E-04 4.86040E-06 1.23259E-08 9.91833E-09 7.00440E-11 1.57337E-10
 7.94886E-17 2.22236E-13 9.40012E-12 1.65756E-17 5.85021E-20 4.50842E-32 3.19613E-09 3.47048E-16
 4.14135E-18 4.77478E-18 1.32463E-09 1.91008E-21 1.83599E-11 8.96701E-15 3.18585E-13 2.80193E-10
 1.19592E-12 2.35993E-15 2.28870E-06 8.86795E-11 1.48025E-03 8.68530E-12 1.43187E-08 1.96122E-06
 5.99642E-11 5.42816E-10 2.21591E-02 4.36800E-02 5.78577E-04 4.97931E-06 1.37897E-08 9.88572E-09
 7.48086E-11 1.53794E-10 7.85592E-17 2.00827E-13 7.77234E-12 1.49985E-17 4.24546E-20 4.62798E-32
 3.19303E-09 3.61605E-16 4.59241E-18 5.34658E-18 1.32773E-09 1.71779E-21 1.78690E-11 9.47652E-15
 3.42524E-13 2.80648E-10 1.20768E-12 2.04859E-15 2.35466E-06 9.94672E-11 1.48584E-03 9.78366E-12
 1.46547E-08 1.89167E-06 5.35354E-11 6.49703E-10 2.21591E-02 4.36771E-02 5.78855E-04 5.09792E-06
 1.54260E-08 9.85306E-09 7.95948E-11 1.49935E-10 7.77521E-17 1.81364E-13 6.41395E-12 1.35872E-17
 3.08427E-20 4.83038E-32 3.18978E-09 3.77584E-16 5.11030E-18 5.99482E-18 1.33099E-09 1.54547E-21
 1.73489E-11 1.00023E-14 3.68860E-13 2.81130E-10 1.21961E-12 1.77415E-15 2.42345E-06 1.11751E-10
 1.49175E-03 1.10529E-11 1.49702E-08 1.82111E-06 4.79340E-11 7.76062E-10 2.21592E-02 4.36740E-02
 5.79123E-04 5.21532E-06 1.72504E-08 9.82039E-09 8.43744E-11 1.45826E-10 7.70865E-17 1.63749E-13
 5.28636E-12 1.23282E-17 2.24843E-20 5.13041E-32 3.18637E-09 3.95377E-16 5.70797E-18 6.73112E-18
 1.33440E-09 1.39149E-21 1.67987E-11 1.05414E-14 3.97838E-13 2.81639E-10 1.23181E-12 1.53282E-15
 2.49522E-06 1.25774E-10 1.49799E-03 1.25216E-11 1.52673E-08 1.74997E-06 4.30306E-11 9.25497E-10
 2.21592E-02 4.36708E-02 5.79376E-04 5.33053E-06 1.92869E-08 9.78778E-09 8.91287E-11 1.41522E-10
 7.65365E-17 1.47870E-13 4.35373E-12 1.12024E-17 1.64730E-20 5.53019E-32 3.18279E-09 4.15502E-16
 6.39734E-18 7.56819E-18 1.33797E-09 1.25413E-21 1.62175E-11 1.10887E-14 4.29678E-13 2.82175E-10
 1.24440E-12 1.32065E-15 2.57019E-06 1.41815E-10 1.50458E-03 1.42247E-11 1.55485E-08 1.67867E-06
 3.87177E-11 1.10230E-09 2.21592E-02 4.36673E-02 5.79609E-04 5.44250E-06 2.15611E-08 9.75528E-09
 9.38391E-11 1.37075E-10 7.60876E-17 1.33616E-13 3.58417E-12 1.01944E-17 1.21408E-20 6.03817E-32
 3.17904E-09 4.38669E-16 7.19318E-18 8.52092E-18 1.34172E-09 1.13172E-21 1.56044E-11 1.16380E-14
 4.64606E-13 2.82740E-10 1.25747E-12 1.13419E-15 2.64862E-06 1.60200E-10 1.51154E-03 1.62051E-11
 1.58168E-08 1.60762E-06 3.49076E-11 1.31162E-09 2.21593E-02 4.36637E-02 5.79817E-04 5.55009E-06
 2.41005E-08 9.72294E-09 9.84899E-11 1.32528E-10 7.57394E-17 1.20876E-13 2.95016E-12 9.29070E-18
 9.00617E-21 6.66959E-32 3.17512E-09 4.65876E-16 8.11368E-18 9.60693E-18 1.34565E-09 1.02274E-21
 1.49589E-11 1.21816E-14 5.02858E-13 2.83333E-10 1.27114E-12 9.70457E-16 2.73086E-06 1.81307E-10
 1.51889E-03 1.85167E-11 1.60757E-08 1.53718E-06 3.15295E-11 1.55969E-09 2.21593E-02 4.36599E-02
 5.79994E-04 5.65203E-06 2.69334E-08 9.69084E-09 1.03069E-10 1.27918E-10 7.55145E-17 1.09550E-13
 2.42830E-12 8.47988E-18 6.72680E-21 7.45175E-32 3.17100E-09 4.98531E-16 9.18222E-18 1.08477E-17
 1.34976E-09 9.25853E-22 1.42804E-11 1.27101E-14 5.44676E-13 2.83955E-10 1.28552E-12 8.26864E-16
 2.81730E-06 2.05579E-10 1.52665E-03 2.12323E-11 1.63279E-08 1.46767E-06 2.85299E-11 1.85411E-09
 2.21594E-02 4.36559E-02 5.80134E-04 5.74686E-06 3.00867E-08 9.65905E-09 1.07566E-10 1.23274E-10
 7.54773E-17 9.95485E-14 1.99898E-12 7.75412E-18 5.06018E-21 8.44002E-32 3.16669E-09 5.38628E-16
 1.04323E-17 1.22706E-17 1.35407E-09 8.39933E-22 1.35684E-11 1.32132E-14 5.90352E-13 2.84606E-10
 1.30073E-12 7.01174E-16 2.90846E-06 2.33539E-10 1.53483E-03 2.44452E-11 1.65763E-08 1.39940E-06
 2.58543E-11 2.20464E-09 2.21595E-02 4.36517E-02 5.80229E-04 5.83294E-06 3.35976E-08 9.62764E-09
 1.11980E-10 1.18618E-10 7.56854E-17 9.07956E-14 1.64564E-12 7.10461E-18 3.83230E-21 9.70102E-32
 3.16218E-09 5.88981E-16 1.19060E-17 1.39090E-17 1.35859E-09 7.63993E-22 1.28230E-11 1.36787E-14
 6.40176E-13 2.85285E-10 1.31689E-12 5.91271E-16 3.00504E-06 2.65761E-10 1.54346E-03 2.82591E-11
 1.68282E-08 1.33260E-06 2.34263E-11 2.62460E-09 2.21595E-02 4.36472E-02 5.80271E-04 5.90835E-06
 3.75426E-08 9.59671E-09 1.16322E-10 1.13952E-10 7.60900E-17 8.32297E-14 1.35430E-12 6.51472E-18
 2.91700E-21 1.12399E-31 3.15745E-09 6.53578E-16 1.36386E-17 1.58023E-17 1.36331E-09 6.97177E-22
 1.20440E-11 1.40905E-14 6.94238E-13 2.85992E-10 1.33413E-12 4.95011E-16 3.10788E-06 3.02851E-10
 1.55256E-03 3.28044E-11 1.70937E-08 1.26745E-06 2.11740E-11 3.13182E-09 2.21596E-02 4.36426E-02
 5.80251E-04 5.97076E-06 4.20312E-08 9.56633E-09 1.20604E-10 1.09276E-10 7.66267E-17 7.68115E-14
 1.11352E-12 5.96891E-18 2.22640E-21 1.30226E-31 3.15251E-09 7.38162E-16 1.56673E-17 1.80016E-17
 1.36826E-09 6.38954E-22 1.12315E-11 1.44298E-14 7.52444E-13 2.86728E-10 1.35259E-12 4.10624E-16
 3.21801E-06 3.45465E-10 1.56216E-03 3.82670E-11 1.73846E-08 1.20408E-06 1.90479E-11 3.75063E-09
 2.21597E-02 4.36377E-02 5.80158E-04 6.01720E-06 4.72011E-08 9.53660E-09 1.24845E-10 1.04585E-10
 7.73122E-17 7.15340E-14 9.14256E-13 5.45689E-18 1.70189E-21 1.50269E-31 3.14733E-09 8.51060E-16
 1.80453E-17 2.05824E-17 1.37343E-09 5.89345E-22 1.03854E-11 1.46766E-14 8.14562E-13 2.87492E-10
 1.37244E-12 3.36764E-16 3.33655E-06 3.94431E-10 1.57228E-03 4.49398E-11 1.77119E-08 1.14256E-06
 1.70345E-11 4.51654E-09 2.21597E-02 4.36325E-02 5.79978E-04 6.04372E-06 5.32129E-08 9.50762E-09
 1.29086E-10 9.98431E-11 7.83732E-17 6.74331E-14 7.49482E-13 4.97451E-18 1.30565E-21 1.73695E-31
 3.14192E-09 1.00432E-15 2.08648E-17 2.36712E-17 1.37885E-09 5.49115E-22 9.50548E-12 1.48134E-14
 8.80391E-13 2.88284E-10 1.39385E-12 2.72368E-16 3.46468E-06 4.51702E-10 1.58294E-03 5.34963E-11
 1.80588E-08 1.08294E-06 1.52212E-11 5.48648E-09 2.21598E-02 4.36271E-02 5.79699E-04 6.04504E-06
 6.01353E-08 9.47951E-09 1.33416E-10 9.49699E-11 8.09022E-17 6.45978E-14 6.13832E-13 4.54999E-18
 1.01437E-21 2.11425E-31 3.13625E-09 1.21515E-15 2.44508E-17 2.75180E-17 1.38451E-09 5.19969E-22
 8.59212E-12 1.48430E-14 9.51235E-13 2.89104E-10 1.41699E-12 2.16801E-16 3.60359E-06 5.22119E-10
 1.59413E-03 6.54233E-11 1.83719E-08 1.02535E-06 1.37483E-11 6.76746E-09 2.21599E-02 4.36214E-02
 5.79302E-04 6.01448E-06 6.79658E-08 9.45247E-09 1.37997E-10 8.98097E-11 8.71927E-17 6.31599E-14
 5.02693E-13 4.23718E-18 8.09277E-22 2.98769E-31 3.13035E-09 1.50720E-15 2.96144E-17 3.25982E-17
 1.39041E-09 5.04233E-22 7.64773E-12 1.48009E-14 1.03056E-12 2.89944E-10 1.44201E-12 1.69392E-16
 3.75483E-06 6.13802E-10 1.60582E-03 8.33006E-11 1.86328E-08 9.69959E-07 1.26168E-11 8.56785E-09
 2.21599E-02 4.36156E-02 5.78773E-04 5.94404E-06 7.70529E-08 9.42677E-09 1.43080E-10 8.41241E-11
 1.00137E-16 6.32569E-14 4.11215E-13 4.05441E-18 6.68233E-22 5.32052E-31 3.12424E-09 1.91193E-15
 3.76553E-17 3.97373E-17 1.39653E-09 5.04061E-22 6.67766E-12 1.47310E-14 1.12019E-12 2.90797E-10
 1.46897E-12 1.29027E-16 3.92054E-06 7.39251E-10 1.61794E-03 1.11930E-10 1.88987E-08 9.16971E-07
 1.17047E-11 1.12848E-08 2.21600E-02 4.36095E-02 5.78099E-04 5.82435E-06 8.83167E-08 9.40269E-09
 1.48921E-10 7.76767E-11 1.24280E-16 6.50101E-14 3.34736E-13 3.99650E-18 5.69671E-22 1.27045E-30
 3.11794E-09 2.47073E-15 5.08726E-17 5.04580E-17 1.40282E-09 5.21205E-22 5.69003E-12 1.46735E-14
 1.21703E-12 2.91659E-10 1.49788E-12 9.49112E-17 4.10317E-06 9.17402E-10 1.63042E-03 1.61119E-10
 1.93235E-08 8.66542E-07 1.08277E-11 1.56827E-08 2.21601E-02 4.36034E-02 5.77269E-04 5.64371E-06
 1.03361E-07 9.38053E-09 1.55726E-10 7.02834E-11 1.68603E-16 6.85120E-14 2.69514E-13 4.04987E-18
 4.97825E-22 3.97446E-30 3.11153E-09 3.23710E-15 7.38636E-17 6.77787E-17 1.40923E-09 5.56972E-22
 4.69596E-12 1.46503E-14 1.31024E-12 2.92529E-10 1.52869E-12 6.68645E-17 4.30397E-06 1.17910E-09
 1.64314E-03 2.53240E-10 2.01327E-08 8.18789E-07 9.87987E-12 2.32658E-08 2.21601E-02 4.35971E-02
 5.76276E-04 5.38688E-06 1.24111E-07 9.36059E-09 1.63611E-10 6.18582E-11 2.54818E-16 7.38020E-14
 2.13008E-13 4.23857E-18 4.44190E-22 1.39682E-29 3.10506E-09 4.27606E-15 1.17566E-16 9.79963E-17
 1.41570E-09 6.11884E-22 3.71205E-12 1.46369E-14 1.38079E-12 2.93410E-10 1.56123E-12 4.51126E-17
 4.52041E-06 1.58311E-09 1.65586E-03 4.44915E-10 2.16056E-08 7.73898E-07 8.96339E-12 3.70445E-08
 2.21602E-02 4.35910E-02 5.75125E-04 5.03580E-06 1.51655E-07 9.34326E-09 1.72483E-10 5.25339E-11
 4.40297E-16 8.07635E-14 1.63763E-13 4.72929E-18 4.05323E-22 4.64547E-29 3.09867E-09 5.65166E-15
 2.12787E-16 1.54402E-16 1.42209E-09 6.83762E-22 2.76665E-12 1.44796E-14 1.40150E-12 2.94301E-10
 1.59505E-12 2.96534E-17 4.74610E-06 2.18880E-09 1.66815E-03 8.71173E-10 2.43507E-08 7.32171E-07
 7.81241E-12 6.30639E-08 2.21603E-02 4.35851E-02 5.73858E-04 4.57568E-06 1.88119E-07 9.32899E-09
 1.82066E-10 4.26251E-11 8.48751E-16 8.88325E-14 1.21158E-13 5.64832E-18 3.78746E-22 1.30298E-28
 3.09258E-09 7.38773E-15 4.32272E-16 2.64371E-16 1.42817E-09 7.62367E-22 1.90508E-12 1.38138E-14
 1.33784E-12 2.95193E-10 1.62906E-12 1.96121E-17 4.96627E-06 3.16725E-09 1.67914E-03 1.91128E-09
 2.89344E-08 6.94543E-07 6.61715E-12 1.15295E-07 2.21603E-02 4.35800E-02 5.72592E-04 4.01176E-06
 2.31795E-07 9.31837E-09 1.92323E-10 3.21812E-11 1.79117E-15 9.67407E-14 8.60167E-14 7.79508E-18
 3.63955E-22 3.01609E-28 3.08723E-09 9.35265E-15 9.90740E-16 4.75768E-16 1.43352E-09 8.26664E-22
 1.19273E-12 1.23987E-14 1.18080E-12 2.96032E-10 1.66081E-12 1.36490E-17 5.15018E-06 7.30422E-09
 1.68691E-03 4.65270E-09 3.42197E-08 6.65243E-07 7.79826E-12 2.34308E-07 2.21604E-02 4.35765E-02
 5.71648E-04 3.44502E-06 2.68079E-07 9.31229E-09 2.03733E-10 2.06984E-11 3.76222E-15 1.02058E-13
 6.22609E-14 1.47902E-17 3.59779E-22 5.23186E-28 3.08352E-09 1.09450E-14 2.54010E-15 7.64758E-16
 1.43723E-09 8.47905E-22 7.26589E-13 1.05924E-14 9.88767E-13 2.96669E-10 1.68434E-12 1.02864E-17
 2.79288E+02 2.75664E+02 2.72372E+02 2.69437E+02 2.66835E+02 2.64577E+02 2.62735E+02 2.61296E+02
 2.60307E+02 2.59725E+02 2.59319E+02 2.58909E+02 2.58483E+02 2.58054E+02 2.57626E+02 2.57200E+02
 2.56771E+02 2.56338E+02 2.55898E+02 2.55447E+02 2.54975E+02 2.54463E+02 2.53887E+02 2.53305E+02
 2.52838E+02 2.52425E+02 2.51957E+02 2.51420E+02 2.50834E+02 2.50207E+02 2.49553E+02 2.48888E+02
 2.48225E+02 2.47573E+02 2.46941E+02 2.46338E+02 2.45769E+02 2.45231E+02 2.44725E+02 2.44253E+02
 2.43821E+02 2.43439E+02 2.43105E+02 2.42831E+02 2.42628E+02 2.42491E+02 2.42416E+02 2.42409E+02
 2.42482E+02 2.42644E+02 2.42899E+02 2.43248E+02 2.43691E+02 2.44236E+02 2.44892E+02 2.45640E+02
 2.46463E+02 2.47344E+02 2.48279E+02 2.49272E+02 2.50327E+02 2.51433E+02 2.52580E+02 2.53759E+02
 2.54968E+02 2.56198E+02 2.57434E+02 2.58675E+02 2.59933E+02 2.61201E+02 2.62463E+02 2.63733E+02
 2.65003E+02 2.66239E+02 2.67420E+02 2.68530E+02 2.69552E+02 2.70474E+02 2.71282E+02 2.71967E+02
 2.72550E+02 2.73047E+02 2.73467E+02 2.73815E+02 2.74071E+02 2.74226E+02 2.74345E+02 2.74512E+02
 2.74789E+02 2.75198E+02 2.75398E+02 2.74667E+02 2.72674E+02 2.69515E+02 2.65576E+02 2.60998E+02
 2.55079E+02 2.49114E+02 2.43288E+02 2.37599E+02 1.00000E+05 1.00000E+05 1.00000E+05 1.00000E+05
 1.00000E+05 1.00000E+05 9.82400E+04 6.92150E+04 2.69817E+04 1.08520E+04 5.98850E+03 4.43583E+03
 3.94167E+03 3.94950E+03 4.28567E+03 4.94317E+03 5.81300E+03 6.89450E+03 8.15100E+03 9.50800E+03
 1.10717E+04 1.26800E+04 1.43800E+04 1.64300E+04 1.84800E+04 2.09800E+04 2.40383E+04 2.79600E+04
 3.22000E+04 3.72817E+04 4.26967E+04 4.91700E+04 5.73183E+04 6.56017E+04 7.56300E+04 8.65750E+04
 9.85417E+04 1.12350E+05 1.29467E+05 1.51217E+05 1.74550E+05 1.98717E+05 2.30033E+05 2.64700E+05
 3.02033E+05 3.48333E+05 4.00700E+05 4.63400E+05 5.25733E+05 5.94900E+05 6.72567E+05 7.60783E+05
 8.60950E+05 9.73367E+05 1.00000E+06 1.00000E+06 1.00000E+06 1.00000E+06 1.00000E+06 1.00000E+06
 1.00000E+06 1.00000E+06 1.00000E+06 1.00000E+06 1.00000E+06 1.00000E+06 1.00000E+06 1.00000E+06
 1.00000E+06 1.00000E+06 1.00000E+06 1.00000E+06 1.00000E+06 1.00000E+06 1.00000E+06 1.00000E+06
 1.00000E+06 1.00000E+06 1.00000E+06 1.00000E+06 1.00000E+06 1.00000E+06 1.00000E+06 1.00000E+06
 1.00000E+06 1.00000E+06 1.00000E+06 1.00000E+06 1.00000E+06 1.00000E+06 1.00000E+06 1.00000E+06
 1.00000E+06 1.00000E+06 1.00000E+06 1.00000E+06 1.00000E+06 1.00000E+06 1.00000E+06 1.00000E+06
 2.51404E+19 2.33030E+19 2.15535E+19 1.98916E+19 1.83204E+19 1.68391E+19 1.54434E+19 1.41342E+19
 1.29087E+19 1.17680E+19 1.07192E+19 9.76284E+18 8.89119E+18 8.09639E+18 7.37159E+18 6.71075E+18
 6.10840E+18 5.55946E+18 5.05928E+18 4.60364E+18 4.18876E+18 3.81127E+18 3.46803E+18 3.15519E+18
 2.86875E+18 2.60739E+18 2.37002E+18 2.15448E+18 1.95856E+18 1.78037E+18 1.61821E+18 1.47055E+18
 1.33604E+18 1.21350E+18 1.10186E+18 1.00015E+18 9.07516E+17 8.23195E+17 7.46478E+17 6.76698E+17
 6.13240E+17 5.55543E+17 5.03115E+17 4.55475E+17 4.12193E+17 3.72907E+17 3.37272E+17 3.04957E+17
 2.75659E+17 2.49103E+17 2.25042E+17 2.03258E+17 1.83546E+17 1.65715E+17 1.49589E+17 1.35024E+17
 1.21883E+17 1.10036E+17 9.93591E+16 8.97341E+16 8.10575E+16 7.32384E+16 6.61944E+16 5.98493E+16
 5.41330E+16 4.89831E+16 4.43443E+16 4.01642E+16 3.63938E+16 3.29925E+16 2.99248E+16 2.71547E+16
 2.46530E+16 2.23954E+16 2.03579E+16 1.85187E+16 1.68579E+16 1.53571E+16 1.40003E+16 1.27727E+16
 1.16599E+16 1.06495E+16 9.73099E+15 8.89542E+15 8.13528E+15 7.44351E+15 6.81188E+15 6.23318E+15
 5.70188E+15 5.21405E+15 4.77215E+15 4.38221E+15 4.04111E+15 3.73982E+15 3.46761E+15 3.21915E+15
 2.99959E+15 2.79093E+15 2.59090E+15 2.39962E+15 9.88064E-12 1.12932E-11 1.43756E-11 1.91485E-11
 2.55208E-11 3.35841E-11 4.36048E-11 5.82045E-11 9.17177E-11 1.83423E-10 3.91176E-10 7.23679E-10
 1.11359E-09 1.47822E-09 1.77927E-09 2.00897E-09 2.17713E-09 2.29860E-09 2.38602E-09 2.44917E-09
 2.49471E-09 2.52730E-09 2.55027E-09 2.56574E-09 2.57536E-09 2.58037E-09 2.58170E-09 2.58016E-09
 2.57643E-09 2.57105E-09 2.56440E-09 2.55680E-09 2.54858E-09 2.53991E-09 2.53092E-09 2.52172E-09
 2.51238E-09 2.50294E-09 2.49353E-09 2.48432E-09 2.47535E-09 2.46653E-09 2.45790E-09 2.44952E-09
 2.44133E-09 2.43336E-09 2.42564E-09 2.41818E-09 2.41092E-09 2.40379E-09 2.39684E-09 2.39004E-09
 2.38340E-09 2.37691E-09 2.36991E-09 2.36218E-09 2.35364E-09 2.34421E-09 2.33381E-09 2.32235E-09
 2.30973E-09 2.29584E-09 2.28059E-09 2.26385E-09 2.24550E-09 2.22541E-09 2.20347E-09 2.17951E-09
 2.15340E-09 2.12500E-09 2.09415E-09 2.06070E-09 2.02453E-09 1.98548E-09 1.94343E-09 1.89826E-09
 1.84988E-09 1.79821E-09 1.74320E-09 1.68484E-09 1.62314E-09 1.55815E-09 1.48998E-09 1.41879E-09
 1.34479E-09 1.26826E-09 1.18956E-09 1.10906E-09 1.02724E-09 9.44748E-10 8.62214E-10 7.80356E-10
 6.99919E-10 6.21818E-10 5.46825E-10 4.75575E-10 4.08701E-10 3.46564E-10 2.89456E-10 2.37680E-10
 2.29197E+01 2.01232E+01 1.99657E+01 2.13965E+01 2.46062E+01 2.80083E+01 3.18711E+01 3.59229E+01
 4.44852E+01 7.59297E+01 1.45676E+02 2.45252E+02 3.43726E+02 4.15519E+02 4.55386E+02 4.68083E+02
 4.61721E+02 4.43654E+02 4.19062E+02 3.91372E+02 3.62672E+02 3.34322E+02 3.07037E+02 2.81109E+02
 2.56503E+02 2.33364E+02 2.11951E+02 1.92302E+02 1.74304E+02 1.57865E+02 1.42903E+02 1.29266E+02
 1.16858E+02 1.05560E+02 9.52730E+01 8.59115E+01 7.73996E+01 6.96751E+01 6.26845E+01 5.63623E+01
 5.06401E+01 4.54603E+01 4.07785E+01 3.65457E+01 3.27393E+01 2.93134E+01 2.62273E+01 2.34479E+01
 2.09449E+01 1.87031E+01 1.67015E+01 1.49018E+01 1.32860E+01 1.18402E+01 1.05425E+01 9.37991E+00
 8.35669E+00 7.44363E+00 6.62703E+00 5.89663E+00 5.24388E+00 4.66806E+00 4.15411E+00 3.69752E+00
 3.29050E+00 2.92836E+00 2.60563E+00 2.31707E+00 2.05882E+00 1.82810E+00 1.62191E+00 1.43834E+00
 1.27403E+00 1.12743E+00 9.96611E-01 8.79924E-01 7.75895E-01 6.83215E-01 6.00665E-01 5.27117E-01
 4.61509E-01 4.02964E-01 3.50735E-01 3.04230E-01 2.62891E-01 2.26216E-01 1.93657E-01 1.64751E-01
 1.39152E-01 1.17007E-01 9.77351E-02 8.12285E-02 6.71848E-02 5.55832E-02 4.58201E-02 3.75015E-02
 3.05841E-02 2.45789E-02 1.93883E-02 1.50171E-02 1.00000E-12 1.00000E-12 1.00000E-12 1.00000E-12
 1.00000E-12 1.00000E-12 1.00000E-12 1.00000E-12 1.00000E-12 1.00000E-12 1.00000E-12 1.00000E-12
 1.00000E-12 1.00000E-12 1.00000E-12 1.00000E-12 1.00000E-12 1.00000E-12 1.00000E-12 1.00000E-12
 1.00000E-12 1.00000E-12 1.00000E-12 1.00000E-12 1.00000E-12 1.00000E-12 1.00000E-12 1.00000E-12
 1.00000E-12 1.00000E-12 1.00000E-12 1.00000E-12 1.00000E-12 1.00000E-12 1.00000E-12 1.00000E-12
 1.00000E-12 1.00000E-12 1.00000E-12 1.00000E-12 1.00000E-12 1.00000E-12 1.00000E-12 1.00000E-12
 1.00000E-12 1.00000E-12 1.00000E-12 1.00000E-12 1.00000E-12 1.00000E-12 1.00000E-12 1.00000E-12
 1.00000E-12 1.00000E-12 1.00000E-12 1.00000E-12 1.00000E-12 1.00000E-12 1.00000E-12 1.00000E-12
 1.00000E-12 1.00000E-12 1.00000E-12 1.00000E-12 1.00000E-12 1.00000E-12 1.00000E-12 1.00000E-12
 1.00000E-12 1.00000E-12 1.00000E-12 1.00000E-12 1.00000E-12 1.00000E-12 1.00000E-12 1.00000E-12
 1.00000E-12 1.00000E-12 1.00000E-12 1.00000E-12 1.00000E-12 1.00000E-12 1.00000E-12 1.00000E-12
 1.00000E-12 1.00000E-12 1.00000E-12 1.00000E-12 1.00000E-12 1.00000E-12 1.00000E-12 1.00000E-12
 1.00000E-12 1.00000E-12 1.00000E-12 1.00000E-12 1.00000E-12 1.00000E-12 1.00000E-12 1.00000E-12
 1.00000E-12 1.00000E-12 1.00000E-12 1.00000E-12 1.00000E-12 1.00000E-12 1.00000E-12 1.00000E-12
 1.00000E-12 1.00000E-12 1.00000E-12 1.00000E-12 1.00000E-12 1.00000E-12 1.00000E-12 1.00000E-12
 1.00000E-12 1.00000E-12 1.00000E-12 1.00000E-12 1.00000E-12 1.00000E-12 1.00000E-12 1.00000E-12
 1.00000E-12 1.00000E-12 1.00000E-12 1.00000E-12 1.00000E-12 1.00000E-12 1.00000E-12 1.00000E-12
 1.00000E-12 1.00000E-12 1.00000E-12 1.00000E-12 1.00000E-12 1.00000E-12 1.00000E-12 1.00000E-12
 1.00000E-12 1.00000E-12 1.00000E-12 1.00000E-12 1.00000E-12 1.00000E-12 1.00000E-12 1.00000E-12
 1.00000E-12 1.00000E-12 1.00000E-12 1.00000E-12 1.00000E-12 1.00000E-12 1.00000E-12 1.00000E-12
 1.00000E-12 1.00000E-12 1.00000E-12 1.00000E-12 1.00000E-12 1.00000E-12 1.00000E-12 1.00000E-12
 1.00000E-12 1.00000E-12 1.00000E-12 1.00000E-12 1.00000E-12 1.00000E-12 1.00000E-12 1.00000E-12
 1.00000E-12 1.00000E-12 1.00000E-12 1.00000E-12 1.00000E-12 1.00000E-12 1.00000E-12 1.00000E-12
 1.00000E-12 1.00000E-12 1.00000E-12 1.00000E-12 1.00000E-12 1.00000E-12 1.00000E-12 1.00000E-12
 1.00000E-12 1.00000E-12 1.00000E-12 1.00000E-12 1.00000E-12 1.00000E-12 1.00000E-12 1.00000E-12
 1.00000E-12 1.00000E-12 1.00000E-12 1.00000E-12 2.75928E-04 2.99387E-04 3.26188E-04 3.55106E-04
 3.81783E-04 4.11334E-04 4.42725E-04 4.82597E-04 5.39468E-04 5.90165E-04 6.36020E-04 6.84259E-04
 7.37411E-04 7.96189E-04 8.61170E-04 9.32983E-04 1.01232E-03 1.09995E-03 1.19672E-03 1.30358E-03
 1.42156E-03 1.55170E-03 1.69530E-03 1.85384E-03 2.02926E-03 2.22356E-03 2.43838E-03 2.67569E-03
 2.93803E-03 3.22813E-03 3.54882E-03 3.90376E-03 4.29670E-03 4.73213E-03 5.21495E-03 5.75062E-03
 6.34513E-03 7.00495E-03 7.73705E-03 8.54965E-03 9.45230E-03 1.04554E-02 1.15702E-02 1.28098E-02
 1.41858E-02 1.57140E-02 1.74126E-02 1.93009E-02 2.14008E-02 2.37310E-02 2.63129E-02 2.91816E-02
 3.23681E-02 3.59025E-02 3.98240E-02 4.41716E-02 4.89523E-02 5.42342E-02 6.00737E-02 6.65279E-02
 7.36569E-02 8.14792E-02 9.00977E-02 9.95668E-02 1.09977E-01 1.21403E-01 1.33943E-01 1.47718E-01
 1.62847E-01 1.79442E-01 1.97640E-01 2.17541E-01 2.39349E-01 2.63200E-01 2.89278E-01 3.17772E-01
 3.48884E-01 3.82825E-01 4.19833E-01 4.60178E-01 5.04178E-01 5.52174E-01 6.04537E-01 6.61631E-01
 7.23872E-01 7.91718E-01 8.65796E-01 9.46839E-01 1.03562E+00 1.13129E+00 1.23534E+00 1.34801E+00
 1.47008E+00 1.59888E+00 1.73673E+00 1.88655E+00 2.04786E+00 2.22860E+00 2.43330E+00 2.66322E+00
 1.00000E+00 1.00000E+00 1.00000E+00 1.00000E+00 1.00000E+00 1.00000E+00 1.00000E+00 1.00000E+00
 1.00000E+00 1.00000E+00 1.00000E+00 1.00000E+00 1.00000E+00 1.00000E+00 1.00000E+00 1.00000E+00
 1.00000E+00 1.00000E+00 1.00000E+00 1.00000E+00 1.00000E+00 1.00000E+00 1.00000E+00 1.00000E+00
 1.00000E+00 1.00000E+00 1.00000E+00 1.00000E+00 1.00000E+00 1.00000E+00 1.00000E+00 1.00000E+00
 1.00000E+00 1.00000E+00 1.00000E+00 1.00000E+00 1.00000E+00 1.00000E+00 1.00000E+00 1.00000E+00
 1.00000E+00 1.00000E+00 1.00000E+00 1.00000E+00 1.00000E+00 1.00000E+00 1.00000E+00 1.00000E+00
 1.00000E+00 1.00000E+00 1.00000E+00 1.00000E+00 1.00000E+00 1.00000E+00 1.00000E+00 1.00000E+00
 1.00000E+00 1.00000E+00 1.00000E+00 1.00000E+00 1.00000E+00 1.00000E+00 1.00000E+00 1.00000E+00
 1.00000E+00 1.00000E+00 1.00000E+00 1.00000E+00 1.00000E+00 1.00000E+00 1.00000E+00 1.00000E+00
 1.00000E+00 1.00000E+00 1.00000E+00 1.00000E+00 1.00000E+00 1.00000E+00 1.00000E+00 1.00000E+00
 1.00000E+00 1.00000E+00 1.00000E+00 1.00000E+00 1.00000E+00 1.00000E+00 1.00000E+00 1.00000E+00
 1.00000E+00 1.00000E+00 1.00000E+00 1.00000E+00 1.00000E+00 1.00000E+00 1.00000E+00 1.00000E+00
 1.00000E+00 1.00000E+00 1.00000E+00 1.00000E+00 1.00000E+00 1.00000E+00 1.00000E+00 1.00000E+00
 1.00000E+00 1.00000E+00 1.00000E+00 1.00000E+00 1.00000E+00 1.00000E+00 1.00000E+00 1.00000E+00
 1.00000E+00 1.00000E+00 1.00000E+00 1.00000E+00 1.00000E+00 1.00000E+00 1.00000E+00 1.00000E+00
 1.00000E+00 1.00000E+00 1.00000E+00 1.00000E+00 1.00000E+00 1.00000E+00 1.00000E+00 1.00000E+00
 1.00000E+00 1.00000E+00 1.00000E+00 1.00000E+00 1.00000E+00 1.00000E+00 1.00000E+00 1.00000E+00
 1.00000E+00 1.00000E+00 1.00000E+00 1.00000E+00 1.00000E+00 1.00000E+00 1.00000E+00 1.00000E+00
 1.00000E+00 1.00000E+00 1.00000E+00 1.00000E+00 1.00000E+00 1.00000E+00 1.00000E+00 1.00000E+00
 1.00000E+00 1.00000E+00 1.00000E+00 1.00000E+00 1.00000E+00 1.00000E+00 1.00000E+00 1.00000E+00
 1.00000E+00 1.00000E+00 1.00000E+00 1.00000E+00 1.00000E+00 1.00000E+00 1.00000E+00 1.00000E+00
 1.00000E+00 1.00000E+00 1.00000E+00 1.00000E+00 1.00000E+00 1.00000E+00 1.00000E+00 1.00000E+00
 1.00000E+00 1.00000E+00 1.00000E+00 1.00000E+00 1.00000E+00 1.00000E+00 1.00000E+00 1.00000E+00
 1.00000E+00 1.00000E+00 1.00000E+00 1.00000E+00 1.00000E+00 1.00000E+00 1.00000E+00 1.00000E+00
 1.00000E+00 1.00000E+00 1.00000E+00 1.00000E+00 1.00000E+00 1.00000E+00 1.00000E+00 1.00000E+00
 1.00000E-05 1.00000E-05 1.00000E-05 1.00000E-05 1.00000E-05 1.00000E-05 1.00000E-05 1.00000E-05
 1.00000E-05 1.00000E-05 1.00000E-05 1.00000E-05 1.00000E-05 1.00000E-05 1.00000E-05 1.00000E-05
 1.00000E-05 1.00000E-05 1.00000E-05 1.00000E-05 1.00000E-05 1.00000E-05 1.00000E-05 1.00000E-05
 1.00000E-05 1.00000E-05 1.00000E-05 1.00000E-05 1.00000E-05 1.00000E-05 1.00000E-05 1.00000E-05
 1.00000E-05 1.00000E-05 1.00000E-05 1.00000E-05 1.00000E-05 1.00000E-05 1.00000E-05 1.00000E-05
 1.00000E-05 1.00000E-05 1.00000E-05 1.00000E-05 1.00000E-05 1.00000E-05 1.00000E-05 1.00000E-05
 1.00000E-05 1.00000E-05 1.00000E-05 1.00000E-05 1.00000E-05 1.00000E-05 1.00000E-05 1.00000E-05
 1.00000E-05 1.00000E-05 1.00000E-05 1.00000E-05 1.00000E-05 1.00000E-05 1.00000E-05 1.00000E-05
 1.00000E-05 1.00000E-05 1.00000E-05 1.00000E-05 1.00000E-05 1.00000E-05 1.00000E-05 1.00000E-05
 1.00000E-05 1.00000E-05 1.00000E-05 1.00000E-05 1.00000E-05 1.00000E-05 1.00000E-05 1.00000E-05
 1.00000E-05 1.00000E-05 1.00000E-05 1.00000E-05 1.00000E-05 1.00000E-05 1.00000E-05 1.00000E-05
 1.00000E-05 1.00000E-05 1.00000E-05 1.00000E-05 1.00000E-05 1.00000E-05 1.00000E-05 1.00000E-05
 1.00000E-05 1.00000E-05 1.00000E-05 1.00000E-05 1.00000E-09 1.00000E-09 1.00000E-09 1.00000E-09
 1.00000E-09 1.00000E-09 1.00000E-09 1.00000E-09 1.00000E-09 1.00000E-09 1.00000E-09 1.00000E-09
 1.00000E-09 1.00000E-09 1.00000E-09 1.00000E-09 1.00000E-09 1.00000E-09 1.00000E-09 1.00000E-09
 1.00000E-09 1.00000E-09 1.00000E-09 1.00000E-09 1.00000E-09 1.00000E-09 1.00000E-09 1.00000E-09
 1.00000E-09 1.00000E-09 1.00000E-09 1.00000E-09 1.00000E-09 1.00000E-09 1.00000E-09 1.00000E-09
 1.00000E-09 1.00000E-09 1.00000E-09 1.00000E-09 1.00000E-09 1.00000E-09 1.00000E-09 1.00000E-09
 1.00000E-09 1.00000E-09 1.00000E-09 1.00000E-09 1.00000E-09 1.00000E-09 1.00000E-09 1.00000E-09
 1.00000E-09 1.00000E-09 1.00000E-09 1.00000E-09 1.00000E-09 1.00000E-09 1.00000E-09 1.00000E-09
 1.00000E-09 1.00000E-09 1.00000E-09 1.00000E-09 1.00000E-09 1.00000E-09 1.00000E-09 1.00000E-09
 1.00000E-09 1.00000E-09 1.00000E-09 1.00000E-09 1.00000E-09 1.00000E-09 1.00000E-09 1.00000E-09
 1.00000E-09 1.00000E-09 1.00000E-09 1.00000E-09 1.00000E-09 1.00000E-09 1.00000E-09 1.00000E-09
 1.00000E-09 1.00000E-09 1.00000E-09 1.00000E-09 1.00000E-09 1.00000E-09 1.00000E-09 1.00000E-09
 1.00000E-09 1.00000E-09 1.00000E-09 1.00000E-09 1.00000E-09 1.00000E-09 1.00000E-09 1.00000E-09
 1.00000E-09 1.00000E-09 1.00000E-09 1.00000E-09 1.00000E-09 1.00000E-09 1.00000E-09 1.00000E-09
 1.00000E-09 1.00000E-09 1.00000E-09 1.00000E-09 1.00000E-09 1.00000E-09 1.00000E-09 1.00000E-09
 1.00000E-09 1.00000E-09 1.00000E-09 1.00000E-09 1.00000E-09 1.00000E-09 1.00000E-09 1.00000E-09
 1.00000E-09 1.00000E-09 1.00000E-09 1.00000E-09 1.00000E-09 1.00000E-09 1.00000E-09 1.00000E-09
 1.00000E-09 1.00000E-09 1.00000E-09 1.00000E-09 1.00000E-09 1.00000E-09 1.00000E-09 1.00000E-09
 1.00000E-09 1.00000E-09 1.00000E-09 1.00000E-09 1.00000E-09 1.00000E-09 1.00000E-09 1.00000E-09
 1.00000E-09 1.00000E-09 1.00000E-09 1.00000E-09 1.00000E-09 1.00000E-09 1.00000E-09 1.00000E-09
 1.00000E-09 1.00000E-09 1.00000E-09 1.00000E-09 1.00000E-09 1.00000E-09 1.00000E-09 1.00000E-09
 1.00000E-09 1.00000E-09 1.00000E-09 1.00000E-09 1.00000E-09 1.00000E-09 1.00000E-09 1.00000E-09
 1.00000E-09 1.00000E-09 1.00000E-09 1.00000E-09 1.00000E-09 1.00000E-09 1.00000E-09 1.00000E-09
 1.00000E-09 1.00000E-09 1.00000E-09 1.00000E-09 1.00000E-09 1.00000E-09 1.00000E-09 1.00000E-09
 1.00000E-09 1.00000E-09 1.00000E-09 1.00000E-09 1.00000E-09 1.00000E-09 1.00000E-09 1.00000E-09
 1.00000E-09 1.00000E-09 1.00000E-09 1.00000E-09
