 3.67295E-09 5.77176E-15 1.18641E-02 1.11491E-15 2.98378E-11 1.43097E-08 2.38943E-08 2.45151E-18
 3.32478E-04 1.24327E-03 1.10433E-05 2.60746E-08 3.00680E-11 8.26213E-09 3.79217E-12 2.00114E-11
 3.17992E-16 1.46052E-11 9.98245E-13 1.25044E-14 1.19761E-16 2.54838E-32 5.80629E-10 8.73195E-18
 2.37151E-22 2.34034E-19 8.37336E-13 1.17296E-17 1.57020E-11 2.58474E-18 4.98887E-18 5.87171E-11
 1.20117E-13 2.85348E-13 4.12153E-09 7.11809E-15 9.74598E-03 1.46141E-15 3.38719E-11 1.64844E-08
 2.60731E-08 3.22853E-18 3.32478E-04 1.24276E-03 1.10417E-05 2.96718E-08 3.22704E-11 8.18898E-09
 4.33101E-12 2.23095E-11 4.42192E-16 1.84200E-11 1.75138E-12 1.27227E-14 1.68907E-16 5.14799E-32
 5.79142E-10 1.15364E-17 3.17937E-22 2.94924E-19 1.14734E-12 1.51947E-17 1.55644E-11 3.59476E-18
 1.28433E-17 9.20186E-11 2.15773E-13 4.04449E-13 4.65011E-09 8.89182E-15 8.00293E-03 1.93871E-15
 3.84314E-11 1.92884E-08 2.88899E-08 4.28270E-18 3.32476E-04 1.24222E-03 1.10381E-05 3.40958E-08
 3.49025E-11 8.11136E-09 4.85193E-12 2.46952E-11 6.10473E-16 2.19769E-11 3.11795E-12 1.30286E-14
 2.38376E-16 1.13419E-31 5.77594E-10 1.56156E-17 4.33136E-22 3.84831E-19 1.55298E-12 1.93874E-17
 1.51326E-11 4.62397E-18 2.73257E-17 1.25705E-10 3.50087E-13 4.87000E-13 5.27639E-09 1.11445E-14
 6.41990E-03 2.58890E-15 4.36260E-11 2.28536E-08 3.22010E-08 5.69993E-18 3.32473E-04 1.24167E-03
 1.10319E-05 3.95548E-08 3.79071E-11 8.02908E-09 5.31773E-12 2.69289E-11 8.30528E-16 2.53516E-11
 5.62338E-12 1.31967E-14 3.35112E-16 2.67296E-31 5.75986E-10 2.16540E-17 5.97567E-22 5.13833E-19
 2.08950E-12 2.45310E-17 1.44409E-11 5.67887E-18 5.31192E-17 1.60482E-10 5.39259E-13 5.40795E-13
 5.90031E-09 1.39162E-14 5.06772E-03 3.41309E-15 4.90259E-11 2.66527E-08 3.58469E-08 7.46782E-18
 3.32468E-04 1.24109E-03 1.10227E-05 4.51671E-08 4.09150E-11 7.94200E-09 5.67055E-12 2.84864E-11
 1.08550E-15 2.77762E-11 1.00088E-11 1.29638E-14 4.50130E-16 6.51463E-31 5.74321E-10 3.01100E-17
 8.19027E-22 6.90259E-19 2.73506E-12 3.03306E-17 1.35326E-11 6.75931E-18 9.78063E-17 1.95897E-10
 7.86077E-13 5.71209E-13 6.45671E-09 1.72704E-14 3.90259E-03 4.40146E-15 5.44195E-11 3.03841E-08
 3.96845E-08 9.57872E-18 3.32461E-04 1.24049E-03 1.10097E-05 5.04370E-08 4.37967E-11 7.84994E-09
 5.83575E-12 2.89009E-11 1.33732E-15 2.87971E-11 1.69256E-11 1.22385E-14 5.69060E-16 1.58508E-30
 5.72600E-10 4.15217E-17 1.10471E-21 9.25374E-19 3.48177E-12 3.60405E-17 1.24573E-11 7.86832E-18
 1.73045E-16 2.31419E-10 1.09210E-12 5.84018E-13 6.89899E-09 2.12233E-14 2.94654E-03 5.55627E-15
 5.96216E-11 3.38529E-08 4.36200E-08 1.20047E-17 3.32450E-04 1.23987E-03 1.09925E-05 5.50450E-08
 4.64050E-11 7.75278E-09 5.68497E-12 2.75269E-11 1.52660E-15 2.81935E-11 2.71185E-11 1.08345E-14
 6.45285E-16 3.94013E-30 5.70827E-10 5.69515E-17 1.46930E-21 1.24265E-18 4.32716E-12 4.05576E-17
 1.12683E-11 9.01319E-18 2.98360E-16 2.66445E-10 1.45729E-12 5.84088E-13 7.19956E-09 2.58390E-14
 2.17033E-03 6.88279E-15 6.44839E-11 3.69353E-08 4.76861E-08 1.46996E-17 3.32436E-04 1.23923E-03
 1.09708E-05 5.87796E-08 4.85947E-11 7.65048E-09 5.10228E-12 2.39493E-11 1.57815E-15 2.60221E-11
 4.08541E-11 8.74610E-15 6.24931E-16 1.03111E-29 5.69005E-10 7.82542E-17 1.93477E-21 1.68286E-18
 5.27132E-12 4.25985E-17 1.00205E-11 1.01741E-17 5.06043E-16 3.00293E-10 1.88030E-12 5.74242E-13
 7.35791E-09 3.13201E-14 1.54963E-03 8.40123E-15 6.89357E-11 3.95688E-08 5.21204E-08 1.76428E-17
 3.32418E-04 1.23856E-03 1.09442E-05 6.15161E-08 5.02722E-11 7.54314E-09 4.12056E-12 1.86190E-11
 1.45015E-15 2.26400E-11 5.71034E-11 6.30934E-15 4.98769E-16 2.88981E-29 5.67136E-10 1.08321E-16
 2.53611E-21 2.30891E-18 6.31614E-12 4.12486E-17 8.76722E-12 1.12789E-17 8.47801E-16 3.32194E-10
 2.35978E-12 5.55188E-13 7.39784E-09 3.80765E-14 1.06772E-03 1.01654E-14 7.29737E-11 4.17447E-08
 5.73602E-08 2.08685E-17 3.32396E-04 1.23787E-03 1.09127E-05 6.32042E-08 5.13636E-11 7.43096E-09
 2.95915E-12 1.28113E-11 1.17799E-15 1.86095E-11 7.36133E-11 4.03393E-15 3.23795E-16 8.73040E-29
 5.65225E-10 1.51351E-16 3.33270E-21 3.21000E-18 7.46498E-12 3.66044E-17 7.55653E-12 1.22056E-17
 1.40507E-15 3.61305E-10 2.89577E-12 5.26410E-13 7.35225E-09 4.67062E-14 7.06844E-04 1.22628E-14
 7.66354E-11 4.34960E-08 6.39235E-08 2.44608E-17 3.32368E-04 1.23715E-03 1.08767E-05 6.38605E-08
 5.18064E-11 7.31433E-09 1.90352E-12 7.87374E-12 8.57060E-16 1.45183E-11 8.79252E-11 2.30769E-15
 1.75033E-16 2.83948E-28 5.63274E-10 2.13231E-16 4.41922E-21 4.50640E-18 8.72212E-12 2.99684E-17
 6.42764E-12 1.28293E-17 2.30372E-15 3.86709E-10 3.48822E-12 4.87852E-13 7.24837E-09 5.78963E-14
 4.47948E-04 1.47994E-14 7.99809E-11 4.48805E-08 7.22370E-08 2.85278E-17 3.32334E-04 1.23641E-03
 1.08366E-05 6.35687E-08 5.15642E-11 7.19380E-09 1.14228E-12 4.50469E-12 5.83457E-16 1.08229E-11
 9.87656E-11 1.23113E-15 8.58152E-17 9.90973E-28 5.61286E-10 3.02381E-16 5.93727E-21 6.36375E-18
 1.00921E-11 2.33462E-17 5.40719E-12 1.30918E-17 3.73396E-15 4.07430E-10 4.13219E-12 4.41232E-13
 7.10495E-09 7.22989E-14 2.71079E-04 1.78860E-14 8.31018E-11 4.59642E-08 8.25073E-08 3.31848E-17
 3.32293E-04 1.23564E-03 1.07933E-05 6.24887E-08 5.06339E-11 7.07013E-09 6.99629E-13 2.62356E-12
 4.06617E-16 7.78070E-12 1.06263E-10 6.69234E-16 4.53778E-17 3.70231E-27 5.59265E-10 4.31228E-16
 8.09388E-21 9.01984E-18 1.15790E-11 1.85324E-17 4.50594E-12 1.30264E-17 5.97564E-15 4.22455E-10
 4.81065E-12 3.89831E-13 6.94210E-09 9.04367E-14 1.56490E-04 2.16359E-14 8.61516E-11 4.68001E-08
 9.46732E-08 3.85686E-17 3.32246E-04 1.23484E-03 1.07480E-05 6.08733E-08 4.90410E-11 6.94433E-09
 4.97327E-13 1.76831E-12 3.29365E-16 5.46854E-12 1.11115E-10 4.19276E-16 3.28223E-17 1.47090E-26
 5.57214E-10 6.17017E-16 1.11945E-20 1.28022E-17 1.31853E-11 1.65545E-17 3.71541E-12 1.27036E-17
 9.42377E-15 4.30746E-10 5.48560E-12 3.36638E-13 6.79363E-09 1.13695E-13 8.62412E-05 2.60918E-14
 8.94482E-11 4.74015E-08 1.08627E-07 4.50389E-17 3.32190E-04 1.23399E-03 1.07014E-05 5.90787E-08
 4.73314E-11 6.81560E-09 4.49130E-13 1.51537E-12 3.36035E-16 3.81827E-12 1.14079E-10 3.34205E-16
 3.75607E-17 5.75267E-26 5.55103E-10 8.78982E-16 1.55872E-20 1.81300E-17 1.49408E-11 1.77629E-17
 2.99045E-12 1.20311E-17 1.44097E-14 4.31251E-10 6.09506E-12 2.80441E-13 6.70621E-09 1.46391E-13
 5.59446E-05 3.11535E-14 9.35731E-11 4.77294E-08 1.24408E-07 5.35520E-17 3.32123E-04 1.23305E-03
 1.06534E-05 5.75390E-08 4.69328E-11 6.68047E-09 4.87655E-13 1.57629E-12 4.00626E-16 2.70165E-12
 1.15780E-10 3.34405E-16 5.29256E-17 1.83029E-25 5.52849E-10 1.22915E-15 2.14109E-20 2.55025E-17
 1.69258E-11 2.20458E-17 2.21968E-12 1.04514E-17 2.05079E-14 4.22239E-10 6.55435E-12 2.12394E-13
 6.71137E-09 1.96463E-13 4.57131E-05 3.68358E-14 9.87673E-11 4.77468E-08 1.43584E-07 6.52133E-17
 3.32030E-04 1.23188E-03 1.05992E-05 5.65221E-08 4.86869E-11 6.52208E-09 5.70691E-13 1.79593E-12
 4.98231E-16 1.94692E-12 1.16652E-10 3.89700E-16 7.77248E-17 4.55524E-25 5.50127E-10 1.71022E-15
 2.89435E-20 3.62484E-17 1.94527E-11 2.97366E-17 1.02361E-12 5.58669E-18 2.63272E-14 3.98431E-10
 6.80875E-12 1.07734E-13 6.83857E-09 2.75172E-13 3.21821E-05 4.35272E-14 1.04744E-10 4.74608E-08
 1.69835E-07 8.07636E-17 3.31880E-04 1.23014E-03 1.05288E-05 5.62406E-08 5.21677E-11 6.30532E-09
 6.71295E-13 2.09472E-12 6.14956E-16 1.45037E-12 1.16783E-10 4.93134E-16 1.28754E-16 1.08546E-24
 5.46227E-10 2.47887E-15 3.97204E-20 5.41705E-17 2.32461E-11 4.31209E-17 3.76552E-13 2.29729E-18
 3.18295E-14 3.69384E-10 6.87733E-12 3.96584E-14 7.10439E-09 4.00486E-13 2.61321E-05 5.16113E-14
 1.11314E-10 4.65806E-08 2.06694E-07 1.01394E-16 3.31618E-04 1.22731E-03 1.04322E-05 5.67193E-08
 5.72683E-11 5.99100E-09 7.98606E-13 2.50706E-12 7.64402E-16 1.19288E-12 1.16541E-10 6.73167E-16
 2.10230E-16 2.73467E-24 5.40194E-10 3.81921E-15 5.63268E-20 8.65156E-17 2.91176E-11 6.77503E-17
 9.89288E-14 6.50957E-19 3.61974E-14 3.32013E-10 6.67976E-12 9.85712E-15 7.57117E-09 6.01385E-13
 2.50804E-05 6.17125E-14 1.18755E-10 4.52263E-08 2.57011E-07 1.29591E-16 3.31152E-04 1.22261E-03
 1.03003E-05 5.83351E-08 6.46863E-11 5.53559E-09 9.43845E-13 3.03729E-12 9.45039E-16 1.13492E-12
 1.15968E-10 9.68368E-16 3.31500E-16 7.37096E-24 5.30642E-10 6.28724E-15 8.36088E-20 1.48222E-16
 3.84159E-11 1.14094E-16 1.68798E-14 1.16893E-19 3.82008E-14 2.85079E-10 6.17865E-12 1.52951E-15
 8.28689E-09 9.17198E-13 2.68725E-05 7.48477E-14 1.27327E-10 4.36809E-08 3.22499E-07 1.68845E-16
 3.30322E-04 1.21476E-03 1.01255E-05 6.12320E-08 7.49433E-11 4.89811E-09 1.10602E-12 3.70735E-12
 1.16942E-15 1.20061E-12 1.15098E-10 1.43265E-15 5.11652E-16 2.15992E-23 5.15600E-10 1.10321E-14
 1.31323E-19 2.70631E-16 5.30606E-11 2.03725E-16 1.73954E-15 1.26757E-20 3.69993E-14 2.29199E-10
 5.37828E-12 1.41245E-16 9.21560E-09 1.38536E-12 2.94451E-05 9.20922E-14 1.37094E-10 4.22334E-08
 4.00185E-07 2.22867E-16 3.28946E-04 1.20255E-03 9.91540E-06 6.48993E-08 8.78142E-11 4.10040E-09
 1.29397E-12 4.53877E-12 1.46412E-15 1.32383E-12 1.13919E-10 2.11026E-15 7.74254E-16 6.65057E-23
 4.93681E-10 1.99564E-14 2.15577E-19 5.07321E-16 7.44014E-11 3.71414E-16 1.09822E-16 9.57815E-22
 3.30531E-14 1.70644E-10 4.37726E-12 8.94196E-18 1.03026E-08 2.05751E-12 3.27673E-05 1.14642E-13
 1.47965E-10 4.08700E-08 4.88300E-07 2.96462E-16 3.26785E-04 1.18454E-03 9.68190E-06 6.86827E-08
 1.03136E-10 3.19893E-09 1.52115E-12 5.57053E-12 1.86417E-15 1.47713E-12 1.12326E-10 3.06936E-15
 1.14407E-15 2.08222E-22 4.63650E-10 3.63604E-14 3.63592E-19 9.53927E-16 1.03640E-10 6.75926E-16
 4.39795E-18 1.32238E-22 2.70710E-14 1.16036E-10 3.28806E-12 1.01296E-18 1.15143E-08 3.00382E-12
 3.65889E-05 1.43876E-13 1.60082E-10 3.94983E-08 5.84617E-07 3.96820E-16 3.23648E-04 1.15996E-03
 9.44746E-06 7.21210E-08 1.20973E-10 2.30662E-09 1.80277E-12 6.85483E-12 2.41046E-15 1.65149E-12
 1.10170E-10 4.40764E-15 1.65464E-15 6.21428E-22 4.25952E-10 6.48566E-14 6.14090E-19 1.75126E-15
 1.40336E-10 1.19207E-15 1.67430E-19 7.28142E-23 2.03222E-14 7.19184E-11 2.26678E-12 4.62698E-19
 1.28470E-08 4.31436E-12 4.07104E-05 1.81729E-13 1.73864E-10 3.81299E-08 6.86195E-07 5.34980E-16
 3.19501E-04 1.12938E-03 9.23636E-06 7.50135E-08 1.41485E-10 1.54641E-09 2.15257E-12 8.44092E-12
 3.15472E-15 1.84163E-12 1.07334E-10 6.23999E-15 2.33568E-15 1.67340E-21 3.83238E-10 1.10711E-13
 1.01655E-18 3.06802E-15 1.81905E-10 1.98250E-15 3.48955E-20 5.09245E-23 1.42403E-14 4.13422E-11
 1.45496E-12 2.68579E-19 1.43343E-08 6.13508E-12 4.56777E-05 2.31568E-13 1.89719E-10 3.67627E-08
 7.93984E-07 7.28432E-16 3.14164E-04 1.09230E-03 9.05112E-06 7.73823E-08 1.65327E-10 9.54379E-10
 2.57799E-12 1.03760E-11 4.16868E-15 2.05074E-12 1.03704E-10 8.74007E-15 3.21089E-15 4.12293E-21
 3.36577E-10 1.82446E-13 1.65576E-18 5.17231E-15 2.27296E-10 3.12378E-15 1.81197E-20 3.40999E-23
 9.24630E-15 2.19226E-11 8.66708E-13 1.48357E-19 1.59880E-08 8.64119E-12 5.18074E-05 2.97858E-13
 2.08146E-10 3.54252E-08 9.05384E-07 1.00227E-15 3.07597E-04 1.04928E-03 8.89040E-06 7.91648E-08
 1.92959E-10 5.41922E-10 3.09029E-12 1.26964E-11 5.55195E-15 2.27649E-12 9.92261E-11 1.20766E-14
 4.27343E-15 9.23550E-21 2.88365E-10 2.89651E-13 2.64978E-18 8.37069E-15 2.74164E-10 4.63507E-15
 9.45991E-21 2.17030E-23 5.59608E-15 1.07823E-11 4.81994E-13 7.73931E-20 1.78173E-08 1.20496E-11
 5.96260E-05 3.86770E-13 2.29750E-10 3.41438E-08 1.01581E-06 1.39366E-15 2.99839E-04 1.00132E-03
 8.74527E-06 8.03462E-08 2.24975E-10 2.84325E-10 3.70104E-12 1.54217E-11 7.43564E-15 2.51411E-12
 9.39011E-11 1.63991E-14 5.47125E-15 1.86533E-20 2.41094E-10 4.42014E-13 4.16390E-18 1.29756E-14
 3.20068E-10 6.44098E-15 4.74554E-21 1.32439E-23 3.18379E-15 4.95983E-12 2.52259E-13 3.84477E-20
 1.98322E-08 1.66359E-11 7.00733E-05 5.07060E-13 2.55265E-10 3.29350E-08 1.11959E-06 1.95917E-15
 2.90909E-04 9.49192E-04 8.60017E-06 8.09870E-08 2.62337E-10 1.38385E-10 4.41795E-12 1.85438E-11
 9.98197E-15 2.75755E-12 8.77653E-11 2.18120E-14 6.70004E-15 3.37512E-20 1.96520E-10 6.48305E-13
 6.43312E-18 1.92758E-14 3.63282E-10 8.36163E-15 2.29603E-21 7.77331E-24 1.70615E-15 2.14052E-12
 1.24578E-13 1.82332E-20 2.19788E-08 2.27130E-11 8.35400E-05 6.70778E-13 2.85013E-10 3.17670E-08
 1.21153E-06 2.77639E-15 2.80888E-04 8.93953E-04 8.43574E-06 8.09953E-08 3.05509E-10 6.34078E-11
 5.24793E-12 2.20068E-11 1.34128E-14 3.00000E-12 8.09155E-11 2.82973E-14 7.82567E-15 5.54329E-20
 1.56144E-10 9.16031E-13 9.79571E-18 2.75245E-14 4.02330E-10 1.01712E-14 1.07278E-21 4.39626E-24
 8.65997E-16 8.71276E-13 5.83590E-14 8.27370E-21 2.41093E-08 3.06394E-11 9.92012E-05 8.94381E-13
 3.18408E-10 3.05251E-08 1.28988E-06 3.94102E-15 2.69808E-04 8.36279E-04 8.22993E-06 8.00889E-08
 3.54018E-10 2.80949E-11 6.19863E-12 2.57028E-11 1.80530E-14 3.23711E-12 7.34755E-11 3.57229E-14
 8.73636E-15 8.60229E-20 1.20678E-10 1.25663E-12 1.47841E-17 3.81254E-14 4.36497E-10 1.17376E-14
 4.76950E-22 2.36970E-24 4.15807E-16 3.33701E-13 2.59014E-14 3.55987E-21 2.61063E-08 4.08382E-11
 1.16511E-04 1.20046E-12 3.55095E-10 2.91726E-08 1.35216E-06 5.58606E-15 2.57873E-04 7.77604E-04
 7.96996E-06 7.82670E-08 4.07921E-10 1.28838E-11 7.26905E-12 2.94853E-11 2.42941E-14 3.46314E-12
 6.56459E-11 4.38338E-14 9.32643E-15 1.27936E-19 9.08211E-11 1.67733E-12 2.21453E-17 5.14085E-14
 4.65092E-10 1.29190E-14 2.01653E-22 1.21788E-24 1.89738E-16 1.20914E-13 1.09506E-14 1.45378E-21
 2.78835E-08 5.38033E-11 1.35225E-04 1.62028E-12 3.95031E-10 2.77402E-08 1.39578E-06 7.90061E-15
 2.45342E-04 7.19381E-04 7.65359E-06 7.56998E-08 4.67690E-10 6.77150E-12 8.44458E-12 3.31696E-11
 3.25803E-14 3.67205E-12 5.76811E-11 5.22398E-14 9.51633E-15 1.82818E-19 6.67145E-11 2.18021E-12
 3.29338E-17 6.75886E-14 4.87974E-10 1.35963E-14 8.15811E-23 5.99899E-25 8.27827E-17 4.17759E-14
 4.44569E-15 5.66478E-22 2.93032E-08 7.01581E-11 1.53685E-04 2.19517E-12 4.37190E-10 2.61792E-08
 1.42205E-06 1.11143E-14 2.32371E-04 6.62377E-04 7.28296E-06 7.23869E-08 5.32955E-10 4.36926E-12
 9.70991E-12 3.65652E-11 4.34669E-14 3.86058E-12 4.98084E-11 6.05724E-14 9.32048E-15 2.55534E-19
 4.78439E-11 2.77058E-12 4.87401E-17 8.71366E-14 5.05643E-10 1.37998E-14 3.13949E-23 2.81884E-25
 3.45438E-17 1.37869E-14 1.74023E-15 2.09827E-22 3.02076E-08 9.08261E-11 1.67737E-04 2.97303E-12
 4.78710E-10 2.43355E-08 1.43618E-06 1.54465E-14 2.19142E-04 6.07297E-04 6.86611E-06 6.81881E-08
 6.02386E-10 3.37627E-12 1.10692E-11 3.95342E-11 5.76237E-14 4.02364E-12 4.21838E-11 6.87114E-14
 8.84961E-15 3.56652E-19 3.35231E-11 3.45004E-12 7.18541E-17 1.10877E-13 5.18768E-10 1.36535E-14
 1.13828E-23 1.25552E-25 1.38290E-17 4.36515E-15 6.64734E-16 7.35178E-23 3.05158E-08 1.16869E-10
 1.77435E-04 4.02785E-12 5.18274E-10 2.22810E-08 1.44032E-06 2.12061E-14 2.05784E-04 5.54499E-04
 6.41123E-06 6.32084E-08 6.74603E-10 2.89369E-12 1.24998E-11 4.18844E-11 7.59508E-14 4.16265E-12
 3.50231E-11 7.63344E-14 8.14137E-15 5.02774E-19 2.29327E-11 4.22834E-12 1.05914E-16 1.39861E-13
 5.28144E-10 1.32425E-14 3.88760E-24 5.30212E-26 5.32432E-18 1.32984E-15 2.55224E-16 2.43896E-23
 3.02143E-08 1.49616E-10 1.82514E-04 5.45968E-12 5.54916E-10 2.01099E-08 1.43549E-06 2.87766E-14
 1.92492E-04 5.04499E-04 5.93162E-06 5.76119E-08 7.47778E-10 2.59943E-12 1.39816E-11 4.34730E-11
 9.95490E-14 4.27760E-12 2.85055E-11 8.31363E-14 7.25989E-15 7.15466E-19 1.53294E-11 5.10923E-12
 1.56386E-16 1.75162E-13 5.34497E-10 1.26180E-14 1.27091E-24 2.15602E-26 2.00208E-18 3.96084E-16
 1.05400E-16 7.79614E-24 2.93227E-08 1.90794E-10 1.82546E-04 7.40474E-12 5.87534E-10 1.78950E-08
 1.42344E-06 3.86033E-14 1.79460E-04 4.57698E-04 5.44105E-06 5.15328E-08 8.18934E-10 2.38548E-12
 1.55041E-11 4.42125E-11 1.29908E-13 4.36979E-12 2.27444E-11 8.88983E-14 6.28550E-15 1.02720E-18
 1.00257E-11 6.09727E-12 2.31716E-16 2.18177E-13 5.38497E-10 1.18423E-14 4.14012E-25 8.78605E-27
 7.65994E-19 1.20197E-16 5.09338E-17 2.48772E-24 2.78645E-08 2.42814E-10 1.77019E-04 1.00533E-11
 6.14301E-10 1.56663E-08 1.40787E-06 5.11357E-14 1.66811E-04 4.14182E-04 4.94910E-06 4.50375E-08
 8.83269E-10 2.21940E-12 1.70763E-11 4.40576E-11 1.69338E-13 4.44344E-12 1.77728E-11 9.35514E-14
 5.29842E-15 1.49571E-18 6.41289E-12 7.20959E-12 3.45588E-16 2.71298E-13 5.40722E-10 1.10025E-14
 1.43840E-25 3.84503E-27 3.20603E-19 3.99534E-17 2.87447E-17 8.54544E-25 2.58902E-08 3.09376E-10
 1.65396E-04 1.36696E-11 6.32384E-10 1.34218E-08 1.39427E-06 6.67415E-14 1.54683E-04 3.74066E-04
 4.46501E-06 3.81922E-08 9.34225E-10 2.09566E-12 1.87401E-11 4.29994E-11 2.21602E-13 4.50229E-12
 1.35618E-11 9.72080E-14 4.36388E-15 2.21950E-18 4.01386E-12 8.46835E-12 5.20447E-16 3.38251E-13
 5.41614E-10 1.01730E-14 5.62374E-26 1.91110E-27 1.56283E-19 1.54808E-17 1.70580E-17 3.34169E-25
 2.34754E-08 3.96770E-10 1.47176E-04 1.86103E-11 6.37083E-10 1.11258E-08 1.39036E-06 8.54982E-14
 1.43187E-04 3.37362E-04 3.99868E-06 3.10849E-08 9.63473E-10 2.01833E-12 2.05921E-11 4.10313E-11
 2.92995E-13 4.54185E-12 1.00324E-11 1.00134E-13 3.52140E-15 3.35983E-18 2.45949E-12 9.87734E-12
 7.93809E-16 4.24656E-13 5.41526E-10 9.39568E-15 2.34260E-26 1.02595E-27 8.53595E-20 6.72088E-18
 9.49116E-18 1.41785E-25 2.07957E-08 5.16664E-10 1.21930E-04 2.52518E-11 6.21362E-10 8.73390E-09
 1.40311E-06 1.06898E-13 1.32407E-04 3.04010E-04 3.56520E-06 2.39653E-08 9.64422E-10 1.99093E-12
 2.28065E-11 3.81348E-11 3.92046E-13 4.51872E-12 7.08058E-12 1.02496E-13 2.77566E-15 5.05619E-18
 1.47640E-12 1.12689E-11 1.22300E-15 5.34830E-13 5.40887E-10 8.58369E-15 9.27315E-27 5.34233E-28
 4.76452E-20 2.97983E-18 4.77498E-18 5.87108E-26 1.81312E-08 6.80478E-10 9.60192E-05 3.42339E-11
 5.91911E-10 6.56817E-09 1.41402E-06 1.32473E-13 1.22395E-04 2.73880E-04 3.17440E-06 1.75391E-08
 9.36142E-10 1.99729E-12 2.53678E-11 3.43334E-11 5.27884E-13 4.39762E-12 4.75204E-12 1.02617E-13
 2.08098E-15 7.15012E-18 8.68460E-13 1.24085E-11 1.89807E-15 6.64371E-13 5.40127E-10 7.53088E-15
 3.51014E-27 2.69735E-28 2.65764E-20 1.31852E-18 2.35243E-18 2.36370E-26 1.56637E-08 8.96342E-10
 7.48345E-05 4.65321E-11 5.60119E-10 4.86573E-09 1.39373E-06 1.66133E-13 1.13169E-04 2.46780E-04
 2.82797E-06 1.23124E-08 8.81110E-10 2.01198E-12 2.80926E-11 2.98403E-11 7.08072E-13 4.16634E-12
 3.05461E-12 9.85316E-14 1.44455E-15 9.13494E-18 5.00159E-13 1.31179E-11 2.95950E-15 8.00737E-13
 5.39569E-10 6.18349E-15 1.31578E-27 1.34949E-28 1.45967E-20 5.73636E-19 1.13026E-18 9.41991E-27
 1.34400E-08 1.17748E-09 5.82604E-05 6.30420E-11 5.26787E-10 3.56137E-09 1.33371E-06 2.11626E-13
 1.04775E-04 2.22640E-04 2.52889E-06 8.32639E-09 8.03934E-10 2.02566E-12 3.08537E-11 2.49604E-11
 9.36203E-13 3.80862E-12 1.87662E-12 9.01198E-14 9.20275E-16 1.04465E-17 2.82570E-13 1.31875E-11
 4.60825E-15 9.28031E-13 5.39522E-10 4.69682E-15 5.01686E-28 6.85602E-29 8.03771E-21 2.50140E-19
 5.50033E-19 3.82135E-27 1.14659E-08 1.54476E-09 4.50937E-05 8.42889E-11 4.89570E-10 2.56036E-09
 1.23860E-06 2.73052E-13 9.72486E-05 2.01379E-04 2.28174E-06 5.45524E-09 7.12552E-10 2.03841E-12
 3.35064E-11 2.00237E-11 1.20597E-12 3.32144E-12 1.09599E-12 7.83791E-14 5.36668E-16 1.06328E-17
 1.57314E-13 1.24593E-11 7.11047E-15 1.02664E-12 5.40222E-10 3.27579E-15 1.89155E-28 3.44680E-29
 4.35100E-21 1.07482E-19 2.58092E-19 1.55041E-27 9.75544E-09 2.02002E-09 3.46861E-05 1.10028E-10
 4.49787E-10 1.81882E-09 1.11474E-06 3.56379E-13 9.05642E-05 1.82780E-04 2.09219E-06 3.52165E-09
 6.17813E-10 2.04402E-12 3.57900E-11 1.54180E-11 1.48928E-12 2.73691E-12 6.11238E-13 6.47499E-14
 2.86739E-16 9.50307E-18 8.66520E-14 1.09760E-11 1.07579E-14 1.07478E-12 5.41680E-10 2.08547E-15
 7.15077E-29 1.73484E-29 2.33745E-21 4.61659E-20 1.19322E-19 6.41885E-28 8.30767E-09 2.61646E-09
 2.65902E-05 1.38830E-10 4.11255E-10 1.29995E-09 9.74478E-07 4.69207E-13 8.46735E-05 1.66592E-04
 1.96578E-06 2.29577E-09 5.28802E-10 2.02805E-12 3.74292E-11 1.15003E-11 1.73647E-12 2.12790E-12
 3.31824E-13 5.10430E-14 1.42378E-16 7.45383E-18 4.74347E-14 9.06373E-12 1.57808E-14 1.06306E-12
 5.43601E-10 1.22278E-15 2.73660E-29 8.76191E-30 1.24189E-21 1.98838E-20 5.35652E-20 2.74062E-28
 7.10125E-09 3.33542E-09 2.03549E-05 1.68297E-10 3.77325E-10 9.53463E-10 8.35694E-07 6.19725E-13
 7.95158E-05 1.52559E-04 1.90580E-06 1.54521E-09 4.50428E-10 1.97663E-12 3.83025E-11 8.44275E-12
 1.89844E-12 1.57505E-12 1.80143E-13 3.88864E-14 6.76194E-17 5.26166E-18 2.59189E-14 7.15368E-12
 2.22746E-14 1.00345E-12 5.45555E-10 6.78577E-16 1.08413E-29 4.50489E-30 6.62346E-22 8.76486E-21
 2.38454E-20 1.23330E-28 6.11557E-09 4.16904E-09 1.56470E-05 1.96149E-10 3.50359E-10 7.29072E-10
 7.11363E-07 8.17823E-13 7.50481E-05 1.40491E-04 1.91287E-06 1.09075E-09 3.84813E-10 1.88378E-12
 3.84849E-11 6.21252E-12 1.95219E-12 1.12883E-12 1.00444E-13 2.91216E-14 3.17951E-17 3.46198E-18
 1.42334E-14 5.52723E-12 3.01838E-14 9.17310E-13 5.47246E-10 3.68228E-16 4.50128E-30 2.36993E-30
 3.57576E-22 3.99450E-21 1.05606E-20 5.89406E-29 5.31979E-09 5.11111E-09 1.21478E-05 2.21132E-10
 3.30787E-10 5.84172E-10 6.06867E-07 1.07614E-12 7.12130E-05 1.30178E-04 1.98472E-06 8.11022E-10
 3.31460E-10 1.75390E-12 3.81684E-11 4.64281E-12 1.90805E-12 7.96790E-13 5.84262E-14 2.17543E-14
 1.52032E-17 2.19604E-18 7.90639E-15 4.26312E-12 3.94034E-14 8.23761E-13 5.48579E-10 2.00576E-16
 1.99509E-30 1.29579E-30 1.99598E-22 1.91868E-21 4.78974E-21 3.03391E-29 4.67504E-09 6.16504E-09
 9.54213E-06 2.42996E-10 3.17582E-10 4.88418E-10 5.22175E-07 1.41091E-12 6.79224E-05 1.21339E-04
 2.11858E-06 6.32021E-10 2.88293E-10 1.59853E-12 3.75420E-11 3.54241E-12 1.79452E-12 5.60359E-13
 3.55537E-14 1.63496E-14 7.49074E-18 1.37961E-18 4.45162E-15 3.32323E-12 4.99102E-14 7.34934E-13
 5.49582E-10 1.11402E-16 9.35697E-31 7.31178E-31 1.15119E-22 9.66809E-22 2.21194E-21 1.66460E-29
 4.14585E-09 7.34253E-09 7.60060E-06 2.62167E-10 3.09568E-10 4.23108E-10 4.54159E-07 1.84474E-12
 6.50894E-05 1.13707E-04 2.31300E-06 5.11884E-10 2.53121E-10 1.42867E-12 3.67447E-11 2.76105E-12
 1.64096E-12 3.95186E-13 2.25464E-14 1.24046E-14 3.81485E-18 8.71195E-19 2.53952E-15 2.63196E-12
 6.17830E-14 6.55665E-13 5.50327E-10 6.34498E-17 4.68163E-31 4.30784E-31 6.95889E-23 5.16561E-22
 1.06787E-21 9.79613E-30 3.70772E-09 8.65068E-09 6.15831E-06 2.79557E-10 3.06206E-10 3.78078E-10
 3.98651E-07 2.40950E-12 6.26377E-05 1.07047E-04 2.56758E-06 4.27904E-10 2.24311E-10 1.25562E-12
 3.58610E-11 2.19888E-12 1.47097E-12 2.81004E-13 1.48513E-14 9.51685E-15 2.00969E-18 5.56714E-19
 1.46421E-15 2.12296E-12 7.52127E-14 5.86910E-13 5.50880E-10 3.71300E-17 2.47440E-31 2.62976E-31
 4.36108E-23 2.88870E-22 5.28902E-22 6.08924E-30 3.33899E-09 1.00967E-08 5.08671E-06 2.96195E-10
 3.07004E-10 3.47049E-10 3.52468E-07 3.14818E-12 6.05169E-05 1.01200E-04 2.88188E-06 3.66577E-10
 2.00370E-10 1.08750E-12 3.49535E-11 1.78792E-12 1.30137E-12 2.02208E-13 1.01215E-14 7.38665E-15
 1.09405E-18 3.61335E-19 8.52507E-16 1.74532E-12 9.05099E-14 5.28218E-13 5.51290E-10 2.23284E-17
 1.40543E-31 1.69638E-31 2.87937E-23 1.71641E-22 2.77717E-22 4.04920E-30 3.02196E-09 1.16863E-08
 4.28764E-06 3.13093E-10 3.11631E-10 3.26177E-10 3.13268E-07 4.11865E-12 5.86884E-05 9.60426E-05
 3.25486E-06 3.19738E-10 1.80066E-10 9.29545E-13 3.40651E-11 1.48267E-12 1.14240E-12 1.47626E-13
 7.11141E-15 5.79994E-15 6.14448E-19 2.38662E-19 5.01100E-16 1.46241E-12 1.08114E-13 4.78588E-13
 5.51596E-10 1.37908E-17 8.59378E-32 1.16082E-31 2.00379E-23 1.08367E-22 1.54378E-22 2.87498E-30
 2.74290E-09 1.34200E-08 3.69114E-06 3.31277E-10 3.20055E-10 3.13277E-10 2.79250E-07 5.40015E-12
 5.71164E-05 9.14591E-05 3.68438E-06 2.82388E-10 1.62449E-10 7.84535E-13 3.32195E-11 1.25305E-12
 9.99120E-13 1.09581E-13 5.13836E-15 4.60638E-15 3.55519E-19 1.60498E-19 2.96901E-16 1.24860E-12
 1.28611E-13 4.36845E-13 5.51824E-10 8.74170E-18 5.63996E-32 8.41220E-32 1.46173E-23 7.23105E-23
 9.01229E-23 2.16481E-30 2.49145E-09 1.52869E-08 3.24987E-06 3.51944E-10 3.32600E-10 3.07363E-10
 2.49022E-07 7.10150E-12 5.57749E-05 8.73646E-05 4.16417E-06 2.51376E-10 1.46794E-10 6.53792E-13
 3.24324E-11 1.07946E-12 8.73750E-13 8.29435E-14 3.81575E-15 3.70210E-15 2.11956E-19 1.09885E-19
 1.77215E-16 1.08641E-12 1.52779E-13 4.01894E-13 5.51990E-10 5.68714E-18 4.02575E-32 6.54593E-32
 1.12802E-23 5.15033E-23 5.64013E-23 1.74420E-30 2.25966E-09 1.72562E-08 2.93351E-06 3.76616E-10
 3.50081E-10 3.08479E-10 2.21469E-07 9.37436E-12 5.46428E-05 8.36882E-05 4.68210E-06 2.24670E-10
 1.32543E-10 5.37429E-13 3.17110E-11 9.49287E-13 7.66688E-13 6.42912E-14 2.91675E-15 3.01460E-15
 1.30497E-19 7.65705E-20 1.06496E-16 9.64185E-13 1.81658E-13 3.72811E-13 5.52107E-10 3.80201E-18
 3.16022E-32 5.52790E-32 9.25078E-24 3.93914E-23 3.81316E-23 1.51190E-30 2.04211E-09 1.92600E-08
 2.72793E-06 4.07570E-10 3.74234E-10 3.17996E-10 1.95549E-07 1.24395E-11 5.37039E-05 8.03769E-05
 5.21726E-06 2.01032E-10 1.19325E-10 4.34909E-13 3.10570E-11 8.55465E-13 6.77399E-13 5.13808E-14
 2.30646E-15 2.49376E-15 8.34322E-20 5.41937E-20 6.44719E-17 8.74001E-13 2.16587E-13 3.48651E-13
 5.52181E-10 2.61821E-18 2.75837E-32 5.11114E-32 8.05789E-24 3.24191E-23 2.78772E-23 1.41300E-30
 1.83602E-09 2.12002E-08 2.62209E-06 4.47661E-10 4.07490E-10 3.38352E-10 1.70707E-07 1.66118E-11
 5.29419E-05 7.73773E-05 5.74392E-06 1.79786E-10 1.06918E-10 3.45765E-13 3.04651E-11 7.93750E-13
 6.04645E-13 4.26704E-14 1.89934E-15 2.10338E-15 5.58292E-20 3.89095E-20 3.93181E-17 8.10879E-13
 2.59302E-13 3.28698E-13 5.52217E-10 1.86468E-18 2.70698E-32 5.21874E-32 7.44918E-24 2.87698E-23
 2.22043E-23 1.42693E-30 1.64215E-09 2.29721E-08 2.60534E-06 5.00181E-10 4.52838E-10 3.72938E-10
 1.46926E-07 2.23370E-11 5.23398E-05 7.46289E-05 6.23838E-06 1.60728E-10 9.53137E-11 2.69619E-13
 2.99241E-11 7.61476E-13 5.46482E-13 3.70646E-14 1.63840E-15 1.81550E-15 3.94039E-20 2.83038E-20
 2.40902E-17 7.71058E-13 3.11904E-13 3.12270E-13 5.52217E-10 1.37857E-18 2.99299E-32 5.88533E-32
 7.26178E-24 2.74140E-23 1.93393E-23 1.55015E-30 1.46402E-09 2.45005E-08 2.66629E-06 5.68672E-10
 5.13370E-10 4.25830E-10 1.24672E-07 3.02259E-11 5.18869E-05 7.20907E-05 6.68120E-06 1.43895E-10
 8.46684E-11 2.06295E-13 2.94245E-11 7.56531E-13 5.00757E-13 3.37778E-14 1.48369E-15 1.60723E-15
 2.94701E-20 2.08519E-20 1.48064E-17 7.51323E-13 3.76840E-13 2.98757E-13 5.52182E-10 1.06018E-18
 3.66442E-32 7.20588E-32 7.33154E-24 2.75671E-23 1.80558E-23 1.77852E-30 1.30602E-09 2.57299E-08
 2.80382E-06 6.57739E-10 5.93322E-10 5.03146E-10 1.04290E-07 4.11614E-11 5.15764E-05 6.97345E-05
 7.05911E-06 1.29456E-10 7.52276E-11 1.55031E-13 2.89561E-11 7.78796E-13 4.65277E-13 3.23224E-14
 1.41083E-15 1.46045E-15 2.33916E-20 1.54972E-20 9.12214E-18 7.48367E-13 4.56694E-13 2.87266E-13
 5.52114E-10 8.47149E-19 4.85482E-32 9.36604E-32 7.49699E-24 2.86149E-23 1.76576E-23 2.10626E-30
 1.17256E-09 2.66257E-08 3.02701E-06 7.73603E-10 6.98839E-10 6.14128E-10 8.59495E-08 5.64746E-11
 5.14033E-05 6.75409E-05 7.36849E-06 1.17654E-10 6.72690E-11 1.14594E-13 2.85073E-11 8.30316E-13
 4.37842E-13 3.24278E-14 1.40646E-15 1.36074E-15 1.96620E-20 1.15170E-20 5.63409E-18 7.58153E-13
 5.53705E-13 2.76557E-13 5.52016E-10 6.99689E-19 6.80353E-32 1.26407E-31 7.59640E-24 2.99895E-23
 1.74467E-23 2.51827E-30 1.06528E-09 2.72628E-08 3.33002E-06 9.21552E-10 8.34778E-10 7.67567E-10
 7.00838E-08 7.80122E-11 5.13635E-05 6.54914E-05 7.62542E-06 1.08426E-10 6.08730E-11 8.36723E-14
 2.80702E-11 9.09612E-13 4.15943E-13 3.37388E-14 1.45319E-15 1.29231E-15 1.72708E-20 8.51515E-21
 3.48755E-18 7.75717E-13 6.69726E-13 2.65802E-13 5.51891E-10 5.91367E-19 9.87253E-32 1.74224E-31
 7.58702E-24 3.14506E-23 1.72594E-23 3.00917E-30 9.80247E-10 2.78256E-08 3.68295E-06 1.10371E-09
 1.00189E-09 9.67770E-10 5.70692E-08 1.08160E-10 5.14547E-05 6.35645E-05 7.86394E-06 1.01167E-10
 5.57696E-11 6.07500E-14 2.76439E-11 1.00849E-12 3.97060E-13 3.56999E-14 1.52443E-15 1.23849E-15
 1.54909E-20 6.27656E-21 2.15938E-18 7.96058E-13 8.06749E-13 2.54916E-13 5.51743E-10 5.04997E-19
 1.44660E-31 2.41185E-31 7.51220E-24 3.29566E-23 1.70944E-23 3.58106E-30 9.11235E-10 2.84707E-08
 4.05709E-06 1.32135E-09 1.19978E-09 1.21735E-09 4.67292E-08 1.50159E-10 5.16761E-05 6.17490E-05
 8.11800E-06 9.51776E-11 5.15749E-11 4.41268E-14 2.72305E-11 1.11762E-12 3.79463E-13 3.78067E-14
 1.59711E-15 1.18800E-15 1.39191E-20 4.62056E-21 1.33623E-18 8.15203E-13 9.66801E-13 2.43912E-13
 5.51573E-10 4.31149E-19 2.10268E-31 3.31542E-31 7.41711E-24 3.45033E-23 1.69060E-23 4.23970E-30
 8.55703E-10 2.92289E-08 4.45525E-06 1.58001E-09 1.43387E-09 1.52593E-09 3.84360E-08 2.09092E-10
 5.20267E-05 6.00382E-05 8.41244E-06 9.02916E-11 4.81667E-11 3.21318E-14 2.68266E-11 1.23453E-12
 3.62226E-13 3.98628E-14 1.66446E-15 1.13704E-15 1.24360E-20 3.36991E-21 8.26000E-19 8.29303E-13
 1.15020E-12 2.32154E-13 5.51386E-10 3.65216E-19 3.03399E-31 4.53024E-31 7.31688E-24 3.61101E-23
 1.66525E-23 5.00461E-30 8.13980E-10 3.01659E-08 4.86884E-06 1.88411E-09 1.70935E-09 1.89930E-09
 3.17311E-08 2.92600E-10 5.25034E-05 5.84323E-05 8.78339E-06 8.65772E-11 4.55957E-11 2.35073E-14
 2.64344E-11 1.35373E-12 3.44042E-13 4.15006E-14 1.71424E-15 1.08065E-15 1.09231E-20 2.40432E-21
 5.10628E-19 8.31414E-13 1.35336E-12 2.18777E-13 5.51193E-10 3.03357E-19 4.34048E-31 6.15232E-31
 7.23339E-24 3.78093E-23 1.62692E-23 5.90487E-30 7.85024E-10 3.17024E-08 5.16720E-06 2.21485E-09
 2.00411E-09 2.28898E-09 2.66117E-08 4.09525E-10 5.31008E-05 5.69316E-05 9.30472E-06 8.35964E-11
 4.38204E-11 1.74060E-14 2.60898E-11 1.44013E-12 3.21749E-13 4.12110E-14 1.68578E-15 1.00240E-15
 9.05676E-21 1.66213E-21 3.16299E-19 8.06571E-13 1.56646E-12 2.03237E-13 5.51019E-10 2.40258E-19
 5.93201E-31 8.10501E-31 7.25637E-24 3.96148E-23 1.56426E-23 6.95145E-30 7.65858E-10 3.40767E-08
 5.28175E-06 2.55319E-09 2.29899E-09 2.64863E-09 2.27734E-08 5.71322E-10 5.38125E-05 5.55318E-05
 1.00421E-05 8.10566E-11 4.26569E-11 1.31068E-14 2.58094E-11 1.47446E-12 2.95020E-13 3.85392E-14
 1.56538E-15 9.02217E-16 6.98958E-21 1.11378E-21 1.96568E-19 7.53678E-13 1.78243E-12 1.86129E-13
 5.50872E-10 1.80056E-19 7.64394E-31 1.02678E-30 7.42464E-24 4.15206E-23 1.47349E-23 8.16424E-30
 7.52574E-10 3.73674E-08 5.22558E-06 2.88700E-09 2.58597E-09 2.95820E-09 1.98530E-08 7.93451E-10
 5.46330E-05 5.42228E-05 1.10558E-05 7.87746E-11 4.18493E-11 1.00472E-14 2.55855E-11 1.45844E-12
 2.65545E-13 3.41240E-14 1.38251E-15 7.90663E-16 5.06133E-21 7.28967E-22 1.22559E-19 6.82617E-13
 1.99937E-12 1.68572E-13 5.50743E-10 1.28749E-19 9.34669E-31 1.25584E-30 7.73516E-24 4.34903E-23
 1.35854E-23 9.57098E-30 7.41370E-10 4.17479E-08 5.01296E-06 3.19827E-09 2.85436E-09 3.19991E-09
 1.76317E-08 1.09539E-09 5.55581E-05 5.29919E-05 1.24498E-05 7.65467E-11 4.11496E-11 7.84131E-15
 2.54080E-11 1.39624E-12 2.34650E-13 2.86802E-14 1.16654E-15 6.76423E-16 3.45868E-21 4.69223E-22
 7.65398E-20 6.02217E-13 2.21604E-12 1.51347E-13 5.50623E-10 8.83852E-20 1.08735E-30 1.48504E-30
 8.19910E-24 4.54646E-23 1.22461E-23 1.11999E-29 7.29965E-10 4.75000E-08 4.66193E-06 3.46302E-09
 3.09381E-09 3.36126E-09 1.59566E-08 1.50299E-09 5.65763E-05 5.18337E-05 1.44161E-05 7.43441E-11
 4.04083E-11 6.23566E-15 2.52667E-11 1.29515E-12 2.03194E-13 2.28768E-14 9.43288E-16 5.65965E-16
 2.23985E-21 2.97431E-22 4.79051E-20 5.18473E-13 2.42897E-12 1.34714E-13 5.50510E-10 5.83847E-20
 1.20613E-30 1.69975E-30 8.84275E-24 4.73630E-23 1.07683E-23 1.30927E-29 7.16671E-10 5.50354E-08
 4.19706E-06 3.65149E-09 3.29658E-09 3.43976E-09 1.47202E-08 2.05186E-09 5.76691E-05 5.07457E-05
 1.73133E-05 7.22572E-11 3.95115E-11 5.05779E-15 2.51499E-11 1.16532E-12 1.71841E-13 1.72887E-14
 7.33376E-16 4.64064E-16 1.37758E-21 1.85332E-22 3.01096E-20 4.35871E-13 2.63260E-12 1.18721E-13
 5.50404E-10 3.71336E-20 1.28009E-30 1.88712E-30 9.71089E-24 4.90826E-23 9.20415E-24 1.53189E-29
 7.01157E-10 6.49659E-08 3.64881E-06 3.73175E-09 3.45821E-09 3.43901E-09 1.38416E-08 2.79464E-09
 5.88146E-05 4.97239E-05 2.17959E-05 7.04944E-11 3.84293E-11 4.18740E-15 2.50459E-11 1.01761E-12
 1.41175E-13 1.23264E-14 5.49324E-16 3.73305E-16 8.07152E-22 1.12857E-22 1.90496E-20 3.57261E-13
 2.81883E-12 1.03300E-13 5.50311E-10 2.26811E-20 1.30620E-30 2.03932E-30 1.08725E-23 5.04950E-23
 7.60839E-24 1.79889E-29 6.85538E-10 7.82796E-08 3.04981E-06 3.67735E-09 3.57314E-09 3.35397E-09
 1.32579E-08 3.81358E-09 5.99931E-05 4.87581E-05 2.90123E-05 6.92947E-11 3.72846E-11 3.54037E-15
 2.49444E-11 8.60446E-13 1.11822E-13 8.21149E-15 3.94728E-16 2.93831E-16 4.47199E-22 6.64277E-23
 1.21388E-20 2.83833E-13 2.97847E-12 8.83730E-14 5.50239E-10 1.31852E-20 1.28542E-30 2.15238E-30
 1.24293E-23 5.14401E-23 6.04005E-24 2.12425E-29 6.71458E-10 9.66854E-08 2.43377E-06 3.47822E-09
 3.62212E-09 3.15624E-09 1.29568E-08 5.22643E-09 6.11863E-05 4.78349E-05 4.08254E-05 6.83970E-11
 3.61559E-11 3.06397E-15 2.48373E-11 6.98957E-13 8.48221E-14 5.03734E-15 2.68039E-16 2.24607E-16
 2.30271E-22 3.76012E-23 7.78025E-21 2.16950E-13 3.11317E-12 7.42388E-14 5.50185E-10 7.21030E-21
 1.21207E-30 2.21538E-30 1.45187E-23 5.17133E-23 4.57063E-24 2.51442E-29 6.58585E-10 1.23293E-07
 1.83955E-06 3.15507E-09 3.56300E-09 2.79680E-09 1.30011E-08 7.17699E-09 6.23679E-05 4.69458E-05
 5.98305E-05 6.65889E-11 3.49655E-11 2.73248E-15 2.47191E-11 5.37255E-13 6.15257E-14 2.79885E-15
 1.67063E-16 1.64470E-16 1.07029E-22 2.06720E-23 5.01576E-21 1.58490E-13 3.24842E-12 6.15618E-14
 5.50121E-10 3.66914E-21 1.06932E-30 2.19789E-30 1.72969E-23 5.10764E-23 3.28205E-24 2.94515E-29
 6.46922E-10 1.64193E-07 1.30615E-06 2.75486E-09 3.34097E-09 2.24696E-09 1.35400E-08 9.82061E-09
 6.35096E-05 4.60841E-05 8.91052E-05 6.20209E-11 3.36055E-11 2.53774E-15 2.45835E-11 3.81662E-13
 4.27998E-14 1.37993E-15 9.13847E-17 1.12739E-16 4.28553E-23 1.12332E-23 3.25368E-21 1.09614E-13
 3.42822E-12 5.08529E-14 5.50000E-10 1.71039E-21 8.45281E-31 2.05136E-30 2.09359E-23 4.92980E-23
 2.23270E-24 3.34045E-29 6.37618E-10 2.31750E-07 8.64610E-07 2.32889E-09 2.92381E-09 1.56665E-09
 1.48369E-08 1.33108E-08 6.45901E-05 4.52429E-05 1.31690E-04 5.32363E-11 3.19525E-11 2.48403E-15
 2.44202E-11 2.43377E-13 2.86694E-14 5.88863E-16 4.15729E-17 7.00849E-17 1.39012E-23 6.12529E-24
 2.12303E-21 7.07820E-14 3.69719E-12 4.22000E-14 5.49778E-10 7.13328E-22 5.65829E-31 1.74005E-30
 2.56174E-23 4.61812E-23 1.43791E-24 3.57445E-29 6.29481E-10 3.50899E-07 5.31442E-07 1.91506E-09
 2.34438E-09 9.15636E-10 1.73448E-08 1.77518E-08 6.56005E-05 4.44166E-05 1.89817E-04 4.04793E-11
 2.96481E-11 2.58482E-15 2.42179E-11 1.36001E-13 1.85863E-14 2.13524E-16 1.50782E-17 3.83483E-17
 3.46819E-24 3.41222E-24 1.39264E-21 4.22983E-14 4.08901E-12 3.54768E-14 5.49422E-10 2.61665E-22
 3.03519E-31 1.29248E-30 3.14441E-23 4.16438E-23 8.77456E-25 3.51561E-29 6.18561E-10 5.70275E-07
 3.04293E-07 1.53534E-09 1.70978E-09 4.44564E-10 2.17870E-08 2.31208E-08 6.65482E-05 4.36014E-05
 2.64241E-04 2.65566E-11 2.63371E-11 2.85291E-15 2.39729E-11 6.65499E-14 1.17427E-14 6.62235E-17
 4.34807E-18 1.83019E-17 6.62734E-25 1.99084E-24 9.17630E-22 2.35435E-14 4.62315E-12 3.04983E-14
 5.48911E-10 8.52537E-23 1.26423E-31 8.19175E-31 3.82300E-23 3.59132E-23 5.09790E-25 3.11568E-29
 6.03096E-10 9.75202E-07 1.65035E-07 1.20636E-09 1.15192E-09 1.85306E-10 2.90187E-08 2.92859E-08
 6.74509E-05 4.27983E-05 3.53535E-04 1.53112E-11 2.24725E-11 3.27553E-15 2.36960E-11 2.99771E-14
 7.30434E-15 1.86357E-17 1.06864E-18 7.93616E-18 1.06406E-25 1.23383E-24 6.07893E-22 1.24928E-14
 5.30211E-12 2.69197E-14 5.48246E-10 2.60104E-23 4.20024E-32 4.47583E-31 4.52631E-23 2.97463E-23
 2.86461E-25 2.48443E-29 5.83179E-10 1.68251E-06 8.75081E-08 9.43121E-10 7.49673E-10 7.19320E-11
 3.93576E-08 3.62093E-08 6.83315E-05 4.20102E-05 4.54506E-04 8.33668E-12 1.90945E-11 3.78352E-15
 2.34066E-11 1.39822E-14 4.54846E-15 5.42528E-18 2.62683E-19 3.49858E-18 1.79194E-26 8.04436E-25
 4.05533E-22 6.56857E-15 6.11898E-12 2.42645E-14 5.47438E-10 8.27469E-24 1.24377E-32 2.25639E-31
 5.14602E-23 2.42698E-23 1.60722E-25 1.83785E-29 5.56582E-10 2.77984E-06 4.73399E-08 7.54986E-10
 5.02666E-10 2.92159E-11 5.14639E-08 4.42566E-08 6.92124E-05 4.12369E-05 5.63605E-04 4.64010E-12
 1.65349E-11 4.24881E-15 2.31217E-11 7.70179E-15 2.91602E-15 1.91422E-18 7.83699E-20 1.79148E-18
 4.11158E-27 5.42988E-25 2.72540E-22 3.61124E-15 7.08766E-12 2.21685E-14 5.46474E-10 3.11435E-24
 3.92047E-33 1.17898E-31 5.60173E-23 2.03261E-23 9.41753E-26 1.34127E-29 5.22945E-10 4.25692E-06
 2.73853E-08 6.35921E-10 3.64940E-10 1.37233E-11 6.25680E-08 5.43416E-08 7.01089E-05 4.04777E-05
 6.77751E-04 2.74014E-12 1.43376E-11 4.54071E-15 2.28527E-11 5.15984E-15 1.97757E-15 8.69267E-19
 3.08656E-20 1.10456E-18 1.38926E-27 3.75815E-25 1.84537E-22 2.17114E-15 8.25359E-12 2.04333E-14
 5.45311E-10 1.44166E-24 1.52670E-33 7.05118E-32 5.89549E-23 1.79225E-23 6.00841E-26 1.02477E-29
 4.87986E-10 6.06226E-06 1.75912E-08 5.65855E-10 2.88762E-10 7.65857E-12 7.07198E-08 6.76387E-08
 7.10310E-05 3.97302E-05 7.94964E-04 1.70966E-12 1.21752E-11 4.60034E-15 2.26062E-11 3.94450E-15
 1.42453E-15 4.79457E-19 1.52094E-20 7.73658E-19 6.14852E-28 2.63987E-25 1.25816E-22 1.43456E-15
 9.66321E-12 1.89125E-14 5.43904E-10 7.74450E-25 7.57102E-34 4.92919E-32 6.08319E-23 1.65183E-23
 4.23732E-26 8.36646E-30 4.62685E-10 8.17316E-06 1.28075E-08 5.26252E-10 2.44983E-10 4.95420E-12
 7.54643E-08 8.54438E-08 7.19856E-05 3.89909E-05 9.14207E-04 1.10923E-12 1.00562E-11 4.44284E-15
 2.23848E-11 3.23594E-15 1.07789E-15 2.98383E-19 8.66850E-21 5.80588E-19 3.15077E-28 1.85887E-25
 8.62647E-23 1.02107E-15 1.13437E-11 1.74825E-14 5.42225E-10 4.52409E-25 4.59316E-34 3.92765E-32
 6.21434E-23 1.56297E-23 3.25625E-26 7.25087E-30 4.67704E-10 1.05448E-05 1.06523E-08 5.07804E-10
 2.20577E-10 3.64594E-12 7.68795E-08 1.09520E-07 7.29759E-05 3.82572E-05 1.03479E-03 7.43812E-13
 8.07491E-12 4.11826E-15 2.21900E-11 2.76158E-15 8.51824E-16 2.01784E-19 5.48855E-21 4.53721E-19
 1.76102E-28 1.30553E-25 5.94074E-23 7.73501E-16 1.33119E-11 1.60844E-14 5.40258E-10 2.78784E-25
 3.32059E-34 3.50770E-32 6.31635E-23 1.49886E-23 2.65120E-26 6.63552E-30 5.45876E-10 1.30320E-05
 1.01560E-08 5.09094E-10 2.11315E-10 3.07821E-12 7.51068E-08 1.42718E-07 7.40015E-05 3.75282E-05
 1.15619E-03 5.19173E-13 6.29405E-12 3.68684E-15 2.20220E-11 2.42200E-15 7.07412E-16 1.47444E-19
 3.84378E-21 3.66262E-19 1.05745E-28 9.12677E-26 4.10404E-23 6.25224E-16 1.55308E-11 1.46664E-14
 5.38041E-10 1.80343E-25 2.89008E-34 3.53050E-32 6.40259E-23 1.44643E-23 2.22501E-26 6.44351E-30
 7.93237E-10 1.53837E-05 1.10680E-08 5.32949E-10 2.16792E-10 3.04563E-12 7.06600E-08 1.89298E-07
 7.50507E-05 3.68091E-05 1.27727E-03 3.83071E-13 4.75745E-12 3.21473E-15 2.18812E-11 2.17583E-15
 6.25566E-16 1.17679E-19 3.01440E-21 3.06170E-19 6.88322E-29 6.22883E-26 2.84751E-23 5.38868E-16
 1.76852E-11 1.30577E-14 5.35888E-10 1.22326E-25 3.09576E-34 4.05068E-32 6.47818E-23 1.40050E-23
 1.89038E-26 6.68843E-30 1.43952E-09 1.73290E-05 1.35156E-08 5.85296E-10 2.38729E-10 3.57737E-12
 6.47366E-08 2.55109E-07 7.61048E-05 3.61081E-05 1.39702E-03 3.03909E-13 3.49231E-12 2.76758E-15
 2.17664E-11 2.00621E-15 5.98152E-16 1.04561E-19 2.69191E-21 2.67618E-19 4.98058E-29 3.85682E-26
 1.98975E-23 4.80477E-16 1.86826E-11 1.08643E-14 5.34893E-10 8.50519E-26 4.11784E-34 5.30598E-32
 6.53996E-23 1.36416E-23 1.61906E-26 7.43545E-30 2.99415E-09 1.88591E-05 1.77269E-08 6.71971E-10
 2.78263E-10 4.82178E-12 5.88937E-08 3.48499E-07 7.71410E-05 3.54336E-05 1.51532E-03 2.59317E-13
 2.50918E-12 2.39886E-15 2.16745E-11 1.89859E-15 6.18201E-16 1.03553E-19 2.71216E-21 2.45538E-19
 4.04431E-29 1.83921E-26 1.40505E-23 4.06115E-16 1.67413E-11 7.75247E-15 5.36837E-10 5.57521E-26
 6.51733E-34 7.70414E-32 6.57844E-23 1.34692E-23 1.41108E-26 8.71799E-30 6.25728E-09 2.07514E-05
 2.34795E-08 7.81673E-10 3.25727E-10 6.58120E-12 5.42453E-08 4.83075E-07 7.81312E-05 3.47949E-05
 1.63312E-03 2.28323E-13 1.81404E-12 2.14512E-15 2.16018E-11 1.80561E-15 6.54174E-16 1.05654E-19
 2.79018E-21 2.28191E-19 3.39063E-29 5.98165E-27 1.00761E-23 2.91930E-16 1.23582E-11 4.52625E-15
 5.41223E-10 3.01049E-26 1.05061E-33 1.12563E-31 6.59346E-23 1.34913E-23 1.26333E-26 1.02288E-29
 1.20766E-08 2.45698E-05 2.94436E-08 8.80094E-10 3.57715E-10 7.88481E-12 5.28326E-08 6.78549E-07
 7.90393E-05 3.42035E-05 1.75237E-03 2.00534E-13 1.38691E-12 2.03344E-15 2.15442E-11 1.67804E-15
 6.65834E-16 1.01244E-19 2.61480E-21 2.06835E-19 2.69528E-29 1.56824E-27 7.38921E-24 1.78794E-16
 8.37566E-12 2.37963E-15 5.45208E-10 1.42334E-26 1.41461E-33 1.45260E-31 6.59370E-23 1.36239E-23
 1.15512E-26 1.12341E-29 2.08655E-08 3.35057E-05 3.28162E-08 9.00213E-10 3.39354E-10 7.18194E-12
 5.87744E-08 9.49689E-07 7.98085E-05 3.36843E-05 1.87396E-03 1.71503E-13 1.18329E-12 2.07822E-15
 2.14995E-11 1.49918E-15 6.12391E-16 8.41904E-20 2.02558E-21 1.80009E-19 1.96753E-29 4.23321E-28
 5.62502E-24 9.66424E-17 5.85411E-12 1.27624E-15 5.47731E-10 6.15728E-27 1.26437E-33 1.40246E-31
 6.58564E-23 1.38039E-23 1.06346E-26 1.06441E-29 3.19176E-08 5.46266E-05 3.12013E-08 7.84557E-10
 2.57672E-10 4.42744E-12 7.96065E-08 1.27207E-06 8.03739E-05 3.32767E-05 1.99704E-03 1.38566E-13
 1.16805E-12 2.25833E-15 2.14671E-11 1.31720E-15 4.79393E-16 5.83230E-20 1.23110E-21 1.53718E-19
 1.37694E-29 1.40409E-28 4.55609E-24 4.69729E-17 4.48814E-12 7.62658E-16 5.49097E-10 2.69467E-27
 6.18946E-34 8.64303E-32 6.52984E-23 1.44268E-23 9.87260E-27 8.01266E-30 4.25286E-08 1.02814E-04
 2.65938E-08 5.77426E-10 1.52145E-10 1.94511E-12 1.32045E-07 1.53375E-06 8.06809E-05 3.30353E-05
 2.11909E-03 1.05336E-13 1.30755E-12 2.47831E-15 2.14485E-11 1.18784E-15 3.22851E-16 3.50316E-20
 6.00253E-22 1.34123E-19 1.00606E-29 6.74329E-29 4.04897E-24 2.26182E-17 3.92335E-12 5.50325E-16
 5.49662E-10 1.33792E-27 1.61458E-34 3.16207E-32 6.31343E-23 1.66227E-23 9.42310E-27 4.57385E-30
 2.86754E+02 2.83858E+02 2.80858E+02 2.77724E+02 2.74466E+02 2.71254E+02 2.67960E+02 2.64457E+02
 2.60703E+02 2.56674E+02 2.52355E+02 2.47744E+02 2.42858E+02 2.37730E+02 2.32795E+02 2.29136E+02
 2.27160E+02 2.26082E+02 2.25483E+02 2.25355E+02 2.25517E+02 2.25696E+02 2.25792E+02 2.25878E+02
 2.26019E+02 2.26238E+02 2.26549E+02 2.26984E+02 2.27605E+02 2.28364E+02 2.29090E+02 2.29726E+02
 2.30273E+02 2.30671E+02 2.30844E+02 2.30747E+02 2.30374E+02 2.29709E+02 2.28698E+02 2.27259E+02
 2.25292E+02 2.22818E+02 2.20094E+02 2.17387E+02 2.14739E+02 2.12080E+02 2.09415E+02 2.06774E+02
 2.04174E+02 2.01658E+02 1.99270E+02 1.97008E+02 1.94884E+02 1.92918E+02 1.91114E+02 1.89469E+02
 1.87981E+02 1.86652E+02 1.85487E+02 1.84515E+02 1.83754E+02 1.83196E+02 1.82796E+02 1.82532E+02
 1.82426E+02 1.82445E+02 1.82477E+02 1.82442E+02 1.82396E+02 1.82436E+02 1.82588E+02 1.82842E+02
 1.83155E+02 1.83462E+02 1.83724E+02 1.83912E+02 1.84029E+02 1.84159E+02 1.84381E+02 1.84719E+02
 1.85197E+02 1.85878E+02 1.86734E+02 1.87571E+02 1.88191E+02 1.88548E+02 1.88668E+02 1.88550E+02
 1.88217E+02 1.87713E+02 1.86972E+02 1.85779E+02 1.83787E+02 1.80532E+02 1.75826E+02 1.70626E+02
 1.65579E+02 1.60682E+02 1.55929E+02 1.51318E+02 1.00000E+05 1.00000E+05 1.00000E+05 1.00000E+05
 1.00000E+05 1.00000E+05 1.00000E+05 1.00000E+05 1.00000E+05 1.00000E+05 1.00000E+05 1.00000E+05
 1.00000E+05 1.00000E+05 9.69600E+04 9.05600E+04 6.92150E+04 4.61889E+04 3.01829E+04 1.91055E+04
 1.24873E+04 9.08909E+03 6.58741E+03 5.58923E+03 4.86008E+03 4.32977E+03 4.09939E+03 3.94167E+03
 3.91136E+03 3.93750E+03 3.99750E+03 4.20227E+03 4.44168E+03 4.74532E+03 5.08741E+03 5.45033E+03
 5.90367E+03 6.37995E+03 6.89450E+03 7.45255E+03 8.02955E+03 8.63682E+03 9.25491E+03 9.88764E+03
 1.06171E+04 1.13717E+04 1.21050E+04 1.28182E+04 1.35091E+04 1.43800E+04 1.52955E+04 1.62409E+04
 1.71641E+04 1.80671E+04 1.91345E+04 2.02527E+04 2.14648E+04 2.28408E+04 2.43377E+04 2.61374E+04
 2.79600E+04 2.97782E+04 3.17782E+04 3.38873E+04 3.63095E+04 3.87379E+04 4.11621E+04 4.37827E+04
 4.65130E+04 4.98342E+04 5.33850E+04 5.73183E+04 6.10583E+04 6.47641E+04 6.89520E+04 7.35597E+04
 7.87355E+04 8.36623E+04 8.85888E+04 9.40191E+04 9.97574E+04 1.05836E+05 1.12350E+05 1.19285E+05
 1.27770E+05 1.37050E+05 1.47050E+05 1.57580E+05 1.68186E+05 1.78792E+05 1.89747E+05 2.00959E+05
 2.15142E+05 2.30033E+05 2.46155E+05 2.61670E+05 2.76821E+05 2.94809E+05 3.13914E+05 3.35186E+05
 2.47131E+19 2.32740E+19 2.19132E+19 2.06286E+19 1.94146E+19 1.82561E+19 1.71595E+19 1.61289E+19
 1.51619E+19 1.42550E+19 1.34043E+19 1.26054E+19 1.18534E+19 1.11435E+19 1.04538E+19 9.74136E+18
 9.00303E+18 8.28353E+18 7.60313E+18 6.96318E+18 6.36906E+18 5.82571E+18 5.33102E+18 4.87882E+18
 4.46416E+18 4.08369E+18 3.73459E+18 3.41402E+18 3.11910E+18 2.84878E+18 2.60305E+18 2.38014E+18
 2.17770E+18 1.99415E+18 1.82809E+18 1.67787E+18 1.54173E+18 1.41818E+18 1.30613E+18 1.20468E+18
 1.11305E+18 1.02992E+18 9.53229E+17 8.81347E+17 8.13887E+17 7.50896E+17 6.92110E+17 6.37197E+17
 5.85922E+17 5.37986E+17 4.93154E+17 4.51315E+17 4.12336E+17 3.76065E+17 3.42392E+17 3.11215E+17
 2.82422E+17 2.55895E+17 2.31508E+17 2.09107E+17 1.88573E+17 1.69807E+17 1.52738E+17 1.37258E+17
 1.23230E+17 1.10559E+17 9.91878E+16 8.90202E+16 7.98996E+16 7.16805E+16 6.42730E+16 5.76066E+16
 5.16249E+16 4.62754E+16 4.14981E+16 3.72349E+16 3.34261E+16 3.00077E+16 2.69286E+16 2.41548E+16
 2.16559E+16 1.94013E+16 1.73734E+16 1.55670E+16 1.39709E+16 1.25596E+16 1.13069E+16 1.01922E+16
 9.19686E+15 8.30458E+15 7.50593E+15 6.79714E+15 6.17682E+15 5.64449E+15 5.18985E+15 4.77410E+15
 4.37658E+15 3.99797E+15 3.63882E+15 3.29950E+15 2.28524E-11 2.49349E-11 2.92643E-11 3.62525E-11
 4.53371E-11 5.62857E-11 6.89612E-11 8.32431E-11 9.89979E-11 1.16065E-10 1.34243E-10 1.53280E-10
 1.72861E-10 1.92600E-10 2.12382E-10 2.32520E-10 2.55183E-10 2.84730E-10 3.22296E-10 3.69164E-10
 4.24492E-10 4.81459E-10 5.32664E-10 5.70881E-10 5.92913E-10 6.00981E-10 5.98265E-10 5.88249E-10
 5.73691E-10 5.56524E-10 5.37852E-10 5.18558E-10 4.99269E-10 4.80245E-10 4.61653E-10 4.43523E-10
 4.25944E-10 4.08978E-10 3.92587E-10 3.76760E-10 3.61457E-10 3.46621E-10 3.32186E-10 3.18081E-10
 3.04307E-10 2.90867E-10 2.77693E-10 2.64707E-10 2.51848E-10 2.39155E-10 2.26471E-10 2.14000E-10
 2.01691E-10 1.89517E-10 1.77567E-10 1.65852E-10 1.54411E-10 1.43306E-10 1.32566E-10 1.22285E-10
 1.12430E-10 1.02970E-10 9.39411E-11 8.53498E-11 7.72451E-11 6.95973E-11 6.23869E-11 5.56325E-11
 4.93313E-11 4.35292E-11 3.82046E-11 3.33472E-11 2.89031E-11 2.48509E-11 2.11977E-11 1.79367E-11
 1.50587E-11 1.25209E-11 1.02981E-11 8.37514E-12 6.73038E-12 5.34103E-12 4.18305E-12 3.23268E-12
 2.47045E-12 1.86719E-12 1.39545E-12 1.03092E-12 7.51753E-13 5.40194E-13 3.82114E-13 2.65737E-13
 1.82313E-13 1.23259E-13 8.21083E-14 5.36350E-14 3.42292E-14 2.13739E-14 1.30331E-14 7.75791E-15
 5.21780E+01 4.59004E+01 4.52959E+01 4.72218E+01 5.03514E+01 5.55768E+01 6.05140E+01 6.52093E+01
 7.00952E+01 7.44396E+01 7.81149E+01 8.17549E+01 8.46575E+01 8.66828E+01 8.70472E+01 8.73121E+01
 8.77668E+01 8.59074E+01 8.68849E+01 8.99319E+01 9.41598E+01 9.74770E+01 9.87671E+01 9.70067E+01
 9.22045E+01 8.55004E+01 7.78429E+01 6.99724E+01 6.23377E+01 5.52117E+01 4.87404E+01 4.29545E+01
 3.78303E+01 3.33054E+01 2.92853E+01 2.57665E+01 2.26974E+01 2.00282E+01 1.77163E+01 1.57157E+01
 1.39838E+01 1.24579E+01 1.10705E+01 9.82236E+00 8.68887E+00 7.68132E+00 6.77423E+00 5.96273E+00
 5.23076E+00 4.57493E+00 3.98148E+00 3.45334E+00 2.97967E+00 2.56076E+00 2.18828E+00 1.86052E+00
 1.57467E+00 1.32543E+00 1.10965E+00 9.24801E-01 7.66770E-01 6.31934E-01 5.18149E-01 4.22740E-01
 3.43079E-01 2.76846E-01 2.22318E-01 1.77836E-01 1.41451E-01 1.11654E-01 8.71590E-02 6.72423E-02
 5.12878E-02 3.88237E-02 2.91247E-02 2.16811E-02 1.60278E-02 1.17172E-02 8.46593E-03 6.02884E-03
 4.23863E-03 2.94104E-03 2.01092E-03 1.36346E-03 9.19606E-04 6.15459E-04 4.08471E-04 2.69591E-04
 1.76233E-04 1.13877E-04 7.26976E-05 4.58677E-05 2.87773E-05 1.79870E-05 1.12572E-05 6.93015E-06
 4.18672E-06 2.49099E-06 1.45477E-06 8.36003E-07 1.00000E-12 1.00000E-12 1.00000E-12 1.00000E-12
 1.00000E-12 1.00000E-12 1.00000E-12 1.00000E-12 1.00000E-12 1.00000E-12 1.00000E-12 1.00000E-12
 1.00000E-12 1.00000E-12 1.00000E-12 1.00000E-12 1.00000E-12 1.00000E-12 1.00000E-12 1.00000E-12
 1.00000E-12 1.00000E-12 1.00000E-12 1.00000E-12 1.00000E-12 1.00000E-12 1.00000E-12 1.00000E-12
 1.00000E-12 1.00000E-12 1.00000E-12 1.00000E-12 1.00000E-12 1.00000E-12 1.00000E-12 1.00000E-12
 1.00000E-12 1.00000E-12 1.00000E-12 1.00000E-12 1.00000E-12 1.00000E-12 1.00000E-12 1.00000E-12
 1.00000E-12 1.00000E-12 1.00000E-12 1.00000E-12 1.00000E-12 1.00000E-12 1.00000E-12 1.00000E-12
 1.00000E-12 1.00000E-12 1.00000E-12 1.00000E-12 1.00000E-12 1.00000E-12 1.00000E-12 1.00000E-12
 1.00000E-12 1.00000E-12 1.00000E-12 1.00000E-12 1.00000E-12 1.00000E-12 1.00000E-12 1.00000E-12
 1.00000E-12 1.00000E-12 1.00000E-12 1.00000E-12 1.00000E-12 1.00000E-12 1.00000E-12 1.00000E-12
 1.00000E-12 1.00000E-12 1.00000E-12 1.00000E-12 1.00000E-12 1.00000E-12 1.00000E-12 1.00000E-12
 1.00000E-12 1.00000E-12 1.00000E-12 1.00000E-12 1.00000E-12 1.00000E-12 1.00000E-12 1.00000E-12
 1.00000E-12 1.00000E-12 1.00000E-12 1.00000E-12 1.00000E-12 1.00000E-12 1.00000E-12 1.00000E-12
 1.00000E-12 1.00000E-12 1.00000E-12 1.00000E-12 1.00000E-12 1.00000E-12 1.00000E-12 1.00000E-12
 1.00000E-12 1.00000E-12 1.00000E-12 1.00000E-12 1.00000E-12 1.00000E-12 1.00000E-12 1.00000E-12
 1.00000E-12 1.00000E-12 1.00000E-12 1.00000E-12 1.00000E-12 1.00000E-12 1.00000E-12 1.00000E-12
 1.00000E-12 1.00000E-12 1.00000E-12 1.00000E-12 1.00000E-12 1.00000E-12 1.00000E-12 1.00000E-12
 1.00000E-12 1.00000E-12 1.00000E-12 1.00000E-12 1.00000E-12 1.00000E-12 1.00000E-12 1.00000E-12
 1.00000E-12 1.00000E-12 1.00000E-12 1.00000E-12 1.00000E-12 1.00000E-12 1.00000E-12 1.00000E-12
 1.00000E-12 1.00000E-12 1.00000E-12 1.00000E-12 1.00000E-12 1.00000E-12 1.00000E-12 1.00000E-12
 1.00000E-12 1.00000E-12 1.00000E-12 1.00000E-12 1.00000E-12 1.00000E-12 1.00000E-12 1.00000E-12
 1.00000E-12 1.00000E-12 1.00000E-12 1.00000E-12 1.00000E-12 1.00000E-12 1.00000E-12 1.00000E-12
 1.00000E-12 1.00000E-12 1.00000E-12 1.00000E-12 1.00000E-12 1.00000E-12 1.00000E-12 1.00000E-12
 1.00000E-12 1.00000E-12 1.00000E-12 1.00000E-12 1.00000E-12 1.00000E-12 1.00000E-12 1.00000E-12
 1.00000E-12 1.00000E-12 1.00000E-12 1.00000E-12 1.00000E-12 1.00000E-12 1.00000E-12 1.00000E-12
 1.00000E-12 1.00000E-12 1.00000E-12 1.00000E-12 2.72849E-04 2.91198E-04 3.09795E-04 3.30776E-04
 3.53488E-04 3.75109E-04 3.99046E-04 4.25125E-04 4.52592E-04 4.82784E-04 5.16125E-04 5.51632E-04
 5.90877E-04 6.34506E-04 6.84634E-04 7.37209E-04 7.92766E-04 8.64234E-04 9.37422E-04 1.01362E-03
 1.09406E-03 1.18127E-03 1.27552E-03 1.37835E-03 1.49131E-03 1.61480E-03 1.74966E-03 1.89684E-03
 2.05743E-03 2.23255E-03 2.42320E-03 2.63071E-03 2.85649E-03 3.10249E-03 3.37225E-03 3.66630E-03
 3.98655E-03 4.33513E-03 4.71393E-03 5.12592E-03 5.57494E-03 6.06880E-03 6.61908E-03 7.22799E-03
 7.90571E-03 8.65511E-03 9.48935E-03 1.04159E-02 1.14498E-02 1.26023E-02 1.38920E-02 1.53314E-02
 1.69462E-02 1.87480E-02 2.07709E-02 2.30369E-02 2.55708E-02 2.84133E-02 3.16002E-02 3.51659E-02
 3.91547E-02 4.36193E-02 4.86058E-02 5.41687E-02 6.03796E-02 6.73122E-02 7.50325E-02 8.36162E-02
 9.31877E-02 1.03927E-01 1.16090E-01 1.29905E-01 1.45549E-01 1.63046E-01 1.82727E-01 2.04796E-01
 2.29505E-01 2.57333E-01 2.88566E-01 3.23884E-01 3.63511E-01 4.07843E-01 4.57597E-01 5.12390E-01
 5.72642E-01 6.39494E-01 7.13728E-01 7.95163E-01 8.85211E-01 9.84789E-01 1.09487E+00 1.21651E+00
 1.35102E+00 1.50073E+00 1.66667E+00 1.85714E+00 2.07211E+00 2.31381E+00 2.58810E+00 2.89812E+00
 1.00000E+00 1.00000E+00 1.00000E+00 1.00000E+00 1.00000E+00 1.00000E+00 1.00000E+00 1.00000E+00
 1.00000E+00 1.00000E+00 1.00000E+00 1.00000E+00 1.00000E+00 1.00000E+00 1.00000E+00 1.00000E+00
 1.00000E+00 1.00000E+00 1.00000E+00 1.00000E+00 1.00000E+00 1.00000E+00 1.00000E+00 1.00000E+00
 1.00000E+00 1.00000E+00 1.00000E+00 1.00000E+00 1.00000E+00 1.00000E+00 1.00000E+00 1.00000E+00
 1.00000E+00 1.00000E+00 1.00000E+00 1.00000E+00 1.00000E+00 1.00000E+00 1.00000E+00 1.00000E+00
 1.00000E+00 1.00000E+00 1.00000E+00 1.00000E+00 1.00000E+00 1.00000E+00 1.00000E+00 1.00000E+00
 1.00000E+00 1.00000E+00 1.00000E+00 1.00000E+00 1.00000E+00 1.00000E+00 1.00000E+00 1.00000E+00
 1.00000E+00 1.00000E+00 1.00000E+00 1.00000E+00 1.00000E+00 1.00000E+00 1.00000E+00 1.00000E+00
 1.00000E+00 1.00000E+00 1.00000E+00 1.00000E+00 1.00000E+00 1.00000E+00 1.00000E+00 1.00000E+00
 1.00000E+00 1.00000E+00 1.00000E+00 1.00000E+00 1.00000E+00 1.00000E+00 1.00000E+00 1.00000E+00
 1.00000E+00 1.00000E+00 1.00000E+00 1.00000E+00 1.00000E+00 1.00000E+00 1.00000E+00 1.00000E+00
 1.00000E+00 1.00000E+00 1.00000E+00 1.00000E+00 1.00000E+00 1.00000E+00 1.00000E+00 1.00000E+00
 1.00000E+00 1.00000E+00 1.00000E+00 1.00000E+00 1.00000E+00 1.00000E+00 1.00000E+00 1.00000E+00
 1.00000E+00 1.00000E+00 1.00000E+00 1.00000E+00 1.00000E+00 1.00000E+00 1.00000E+00 1.00000E+00
 1.00000E+00 1.00000E+00 1.00000E+00 1.00000E+00 1.00000E+00 1.00000E+00 1.00000E+00 1.00000E+00
 1.00000E+00 1.00000E+00 1.00000E+00 1.00000E+00 1.00000E+00 1.00000E+00 1.00000E+00 1.00000E+00
 1.00000E+00 1.00000E+00 1.00000E+00 1.00000E+00 1.00000E+00 1.00000E+00 1.00000E+00 1.00000E+00
 1.00000E+00 1.00000E+00 1.00000E+00 1.00000E+00 1.00000E+00 1.00000E+00 1.00000E+00 1.00000E+00
 1.00000E+00 1.00000E+00 1.00000E+00 1.00000E+00 1.00000E+00 1.00000E+00 1.00000E+00 1.00000E+00
 1.00000E+00 1.00000E+00 1.00000E+00 1.00000E+00 1.00000E+00 1.00000E+00 1.00000E+00 1.00000E+00
 1.00000E+00 1.00000E+00 1.00000E+00 1.00000E+00 1.00000E+00 1.00000E+00 1.00000E+00 1.00000E+00
 1.00000E+00 1.00000E+00 1.00000E+00 1.00000E+00 1.00000E+00 1.00000E+00 1.00000E+00 1.00000E+00
 1.00000E+00 1.00000E+00 1.00000E+00 1.00000E+00 1.00000E+00 1.00000E+00 1.00000E+00 1.00000E+00
 1.00000E+00 1.00000E+00 1.00000E+00 1.00000E+00 1.00000E+00 1.00000E+00 1.00000E+00 1.00000E+00
 1.00000E+00 1.00000E+00 1.00000E+00 1.00000E+00 1.00000E+00 1.00000E+00 1.00000E+00 1.00000E+00
 1.00000E-05 1.00000E-05 1.00000E-05 1.00000E-05 1.00000E-05 1.00000E-05 1.00000E-05 1.00000E-05
 1.00000E-05 1.00000E-05 1.00000E-05 1.00000E-05 1.00000E-05 1.00000E-05 1.00000E-05 1.00000E-05
 1.00000E-05 1.00000E-05 1.00000E-05 1.00000E-05 1.00000E-05 1.00000E-05 1.00000E-05 1.00000E-05
 1.00000E-05 1.00000E-05 1.00000E-05 1.00000E-05 1.00000E-05 1.00000E-05 1.00000E-05 1.00000E-05
 1.00000E-05 1.00000E-05 1.00000E-05 1.00000E-05 1.00000E-05 1.00000E-05 1.00000E-05 1.00000E-05
 1.00000E-05 1.00000E-05 1.00000E-05 1.00000E-05 1.00000E-05 1.00000E-05 1.00000E-05 1.00000E-05
 1.00000E-05 1.00000E-05 1.00000E-05 1.00000E-05 1.00000E-05 1.00000E-05 1.00000E-05 1.00000E-05
 1.00000E-05 1.00000E-05 1.00000E-05 1.00000E-05 1.00000E-05 1.00000E-05 1.00000E-05 1.00000E-05
 1.00000E-05 1.00000E-05 1.00000E-05 1.00000E-05 1.00000E-05 1.00000E-05 1.00000E-05 1.00000E-05
 1.00000E-05 1.00000E-05 1.00000E-05 1.00000E-05 1.00000E-05 1.00000E-05 1.00000E-05 1.00000E-05
 1.00000E-05 1.00000E-05 1.00000E-05 1.00000E-05 1.00000E-05 1.00000E-05 1.00000E-05 1.00000E-05
 1.00000E-05 1.00000E-05 1.00000E-05 1.00000E-05 1.00000E-05 1.00000E-05 1.00000E-05 1.00000E-05
 1.00000E-05 1.00000E-05 1.00000E-05 1.00000E-05 1.00000E-09 1.00000E-09 1.00000E-09 1.00000E-09
 1.00000E-09 1.00000E-09 1.00000E-09 1.00000E-09 1.00000E-09 1.00000E-09 1.00000E-09 1.00000E-09
 1.00000E-09 1.00000E-09 1.00000E-09 1.00000E-09 1.00000E-09 1.00000E-09 1.00000E-09 1.00000E-09
 1.00000E-09 1.00000E-09 1.00000E-09 1.00000E-09 1.00000E-09 1.00000E-09 1.00000E-09 1.00000E-09
 1.00000E-09 1.00000E-09 1.00000E-09 1.00000E-09 1.00000E-09 1.00000E-09 1.00000E-09 1.00000E-09
 1.00000E-09 1.00000E-09 1.00000E-09 1.00000E-09 1.00000E-09 1.00000E-09 1.00000E-09 1.00000E-09
 1.00000E-09 1.00000E-09 1.00000E-09 1.00000E-09 1.00000E-09 1.00000E-09 1.00000E-09 1.00000E-09
 1.00000E-09 1.00000E-09 1.00000E-09 1.00000E-09 1.00000E-09 1.00000E-09 1.00000E-09 1.00000E-09
 1.00000E-09 1.00000E-09 1.00000E-09 1.00000E-09 1.00000E-09 1.00000E-09 1.00000E-09 1.00000E-09
 1.00000E-09 1.00000E-09 1.00000E-09 1.00000E-09 1.00000E-09 1.00000E-09 1.00000E-09 1.00000E-09
 1.00000E-09 1.00000E-09 1.00000E-09 1.00000E-09 1.00000E-09 1.00000E-09 1.00000E-09 1.00000E-09
 1.00000E-09 1.00000E-09 1.00000E-09 1.00000E-09 1.00000E-09 1.00000E-09 1.00000E-09 1.00000E-09
 1.00000E-09 1.00000E-09 1.00000E-09 1.00000E-09 1.00000E-09 1.00000E-09 1.00000E-09 1.00000E-09
 1.00000E-09 1.00000E-09 1.00000E-09 1.00000E-09 1.00000E-09 1.00000E-09 1.00000E-09 1.00000E-09
 1.00000E-09 1.00000E-09 1.00000E-09 1.00000E-09 1.00000E-09 1.00000E-09 1.00000E-09 1.00000E-09
 1.00000E-09 1.00000E-09 1.00000E-09 1.00000E-09 1.00000E-09 1.00000E-09 1.00000E-09 1.00000E-09
 1.00000E-09 1.00000E-09 1.00000E-09 1.00000E-09 1.00000E-09 1.00000E-09 1.00000E-09 1.00000E-09
 1.00000E-09 1.00000E-09 1.00000E-09 1.00000E-09 1.00000E-09 1.00000E-09 1.00000E-09 1.00000E-09
 1.00000E-09 1.00000E-09 1.00000E-09 1.00000E-09 1.00000E-09 1.00000E-09 1.00000E-09 1.00000E-09
 1.00000E-09 1.00000E-09 1.00000E-09 1.00000E-09 1.00000E-09 1.00000E-09 1.00000E-09 1.00000E-09
 1.00000E-09 1.00000E-09 1.00000E-09 1.00000E-09 1.00000E-09 1.00000E-09 1.00000E-09 1.00000E-09
 1.00000E-09 1.00000E-09 1.00000E-09 1.00000E-09 1.00000E-09 1.00000E-09 1.00000E-09 1.00000E-09
 1.00000E-09 1.00000E-09 1.00000E-09 1.00000E-09 1.00000E-09 1.00000E-09 1.00000E-09 1.00000E-09
 1.00000E-09 1.00000E-09 1.00000E-09 1.00000E-09 1.00000E-09 1.00000E-09 1.00000E-09 1.00000E-09
 1.00000E-09 1.00000E-09 1.00000E-09 1.00000E-09 1.00000E-09 1.00000E-09 1.00000E-09 1.00000E-09
 1.00000E-09 1.00000E-09 1.00000E-09 1.00000E-09
