 5.11947E-09 5.90433E-16 2.84566E-02 2.61945E-15 2.07801E-11 7.22923E-09 2.03123E-08 7.22718E-20
 5.50000E-07 4.15000E-04 9.00000E-08 2.53818E-08 4.35902E-11 9.15000E-08 3.85919E-12 3.03093E-11
 6.58046E-16 4.06237E-11 1.61178E-13 2.40985E-14 1.13634E-16 2.43721E-31 5.00000E-10 4.92884E-17
 1.41662E-21 1.50853E-18 9.88744E-13 1.30506E-16 3.24254E-11 4.45621E-18 1.03315E-19 5.94074E-11
 2.13574E-13 5.03912E-13 5.59546E-09 7.09863E-16 2.52051E-02 3.19829E-15 2.33097E-11 8.19600E-09
 2.18536E-08 9.56762E-20 6.18203E-07 4.14850E-04 1.77589E-07 2.84225E-08 4.61910E-11 9.14469E-08
 4.33851E-12 3.31448E-11 8.41333E-16 5.22098E-11 2.38013E-13 2.47215E-14 1.46794E-16 3.90075E-31
 4.98650E-10 6.14607E-17 1.75334E-21 1.78650E-18 1.29679E-12 1.61481E-16 3.26014E-11 5.13263E-18
 1.70192E-19 9.03493E-11 3.56669E-13 6.81597E-13 6.08759E-09 8.62695E-16 2.23580E-02 3.91363E-15
 2.59912E-11 9.39339E-09 2.37931E-08 1.25178E-19 6.87807E-07 4.14698E-04 2.66177E-07 3.19693E-08
 4.91794E-11 9.13908E-08 4.77229E-12 3.57716E-11 1.05395E-15 6.51882E-11 3.46853E-13 2.53856E-14
 1.87274E-16 6.61990E-31 4.97275E-10 7.66291E-17 2.18024E-21 2.17368E-18 1.66991E-12 1.93569E-16
 3.26139E-11 5.84036E-18 2.50954E-19 1.21475E-10 5.38819E-13 7.97371E-13 6.64088E-09 1.05540E-15
 1.97445E-02 4.79213E-15 2.89504E-11 1.08716E-08 2.60985E-08 1.63196E-19 7.58556E-07 4.14544E-04
 3.55294E-07 3.61983E-08 5.25619E-11 9.13315E-08 5.16747E-12 3.82636E-11 1.30059E-15 8.02776E-11
 5.03690E-13 2.60644E-14 2.37718E-16 1.16933E-30 4.95877E-10 9.66845E-17 2.72206E-21 2.69155E-18
 2.13280E-12 2.29617E-16 3.24753E-11 6.57683E-18 3.50607E-19 1.53523E-10 7.72683E-13 8.71608E-13
 7.19798E-09 1.29594E-15 1.73149E-02 5.82228E-15 3.20414E-11 1.24701E-08 2.87519E-08 2.10288E-19
 8.30132E-07 4.14389E-04 4.44373E-07 4.06102E-08 5.60412E-11 9.12689E-08 5.55119E-12 4.06703E-11
 1.57939E-15 9.65652E-11 7.27247E-13 2.67280E-14 3.01276E-16 2.09777E-30 4.94464E-10 1.22279E-16
 3.38242E-21 3.34974E-18 2.66921E-12 2.70924E-16 3.22031E-11 7.29390E-18 4.71110E-19 1.86346E-10
 1.05763E-12 9.15471E-13 7.71353E-09 1.59367E-15 1.52361E-02 7.00850E-15 3.51404E-11 1.40577E-08
 3.17403E-08 2.66826E-19 9.02182E-07 4.14234E-04 5.32790E-07 4.48153E-08 5.95354E-11 9.12027E-08
 5.94157E-12 4.30328E-11 1.89244E-15 1.13179E-10 1.04385E-12 2.73463E-14 3.78548E-16 3.78994E-30
 4.93040E-10 1.53847E-16 4.17517E-21 4.17110E-18 3.26333E-12 3.18061E-16 3.18168E-11 7.97592E-18
 6.15431E-19 2.19582E-10 1.39021E-12 9.37005E-13 8.15674E-09 1.95986E-15 1.31802E-02 8.31491E-15
 3.81654E-11 1.55503E-08 3.50604E-08 3.32739E-19 9.74333E-07 4.14078E-04 6.19897E-07 4.85773E-08
 6.26891E-11 9.11327E-08 6.36015E-12 4.53619E-11 2.23510E-15 1.29470E-10 1.49340E-12 2.78740E-14
 4.78978E-16 6.80370E-30 4.91613E-10 1.91390E-16 5.09216E-21 5.15695E-18 3.90512E-12 3.70835E-16
 3.13365E-11 8.57062E-18 7.84200E-19 2.52824E-10 1.76467E-12 9.42280E-13 8.51608E-09 2.40668E-15
 1.14629E-02 9.77074E-15 4.10668E-11 1.68897E-08 3.86902E-08 4.08584E-19 1.04622E-06 4.13923E-04
 7.05057E-07 5.17633E-08 6.56744E-11 9.10586E-08 6.80545E-12 4.76400E-11 2.61267E-15 1.44895E-10
 2.12879E-12 2.82625E-14 5.98607E-16 1.22067E-29 4.90188E-10 2.35498E-16 6.16527E-21 6.35088E-18
 4.58757E-12 4.28997E-16 3.07789E-11 9.10946E-18 9.83805E-19 2.85630E-10 2.17435E-12 9.35918E-13
 8.77917E-09 2.94800E-15 9.83824E-03 1.13377E-14 4.38021E-11 1.80365E-08 4.26088E-08 4.93974E-19
 1.11748E-06 4.13770E-04 7.87664E-07 5.42921E-08 6.82282E-11 9.09803E-08 7.28173E-12 4.97825E-11
 3.01542E-15 1.58961E-10 3.02554E-12 2.84303E-14 7.47110E-16 2.17316E-29 4.88770E-10 2.86087E-16
 7.38740E-21 7.75844E-18 5.30525E-12 4.91246E-16 3.01576E-11 9.55980E-18 1.21654E-18 3.17513E-10
 2.60829E-12 9.21025E-13 8.94271E-09 3.59781E-15 8.40529E-03 1.30223E-14 4.63382E-11 1.89654E-08
 4.67743E-08 5.88832E-19 1.18780E-06 4.13618E-04 8.67162E-07 5.61363E-08 7.04151E-11 9.08974E-08
 7.77074E-12 5.16327E-11 3.43513E-15 1.71228E-10 4.28085E-12 2.82745E-14 9.19199E-16 3.85601E-29
 4.87367E-10 3.43643E-16 8.78064E-21 9.42119E-18 6.05416E-12 5.55817E-16 2.94797E-11 9.94017E-18
 1.48993E-18 3.47926E-10 3.05411E-12 8.99719E-13 9.00519E-09 4.37026E-15 7.19237E-03 1.48277E-14
 4.86421E-11 1.96628E-08 5.11365E-08 6.92766E-19 1.25688E-06 4.13469E-04 9.43061E-07 5.73024E-08
 7.22847E-11 9.08097E-08 8.23601E-12 5.29286E-11 3.85210E-15 1.81322E-10 6.01472E-12 2.76667E-14
 1.09915E-15 6.85604E-29 4.85983E-10 4.08889E-16 1.03684E-20 1.13968E-17 6.83139E-12 6.20049E-16
 2.87443E-11 1.02634E-17 1.81362E-18 3.76258E-10 3.49687E-12 8.73252E-13 8.96321E-09 5.28008E-15
 6.02532E-03 1.66847E-14 5.06746E-11 2.01257E-08 5.56554E-08 8.03741E-19 1.32447E-06 4.13322E-04
 1.01495E-06 5.78156E-08 7.36082E-11 9.07169E-08 8.62072E-12 5.32640E-11 4.21752E-15 1.88959E-10
 8.36860E-12 2.64512E-14 1.28505E-15 1.22262E-28 4.84621E-10 4.82070E-16 1.21270E-20 1.37199E-17
 7.63486E-12 6.80219E-16 2.79423E-11 1.04908E-17 2.19330E-18 4.01820E-10 3.91759E-12 8.42104E-13
 8.82883E-09 6.34507E-15 5.05541E-03 1.86407E-14 5.24303E-11 2.03601E-08 6.02985E-08 9.21795E-19
 1.39039E-06 4.13178E-04 1.08250E-06 5.77307E-08 7.46157E-11 9.06186E-08 8.91334E-12 5.26926E-11
 4.52912E-15 1.94018E-10 1.15543E-11 2.47327E-14 1.44401E-15 2.20263E-28 4.83286E-10 5.64255E-16
 1.41153E-20 1.64956E-17 8.46355E-12 7.34117E-16 2.70506E-11 1.06540E-17 2.64860E-18 4.23838E-10
 4.29924E-12 8.06373E-13 8.61360E-09 7.60082E-15 4.13174E-03 2.06064E-14 5.39561E-11 2.03790E-08
 6.50680E-08 1.04625E-18 1.45451E-06 4.13036E-04 1.14550E-06 5.71049E-08 7.51247E-11 9.05146E-08
 9.16332E-12 5.15775E-11 4.77969E-15 1.96498E-10 1.57104E-11 2.28204E-14 1.61851E-15 3.91168E-28
 4.81980E-10 6.53759E-16 1.62841E-20 1.96865E-17 9.31697E-12 7.79450E-16 2.60333E-11 1.06851E-17
 3.17600E-18 4.41450E-10 4.62055E-12 7.65510E-13 8.33178E-09 9.07241E-15 3.35684E-03 2.26268E-14
 5.52510E-11 2.01975E-08 6.99586E-08 1.17740E-18 1.51676E-06 4.12897E-04 1.20383E-06 5.60069E-08
 7.53313E-11 9.04043E-08 9.36742E-12 5.00116E-11 4.97633E-15 1.96469E-10 2.11088E-11 2.07960E-14
 1.78266E-15 6.90515E-28 4.80704E-10 7.51827E-16 1.86920E-20 2.34018E-17 1.01950E-11 8.15001E-16
 2.48347E-11 1.05905E-17 3.79411E-18 4.53695E-10 4.86671E-12 7.18630E-13 7.98889E-09 1.07861E-14
 2.69902E-03 2.47016E-14 5.62671E-11 1.98317E-08 7.49746E-08 1.31273E-18 1.57714E-06 4.12760E-04
 1.25743E-06 5.44982E-08 7.51928E-11 9.02875E-08 9.47204E-12 4.77615E-11 5.09497E-15 1.94028E-10
 2.82602E-11 1.85769E-14 1.91525E-15 1.23397E-27 4.79459E-10 8.61432E-16 2.13821E-20 2.77991E-17
 1.10970E-11 8.38444E-16 2.33785E-11 1.03376E-17 4.52729E-18 4.59499E-10 5.02512E-12 6.64319E-13
 7.58827E-09 1.27680E-14 2.13505E-03 2.68078E-14 5.69565E-11 1.93028E-08 8.01459E-08 1.44875E-18
 1.63564E-06 4.12625E-04 1.30633E-06 5.26478E-08 7.46918E-11 9.01637E-08 9.38450E-12 4.44897E-11
 5.08485E-15 1.89374E-10 3.76846E-11 1.61081E-14 1.98082E-15 2.26997E-27 4.78244E-10 9.87688E-16
 2.43872E-20 3.31389E-17 1.20241E-11 8.46113E-16 2.15650E-11 9.86540E-18 5.39340E-18 4.57685E-10
 5.08689E-12 6.01006E-13 7.13506E-09 1.50614E-14 1.65734E-03 2.89183E-14 5.72809E-11 1.86313E-08
 8.55540E-08 1.58196E-18 1.69233E-06 4.12493E-04 1.35061E-06 5.05169E-08 7.38836E-11 9.00325E-08
 9.00412E-12 3.99646E-11 4.88987E-15 1.82762E-10 4.96407E-11 1.34281E-14 1.93593E-15 4.35657E-27
 4.77060E-10 1.13849E-15 2.77382E-20 3.98391E-17 1.29751E-11 8.34054E-16 1.92650E-11 9.08958E-18
 6.39793E-18 4.46960E-10 5.04957E-12 5.27769E-13 6.63896E-09 1.77301E-14 1.25858E-03 3.10113E-14
 5.72140E-11 1.78396E-08 9.13600E-08 1.70907E-18 1.74733E-06 4.12361E-04 1.39046E-06 4.81593E-08
 7.28200E-11 8.98936E-08 8.24424E-12 3.41456E-11 4.46866E-15 1.74536E-10 6.40111E-11 1.06409E-14
 1.74953E-15 8.85419E-27 4.75904E-10 1.32534E-15 3.14771E-20 4.85591E-17 1.39470E-11 7.99735E-16
 1.63132E-11 7.90420E-18 7.54860E-18 4.25903E-10 4.92637E-12 4.46836E-13 6.11867E-09 2.08720E-14
 9.31337E-04 3.31427E-14 5.67803E-11 1.69558E-08 9.78235E-08 1.82980E-18 1.80080E-06 4.12230E-04
 1.42613E-06 4.56223E-08 7.14756E-11 8.97464E-08 7.23116E-12 2.78531E-11 3.90393E-15 1.65144E-10
 8.11518E-11 8.05062E-15 1.47832E-15 1.91483E-26 4.74775E-10 1.56089E-15 3.57410E-20 5.99959E-17
 1.49355E-11 7.45202E-16 1.37863E-11 6.83264E-18 9.11163E-18 4.05823E-10 4.76252E-12 3.71650E-13
 5.59095E-09 2.46034E-14 6.66312E-04 3.53557E-14 5.59931E-11 1.60123E-08 1.05260E-07 1.94349E-18
 1.85295E-06 4.12100E-04 1.45795E-06 4.29537E-08 6.98251E-11 8.95907E-08 5.98254E-12 2.13724E-11
 3.22003E-15 1.55057E-10 1.00143E-10 5.75000E-15 1.14799E-15 4.48364E-26 4.73669E-10 1.86562E-15
 4.07004E-20 7.54183E-17 1.59363E-11 6.73330E-16 1.16248E-11 5.86863E-18 1.13544E-17 3.86631E-10
 4.58620E-12 3.05913E-13 5.07701E-09 2.91039E-14 4.60497E-04 3.77688E-14 5.49473E-11 1.50455E-08
 1.14030E-07 2.05500E-18 1.90400E-06 4.11969E-04 1.48628E-06 4.02041E-08 6.78642E-11 8.94261E-08
 4.68501E-12 1.54940E-11 2.52379E-15 1.44752E-10 1.19399E-10 3.91708E-15 8.31920E-16 1.13141E-25
 4.72583E-10 2.26008E-15 4.66431E-20 9.61724E-17 1.69456E-11 5.92445E-16 9.77623E-12 5.01343E-18
 1.46327E-17 3.68267E-10 4.41667E-12 2.49927E-13 4.59562E-09 3.45779E-14 3.06219E-04 4.05476E-14
 5.37642E-11 1.40916E-08 1.24487E-07 2.17150E-18 1.95421E-06 4.11837E-04 1.51152E-06 3.74279E-08
 6.55188E-11 8.92520E-08 3.55242E-12 1.08575E-11 1.92964E-15 1.34652E-10 1.37533E-10 2.62237E-15
 5.94955E-16 3.05072E-25 4.71513E-10 2.76433E-15 5.40154E-20 1.23598E-16 1.79607E-11 5.16117E-16
 8.19591E-12 4.26884E-18 1.94942E-17 3.50692E-10 4.26691E-12 2.02911E-13 4.15965E-09 4.12532E-14
 1.95278E-04 4.38725E-14 5.25758E-11 1.31823E-08 1.36931E-07 2.30174E-18 2.00384E-06 4.11704E-04
 1.53410E-06 3.46880E-08 6.27322E-11 8.90681E-08 2.74515E-12 7.74010E-12 1.51868E-15 1.25084E-10
 1.53691E-10 1.82219E-15 4.66558E-16 8.68011E-25 4.70455E-10 3.39772E-15 6.34252E-20 1.58880E-16
 1.89799E-11 4.60705E-16 6.84642E-12 3.63220E-18 2.67914E-17 3.33892E-10 4.14305E-12 1.63817E-13
 3.77646E-09 4.93753E-14 1.19156E-04 4.79118E-14 5.15053E-11 1.23395E-08 1.51584E-07 2.45510E-18
 2.05314E-06 4.11568E-04 1.55442E-06 3.20609E-08 5.95076E-11 8.88740E-08 2.32246E-12 6.02865E-12
 1.32284E-15 1.16260E-10 1.67646E-10 1.39309E-15 4.53213E-16 2.57382E-24 4.69406E-10 4.17982E-15
 7.56490E-20 2.03147E-16 2.00027E-11 4.40983E-16 5.69711E-12 3.09559E-18 3.78788E-17 3.17876E-10
 4.04259E-12 1.31588E-13 3.45251E-09 5.95109E-14 6.95245E-05 5.27010E-14 5.07052E-11 1.15715E-08
 1.68596E-07 2.64817E-18 2.10240E-06 4.11428E-04 1.57289E-06 2.96384E-08 5.62281E-11 8.86691E-08
 2.27047E-12 5.43096E-12 1.33719E-15 1.08295E-10 1.79542E-10 1.20607E-15 5.62639E-16 7.48940E-24
 4.68360E-10 5.11132E-15 9.11481E-20 2.57131E-16 2.10301E-11 4.65967E-16 4.72240E-12 2.64005E-18
 5.43445E-17 3.02668E-10 3.95143E-12 1.05188E-13 3.19402E-09 7.31661E-14 4.40696E-05 5.80760E-14
 5.03365E-11 1.08718E-08 1.88101E-07 2.91368E-18 2.15197E-06 4.11284E-04 1.58994E-06 2.75124E-08
 5.39238E-11 8.84523E-08 2.51310E-12 5.59596E-12 1.51340E-15 1.01210E-10 1.89760E-10 1.15914E-15
 7.65060E-16 1.86773E-23 4.67311E-10 6.14922E-15 1.09175E-19 3.21329E-16 2.20663E-11 5.35772E-16
 3.89905E-12 2.24064E-18 7.64879E-17 2.88272E-10 3.84747E-12 8.36037E-14 2.99999E-09 9.25296E-14
 3.38432E-05 6.38642E-14 5.04489E-11 1.02314E-08 2.10279E-07 3.28431E-18 2.20234E-06 4.11135E-04
 1.60597E-06 2.57314E-08 5.32877E-11 8.82220E-08 2.95096E-12 6.22374E-12 1.77884E-15 9.49631E-11
 1.98742E-10 1.18985E-15 1.01839E-15 3.69020E-23 4.66250E-10 7.24187E-15 1.28388E-19 3.96912E-16
 2.31188E-11 6.44119E-16 3.20458E-12 1.88439E-18 1.02966E-16 2.74642E-10 3.71700E-12 6.59368E-14
 2.85990E-09 1.19346E-13 2.88259E-05 7.02071E-14 5.09514E-11 9.64983E-09 2.35346E-07 3.77284E-18
 2.25399E-06 4.10978E-04 1.62128E-06 2.42825E-08 5.39415E-11 8.79761E-08 3.51914E-12 7.12915E-12
 2.09368E-15 8.94901E-11 2.06815E-10 1.26752E-15 1.32544E-15 6.21518E-23 4.65168E-10 8.41015E-15
 1.49086E-19 4.86764E-16 2.41947E-11 7.86110E-16 2.61875E-12 1.57503E-18 1.34073E-16 2.61702E-10
 3.56610E-12 5.15193E-14 2.76104E-09 1.54944E-13 2.47521E-05 7.74535E-14 5.17440E-11 9.13314E-09
 2.63494E-07 4.38491E-18 2.30727E-06 4.10812E-04 1.63610E-06 2.31209E-08 5.51838E-11 8.77130E-08
 4.19589E-12 8.21969E-12 2.45967E-15 8.47379E-11 2.14157E-10 1.37534E-15 1.70332E-15 9.89425E-23
 4.64058E-10 9.73625E-15 1.73055E-19 5.95162E-16 2.52994E-11 9.61798E-16 2.12527E-12 1.31524E-18
 1.72813E-16 2.49389E-10 3.41040E-12 3.98738E-14 2.69512E-09 2.01435E-13 2.23206E-05 8.59226E-14
 5.28002E-11 8.68535E-09 2.94865E-07 5.14348E-18 2.36243E-06 4.10637E-04 1.65057E-06 2.22040E-08
 5.67933E-11 8.74317E-08 4.98452E-12 9.47681E-12 2.88891E-15 8.06667E-11 2.20832E-10 1.50871E-15
 2.14240E-15 1.54132E-22 4.62918E-10 1.12920E-14 2.01857E-19 7.26801E-16 2.64358E-11 1.17432E-15
 1.71126E-12 1.09975E-18 2.22217E-16 2.37667E-10 3.26144E-12 3.05848E-14 2.65769E-09 2.62043E-13
 2.13415E-05 9.58644E-14 5.41309E-11 8.30650E-09 3.29567E-07 6.08733E-18 2.41970E-06 4.10452E-04
 1.66479E-06 2.14985E-08 5.88043E-11 8.71311E-08 5.89748E-12 1.09158E-11 3.39148E-15 7.72426E-11
 2.26857E-10 1.67021E-15 2.64428E-15 2.34818E-22 4.61743E-10 1.31257E-14 2.36672E-19 8.86364E-16
 2.76069E-11 1.42772E-15 1.36611E-12 9.20749E-19 2.84835E-16 2.26511E-10 3.12441E-12 2.32580E-14
 2.64588E-09 3.40891E-13 2.04927E-05 1.07517E-13 5.57518E-11 7.99414E-09 3.67678E-07 7.26416E-18
 2.47928E-06 4.10256E-04 1.67887E-06 2.09768E-08 6.12206E-11 8.68102E-08 6.95108E-12 1.25561E-11
 3.97853E-15 7.44344E-11 2.32239E-10 1.86291E-15 3.23697E-15 3.49306E-22 4.60532E-10 1.52810E-14
 2.78814E-19 1.07865E-15 2.88154E-11 1.72628E-15 1.08078E-12 7.71501E-19 3.63710E-16 2.15905E-10
 3.00093E-12 1.75400E-14 2.65777E-09 4.43273E-13 1.98590E-05 1.21195E-13 5.76826E-11 7.74430E-09
 4.09224E-07 8.73731E-18 2.54140E-06 4.10048E-04 1.69289E-06 2.06170E-08 6.40788E-11 8.64681E-08
 8.16158E-12 1.44163E-11 4.66210E-15 7.22149E-11 2.36982E-10 2.09053E-15 3.93785E-15 5.06828E-22
 4.59279E-10 1.78070E-14 3.29931E-19 1.30927E-15 3.00642E-11 2.07460E-15 8.47511E-13 6.47039E-19
 4.62326E-16 2.05839E-10 2.89112E-12 1.31286E-14 2.69268E-09 5.77207E-13 1.93709E-05 1.37337E-13
 5.99133E-11 7.54727E-09 4.55307E-07 1.05925E-17 2.60789E-06 4.09821E-04 1.70725E-06 2.03954E-08
 6.74518E-11 8.60949E-08 9.55692E-12 1.65520E-11 5.46575E-15 7.05197E-11 2.41232E-10 2.36534E-15
 4.78679E-15 7.23590E-22 4.57951E-10 2.08325E-14 3.92646E-19 1.59058E-15 3.13889E-11 2.48908E-15
 6.54896E-13 5.38727E-19 5.84173E-16 1.96066E-10 2.79215E-12 9.68786E-15 2.75114E-09 7.52968E-13
 1.89269E-05 1.56489E-13 6.24591E-11 7.39819E-09 5.06752E-07 1.29427E-17 2.68021E-06 4.09569E-04
 1.72226E-06 2.03010E-08 7.14006E-11 8.56825E-08 1.11675E-11 1.90166E-11 6.41790E-15 6.93376E-11
 2.45047E-10 2.69946E-15 5.82624E-15 1.02167E-21 4.56519E-10 2.45024E-14 4.70372E-19 1.93680E-15
 3.28158E-11 2.98674E-15 4.96511E-13 4.42852E-19 7.33324E-16 1.86472E-10 2.70248E-12 7.01402E-15
 2.83279E-09 9.82287E-13 1.86159E-05 1.79183E-13 6.53690E-11 7.29606E-09 5.63125E-07 1.59284E-17
 2.75816E-06 4.09294E-04 1.73783E-06 2.03268E-08 7.59456E-11 8.52323E-08 1.30152E-11 2.18252E-11
 7.53724E-15 6.86948E-11 2.48344E-10 3.09745E-15 7.07102E-15 1.41932E-21 4.54990E-10 2.88966E-14
 5.66589E-19 2.35738E-15 3.43388E-11 3.57255E-15 3.70460E-13 3.60802E-19 9.14742E-16 1.77184E-10
 2.62227E-12 5.00171E-15 2.93735E-09 1.28073E-12 1.84090E-05 2.06051E-13 6.86701E-11 7.23659E-09
 6.24354E-07 1.97318E-17 2.84232E-06 4.08991E-04 1.75403E-06 2.04657E-08 8.11458E-11 8.47419E-08
 1.51128E-11 2.49831E-11 8.83754E-15 6.86053E-11 2.51140E-10 3.56535E-15 8.54853E-15 1.93962E-21
 4.53356E-10 3.41399E-14 6.85816E-19 2.86623E-15 3.59664E-11 4.25887E-15 2.73038E-13 2.92313E-19
 1.13356E-15 1.68236E-10 2.55053E-12 3.52683E-15 3.07619E-09 1.68394E-12 1.83499E-05 2.38688E-13
 7.23418E-11 7.21185E-09 6.96958E-07 2.46919E-17 2.94266E-06 4.08623E-04 1.77266E-06 2.07379E-08
 8.74615E-11 8.41540E-08 1.75221E-11 2.87396E-11 1.04027E-14 6.91503E-11 2.53981E-10 4.17663E-15
 1.04923E-14 2.69380E-21 4.51428E-10 4.10091E-14 8.39948E-19 3.53528E-15 3.78867E-11 5.15967E-15
 1.93576E-13 2.27495E-19 1.38650E-15 1.58787E-10 2.47996E-12 2.38076E-15 3.26458E-09 2.24594E-12
 1.85427E-05 2.79313E-13 7.64378E-11 7.22372E-09 7.87896E-07 3.13251E-17 3.07056E-06 4.08146E-04
 1.79555E-06 2.11869E-08 9.54397E-11 8.34034E-08 2.02930E-11 3.33707E-11 1.23339E-14 7.05817E-11
 2.57372E-10 5.02793E-15 1.32399E-14 3.89202E-21 4.48994E-10 5.06450E-14 1.04733E-18 4.47286E-15
 4.03083E-11 6.44012E-15 1.28236E-13 1.64374E-19 1.66386E-15 1.48214E-10 2.40509E-12 1.48757E-15
 3.50941E-09 3.02780E-12 1.87779E-05 3.29945E-13 8.10765E-11 7.27847E-09 8.98668E-07 4.02684E-17
 3.23108E-06 4.07535E-04 1.82321E-06 2.18300E-08 1.05316E-10 8.24633E-08 2.34574E-11 3.90004E-11
 1.47050E-14 7.31434E-11 2.61374E-10 6.18601E-15 1.70817E-14 5.79989E-21 4.45972E-10 6.40317E-14
 1.32867E-18 5.77695E-15 4.33137E-11 8.23081E-15 7.87684E-14 1.09733E-19 1.95814E-15 1.36686E-10
 2.32438E-12 8.55247E-16 3.81843E-09 4.11232E-12 1.90609E-05 3.93216E-13 8.63869E-11 7.38154E-09
 1.03058E-06 5.24267E-17 3.43056E-06 4.06762E-04 1.85621E-06 2.26690E-08 1.17341E-10 8.13017E-08
 2.71016E-11 4.58411E-11 1.76440E-14 7.70641E-11 2.66012E-10 7.74769E-15 2.24195E-14 8.83550E-21
 4.42257E-10 8.25217E-14 1.71421E-18 7.57901E-15 4.70062E-11 1.07074E-14 4.44390E-14 6.72403E-20
 2.25840E-15 1.24387E-10 2.23499E-12 4.49287E-16 4.19798E-09 5.60753E-12 1.93964E-05 4.72357E-13
 9.24937E-11 7.53616E-09 1.18392E-06 6.90520E-17 3.67598E-06 4.05791E-04 1.89499E-06 2.36860E-08
 1.31724E-10 7.98865E-08 3.13453E-11 5.41329E-11 2.13199E-14 8.25399E-11 2.71291E-10 9.83164E-15
 2.97732E-14 1.36239E-20 4.37735E-10 1.07847E-13 2.24693E-18 1.00446E-14 5.14967E-11 1.40923E-14
 2.28930E-14 3.77144E-20 2.55195E-15 1.11579E-10 2.13390E-12 2.15022E-16 4.66927E-09 7.69490E-12
 1.98051E-05 5.72964E-13 9.95551E-11 7.75081E-09 1.36546E-06 9.22136E-17 3.98846E-06 4.04526E-04
 1.94178E-06 2.48957E-08 1.49123E-10 7.81093E-08 3.63734E-11 6.44420E-11 2.60516E-14 9.00793E-11
 2.77760E-10 1.27039E-14 4.03134E-14 2.15161E-20 4.32041E-10 1.43770E-13 3.00732E-18 1.35205E-14
 5.71471E-11 1.89116E-14 1.04435E-14 1.87504E-20 2.80581E-15 9.80039E-11 2.01304E-12 9.08182E-17
 5.26803E-09 1.06673E-11 2.03225E-05 7.04006E-13 1.07828E-10 8.04366E-09 1.58700E-06 1.25349E-16
 4.40590E-06 4.02796E-04 2.00037E-06 2.63268E-08 1.70517E-10 7.57778E-08 4.24868E-11 7.77525E-11
 3.24108E-14 1.00613E-10 2.86378E-10 1.68549E-14 5.63020E-14 3.54773E-20 4.24515E-10 1.97508E-13
 4.14529E-18 1.86525E-14 6.46064E-11 2.61956E-14 3.96298E-15 7.74524E-21 2.96190E-15 8.31991E-11
 1.85941E-12 3.17355E-17 5.97955E-09 1.47551E-11 2.09267E-05 8.72409E-13 1.17487E-10 8.40893E-09
 1.83570E-06 1.72232E-16 4.92790E-06 4.00574E-04 2.06789E-06 2.78179E-08 1.95220E-10 7.29260E-08
 5.00562E-11 9.43458E-11 4.09709E-14 1.13924E-10 2.96034E-10 2.24996E-14 7.88965E-14 5.85002E-20
 4.15203E-10 2.73440E-13 5.82529E-18 2.57940E-14 7.38254E-11 3.63913E-14 1.25426E-15 2.69487E-21
 3.02226E-15 6.83990E-11 1.67809E-12 9.29206E-18 6.77397E-09 2.01609E-11 2.15730E-05 1.08594E-12
 1.28616E-10 8.82833E-09 2.09203E-06 2.37463E-16 5.53888E-06 3.97894E-04 2.13904E-06 2.91753E-08
 2.22107E-10 6.96756E-08 5.94914E-11 1.14197E-10 5.24385E-14 1.29248E-10 3.04821E-10 2.96708E-14
 1.08165E-13 9.29890E-20 4.04411E-10 3.74035E-13 8.25295E-18 3.50844E-14 8.44940E-11 4.94215E-14
 3.40057E-16 8.18332E-22 3.01717E-15 5.48666E-11 1.48356E-12 2.36121E-18 7.67267E-09 2.73516E-11
 2.22691E-05 1.36244E-12 1.41484E-10 9.31021E-09 2.36021E-06 3.29577E-16 6.28418E-06 3.94513E-04
 2.21469E-06 3.03513E-08 2.51567E-10 6.58344E-08 7.13957E-11 1.38379E-10 6.82736E-14 1.47447E-10
 3.12862E-10 3.89708E-14 1.46714E-13 1.46132E-19 3.91369E-10 5.12065E-13 1.18892E-17 4.75277E-14
 9.73685E-11 6.65845E-14 7.49127E-17 2.05279E-22 2.90239E-15 4.23368E-11 1.27135E-12 4.93054E-19
 8.68559E-09 3.69209E-11 2.29985E-05 1.72700E-12 1.56393E-10 9.85619E-09 2.64031E-06 4.61073E-16
 7.22169E-06 3.90095E-04 2.29386E-06 3.12480E-08 2.83577E-10 6.11806E-08 8.65696E-11 1.68015E-10
 9.07169E-14 1.69542E-10 3.19839E-10 5.11218E-14 1.97449E-13 2.30714E-19 3.75102E-10 7.07291E-13
 1.75307E-17 6.46348E-14 1.13400E-10 8.96667E-14 1.25764E-17 4.02331E-23 2.63454E-15 3.07753E-11
 1.03795E-12 8.00135E-20 9.75151E-09 4.91811E-11 2.36313E-05 2.20255E-12 1.73277E-10 1.04160E-08
 2.90339E-06 6.44830E-16 8.31868E-06 3.84696E-04 2.36559E-06 3.16697E-08 3.16387E-10 5.59664E-08
 1.05537E-10 2.02071E-10 1.21940E-13 1.93919E-10 3.22270E-10 6.57147E-14 2.55937E-13 3.53932E-19
 3.56206E-10 9.66861E-13 2.60964E-17 8.67618E-14 1.31987E-10 1.17400E-13 1.65135E-18 6.73857E-24
 2.27889E-15 2.11902E-11 8.08153E-13 1.10492E-20 1.08124E-08 6.44532E-11 2.40101E-05 2.81782E-12
 1.91905E-10 1.09282E-08 3.12628E-06 8.96459E-16 9.52617E-06 3.78451E-04 2.41969E-06 3.15312E-08
 3.48897E-10 5.05067E-08 1.28519E-10 2.38646E-10 1.64226E-13 2.18439E-10 3.17117E-10 8.18823E-14
 3.13600E-13 5.17964E-19 3.35528E-10 1.29252E-12 3.88012E-17 1.13923E-13 1.52282E-10 1.46849E-13
 1.75586E-19 1.34361E-24 1.90374E-15 1.39879E-11 6.04921E-13 1.82264E-21 1.18423E-08 8.35111E-11
 2.39629E-05 3.62241E-12 2.12136E-10 1.13486E-08 3.30885E-06 1.24011E-15 1.09019E-05 3.70923E-04
 2.45154E-06 3.08054E-08 3.80963E-10 4.46369E-08 1.56035E-10 2.77023E-10 2.21476E-13 2.43105E-10
 3.04141E-10 9.95216E-14 3.65859E-13 7.41377E-19 3.12078E-10 1.70850E-12 5.80916E-17 1.48216E-13
 1.75251E-10 1.77676E-13 1.44388E-20 5.48512E-25 1.49623E-15 8.65189E-12 4.26434E-13 6.16714E-22
 1.27779E-08 1.07134E-10 2.34023E-05 4.67816E-12 2.33456E-10 1.16053E-08 3.44481E-06 1.70294E-15
 1.24892E-05 3.61663E-04 2.45341E-06 2.94531E-08 4.11709E-10 3.83011E-08 1.88209E-10 3.15087E-10
 2.97955E-13 2.66794E-10 2.82813E-10 1.17903E-13 4.04885E-13 1.05110E-18 2.85109E-10 2.24143E-12
 8.78752E-17 1.92281E-13 2.01613E-10 2.08501E-13 9.41882E-22 3.64704E-25 1.07319E-15 4.86969E-12
 2.75117E-13 3.34123E-22 1.35491E-08 1.35880E-10 2.26972E-05 6.04506E-12 2.54987E-10 1.16237E-08
 3.52050E-06 2.31009E-15 1.41578E-05 3.51197E-04 2.42004E-06 2.76177E-08 4.41138E-10 3.21168E-08
 2.23297E-10 3.47614E-10 3.94279E-13 2.85225E-10 2.52521E-10 1.34831E-13 4.16849E-13 1.44132E-18
 2.56795E-10 2.87449E-12 1.32241E-16 2.45770E-13 2.29216E-10 2.32288E-13 8.75136E-23 2.55170E-25
 7.16310E-16 2.54221E-12 1.64742E-13 1.88283E-22 1.41412E-08 1.70783E-10 2.19501E-05 7.79562E-12
 2.76003E-10 1.13837E-08 3.53778E-06 3.09428E-15 1.57897E-05 3.40088E-04 2.35562E-06 2.55300E-08
 4.70623E-10 2.65407E-08 2.58817E-10 3.70409E-10 5.08261E-13 2.95441E-10 2.15735E-10 1.48748E-13
 3.97831E-13 1.89184E-18 2.29082E-10 3.57901E-12 1.96166E-16 3.07929E-13 2.56151E-10 2.43492E-13
 2.76732E-23 1.72393E-25 4.56157E-16 1.26464E-12 9.37543E-14 1.01694E-22 1.45243E-08 2.13377E-10
 2.12085E-05 1.00367E-11 2.95733E-10 1.08805E-08 3.50418E-06 4.09556E-15 1.74229E-05 3.27895E-04
 2.26231E-06 2.32540E-08 5.00241E-10 2.14380E-08 2.92562E-10 3.81191E-10 6.37239E-13 2.96712E-10
 1.76061E-10 1.58891E-13 3.53537E-13 2.42242E-18 2.01262E-10 4.36235E-12 2.89058E-16 3.81813E-13
 2.83116E-10 2.42361E-13 1.35218E-23 1.07965E-25 2.69991E-16 5.85382E-13 4.95708E-14 5.05750E-23
 1.46807E-08 2.65451E-10 2.05248E-05 1.28927E-11 3.13429E-10 1.01378E-08 3.42352E-06 5.35903E-15
 1.90377E-05 3.14514E-04 2.14440E-06 2.08822E-08 5.30100E-10 1.68586E-08 3.21494E-10 3.77976E-10
 7.73828E-13 2.88137E-10 1.36918E-10 1.64287E-13 2.92116E-13 3.03519E-18 1.73584E-10 5.20811E-12
 4.23587E-16 4.69298E-13 3.09874E-10 2.28980E-13 6.32037E-24 6.16910E-26 1.46500E-16 2.49024E-13
 2.40286E-14 2.27954E-23 1.46346E-08 3.29395E-10 1.99777E-05 1.65196E-11 3.28860E-10 9.22574E-09
 3.29937E-06 6.95333E-15 2.05571E-05 3.00342E-04 2.01104E-06 1.85300E-08 5.60694E-10 1.29651E-08
 3.42746E-10 3.60765E-10 9.07575E-13 2.70165E-10 1.01478E-10 1.64468E-13 2.24477E-13 3.68391E-18
 1.47245E-10 6.06337E-12 6.15327E-16 5.69106E-13 3.35282E-10 2.04246E-13 2.72080E-24 3.25050E-26
 7.35405E-17 9.83965E-14 1.07792E-14 9.40698E-24 1.44136E-08 4.08330E-10 1.96431E-05 2.11379E-11
 3.42114E-10 8.22168E-09 3.13338E-06 8.98336E-15 2.19293E-05 2.85690E-04 1.86986E-06 1.62424E-08
 5.91501E-10 9.79147E-09 3.54582E-10 3.31569E-10 1.02887E-12 2.44772E-10 7.17491E-11 1.59518E-13
 1.60698E-13 4.29238E-18 1.23005E-10 6.86167E-12 8.86168E-16 6.78153E-13 3.58646E-10 1.71410E-13
 1.08994E-24 1.59861E-26 3.44544E-17 3.64809E-14 4.52251E-15 3.59336E-24 1.40199E-08 5.05630E-10
 1.95491E-05 2.70554E-11 3.53159E-10 7.18160E-09 2.92359E-06 1.15829E-14 2.31537E-05 2.70402E-04
 1.72244E-06 1.40071E-08 6.20272E-10 7.22818E-09 3.55771E-10 2.92843E-10 1.12843E-12 2.14065E-10
 4.82756E-11 1.49484E-13 1.06735E-13 4.79030E-18 1.00718E-10 7.54558E-12 1.27141E-15 7.93433E-13
 3.80170E-10 1.35077E-13 4.02303E-25 7.26575E-27 1.48648E-17 1.25236E-14 1.75416E-15 1.25591E-24
 1.34495E-08 6.24904E-10 1.96774E-05 3.46729E-11 3.61752E-10 6.14995E-09 2.67238E-06 1.49273E-14
 2.42113E-05 2.54527E-04 1.57045E-06 1.18109E-08 6.42900E-10 5.20209E-09 3.46322E-10 2.48040E-10
 1.19915E-12 1.80465E-10 3.08362E-11 1.34893E-13 6.54989E-14 5.09310E-18 8.05420E-11 8.04331E-12
 1.82283E-15 9.09178E-13 3.99768E-10 9.96812E-14 1.35751E-25 3.02949E-27 5.84737E-18 3.94187E-15
 6.23602E-16 3.98408E-25 1.27264E-08 7.70227E-10 1.99993E-05 4.44742E-11 3.67702E-10 5.16992E-09
 2.39327E-06 1.92775E-14 2.50597E-05 2.38638E-04 1.41930E-06 9.68712E-09 6.54711E-10 3.67806E-09
 3.28605E-10 2.02070E-10 1.24040E-12 1.47027E-10 1.87677E-11 1.17333E-13 3.73335E-14 5.11154E-18
 6.31262E-11 8.27448E-12 2.60785E-15 1.01565E-12 4.16876E-10 6.89390E-14 4.24953E-26 1.17557E-27
 2.12438E-18 1.15447E-15 2.06171E-16 1.16655E-25 1.18808E-08 9.45488E-10 2.04834E-05 5.69204E-11
 3.70332E-10 4.26585E-09 2.10832E-06 2.49604E-14 2.56890E-05 2.23128E-04 1.27346E-06 7.70370E-09
 6.51906E-10 2.57090E-09 3.05456E-10 1.59000E-10 1.25177E-12 1.15916E-10 1.09411E-11 9.84844E-14
 1.98979E-14 4.84294E-18 4.86381E-11 8.20319E-12 3.71215E-15 1.10572E-12 4.31368E-10 4.49726E-14
 1.24407E-26 4.27886E-28 7.20142E-19 3.18836E-16 6.40944E-17 3.19973E-26 1.09402E-08 1.15429E-09
 2.10823E-05 7.23104E-11 3.68441E-10 3.44793E-09 1.84058E-06 3.23301E-14 2.61197E-05 2.07913E-04
 1.13489E-06 5.93832E-09 6.33148E-10 1.76993E-09 2.78342E-10 1.20914E-10 1.22738E-12 8.80808E-11
 6.12004E-12 7.95358E-14 9.90713E-15 4.38759E-18 3.66981E-11 7.86139E-12 5.24335E-15 1.17957E-12
 4.43592E-10 2.79134E-14 3.34579E-27 1.43563E-28 2.25498E-19 8.24344E-17 1.85196E-17 8.15975E-27
 9.96547E-09 1.40171E-09 2.17571E-05 9.07381E-11 3.61753E-10 2.73552E-09 1.60648E-06 4.19051E-14
 2.63677E-05 1.93121E-04 1.00778E-06 4.46430E-09 6.01134E-10 1.19949E-09 2.49066E-10 8.91891E-11
 1.16604E-12 6.44614E-11 3.30684E-12 6.18251E-14 4.63131E-15 3.84133E-18 2.70925E-11 7.31066E-12
 7.31478E-15 1.23804E-12 4.53699E-10 1.66428E-14 8.22990E-28 4.41445E-29 6.53073E-20 2.00226E-17
 4.96694E-18 1.94363E-27 9.02640E-09 1.69331E-09 2.25002E-05 1.11995E-10 3.51273E-10 2.14652E-09
 1.41011E-06 5.44688E-14 2.64524E-05 1.79138E-04 8.96776E-07 3.31316E-09 5.61224E-10 8.05632E-10
 2.20022E-10 6.43990E-11 1.07458E-12 4.56806E-11 1.75141E-12 4.64965E-14 2.06293E-15 3.25448E-18
 1.96849E-11 6.61274E-12 1.00148E-14 1.27797E-12 4.61769E-10 9.62553E-15 1.89617E-28 1.26899E-29
 1.78935E-20 4.67598E-18 1.26162E-18 4.44362E-28 8.15999E-09 2.03322E-09 2.33015E-05 1.35554E-10
 3.38399E-10 1.68036E-09 1.24734E-06 7.10118E-14 2.64035E-05 1.66160E-04 8.02952E-07 2.45690E-09
 5.18295E-10 5.38929E-10 1.92727E-10 4.59066E-11 9.62059E-13 3.15315E-11 9.22076E-13 3.39960E-14
 8.87377E-16 2.67026E-18 1.41503E-11 5.83685E-12 1.34009E-14 1.29683E-12 4.68061E-10 5.44564E-15
 4.20501E-29 3.48951E-30 4.74639E-21 1.07286E-18 3.11805E-19 1.00163E-28 7.37066E-09 2.42396E-09
 2.41275E-05 1.60715E-10 3.24352E-10 1.32137E-09 1.11176E-06 9.26910E-14 2.62496E-05 1.54100E-04
 7.24241E-07 1.83511E-09 4.75281E-10 3.58303E-10 1.67533E-10 3.24375E-11 8.36777E-13 2.12663E-11
 4.86389E-13 2.42169E-14 3.70850E-16 2.13298E-18 1.00601E-11 5.05476E-12 1.75212E-14 1.29617E-12
 4.72932E-10 3.03197E-15 9.08970E-30 9.26876E-31 1.23015E-21 2.43429E-19 7.83063E-20 2.25034E-29
 6.66219E-09 2.86686E-09 2.49537E-05 1.86696E-10 3.10433E-10 1.05141E-09 9.97332E-07 1.20948E-13
 2.60176E-05 1.43034E-04 6.59113E-07 1.39051E-09 4.34322E-10 2.37494E-10 1.45010E-10 2.28725E-11
 7.09739E-13 1.41124E-11 2.59711E-13 1.69116E-14 1.52496E-16 1.66220E-18 7.10353E-12 4.31488E-12
 2.23804E-14 1.27683E-12 4.76645E-10 1.67329E-15 1.97024E-30 2.43926E-31 3.18802E-22 5.57574E-20
 2.31531E-20 5.16437E-30 6.03156E-09 3.36194E-09 2.57818E-05 2.12781E-10 2.97626E-10 8.51109E-10
 8.98971E-07 1.57503E-13 2.57321E-05 1.32992E-04 6.05765E-07 1.07375E-09 3.96539E-10 1.57479E-10
 1.25367E-10 1.61893E-11 5.89643E-13 9.27742E-12 1.41500E-13 1.16537E-14 6.24410E-17 1.26650E-18
 5.00300E-12 3.64624E-12 2.79548E-14 1.24088E-12 4.79445E-10 9.21157E-16 4.44254E-31 6.58614E-32
 8.53217E-23 1.32862E-20 1.03051E-20 1.25063E-30 5.47013E-09 3.90893E-09 2.66097E-05 2.38446E-10
 2.86482E-10 7.02920E-10 8.13107E-07 2.04403E-13 2.54120E-05 1.23915E-04 5.62279E-07 8.46269E-10
 3.62189E-10 1.04617E-10 1.08451E-10 1.15432E-11 4.81735E-13 6.07238E-12 7.89874E-14 7.96689E-15
 2.56727E-17 9.47376E-19 3.52191E-12 3.06336E-12 3.42236E-14 1.19215E-12 4.81552E-10 5.08337E-16
 1.11327E-31 1.94913E-32 2.51465E-23 3.50598E-21 7.17645E-21 3.40417E-31 4.96916E-09 4.50724E-09
 2.74326E-05 2.63395E-10 2.77307E-10 5.93098E-10 7.37177E-07 2.64139E-13 2.50723E-05 1.15739E-04
 5.27099E-07 6.80683E-10 3.31154E-10 6.97256E-11 9.40078E-11 8.31252E-12 3.88597E-13 3.97464E-12
 4.52772E-14 5.43003E-15 1.06737E-17 6.98643E-19 2.48164E-12 2.56842E-12 4.11764E-14 1.13468E-12
 4.83138E-10 2.82373E-16 3.64053E-32 7.43239E-33 9.57993E-24 1.20103E-21 6.25130E-21 1.22050E-31
 4.52385E-09 5.15457E-09 2.83037E-05 2.87622E-10 2.70443E-10 5.11954E-10 6.68903E-07 3.39913E-13
 2.47278E-05 1.08461E-04 4.99241E-07 5.58725E-10 3.03392E-10 4.68617E-11 8.18643E-11 6.07037E-12
 3.11095E-13 2.61689E-12 2.67463E-14 3.71218E-15 4.52948E-18 5.08727E-19 1.75759E-12 2.15460E-12
 4.87880E-14 1.07113E-12 4.84332E-10 1.58551E-16 1.92082E-32 4.50939E-33 5.80814E-24 6.57318E-22
 5.85586E-21 7.08877E-32 4.12784E-09 5.84711E-09 2.92717E-05 3.11416E-10 2.66104E-10 4.52262E-10
 6.06621E-07 4.35837E-13 2.43893E-05 1.02036E-04 4.77738E-07 4.67427E-10 2.78626E-10 3.19063E-11
 7.17477E-11 4.50857E-12 2.48291E-13 1.74149E-12 1.63127E-14 2.55772E-15 1.97556E-18 3.66635E-19
 1.25529E-12 1.81292E-12 5.70677E-14 1.00440E-12 4.85234E-10 9.03033E-17 1.55455E-32 4.12868E-33
 5.29962E-24 5.43507E-22 5.62120E-21 6.30011E-32 3.77136E-09 6.58355E-09 3.01865E-05 3.35034E-10
 2.64041E-10 4.08159E-10 5.50051E-07 5.56646E-13 2.40613E-05 9.63486E-05 4.61572E-07 3.97320E-10
 2.56189E-10 2.20240E-11 6.32876E-11 3.40440E-12 1.98150E-13 1.17348E-12 1.02529E-14 1.78037E-15
 8.87546E-19 2.63279E-19 9.03859E-13 1.53492E-12 6.61147E-14 9.38379E-13 4.85921E-10 5.23294E-17
 1.51176E-32 4.47772E-33 5.71947E-24 5.33075E-22 5.27550E-21 6.71516E-32 3.44730E-09 7.36571E-09
 3.08285E-05 3.58600E-10 2.63876E-10 3.75413E-10 4.99214E-07 7.07839E-13 2.37471E-05 9.13096E-05
 4.50084E-07 3.42193E-10 2.35567E-10 1.54262E-11 5.61952E-11 2.61161E-12 1.58523E-13 8.01558E-13
 6.62659E-15 1.25440E-15 4.11420E-19 1.89485E-19 6.56056E-13 1.31051E-12 7.60568E-14 8.75591E-13
 4.86446E-10 3.09293E-17 1.55187E-32 5.06951E-33 6.45023E-24 5.47279E-22 4.87894E-21 7.56178E-32
 3.15229E-09 8.18820E-09 3.12771E-05 3.82739E-10 2.65831E-10 3.51873E-10 4.52826E-07 8.97253E-13
 2.34505E-05 8.68651E-05 4.42763E-07 2.98111E-10 2.16601E-10 1.09889E-11 5.02672E-11 2.03866E-12
 1.27459E-13 5.56636E-13 4.40641E-15 8.96508E-16 1.97342E-19 1.36729E-19 4.80685E-13 1.12935E-12
 8.70366E-14 8.16550E-13 4.86850E-10 1.86687E-17 1.62235E-32 5.78575E-33 7.31347E-24 5.66362E-22
 4.45207E-21 8.65285E-32 2.88302E-09 9.02801E-09 3.19030E-05 4.09074E-10 2.70891E-10 3.37096E-10
 4.08693E-07 1.13704E-12 2.31727E-05 8.29508E-05 4.38862E-07 2.62237E-10 1.99163E-10 7.96659E-12
 4.53103E-11 1.62486E-12 1.03261E-13 3.94910E-13 3.02300E-15 6.51171E-16 9.82474E-20 9.87581E-20
 3.55635E-13 9.84157E-13 9.93341E-14 7.61549E-13 4.87163E-10 1.15218E-17 1.73446E-32 6.67975E-33
 8.27518E-24 5.88415E-22 4.09063E-21 1.00145E-31 2.63490E-09 9.86255E-09 3.27528E-05 4.39027E-10
 2.79604E-10 3.30479E-10 3.66372E-07 1.44213E-12 2.29131E-05 7.94836E-05 4.37735E-07 2.32351E-10
 1.82909E-10 5.86517E-12 4.11345E-11 1.32398E-12 8.44648E-14 2.87166E-13 2.14163E-15 4.81357E-16
 5.08762E-20 7.16872E-20 2.65237E-13 8.70047E-13 1.13391E-13 7.11906E-13 4.87403E-10 7.29291E-18
 1.89043E-32 7.77714E-33 9.26872E-24 6.09682E-22 3.76910E-21 1.16352E-31 2.40533E-09 1.06945E-08
 3.34226E-05 4.72703E-10 2.91457E-10 3.30391E-10 3.27256E-07 1.82802E-12 2.26713E-05 7.64012E-05
 4.39375E-07 2.06991E-10 1.67587E-10 4.37683E-12 3.76006E-11 1.10097E-12 6.98182E-14 2.13903E-13
 1.56261E-15 3.62429E-16 2.74197E-20 5.26158E-20 1.99226E-13 7.81068E-13 1.29604E-13 6.68304E-13
 4.87586E-10 4.74477E-18 2.06967E-32 9.01320E-33 1.02070E-23 6.24583E-22 3.43401E-21 1.34297E-31
 2.19391E-09 1.15402E-08 3.36004E-05 5.09796E-10 3.05833E-10 3.35333E-10 2.92214E-07 2.31370E-12
 2.24480E-05 7.36618E-05 4.44115E-07 1.85267E-10 1.53196E-10 3.30765E-12 3.46093E-11 9.32373E-13
 5.83065E-14 1.62859E-13 1.17017E-15 2.77935E-16 1.53629E-20 3.91012E-20 1.50759E-13 7.10700E-13
 1.48266E-13 6.30003E-13 4.87724E-10 3.17003E-18 2.25215E-32 1.03083E-32 1.10294E-23 6.30285E-22
 3.08800E-21 1.53125E-31 2.00024E-09 1.24022E-08 3.33483E-05 5.50946E-10 3.22936E-10 3.45086E-10
 2.60801E-07 2.92681E-12 2.22431E-05 7.12236E-05 4.52028E-07 1.66521E-10 1.39795E-10 2.52768E-12
 3.20723E-11 8.03975E-13 4.91870E-14 1.26705E-13 8.98297E-16 2.17056E-16 8.93980E-21 2.93614E-20
 1.14920E-13 6.54482E-13 1.69790E-13 5.96023E-13 4.87829E-10 2.17130E-18 2.43004E-32 1.16130E-32
 1.16621E-23 6.25217E-22 2.73207E-21 1.71892E-31 1.82348E-09 1.32601E-08 3.29491E-05 5.98122E-10
 3.43881E-10 3.60784E-10 2.32005E-07 3.70831E-12 2.20554E-05 6.90407E-05 4.62802E-07 1.50213E-10
 1.27394E-10 1.94798E-12 2.99075E-11 7.07177E-13 4.19387E-14 1.00976E-13 7.07989E-16 1.72739E-16
 5.40796E-21 2.22348E-20 8.81150E-14 6.10387E-13 1.94894E-13 5.65906E-13 4.87905E-10 1.52463E-18
 2.61281E-32 1.29406E-32 1.20299E-23 6.09317E-22 2.36419E-21 1.89791E-31 1.66309E-09 1.40915E-08
 3.26035E-05 6.53686E-10 3.69957E-10 3.83917E-10 2.05271E-07 4.71446E-12 2.18840E-05 6.70773E-05
 4.76176E-07 1.35963E-10 1.15999E-10 1.51032E-12 2.80521E-11 6.35701E-13 3.61710E-14 8.26499E-14
 5.73887E-16 1.40256E-16 3.40743E-21 1.69650E-20 6.78741E-14 5.77068E-13 2.24497E-13 5.39369E-13
 4.87955E-10 1.09829E-18 2.82594E-32 1.43900E-32 1.21406E-23 5.86333E-22 2.04946E-21 2.07062E-31
 1.51904E-09 1.49070E-08 3.22591E-05 7.18732E-10 4.01554E-10 4.14874E-10 1.80912E-07 6.01577E-12
 2.17294E-05 6.53140E-05 4.92443E-07 1.23530E-10 1.05644E-10 1.17756E-12 2.64664E-11 5.83329E-13
 3.15454E-14 6.93797E-14 4.77463E-16 1.16184E-16 2.23383E-21 1.30265E-20 5.25499E-14 5.52042E-13
 2.59335E-13 5.15687E-13 4.87984E-10 8.10244E-19 3.05790E-32 1.58965E-32 1.19654E-23 5.55851E-22
 1.74984E-21 2.22484E-31 1.39057E-09 1.57574E-08 3.17251E-05 7.92577E-10 4.37938E-10 4.52608E-10
 1.59534E-07 7.69851E-12 2.15914E-05 6.37295E-05 5.12477E-07 1.12697E-10 9.63252E-11 9.22996E-13
 2.51135E-11 5.43713E-13 2.77564E-14 5.93387E-14 4.05017E-16 9.79191E-17 1.51338E-21 1.00442E-20
 4.09035E-14 5.31887E-13 2.99788E-13 4.93777E-13 4.87998E-10 6.08693E-19 3.27818E-32 1.73169E-32
 1.15471E-23 5.19123E-22 1.46012E-21 2.35088E-31 1.27634E-09 1.66891E-08 3.09646E-05 8.74938E-10
 4.78719E-10 4.96514E-10 1.41140E-07 9.88123E-12 2.14692E-05 6.22967E-05 5.37076E-07 1.03238E-10
 8.79896E-11 7.26353E-13 2.39548E-11 5.12616E-13 2.45864E-14 5.14147E-14 3.48323E-16 8.36969E-17
 1.05185E-21 7.75522E-21 3.19703E-14 5.14227E-13 3.46277E-13 4.72810E-13 4.87999E-10 4.63014E-19
 3.47536E-32 1.85998E-32 1.09778E-23 4.79718E-22 1.19703E-21 2.45168E-31 1.17516E-09 1.77199E-08
 3.01131E-05 9.67362E-10 5.24673E-10 5.47567E-10 1.25235E-07 1.27363E-11 2.13623E-05 6.09967E-05
 5.66462E-07 9.49687E-11 8.05770E-11 5.73416E-13 2.29616E-11 4.88353E-13 2.19131E-14 4.50682E-14
 3.03237E-16 7.24662E-17 7.47741E-22 5.98184E-21 2.50717E-14 4.98300E-13 3.99604E-13 4.52425E-13
 4.87989E-10 3.55665E-19 3.67243E-32 1.98581E-32 1.03561E-23 4.41965E-22 9.76384E-22 2.54271E-31
 1.08598E-09 1.88555E-08 2.93184E-05 1.07253E-09 5.77191E-10 6.07692E-10 1.11327E-07 1.65074E-11
 2.12704E-05 5.98178E-05 6.00358E-07 8.77354E-11 7.40176E-11 4.54087E-13 2.21134E-11 4.70224E-13
 1.96582E-14 3.99878E-14 2.67250E-16 6.35521E-17 5.43362E-22 4.60306E-21 1.97263E-14 4.84049E-13
 4.60884E-13 4.32541E-13 4.87967E-10 2.75660E-19 3.91032E-32 2.12991E-32 9.76886E-24 4.09436E-22
 8.02105E-22 2.64581E-31 1.00782E-09 2.00947E-08 2.87024E-05 1.19415E-09 6.38172E-10 6.79682E-10
 9.90172E-08 2.15402E-11 2.11933E-05 5.87476E-05 6.38109E-07 8.14049E-11 6.82361E-11 3.60537E-13
 2.13913E-11 4.57898E-13 1.77616E-14 3.59586E-14 2.38599E-16 5.64816E-17 4.03801E-22 3.53203E-21
 1.55632E-14 4.71739E-13 5.31595E-13 4.13233E-13 4.87932E-10 2.15583E-19 4.24093E-32 2.31881E-32
 9.27764E-24 3.84423E-22 6.69908E-22 2.78492E-31 9.39929E-10 2.14148E-08 2.84121E-05 1.33830E-09
 7.10797E-10 7.68418E-10 8.79136E-08 2.83422E-11 2.11303E-05 5.77722E-05 6.78581E-07 7.58777E-11
 6.31704E-11 2.86632E-13 2.07761E-11 4.51797E-13 1.61829E-14 3.28748E-14 2.16288E-16 5.09612E-17
 3.07769E-22 2.70346E-21 1.22935E-14 4.62226E-13 6.13944E-13 3.94758E-13 4.87881E-10 1.70410E-19
 4.74250E-32 2.59125E-32 8.91553E-24 3.68339E-22 5.75167E-22 2.98707E-31 8.82444E-10 2.27522E-08
 2.86705E-05 1.51578E-09 8.00853E-10 8.82886E-10 7.75972E-08 3.76999E-11 2.10814E-05 5.68841E-05
 7.20086E-07 7.11246E-11 5.88077E-11 2.28086E-13 2.02527E-11 4.53667E-13 1.49071E-14 3.07582E-14
 2.00144E-16 4.68847E-17 2.42394E-22 2.06568E-21 9.71546E-15 4.57153E-13 7.11376E-13 3.77496E-13
 4.87808E-10 1.36720E-19 5.54947E-32 3.01058E-32 8.68397E-24 3.62048E-22 5.16444E-22 3.28422E-31
 8.36524E-10 2.40335E-08 2.97167E-05 1.74235E-09 9.16883E-10 1.03616E-09 6.78121E-08 5.08728E-11
 2.10468E-05 5.60781E-05 7.61976E-07 6.72077E-11 5.52124E-11 1.81749E-13 1.98065E-11 4.65695E-13
 1.39172E-14 2.96291E-14 1.90062E-16 4.42061E-17 1.98813E-22 1.57423E-21 7.67897E-15 4.57824E-13
 8.28189E-13 3.61524E-13 4.87709E-10 1.11690E-19 6.86243E-32 3.66619E-32 8.54514E-24 3.65235E-22
 4.89964E-22 3.70604E-31 8.04669E-10 2.54500E-08 3.11921E-05 2.02057E-09 1.05995E-09 1.22809E-09
 5.90908E-08 6.97095E-11 2.10268E-05 5.53502E-05 8.09001E-07 6.43006E-11 5.26227E-11 1.45312E-13
 1.94307E-11 4.83430E-13 1.30739E-14 2.89011E-14 1.82488E-16 4.22636E-17 1.66007E-22 1.17741E-21
 6.07074E-15 4.57462E-13 9.61689E-13 3.44222E-13 4.87595E-10 9.10929E-20 8.75979E-32 4.58904E-32
 8.49406E-24 3.75979E-22 4.79272E-22 4.26459E-31 7.88430E-10 2.73718E-08 3.24965E-05 2.34207E-09
 1.22540E-09 1.44741E-09 5.19739E-08 9.70448E-11 2.10224E-05 5.46999E-05 8.72714E-07 6.25170E-11
 5.12054E-11 1.17075E-13 1.91233E-11 4.99359E-13 1.22353E-14 2.78696E-14 1.73491E-16 4.02479E-17
 1.36292E-22 8.49000E-22 4.80711E-15 4.47684E-13 1.10362E-12 3.23138E-13 4.87485E-10 7.22910E-20
 1.11440E-31 5.72925E-32 8.53652E-24 3.91660E-22 4.63548E-22 4.96025E-31 7.88037E-10 3.00922E-08
 3.36237E-05 2.71311E-09 1.41875E-09 1.69993E-09 4.64213E-08 1.38157E-10 2.10341E-05 5.41302E-05
 9.79007E-07 6.19268E-11 5.09417E-11 9.57320E-14 1.88782E-11 5.11885E-13 1.14004E-14 2.64707E-14
 1.63084E-16 3.80837E-17 1.09363E-22 5.89801E-22 3.82558E-15 4.29371E-13 1.25099E-12 2.99049E-13
 4.87381E-10 5.56235E-20 1.40118E-31 7.06682E-32 8.63517E-24 4.10838E-22 4.44272E-22 5.81413E-31
 8.04567E-10 3.42604E-08 3.45617E-05 3.13704E-09 1.65120E-09 2.00575E-09 4.26370E-08 2.04019E-10
 2.10626E-05 5.36466E-05 1.21574E-06 6.28764E-11 5.18834E-11 8.03183E-14 1.86919E-11 5.18803E-13
 1.05601E-14 2.46365E-14 1.51704E-16 3.57541E-17 8.52898E-23 3.93639E-22 3.07934E-15 4.04495E-13
 1.39799E-12 2.72496E-13 4.87286E-10 4.12589E-20 1.72807E-31 8.51002E-32 8.76939E-24 4.32436E-22
 4.22540E-22 6.87685E-31 8.39179E-10 4.15050E-08 3.52938E-05 3.60277E-09 1.95067E-09 2.43165E-09
 4.13772E-08 3.22616E-10 2.11078E-05 5.32576E-05 1.90401E-06 6.63937E-11 5.40946E-11 7.01888E-14
 1.85633E-11 5.16677E-13 9.68339E-15 2.22357E-14 1.40624E-16 3.33207E-17 6.43049E-23 2.50185E-22
 2.53468E-15 3.76441E-13 1.53123E-12 2.43316E-13 4.87211E-10 2.91642E-20 2.07562E-31 9.81617E-32
 8.93419E-24 4.55102E-22 3.99709E-22 8.28349E-31 8.93723E-10 5.74501E-08 3.57980E-05 4.08984E-09
 2.38477E-09 3.14829E-09 4.55787E-08 5.92632E-10 2.11671E-05 5.29751E-05 4.23482E-06 7.45173E-11
 5.75585E-11 6.49809E-14 1.85031E-11 4.92413E-13 8.77681E-15 1.88389E-14 1.29422E-16 3.09502E-17
 4.58828E-23 1.50055E-22 2.17064E-15 3.51687E-13 1.63262E-12 2.11590E-13 4.87166E-10 1.89726E-20
 2.34953E-31 1.03021E-31 9.08778E-24 4.76200E-22 3.78457E-22 1.03126E-30 1.00813E-09 1.37806E-07
 3.60538E-05 4.98074E-09 2.96717E-09 4.04409E-09 8.49724E-08 1.84777E-09 2.12292E-05 5.28149E-05
 1.26168E-05 8.19234E-11 6.29169E-11 6.43226E-14 1.86347E-11 3.23959E-13 8.62250E-15 1.18939E-14
 8.04660E-17 2.64367E-17 2.10678E-23 9.60589E-23 1.97898E-15 3.44227E-13 1.83417E-12 1.90088E-13
 4.86994E-10 8.42134E-21 1.59996E-31 6.58816E-32 8.57597E-24 4.90774E-22 3.64395E-22 1.21168E-30
 3.01312E+02 2.99319E+02 2.97303E+02 2.95259E+02 2.93186E+02 2.91079E+02 2.88922E+02 2.86724E+02
 2.84476E+02 2.82179E+02 2.79826E+02 2.77395E+02 2.74890E+02 2.72419E+02 2.69971E+02 2.67449E+02
 2.64790E+02 2.61976E+02 2.58983E+02 2.55786E+02 2.52327E+02 2.48617E+02 2.44644E+02 2.40407E+02
 2.35922E+02 2.31484E+02 2.27856E+02 2.25522E+02 2.24089E+02 2.22935E+02 2.21841E+02 2.20806E+02
 2.19830E+02 2.18915E+02 2.18052E+02 2.17226E+02 2.16442E+02 2.15703E+02 2.15004E+02 2.14340E+02
 2.13713E+02 2.13124E+02 2.12571E+02 2.12049E+02 2.11545E+02 2.11036E+02 2.10502E+02 2.09932E+02
 2.09316E+02 2.08637E+02 2.07900E+02 2.07128E+02 2.06324E+02 2.05491E+02 2.04641E+02 2.03791E+02
 2.02956E+02 2.02163E+02 2.01443E+02 2.00808E+02 2.00251E+02 1.99759E+02 1.99321E+02 1.98917E+02
 1.98531E+02 1.98161E+02 1.97803E+02 1.97445E+02 1.97080E+02 1.96709E+02 1.96333E+02 1.95948E+02
 1.95569E+02 1.95208E+02 1.94831E+02 1.94387E+02 1.93898E+02 1.93448E+02 1.93047E+02 1.92607E+02
 1.92070E+02 1.91454E+02 1.90814E+02 1.90190E+02 1.89571E+02 1.88916E+02 1.88215E+02 1.87496E+02
 1.86788E+02 1.86113E+02 1.85501E+02 1.84998E+02 1.84664E+02 1.84553E+02 1.84706E+02 1.85148E+02
 1.85900E+02 1.86951E+02 1.88213E+02 1.89526E+02 1.00000E+05 1.00000E+05 1.00000E+05 1.00000E+05
 1.00000E+05 1.00000E+05 1.00000E+05 1.00000E+05 1.00000E+05 1.00000E+05 1.00000E+05 1.00000E+05
 1.00000E+05 1.00000E+05 1.00000E+05 1.00000E+05 1.00000E+05 1.00000E+05 1.00000E+05 1.00000E+05
 1.00000E+05 1.00000E+05 1.00000E+05 1.00000E+05 1.00000E+05 1.00000E+05 1.00000E+05 1.00000E+05
 1.00000E+05 1.00000E+05 1.00000E+05 1.00000E+05 1.00000E+05 1.00000E+05 9.51314E+04 9.23886E+04
 8.96457E+04 8.69029E+04 6.92150E+04 5.87085E+04 4.82020E+04 4.16158E+04 3.47560E+04 2.78963E+04
 2.10366E+04 1.91055E+04 1.62691E+04 1.34327E+04 1.05964E+04 9.92857E+03 8.66935E+03 7.41013E+03
 6.15091E+03 6.15962E+03 5.73182E+03 5.30403E+03 4.87624E+03 4.78432E+03 4.55705E+03 4.32977E+03
 4.10250E+03 4.12883E+03 4.04052E+03 3.95221E+03 3.86390E+03 3.92435E+03 3.91136E+03 3.89838E+03
 3.92893E+03 3.95464E+03 3.98036E+03 4.00607E+03 4.11292E+03 4.20227E+03 4.29162E+03 4.38097E+03
 4.52844E+03 4.65856E+03 4.78869E+03 4.91882E+03 5.08741E+03 5.24195E+03 5.39650E+03 5.55105E+03
 5.77414E+03 5.96843E+03 6.16271E+03 6.35700E+03 6.60047E+03 6.82099E+03 7.04151E+03 7.28839E+03
 7.53462E+03 7.78086E+03 8.02709E+03 8.28981E+03 8.55006E+03 8.81032E+03 9.07058E+03 9.34530E+03
 2.36214E+19 2.23657E+19 2.11710E+19 2.00346E+19 1.89540E+19 1.79268E+19 1.69515E+19 1.60249E+19
 1.51452E+19 1.43099E+19 1.35171E+19 1.27658E+19 1.20534E+19 1.13736E+19 1.07256E+19 1.01120E+19
 9.53310E+18 8.98721E+18 8.47290E+18 7.98881E+18 7.53445E+18 7.10718E+18 6.70528E+18 6.32682E+18
 5.96970E+18 5.62542E+18 5.27691E+18 4.91773E+18 4.56203E+18 4.22501E+18 3.91037E+18 3.61690E+18
 3.34343E+18 3.08876E+18 2.85193E+18 2.63205E+18 2.42795E+18 2.23861E+18 2.06313E+18 1.90061E+18
 1.75020E+18 1.61105E+18 1.48240E+18 1.36356E+18 1.25391E+18 1.15288E+18 1.05992E+18 9.74413E+17
 8.95805E+17 8.23587E+17 7.57195E+17 6.96071E+17 6.39783E+17 5.87943E+17 5.40168E+17 4.96110E+17
 4.55457E+17 4.17911E+17 3.83204E+17 3.51133E+17 3.21544E+17 2.94287E+17 2.69219E+17 2.46201E+17
 2.25093E+17 2.05747E+17 1.88025E+17 1.71803E+17 1.56964E+17 1.43387E+17 1.30969E+17 1.19612E+17
 1.09219E+17 9.97047E+16 9.10125E+16 8.30917E+16 7.58625E+16 6.92339E+16 6.31572E+16 5.76147E+16
 5.25736E+16 4.79811E+16 4.37828E+16 3.99369E+16 3.64175E+16 3.32050E+16 3.02735E+16 2.75943E+16
 2.51424E+16 2.28967E+16 2.08381E+16 1.89483E+16 1.72108E+16 1.56122E+16 1.41422E+16 1.27930E+16
 1.15570E+16 1.04290E+16 9.40659E+15 8.48827E+15 2.66674E-11 2.86778E-11 3.27837E-11 3.93047E-11
 4.78466E-11 5.80983E-11 6.98723E-11 8.30228E-11 9.74165E-11 1.12920E-10 1.29398E-10 1.46710E-10
 1.64713E-10 1.83269E-10 2.02241E-10 2.21488E-10 2.40923E-10 2.60428E-10 2.79872E-10 2.99119E-10
 3.18035E-10 3.36490E-10 3.54370E-10 3.71572E-10 3.88005E-10 4.03600E-10 4.18334E-10 4.32241E-10
 4.45379E-10 4.57788E-10 4.69490E-10 4.80501E-10 4.90836E-10 5.00505E-10 5.09737E-10 5.18632E-10
 5.27056E-10 5.34963E-10 5.43051E-10 5.51747E-10 5.60748E-10 5.69701E-10 5.78140E-10 5.85821E-10
 5.92284E-10 5.96020E-10 5.95806E-10 5.90531E-10 5.78330E-10 5.58448E-10 5.28230E-10 4.92071E-10
 4.48296E-10 4.05014E-10 3.59535E-10 3.12387E-10 2.64327E-10 2.19438E-10 1.77218E-10 1.38565E-10
 1.04288E-10 7.65596E-11 5.41777E-11 3.67860E-11 2.38397E-11 1.49310E-11 8.92609E-12 5.06941E-12
 2.73966E-12 1.40138E-12 6.75034E-13 3.04502E-13 1.30056E-13 5.21588E-14 1.95392E-14 6.79850E-15
 2.21545E-15 6.69366E-16 1.86306E-16 4.74403E-17 1.10909E-17 2.35309E-18 4.49237E-19 7.64620E-20
 1.17506E-20 1.59990E-21 1.90917E-22 1.97314E-23 1.77521E-24 1.36073E-25 8.75901E-27 4.71139E-28
 2.08389E-29 7.42822E-31 2.08097E-32 4.49016E-34 7.25178E-36 8.51439E-38 7.05270E-40 4.04568E-42
 5.41714E+01 4.81659E+01 4.67834E+01 4.79711E+01 5.12927E+01 5.68091E+01 6.19789E+01 6.73525E+01
 7.20428E+01 7.68871E+01 8.13692E+01 8.49336E+01 8.80932E+01 8.99485E+01 9.15453E+01 9.25897E+01
 9.29624E+01 9.28799E+01 9.24858E+01 9.17782E+01 9.06755E+01 8.91704E+01 8.73210E+01 8.53413E+01
 8.32033E+01 8.04307E+01 7.72140E+01 7.38055E+01 7.00367E+01 6.60775E+01 6.24412E+01 5.91331E+01
 5.58472E+01 5.26468E+01 4.95385E+01 4.65311E+01 4.36361E+01 4.08480E+01 3.82343E+01 3.58487E+01
 3.35981E+01 3.14563E+01 2.93986E+01 2.74216E+01 2.55192E+01 2.36476E+01 2.17774E+01 1.98981E+01
 1.79857E+01 1.60374E+01 1.40033E+01 1.20230E+01 1.00746E+01 8.36755E+00 6.82838E+00 5.45389E+00
 4.23993E+00 3.23177E+00 2.39437E+00 1.71599E+00 1.18293E+00 7.95086E-01 5.14957E-01 3.19876E-01
 1.89588E-01 1.08562E-01 5.93212E-02 3.07883E-02 1.52035E-02 7.10483E-03 3.12615E-03 1.28798E-03
 5.02334E-04 1.83901E-04 6.28913E-05 1.99873E-05 5.95006E-06 1.64129E-06 4.16799E-07 9.68399E-08
 2.06668E-08 4.00355E-09 6.97711E-10 1.08343E-10 1.51909E-11 1.88731E-12 2.05495E-13 1.93724E-14
 1.58902E-15 1.10978E-16 6.50412E-18 3.18223E-19 1.27880E-20 4.12286E-22 1.03687E-23 1.99332E-25
 2.85230E-27 2.95330E-29 2.15138E-31 1.08728E-33 1.00000E-12 1.00000E-12 1.00000E-12 1.00000E-12
 1.00000E-12 1.00000E-12 1.00000E-12 1.00000E-12 1.00000E-12 1.00000E-12 1.00000E-12 1.00000E-12
 1.00000E-12 1.00000E-12 1.00000E-12 1.00000E-12 1.00000E-12 1.00000E-12 1.00000E-12 1.00000E-12
 1.00000E-12 1.00000E-12 1.00000E-12 1.00000E-12 1.00000E-12 1.00000E-12 1.00000E-12 1.00000E-12
 1.00000E-12 1.00000E-12 1.00000E-12 1.00000E-12 1.00000E-12 1.00000E-12 1.00000E-12 1.00000E-12
 1.00000E-12 1.00000E-12 1.00000E-12 1.00000E-12 1.00000E-12 1.00000E-12 1.00000E-12 1.00000E-12
 1.00000E-12 1.00000E-12 1.00000E-12 1.00000E-12 1.00000E-12 1.00000E-12 1.00000E-12 1.00000E-12
 1.00000E-12 1.00000E-12 1.00000E-12 1.00000E-12 1.00000E-12 1.00000E-12 1.00000E-12 1.00000E-12
 1.00000E-12 1.00000E-12 1.00000E-12 1.00000E-12 1.00000E-12 1.00000E-12 1.00000E-12 1.00000E-12
 1.00000E-12 1.00000E-12 1.00000E-12 1.00000E-12 1.00000E-12 1.00000E-12 1.00000E-12 1.00000E-12
 1.00000E-12 1.00000E-12 1.00000E-12 1.00000E-12 1.00000E-12 1.00000E-12 1.00000E-12 1.00000E-12
 1.00000E-12 1.00000E-12 1.00000E-12 1.00000E-12 1.00000E-12 1.00000E-12 1.00000E-12 1.00000E-12
 1.00000E-12 1.00000E-12 1.00000E-12 1.00000E-12 1.00000E-12 1.00000E-12 1.00000E-12 1.00000E-12
 1.00000E-12 1.00000E-12 1.00000E-12 1.00000E-12 1.00000E-12 1.00000E-12 1.00000E-12 1.00000E-12
 1.00000E-12 1.00000E-12 1.00000E-12 1.00000E-12 1.00000E-12 1.00000E-12 1.00000E-12 1.00000E-12
 1.00000E-12 1.00000E-12 1.00000E-12 1.00000E-12 1.00000E-12 1.00000E-12 1.00000E-12 1.00000E-12
 1.00000E-12 1.00000E-12 1.00000E-12 1.00000E-12 1.00000E-12 1.00000E-12 1.00000E-12 1.00000E-12
 1.00000E-12 1.00000E-12 1.00000E-12 1.00000E-12 1.00000E-12 1.00000E-12 1.00000E-12 1.00000E-12
 1.00000E-12 1.00000E-12 1.00000E-12 1.00000E-12 1.00000E-12 1.00000E-12 1.00000E-12 1.00000E-12
 1.00000E-12 1.00000E-12 1.00000E-12 1.00000E-12 1.00000E-12 1.00000E-12 1.00000E-12 1.00000E-12
 1.00000E-12 1.00000E-12 1.00000E-12 1.00000E-12 1.00000E-12 1.00000E-12 1.00000E-12 1.00000E-12
 1.00000E-12 1.00000E-12 1.00000E-12 1.00000E-12 1.00000E-12 1.00000E-12 1.00000E-12 1.00000E-12
 1.00000E-12 1.00000E-12 1.00000E-12 1.00000E-12 1.00000E-12 1.00000E-12 1.00000E-12 1.00000E-12
 1.00000E-12 1.00000E-12 1.00000E-12 1.00000E-12 1.00000E-12 1.00000E-12 1.00000E-12 1.00000E-12
 1.00000E-12 1.00000E-12 1.00000E-12 1.00000E-12 1.00000E-12 1.00000E-12 1.00000E-12 1.00000E-12
 1.00000E-12 1.00000E-12 1.00000E-12 1.00000E-12 2.72836E-04 2.89116E-04 3.05862E-04 3.24108E-04
 3.42295E-04 3.58969E-04 3.77529E-04 3.96844E-04 4.18117E-04 4.40020E-04 4.63333E-04 4.88988E-04
 5.16296E-04 5.46859E-04 5.79153E-04 6.13958E-04 6.51901E-04 6.92935E-04 7.37115E-04 7.84841E-04
 8.36859E-04 8.93799E-04 9.56234E-04 1.02421E-03 1.09861E-03 1.18215E-03 1.27388E-03 1.37219E-03
 1.47965E-03 1.59805E-03 1.72501E-03 1.86070E-03 2.00895E-03 2.17038E-03 2.34664E-03 2.53932E-03
 2.74964E-03 2.97938E-03 3.23000E-03 3.50223E-03 3.79979E-03 4.12509E-03 4.48070E-03 4.86924E-03
 5.29324E-03 5.75527E-03 6.25895E-03 6.80768E-03 7.40445E-03 8.05558E-03 8.76864E-03 9.55346E-03
 1.04197E-02 1.13707E-02 1.24132E-02 1.35560E-02 1.48111E-02 1.61899E-02 1.77049E-02 1.93693E-02
 2.11974E-02 2.32031E-02 2.54038E-02 2.78201E-02 3.04732E-02 3.33865E-02 3.65862E-02 4.01004E-02
 4.39605E-02 4.82018E-02 5.28626E-02 5.79851E-02 6.36165E-02 6.98091E-02 7.66150E-02 8.40924E-02
 9.23182E-02 1.01377E-01 1.11354E-01 1.22337E-01 1.34432E-01 1.47765E-01 1.62477E-01 1.78719E-01
 1.96624E-01 2.16379E-01 2.38201E-01 2.62328E-01 2.89015E-01 3.18538E-01 3.51194E-01 3.87303E-01
 4.27190E-01 4.71679E-01 5.21766E-01 5.78194E-01 6.41381E-01 7.11980E-01 7.90546E-01 8.76917E-01
 1.00000E+00 1.00000E+00 1.00000E+00 1.00000E+00 1.00000E+00 1.00000E+00 1.00000E+00 1.00000E+00
 1.00000E+00 1.00000E+00 1.00000E+00 1.00000E+00 1.00000E+00 1.00000E+00 1.00000E+00 1.00000E+00
 1.00000E+00 1.00000E+00 1.00000E+00 1.00000E+00 1.00000E+00 1.00000E+00 1.00000E+00 1.00000E+00
 1.00000E+00 1.00000E+00 1.00000E+00 1.00000E+00 1.00000E+00 1.00000E+00 1.00000E+00 1.00000E+00
 1.00000E+00 1.00000E+00 1.00000E+00 1.00000E+00 1.00000E+00 1.00000E+00 1.00000E+00 1.00000E+00
 1.00000E+00 1.00000E+00 1.00000E+00 1.00000E+00 1.00000E+00 1.00000E+00 1.00000E+00 1.00000E+00
 1.00000E+00 1.00000E+00 1.00000E+00 1.00000E+00 1.00000E+00 1.00000E+00 1.00000E+00 1.00000E+00
 1.00000E+00 1.00000E+00 1.00000E+00 1.00000E+00 1.00000E+00 1.00000E+00 1.00000E+00 1.00000E+00
 1.00000E+00 1.00000E+00 1.00000E+00 1.00000E+00 1.00000E+00 1.00000E+00 1.00000E+00 1.00000E+00
 1.00000E+00 1.00000E+00 1.00000E+00 1.00000E+00 1.00000E+00 1.00000E+00 1.00000E+00 1.00000E+00
 1.00000E+00 1.00000E+00 1.00000E+00 1.00000E+00 1.00000E+00 1.00000E+00 1.00000E+00 1.00000E+00
 1.00000E+00 1.00000E+00 1.00000E+00 1.00000E+00 1.00000E+00 1.00000E+00 1.00000E+00 1.00000E+00
 1.00000E+00 1.00000E+00 1.00000E+00 1.00000E+00 1.00000E+00 1.00000E+00 1.00000E+00 1.00000E+00
 1.00000E+00 1.00000E+00 1.00000E+00 1.00000E+00 1.00000E+00 1.00000E+00 1.00000E+00 1.00000E+00
 1.00000E+00 1.00000E+00 1.00000E+00 1.00000E+00 1.00000E+00 1.00000E+00 1.00000E+00 1.00000E+00
 1.00000E+00 1.00000E+00 1.00000E+00 1.00000E+00 1.00000E+00 1.00000E+00 1.00000E+00 1.00000E+00
 1.00000E+00 1.00000E+00 1.00000E+00 1.00000E+00 1.00000E+00 1.00000E+00 1.00000E+00 1.00000E+00
 1.00000E+00 1.00000E+00 1.00000E+00 1.00000E+00 1.00000E+00 1.00000E+00 1.00000E+00 1.00000E+00
 1.00000E+00 1.00000E+00 1.00000E+00 1.00000E+00 1.00000E+00 1.00000E+00 1.00000E+00 1.00000E+00
 1.00000E+00 1.00000E+00 1.00000E+00 1.00000E+00 1.00000E+00 1.00000E+00 1.00000E+00 1.00000E+00
 1.00000E+00 1.00000E+00 1.00000E+00 1.00000E+00 1.00000E+00 1.00000E+00 1.00000E+00 1.00000E+00
 1.00000E+00 1.00000E+00 1.00000E+00 1.00000E+00 1.00000E+00 1.00000E+00 1.00000E+00 1.00000E+00
 1.00000E+00 1.00000E+00 1.00000E+00 1.00000E+00 1.00000E+00 1.00000E+00 1.00000E+00 1.00000E+00
 1.00000E+00 1.00000E+00 1.00000E+00 1.00000E+00 1.00000E+00 1.00000E+00 1.00000E+00 1.00000E+00
 1.00000E+00 1.00000E+00 1.00000E+00 1.00000E+00 1.00000E+00 1.00000E+00 1.00000E+00 1.00000E+00
 1.00000E-05 1.00000E-05 1.00000E-05 1.00000E-05 1.00000E-05 1.00000E-05 1.00000E-05 1.00000E-05
 1.00000E-05 1.00000E-05 1.00000E-05 1.00000E-05 1.00000E-05 1.00000E-05 1.00000E-05 1.00000E-05
 1.00000E-05 1.00000E-05 1.00000E-05 1.00000E-05 1.00000E-05 1.00000E-05 1.00000E-05 1.00000E-05
 1.00000E-05 1.00000E-05 1.00000E-05 1.00000E-05 1.00000E-05 1.00000E-05 1.00000E-05 1.00000E-05
 1.00000E-05 1.00000E-05 1.00000E-05 1.00000E-05 1.00000E-05 1.00000E-05 1.00000E-05 1.00000E-05
 1.00000E-05 1.00000E-05 1.00000E-05 1.00000E-05 1.00000E-05 1.00000E-05 1.00000E-05 1.00000E-05
 1.00000E-05 1.00000E-05 1.00000E-05 1.00000E-05 1.00000E-05 1.00000E-05 1.00000E-05 1.00000E-05
 1.00000E-05 1.00000E-05 1.00000E-05 1.00000E-05 1.00000E-05 1.00000E-05 1.00000E-05 1.00000E-05
 1.00000E-05 1.00000E-05 1.00000E-05 1.00000E-05 1.00000E-05 1.00000E-05 1.00000E-05 1.00000E-05
 1.00000E-05 1.00000E-05 1.00000E-05 1.00000E-05 1.00000E-05 1.00000E-05 1.00000E-05 1.00000E-05
 1.00000E-05 1.00000E-05 1.00000E-05 1.00000E-05 1.00000E-05 1.00000E-05 1.00000E-05 1.00000E-05
 1.00000E-05 1.00000E-05 1.00000E-05 1.00000E-05 1.00000E-05 1.00000E-05 1.00000E-05 1.00000E-05
 1.00000E-05 1.00000E-05 1.00000E-05 1.00000E-05 1.00000E-09 1.00000E-09 1.00000E-09 1.00000E-09
 1.00000E-09 1.00000E-09 1.00000E-09 1.00000E-09 1.00000E-09 1.00000E-09 1.00000E-09 1.00000E-09
 1.00000E-09 1.00000E-09 1.00000E-09 1.00000E-09 1.00000E-09 1.00000E-09 1.00000E-09 1.00000E-09
 1.00000E-09 1.00000E-09 1.00000E-09 1.00000E-09 1.00000E-09 1.00000E-09 1.00000E-09 1.00000E-09
 1.00000E-09 1.00000E-09 1.00000E-09 1.00000E-09 1.00000E-09 1.00000E-09 1.00000E-09 1.00000E-09
 1.00000E-09 1.00000E-09 1.00000E-09 1.00000E-09 1.00000E-09 1.00000E-09 1.00000E-09 1.00000E-09
 1.00000E-09 1.00000E-09 1.00000E-09 1.00000E-09 1.00000E-09 1.00000E-09 1.00000E-09 1.00000E-09
 1.00000E-09 1.00000E-09 1.00000E-09 1.00000E-09 1.00000E-09 1.00000E-09 1.00000E-09 1.00000E-09
 1.00000E-09 1.00000E-09 1.00000E-09 1.00000E-09 1.00000E-09 1.00000E-09 1.00000E-09 1.00000E-09
 1.00000E-09 1.00000E-09 1.00000E-09 1.00000E-09 1.00000E-09 1.00000E-09 1.00000E-09 1.00000E-09
 1.00000E-09 1.00000E-09 1.00000E-09 1.00000E-09 1.00000E-09 1.00000E-09 1.00000E-09 1.00000E-09
 1.00000E-09 1.00000E-09 1.00000E-09 1.00000E-09 1.00000E-09 1.00000E-09 1.00000E-09 1.00000E-09
 1.00000E-09 1.00000E-09 1.00000E-09 1.00000E-09 1.00000E-09 1.00000E-09 1.00000E-09 1.00000E-09
 1.00000E-09 1.00000E-09 1.00000E-09 1.00000E-09 1.00000E-09 1.00000E-09 1.00000E-09 1.00000E-09
 1.00000E-09 1.00000E-09 1.00000E-09 1.00000E-09 1.00000E-09 1.00000E-09 1.00000E-09 1.00000E-09
 1.00000E-09 1.00000E-09 1.00000E-09 1.00000E-09 1.00000E-09 1.00000E-09 1.00000E-09 1.00000E-09
 1.00000E-09 1.00000E-09 1.00000E-09 1.00000E-09 1.00000E-09 1.00000E-09 1.00000E-09 1.00000E-09
 1.00000E-09 1.00000E-09 1.00000E-09 1.00000E-09 1.00000E-09 1.00000E-09 1.00000E-09 1.00000E-09
 1.00000E-09 1.00000E-09 1.00000E-09 1.00000E-09 1.00000E-09 1.00000E-09 1.00000E-09 1.00000E-09
 1.00000E-09 1.00000E-09 1.00000E-09 1.00000E-09 1.00000E-09 1.00000E-09 1.00000E-09 1.00000E-09
 1.00000E-09 1.00000E-09 1.00000E-09 1.00000E-09 1.00000E-09 1.00000E-09 1.00000E-09 1.00000E-09
 1.00000E-09 1.00000E-09 1.00000E-09 1.00000E-09 1.00000E-09 1.00000E-09 1.00000E-09 1.00000E-09
 1.00000E-09 1.00000E-09 1.00000E-09 1.00000E-09 1.00000E-09 1.00000E-09 1.00000E-09 1.00000E-09
 1.00000E-09 1.00000E-09 1.00000E-09 1.00000E-09 1.00000E-09 1.00000E-09 1.00000E-09 1.00000E-09
 1.00000E-09 1.00000E-09 1.00000E-09 1.00000E-09 1.00000E-09 1.00000E-09 1.00000E-09 1.00000E-09
 1.00000E-09 1.00000E-09 1.00000E-09 1.00000E-09
