 6.33770E-09 5.09060E-15 3.23129E-02 2.63428E-15 4.81364E-11 2.57987E-08 1.42893E-08 5.21150E-18
-1.19337E-05 7.73262E-04 1.37144E-05 4.67640E-08 4.71815E-11 6.52533E-09 4.15940E-12 2.06740E-11
 6.91011E-16 2.65567E-11 1.91986E-13 1.09894E-14 2.94915E-17 8.50434E-32 3.16780E-10 1.04882E-17
 4.96111E-22 2.53319E-19 1.03492E-12 8.47804E-18 1.59822E-11 5.72070E-18 3.52731E-18 5.59760E-11
 2.16930E-13 3.21283E-13 7.26567E-09 6.53306E-15 2.83853E-02 3.53635E-15 5.56726E-11 3.02747E-08
 1.59095E-08 7.20761E-18-1.16522E-05 7.72578E-04 1.37134E-05 5.43594E-08 5.25666E-11 6.44638E-09
 4.64022E-12 2.31951E-11 9.48561E-16 3.57821E-11 3.06960E-13 1.16722E-14 4.10720E-17 1.10527E-32
 3.14832E-10 1.44512E-17 6.82738E-22 3.33556E-19 1.46469E-12 1.12974E-17 1.58318E-11 7.53660E-18
 9.00993E-18 9.05852E-11 4.09699E-13 4.41528E-13 8.41976E-09 8.54966E-15 2.45996E-02 4.77621E-15
 6.44522E-11 3.62022E-08 1.81034E-08 1.00243E-17-1.13603E-05 7.71867E-04 1.37094E-05 6.41180E-08
 5.89645E-11 6.36223E-09 5.04594E-12 2.56923E-11 1.27612E-15 4.64183E-11 4.88672E-13 1.25301E-14
 5.76770E-17 2.41640E-32 3.12802E-10 2.05571E-17 9.52430E-22 4.56789E-19 2.03727E-12 1.49369E-17
 1.53664E-11 9.20734E-18 1.85915E-17 1.25233E-10 6.81742E-13 5.03664E-13 9.76312E-09 1.12970E-14
 2.13743E-02 6.43058E-15 7.43586E-11 4.33711E-08 2.08359E-08 1.38938E-17-1.10593E-05 7.71132E-04
 1.37015E-05 7.56580E-08 6.62449E-11 6.27259E-09 5.42087E-12 2.82686E-11 1.69019E-15 5.84851E-11
 7.76904E-13 1.35266E-14 8.08630E-17 5.54171E-32 3.10696E-10 2.98198E-17 1.33644E-21 6.38553E-19
 2.77818E-12 1.98759E-17 1.46375E-11 1.06945E-17 3.45889E-17 1.60293E-10 1.05494E-12 5.25931E-13
 1.11082E-08 1.50212E-14 1.83636E-02 8.47005E-15 8.46257E-11 5.07414E-08 2.41572E-08 1.88359E-17
-1.07508E-05 7.70374E-04 1.36885E-05 8.72143E-08 7.36312E-11 6.17717E-09 5.83358E-12 3.10087E-11
 2.19242E-15 7.06788E-11 1.22522E-12 1.46898E-14 1.14753E-16-4.98895E-32 3.08521E-10 4.29923E-17
 1.84845E-21 8.93332E-19 3.65654E-12 2.64882E-17 1.37041E-11 1.19083E-17 6.03546E-17 1.95082E-10
 1.52585E-12 5.21205E-13 1.23486E-08 2.00467E-14 1.57691E-02 1.08993E-14 9.48594E-11 5.77214E-08
 2.81405E-08 2.49236E-17-1.04369E-05 7.69597E-04 1.36689E-05 9.78160E-08 8.08286E-11 6.07568E-09
 6.31931E-12 3.39941E-11 2.79553E-15 8.20891E-11 1.92291E-12 1.60377E-14 1.63907E-16 2.96730E-31
 3.06285E-10 6.11607E-17 2.51479E-21 1.24549E-18 4.65834E-12 3.52479E-17 1.26264E-11 1.28265E-17
 1.00897E-16 2.28835E-10 2.08640E-12 4.99663E-13 1.34190E-08 2.68186E-14 1.33881E-02 1.37088E-14
 1.04811E-10 6.39332E-08 3.28810E-08 3.22129E-17-1.01194E-05 7.68803E-04 1.36416E-05 1.06873E-07
 8.75727E-11 5.96784E-09 6.89755E-12 3.72568E-11 3.50895E-15 9.19213E-11 3.00525E-12 1.75792E-14
 2.37264E-16 6.85396E-31 3.03999E-10 8.56979E-17 3.36517E-21 1.72724E-18 5.77595E-12 4.67067E-17
 1.14623E-11 1.34469E-17 1.63479E-16 2.60719E-10 2.71980E-12 4.68382E-13 1.42839E-08 3.58667E-14
 1.13484E-02 1.69157E-14 1.14337E-10 6.91481E-08 3.84417E-08 4.07985E-17-9.80041E-06 7.67995E-04
 1.36050E-05 1.14067E-07 9.37656E-11 5.85341E-09 7.56529E-12 4.07247E-11 4.34044E-15 9.94267E-11
 4.68804E-12 1.92400E-14 3.42965E-16 9.19021E-30 3.01670E-10 1.18429E-16 4.44428E-21 2.38358E-18
 7.00527E-12 6.14277E-17 1.02625E-11 1.38162E-17 2.58607E-16 2.89822E-10 3.40132E-12 4.32036E-13
 1.49230E-08 4.78552E-14 9.47719E-03 2.05059E-14 1.23332E-10 7.32492E-08 4.48658E-08 5.07282E-17
-9.48193E-06 7.67176E-04 1.35582E-05 1.19262E-07 9.92381E-11 5.73215E-09 8.29513E-12 4.41708E-11
 5.27091E-15 1.03908E-10 7.27154E-12 2.08808E-14 4.94120E-16 1.68062E-31 2.99307E-10 1.61507E-16
 5.79955E-21 3.27047E-18 8.34469E-12 7.97464E-17 9.06842E-12 1.39824E-17 4.00858E-16 3.15120E-10
 4.09705E-12 3.93628E-13 1.53321E-08 6.35054E-14 7.91807E-03 2.45090E-14 1.31755E-10 7.62124E-08
 5.21348E-08 6.21188E-17-9.16567E-06 7.66347E-04 1.35002E-05 1.22487E-07 1.04012E-10 5.60391E-09
 9.00552E-12 4.71088E-11 6.24798E-15 1.04800E-10 1.11693E-11 2.22155E-14 6.86983E-16 8.48563E-30
 2.96919E-10 2.17952E-16 7.50494E-21 4.46933E-18 9.79472E-12 1.01604E-16 7.90767E-12 1.40089E-17
 6.10153E-16 3.35447E-10 4.76715E-12 3.54955E-13 1.55172E-08 8.37692E-14 6.45457E-03 2.88950E-14
 1.39564E-10 7.80749E-08 6.02688E-08 7.49819E-17-8.85317E-06 7.65510E-04 1.34305E-05 1.23847E-07
 1.07888E-10 5.46860E-09 9.65983E-12 4.92968E-11 7.21722E-15 1.01817E-10 1.69936E-11 2.31020E-14
 9.36002E-16 1.97736E-29 2.94512E-10 2.91259E-16 9.63574E-21 6.07791E-18 1.13571E-11 1.26582E-16
 6.79164E-12 1.38959E-17 9.11804E-16 3.49468E-10 5.36401E-12 3.16519E-13 1.54998E-08 1.09698E-13
 5.30624E-03 3.37612E-14 1.46831E-10 7.89180E-08 6.92393E-08 8.96017E-17-8.54568E-06 7.64665E-04
 1.33488E-05 1.23553E-07 1.11077E-10 5.32624E-09 1.01910E-11 5.04404E-11 8.12440E-15 9.50294E-11
 2.56162E-11 2.33720E-14 1.20598E-15 4.66536E-29 2.92092E-10 3.86961E-16 1.23340E-20 8.25100E-18
 1.30338E-11 1.53748E-16 5.70831E-12 1.36012E-17 1.33534E-15 3.55647E-10 5.83908E-12 2.77371E-13
 1.52933E-08 1.42749E-13 4.18248E-03 3.89925E-14 1.53492E-10 7.88201E-08 7.91101E-08 1.05819E-16
-8.24415E-06 7.63811E-04 1.32553E-05 1.21800E-07 1.13303E-10 5.17698E-09 1.04656E-11 4.99282E-11
 8.79917E-15 8.48625E-11 3.77851E-11 2.28182E-14 1.50462E-15 1.11356E-28 2.89663E-10 5.11443E-16
 1.57009E-20 1.11827E-17 1.48254E-11 1.80736E-16 4.60974E-12 1.28838E-17 1.90722E-15 3.52235E-10
 6.13694E-12 2.34215E-13 1.49432E-08 1.85235E-13 3.30296E-03 4.46775E-14 1.59802E-10 7.78870E-08
 8.99621E-08 1.24310E-16-7.94908E-06 7.62949E-04 1.31503E-05 1.18893E-07 1.15416E-10 5.02107E-09
 1.04607E-11 4.79616E-11 9.16956E-15 7.22201E-11 5.27652E-11 2.17193E-14 1.76395E-15 2.62184E-28
 2.87228E-10 6.73889E-16 1.99030E-20 1.51696E-17 1.67349E-11 2.04881E-16 3.37583E-12 1.11359E-17
 2.61621E-15 3.37238E-10 6.22138E-12 1.79395E-13 1.44409E-08 2.39190E-13 2.55840E-03 5.08338E-14
 1.65507E-10 7.62402E-08 1.02026E-07 1.44756E-16-7.66070E-06 7.62075E-04 1.30347E-05 1.14956E-07
 1.16735E-10 4.85901E-09 9.89916E-12 4.34253E-11 8.99185E-15 5.81499E-11 7.11371E-11 1.94883E-14
 1.87332E-15 6.43718E-28 2.84788E-10 8.93519E-16 2.52300E-20 2.07452E-17 1.87604E-11 2.21486E-16
 1.72598E-12 6.76317E-18 3.42927E-15 3.08407E-10 6.10192E-12 1.01933E-13 1.38047E-08 3.08442E-13
 1.93629E-03 5.75116E-14 1.70520E-10 7.39725E-08 1.15835E-07 1.67172E-16-7.37913E-06 7.61190E-04
 1.29094E-05 1.10094E-07 1.17231E-10 4.69168E-09 8.72896E-12 3.65120E-11 8.18132E-15 4.39960E-11
 9.15502E-11 1.62900E-14 1.76073E-15 1.67184E-27 2.82346E-10 1.19798E-15 3.20400E-20 2.87317E-17
 2.08903E-11 2.26568E-16 8.23529E-13 3.82434E-18 4.50316E-15 2.81710E-10 5.88525E-12 5.18786E-14
 1.30734E-08 3.98835E-13 1.42512E-03 6.48590E-14 1.74768E-10 7.11821E-08 1.32219E-07 1.91707E-16
-7.10419E-06 7.60289E-04 1.27762E-05 1.04408E-07 1.16832E-10 4.52032E-09 7.17894E-12 2.85571E-11
 6.93141E-15 3.11622E-11 1.12638E-10 1.27184E-14 1.47636E-15 4.63395E-27 2.79904E-10 1.62689E-15
 4.08755E-20 4.03507E-17 2.31072E-11 2.19482E-16 3.64618E-13 1.99241E-18 5.92313E-15 2.57228E-10
 5.63074E-12 2.41553E-14 1.22885E-08 5.18018E-13 1.01415E-03 7.30720E-14 1.78205E-10 6.79964E-08
 1.52048E-07 2.18517E-16-6.83543E-06 7.59370E-04 1.26369E-05 9.80365E-08 1.15430E-10 4.34655E-09
 5.50965E-12 2.07970E-11 5.48712E-15 2.06745E-11 1.31739E-10 9.27701E-15 1.11030E-15 1.37802E-26
 2.77463E-10 2.23617E-15 5.25219E-20 5.73944E-17 2.53911E-11 2.02144E-16 1.49090E-13 9.48398E-19
 7.80268E-15 2.35005E-10 5.37396E-12 1.02562E-14 1.14956E-08 6.74602E-13 6.93052E-04 8.24459E-14
 1.80911E-10 6.45872E-08 1.75933E-07 2.47968E-16-6.57222E-06 7.58430E-04 1.24942E-05 9.12015E-08
 1.12899E-10 4.17245E-09 4.05166E-12 1.44716E-11 4.17980E-15 1.30006E-11 1.46693E-10 6.46107E-15
 7.87924E-16 4.38530E-26 2.75028E-10 3.09726E-15 6.81627E-20 8.22158E-17 2.77223E-11 1.81004E-16
 5.62993E-14 4.12540E-19 1.03006E-14 2.15059E-10 5.13686E-12 3.96960E-15 1.07203E-08 8.79853E-13
 4.51381E-04 9.33513E-14 1.82933E-10 6.10555E-08 2.04737E-07 2.80550E-16-6.30566E-06 7.57435E-04
 1.23465E-05 8.40677E-08 1.09174E-10 3.99518E-09 3.04372E-12 1.02537E-11 3.27307E-15 7.89709E-12
 1.56722E-10 4.57122E-15 5.96694E-16 1.50395E-25 2.72524E-10 4.32544E-15 8.97417E-20 1.18481E-16
 3.01568E-11 1.66373E-16 1.92410E-14 1.60806E-19 1.36061E-14 1.96849E-10 4.92312E-12 1.37283E-15
 1.00061E-08 1.14422E-12 2.78045E-04 1.06296E-13 1.84678E-10 5.75426E-08 2.38701E-07 3.17420E-16
-6.02754E-06 7.56347E-04 1.21930E-05 7.70477E-08 1.04282E-10 3.81310E-09 2.55962E-12 8.09942E-12
 2.89331E-15 4.89253E-12 1.62198E-10 3.58878E-15 5.69576E-16 5.56083E-25 2.69885E-10 6.07969E-15
 1.20330E-19 1.71178E-16 3.27500E-11 1.69579E-16 5.88029E-15 5.58304E-20 1.79785E-14 1.80090E-10
 4.72891E-12 4.21045E-16 9.41207E-09 1.50579E-12 1.61031E-04 1.21720E-13 1.86544E-10 5.38896E-08
 2.79923E-07 3.62202E-16-5.70705E-06 7.55035E-04 1.20227E-05 7.05840E-08 1.00131E-10 3.61190E-09
 2.59171E-12 7.72335E-12 3.07914E-15 3.33269E-12 1.64012E-10 3.46182E-15 7.71621E-16 2.06534E-24
 2.66832E-10 8.62064E-15 1.63794E-19 2.50025E-16 3.57728E-11 2.03980E-16 1.50631E-15 1.62148E-20
 2.31917E-14 1.63560E-10 4.51798E-12 1.07257E-16 9.08988E-09 2.08600E-12 1.37885E-04 1.41593E-13
 1.90515E-10 4.97727E-08 3.32657E-07 4.32913E-16-5.28199E-06 7.53211E-04 1.18126E-05 6.57047E-08
 1.02683E-10 3.36416E-09 3.03725E-12 8.74777E-12 3.74576E-15 2.71667E-12 1.63118E-10 4.23441E-15
 1.12343E-15 6.10583E-24 2.62791E-10 1.23242E-14 2.23643E-19 3.74822E-16 3.97924E-11 2.84967E-16
 2.87336E-16 3.58461E-21 2.74485E-14 1.45526E-10 4.22872E-12 2.03644E-17 9.20479E-09 3.07077E-12
 1.32104E-04 1.66912E-13 1.96285E-10 4.49783E-08 4.02580E-07 5.39639E-16-4.64714E-06 7.50356E-04
 1.15315E-05 6.33516E-08 1.14467E-10 3.03350E-09 3.75562E-12 1.08176E-11 4.72236E-15 2.67017E-12
 1.60287E-10 6.07258E-15 1.85502E-15 1.41728E-23 2.56818E-10 1.78964E-14 3.06881E-19 5.85104E-16
 4.57337E-11 4.34760E-16 3.55922E-17 6.56166E-22 2.90339E-14 1.24323E-10 3.79393E-12 3.10619E-18
 9.77313E-09 4.55985E-12 1.34222E-04 2.01606E-13 2.04698E-10 4.05698E-08 4.85657E-07 6.94103E-16
-3.73923E-06 7.46077E-04 1.11802E-05 6.35202E-08 1.32970E-10 2.62861E-09 4.61201E-12 1.35181E-11
 6.00095E-15 2.88945E-12 1.56332E-10 8.89864E-15 3.00901E-15 3.16353E-23 2.48430E-10 2.66451E-14
 4.36593E-19 9.34695E-16 5.40738E-11 6.75754E-16 2.95807E-18 2.29920E-22 2.86737E-14 1.01420E-10
 3.27916E-12 8.89826E-19 1.07121E-08 6.76467E-12 1.37495E-04 2.50960E-13 2.14509E-10 3.66832E-08
 5.87950E-07 9.08884E-16-2.31341E-06 7.39006E-04 1.07070E-05 6.52174E-08 1.57438E-10 2.11098E-09
 5.56507E-12 1.67467E-11 7.74603E-15 3.24048E-12 1.51426E-10 1.29329E-14 4.74515E-15 8.26503E-23
 2.35593E-10 4.24307E-14 6.67512E-19 1.58142E-15 6.68329E-11 1.10085E-15 2.15730E-19 1.62859E-22
 2.58526E-14 7.55749E-11 2.66179E-12 5.21310E-19 1.19031E-08 9.81091E-12 1.41873E-04 3.18915E-13
 2.26291E-10 3.35496E-08 6.96013E-07 1.20500E-15-3.63624E-07 7.28774E-04 1.01616E-05 6.73950E-08
 1.87701E-10 1.56528E-09 6.69979E-12 2.05957E-11 1.01853E-14 3.64921E-12 1.45376E-10 1.82645E-14
 7.10417E-15 2.19118E-22 2.18601E-10 6.81210E-14 1.06023E-18 2.67515E-15 8.37105E-11 1.76687E-15
 6.06219E-20 1.28284E-22 2.14763E-14 5.15395E-11 2.01967E-12 3.39144E-19 1.32711E-08 1.38723E-11
 1.47075E-04 4.09548E-13 2.40473E-10 3.09591E-08 7.99677E-07 1.61309E-15 2.02885E-06 7.15375E-04
 9.60669E-06 6.93919E-08 2.23826E-10 1.07943E-09 8.09581E-12 2.51701E-11 1.35379E-14 4.07671E-12
 1.37967E-10 2.50125E-14 1.00733E-14 5.28248E-22 1.98565E-10 1.05860E-13 1.69077E-18 4.35797E-15
 1.03597E-10 2.68211E-15 3.61530E-20 9.88433E-23 1.66903E-14 3.26625E-11 1.43573E-12 2.14394E-19
 1.47929E-08 1.93494E-11 1.53368E-04 5.31707E-13 2.56402E-10 2.85415E-08 9.02770E-07 2.17582E-15
 5.06816E-06 6.97015E-04 9.02736E-06 7.08946E-08 2.66998E-10 6.64761E-10 9.76473E-12 3.04973E-11
 1.81051E-14 4.52814E-12 1.28945E-10 3.35403E-14 1.36467E-14 1.21700E-21 1.74303E-10 1.62364E-13
 2.73068E-18 6.99418E-15 1.27654E-10 3.93418E-15 2.08663E-20 6.94095E-23 1.15915E-14 1.84406E-11
 9.17559E-13 1.22934E-19 1.63321E-08 2.65391E-11 1.60138E-04 6.95812E-13 2.73961E-10 2.63016E-08
 1.00186E-06 2.94703E-15 8.60753E-06 6.73640E-04 8.46388E-06 7.13711E-08 3.15433E-10 3.65476E-10
 1.17180E-11 3.63714E-11 2.42837E-14 4.96956E-12 1.18458E-10 4.36161E-14 1.74502E-14 2.68132E-21
 1.47574E-10 2.42917E-13 4.40548E-18 1.09095E-14 1.54121E-10 5.48849E-15 1.09755E-20 4.44886E-23
 7.26122E-15 9.32061E-12 5.28580E-13 6.41932E-20 1.77741E-08 3.59505E-11 1.66696E-04 9.18526E-13
 2.92350E-10 2.41193E-08 1.10037E-06 3.99835E-15 1.25391E-05 6.44771E-04 7.91453E-06 7.05311E-08
 3.68249E-10 1.76366E-10 1.39400E-11 4.25488E-11 3.26421E-14 5.39555E-12 1.06655E-10 5.51245E-14
 2.11179E-14 5.83789E-21 1.19666E-10 3.56753E-13 7.10011E-18 1.66611E-14 1.81702E-10 7.33839E-15
 5.08194E-21 2.52887E-23 4.02927E-15 4.14429E-12 2.70476E-13 2.97179E-20 1.90288E-08 4.81549E-11
 1.71643E-04 1.22129E-12 3.11180E-10 2.19930E-08 1.19882E-06 5.42622E-15 1.64087E-05 6.12504E-04
 7.39758E-06 6.83754E-08 4.24302E-10 7.78868E-11 1.64150E-11 4.87249E-11 4.38941E-14 5.79228E-12
 9.40257E-11 6.77222E-14 2.42228E-14 1.24253E-20 9.39330E-11 5.09305E-13 1.12912E-17 2.46757E-14
 2.07057E-10 9.31895E-15 2.13974E-21 1.31935E-23 2.05863E-15 1.68475E-12 1.27675E-13 1.26351E-20
 1.99430E-08 6.42026E-11 1.74049E-04 1.64228E-12 3.28271E-10 1.97339E-08 1.30804E-06 7.32607E-15
 2.01795E-05 5.75788E-04 6.86345E-06 6.46491E-08 4.82435E-10 3.11830E-11 1.90954E-11 5.45328E-11
 5.93482E-14 6.18461E-12 8.07724E-11 8.14643E-14 2.65633E-14 2.77875E-20 7.04574E-11 7.22882E-13
 1.80202E-17 3.63705E-14 2.30077E-10 1.15652E-14 7.73347E-22 6.00126E-24 9.33831E-16 6.04413E-13
 5.40475E-14 4.69673E-21 2.04202E-08 8.55185E-11 1.72466E-04 2.23762E-12 3.42353E-10 1.73340E-08
 1.43440E-06 9.81890E-15 2.35996E-05 5.35421E-04 6.30122E-06 5.94256E-08 5.41506E-10 1.20470E-11
 2.19295E-11 5.95733E-11 8.08260E-14 6.57883E-12 6.73354E-11 9.62938E-14 2.79335E-14 6.57368E-20
 5.03945E-11 1.02383E-12 2.89672E-17 5.36622E-14 2.49589E-10 1.40983E-14 2.36685E-22 2.35556E-24
 3.73887E-16 1.90386E-13 2.04709E-14 1.51071E-21 2.04952E-08 1.14477E-10 1.65334E-04 3.09100E-12
 3.53146E-10 1.48445E-08 1.58065E-06 1.30929E-14 2.64694E-05 4.92098E-04 5.71809E-06 5.31269E-08
 6.03108E-10 5.19847E-12 2.48271E-11 6.34959E-11 1.10314E-13 6.95098E-12 5.41543E-11 1.12205E-13
 2.81492E-14 1.56375E-19 3.42129E-11 1.43785E-12 4.68714E-17 7.90825E-14 2.65102E-10 1.67287E-14
 6.09204E-23 7.90679E-25 1.30157E-16 5.21103E-14 6.85987E-15 4.15279E-22 2.00988E-08 1.54666E-10
 1.51123E-04 4.32740E-12 3.58981E-10 1.23035E-08 1.75718E-06 1.73131E-14 2.86038E-05 4.47153E-04
 5.13342E-06 4.58672E-08 6.64160E-10 3.05202E-12 2.77372E-11 6.58843E-11 1.51094E-13 7.27959E-12
 4.17776E-11 1.29128E-13 2.71674E-14 3.72931E-19 2.20424E-11 2.00318E-12 7.66265E-17 1.16830E-13
 2.76455E-10 1.93531E-14 1.30397E-23 2.25358E-25 3.93508E-17 1.23863E-14 2.03418E-15 9.68672E-23
 1.91184E-08 2.12569E-10 1.28225E-04 6.13545E-12 3.56035E-10 9.69207E-09 1.98940E-06 2.25109E-14
 2.99183E-05 4.01436E-04 4.56215E-06 3.76370E-08 7.17307E-10 2.46296E-12 3.06988E-11 6.63538E-11
 2.08987E-13 7.54176E-12 3.05744E-11 1.47577E-13 2.51870E-14 9.06588E-19 1.34148E-11 2.77767E-12
 1.27654E-16 1.74826E-13 2.84055E-10 2.20419E-14 2.23082E-24 5.29767E-26 1.02058E-17 2.52666E-15
 5.29062E-16 1.86437E-23 1.76193E-08 2.99757E-10 9.69615E-05 8.75819E-12 3.40949E-10 7.09622E-09
 2.30274E-06 2.85856E-14 3.03902E-05 3.56107E-04 4.03256E-06 2.89067E-08 7.54761E-10 2.35763E-12
 3.38511E-11 6.46320E-11 2.91513E-13 7.63237E-12 2.08616E-11 1.67699E-13 2.22673E-14 2.14844E-18
 7.70290E-12 3.76612E-12 2.16542E-16 2.63474E-13 2.88519E-10 2.43669E-14 2.99666E-25 1.01748E-26
 2.27115E-18 4.43071E-16 1.20724E-16 2.92751E-24 1.58046E-08 4.27301E-10 7.01798E-05 1.28396E-11
 3.24703E-10 5.06745E-09 2.66340E-06 3.67006E-14 3.00682E-05 3.11517E-04 3.53859E-06 2.09085E-08
 7.68792E-10 2.38831E-12 3.69540E-11 6.01794E-11 4.14333E-13 7.56236E-12 1.33916E-11 1.83486E-13
 1.78013E-14 4.78465E-18 4.12280E-12 5.09082E-12 3.80123E-16 3.97601E-13 2.90493E-10 2.55348E-14
 3.32195E-26 1.65285E-27 4.29247E-19 6.54229E-17 2.41602E-17 3.85544E-25 1.37935E-08 6.09674E-10
 5.00277E-05 1.94050E-11 3.12176E-10 3.61806E-09 3.02005E-06 4.85467E-14 2.90481E-05 2.68774E-04
 3.08455E-06 1.41936E-08 7.49385E-10 2.44322E-12 4.00100E-11 5.32516E-11 6.01142E-13 7.29553E-12
 8.11381E-12 1.89343E-13 1.25152E-14 9.83130E-18 2.04550E-12 6.87445E-12 6.91677E-16 5.96056E-13
 2.90467E-10 2.48819E-14 3.19540E-27 2.36157E-28 6.98936E-20 8.17610E-18 4.34384E-18 4.40910E-26
 1.17046E-08 8.64855E-10 3.64340E-05 3.01759E-11 3.05515E-10 2.61526E-09 3.29889E-06 6.72793E-14
 2.74714E-05 2.28618E-04 2.67484E-06 8.99755E-09 6.92252E-10 2.47596E-12 4.29206E-11 4.45539E-11
 8.82968E-13 6.78914E-12 4.63394E-12 1.81173E-13 7.57519E-15 1.84258E-17 9.31030E-13 9.19667E-12
 1.29889E-15 8.79083E-13 2.88880E-10 2.20997E-14 2.87663E-28 3.16262E-29 1.02681E-20 9.01643E-19
 7.59504E-19 4.65480E-27 9.65160E-09 1.22063E-09 2.74776E-05 4.74317E-11 3.00797E-10 1.88155E-09
 3.45293E-06 9.77706E-14 2.55275E-05 1.92047E-04 2.32601E-06 5.29888E-09 6.02253E-10 2.47967E-12
 4.55333E-11 3.50863E-11 1.28544E-12 5.98451E-12 2.46616E-12 1.59784E-13 3.92904E-15 3.10883E-17
 3.87504E-13 1.18466E-11 2.48054E-15 1.25750E-12 2.86320E-10 1.75950E-14 2.93454E-29 4.79505E-30
 1.66039E-21 1.07401E-19 1.61738E-19 5.51370E-28 7.76228E-09 1.72610E-09 2.10818E-05 7.30242E-11
 2.90890E-10 1.30782E-09 3.48214E-06 1.47232E-13 2.34245E-05 1.59840E-04 2.06310E-06 2.92960E-09
 4.95863E-10 2.47829E-12 4.75962E-11 2.58676E-11 1.79624E-12 4.86075E-12 1.20494E-12 1.30060E-13
 1.75464E-15 4.60046E-17 1.48195E-13 1.41010E-11 4.70936E-15 1.70922E-12 2.83797E-10 1.23372E-14
 4.76444E-30 1.16246E-30 4.29431E-22 2.02473E-20 4.87409E-20 1.05197E-28 6.15426E-09 2.44550E-09
 1.62989E-05 1.06959E-10 2.74957E-10 8.85739E-10 3.36548E-06 2.28157E-13 2.13333E-05 1.32205E-04
 1.90467E-06 1.58705E-09 3.94086E-10 2.47846E-12 4.86577E-11 1.78109E-11 2.32562E-12 3.54836E-12
 5.44109E-13 9.73862E-14 6.74953E-16 5.67264E-17 5.24359E-14 1.50301E-11 8.67229E-15 2.14523E-12
 2.82485E-10 7.42823E-15 1.34674E-30 4.89171E-31 1.93499E-22 6.60494E-21 1.93023E-20 3.57236E-29
 4.87982E-09 3.43513E-09 1.26801E-05 1.46260E-10 2.58357E-10 6.12809E-10 3.06212E-06 3.61044E-13
 1.93927E-05 1.09225E-04 1.85887E-06 8.95035E-10 3.09904E-10 2.46418E-12 4.83960E-11 1.15414E-11
 2.72338E-12 2.31391E-12 2.35416E-13 6.71155E-14 2.26702E-16 5.50584E-17 1.75019E-14 1.41866E-11
 1.51495E-14 2.41448E-12 2.83059E-10 3.77994E-15 5.16238E-31 2.72213E-31 1.12975E-22 2.76937E-21
 8.31824E-21 1.66321E-29 3.91135E-09 4.73417E-09 9.89473E-06 1.85309E-10 2.45896E-10 4.51605E-10
 2.57683E-06 5.74165E-13 1.76742E-05 9.05228E-05 1.92816E-06 5.49784E-10 2.45476E-10 2.41523E-12
 4.68462E-11 7.15622E-12 2.86439E-12 1.36636E-12 1.01891E-13 4.31382E-14 6.89355E-17 4.04411E-17
 5.61881E-15 1.18605E-11 2.47698E-14 2.38917E-12 2.85393E-10 1.63367E-15 2.48611E-31 1.81609E-31
 7.55675E-23 1.32194E-21 3.77995E-21 9.58878E-30 3.19350E-09 6.35737E-09 7.72761E-06 2.18166E-10
 2.39491E-10 3.59477E-10 1.99606E-06 8.99099E-13 1.62049E-05 7.55692E-05 2.11783E-06 3.75094E-10
 1.98052E-10 2.31664E-12 4.43588E-11 4.37373E-12 2.72840E-12 7.56159E-13 4.59814E-14 2.66651E-14
 2.02651E-17 2.23690E-17 1.77163E-15 8.85883E-12 3.77160E-14 2.07440E-12 2.88687E-10 6.22036E-16
 1.40470E-31 1.34088E-31 5.29893E-23 6.65136E-22 1.70525E-21 6.22991E-30 2.65702E-09 8.27251E-09
 6.07042E-06 2.42207E-10 2.38486E-10 3.05042E-10 1.46842E-06 1.36170E-12 1.49785E-05 6.37494E-05
 2.43204E-06 2.80691E-10 1.63094E-10 2.15036E-12 4.13760E-11 2.75188E-12 2.40334E-12 4.14231E-13
 2.24363E-14 1.65825E-14 6.29885E-18 1.02139E-17 5.57879E-16 6.17018E-12 5.38218E-14 1.65165E-12
 2.91776E-10 2.28865E-16 9.15886E-32 1.08233E-31 3.93504E-23 3.65696E-22 8.11190E-22 4.50697E-30
 2.24206E-09 1.04300E-08 4.82426E-06 2.59450E-10 2.41223E-10 2.70102E-10 1.08367E-06 1.98682E-12
 1.39703E-05 5.44389E-05 2.86714E-06 2.23176E-10 1.36472E-10 1.92515E-12 3.82987E-11 1.83739E-12
 2.01662E-12 2.35414E-13 1.20021E-14 1.07302E-14 2.20071E-18 4.52509E-18 1.77132E-16 4.29402E-12
 7.32762E-14 1.29779E-12 2.93983E-10 9.02168E-17 6.04608E-32 8.50014E-32 2.86699E-23 2.07453E-22
 3.87056E-22 3.29105E-30 1.90850E-09 1.28051E-08 3.90734E-06 2.73825E-10 2.47132E-10 2.46869E-10
 8.26295E-07 2.82283E-12 1.31488E-05 4.70599E-05 3.41412E-06 1.83510E-10 1.15392E-10 1.66928E-12
 3.53762E-11 1.30458E-12 1.65377E-12 1.41087E-13 6.96958E-15 7.26606E-15 8.66676E-19 2.15515E-18
 5.67603E-17 3.12213E-12 9.70234E-14 1.05216E-12 2.95376E-10 3.97116E-17 4.14605E-32 6.73981E-32
 2.15918E-23 1.27612E-22 1.99782E-22 2.53044E-30 1.63115E-09 1.53805E-08 3.24226E-06 2.88559E-10
 2.56577E-10 2.32490E-10 6.52037E-07 3.95173E-12 1.24890E-05 4.11660E-05 4.06308E-06 1.53583E-10
 9.80919E-11 1.40893E-12 3.27252E-11 9.76520E-13 1.34741E-12 8.91830E-14 4.33343E-15 5.11880E-15
 3.77505E-19 1.13312E-18 1.83481E-17 2.40287E-12 1.26571E-13 8.89434E-13 2.96231E-10 1.94498E-17
 2.92702E-32 5.37609E-32 1.65875E-23 8.31238E-23 1.09125E-22 2.01671E-30 1.39372E-09 1.81313E-08
 2.75992E-06 3.05795E-10 2.70204E-10 2.25743E-10 5.28281E-07 5.49407E-12 1.19699E-05 3.63958E-05
 4.80630E-06 1.29607E-10 8.34288E-11 1.16185E-12 3.03705E-11 7.64299E-13 1.10038E-12 5.92432E-14
 2.85611E-15 3.72836E-15 1.78723E-19 6.53821E-19 5.95437E-18 1.95527E-12 1.63940E-13 7.81563E-13
 2.96752E-10 1.04391E-17 2.17456E-32 4.42086E-32 1.31198E-23 5.73769E-23 6.35899E-23 1.68067E-30
 1.18998E-09 2.10745E-08 2.38862E-06 3.26212E-10 2.87769E-10 2.24967E-10 4.37376E-07 7.60693E-12
 1.15797E-05 3.25068E-05 5.64409E-06 1.09911E-10 7.09009E-11 9.41888E-13 2.83202E-11 6.20479E-13
 9.04727E-13 4.10854E-14 1.97506E-15 2.79481E-15 9.07475E-20 4.08104E-19 1.94065E-18 1.66847E-12
 2.11377E-13 7.08763E-13 2.97069E-10 6.04188E-18 1.70268E-32 3.76962E-32 1.07007E-23 4.17387E-23
 3.93278E-23 1.46127E-30 1.01292E-09 2.41715E-08 2.10863E-06 3.51482E-10 3.10399E-10 2.30417E-10
 3.66778E-07 1.05280E-11 1.13080E-05 2.93018E-05 6.56205E-06 9.33174E-11 6.00537E-11 7.51039E-13
 2.65508E-11 5.21289E-13 7.51542E-13 2.97313E-14 1.42927E-15 2.15174E-15 4.91029E-20 2.70633E-19
 6.34524E-19 1.48272E-12 2.71888E-13 6.58611E-13 2.97249E-10 3.72457E-18 1.41005E-32 3.34513E-32
 8.93189E-24 3.16750E-23 2.55637E-23 1.31699E-30 8.56508E-10 2.73277E-08 1.91031E-06 3.84038E-10
 3.40043E-10 2.43478E-10 3.08928E-07 1.46060E-11 1.11470E-05 2.66213E-05 7.52722E-06 7.89952E-11
 5.05053E-11 5.87931E-13 2.50255E-11 4.53626E-13 6.32885E-13 2.25276E-14 1.08437E-15 1.70212E-15
 2.82987E-20 1.88074E-19 2.07407E-19 1.36696E-12 3.49581E-13 6.23973E-13 2.97327E-10 2.42940E-18
 1.24928E-32 3.12006E-32 7.61433E-24 2.50297E-23 1.73997E-23 1.23118E-30 7.15797E-10 3.03171E-08
 1.79921E-06 4.28447E-10 3.80907E-10 2.68146E-10 2.58459E-07 2.03863E-11 1.10921E-05 2.43485E-05
 8.47280E-06 6.63736E-11 4.19546E-11 4.49250E-13 2.37065E-11 4.11835E-13 5.42943E-13 1.80821E-14
 8.71789E-16 1.39000E-15 1.75381E-20 1.35152E-19 6.76212E-20 1.30672E-12 4.49967E-13 6.00100E-13
 2.97317E-10 1.67594E-18 1.26453E-32 3.24902E-32 6.90463E-24 2.15341E-23 1.31606E-23 1.25177E-30
 5.90283E-10 3.28931E-08 1.77429E-06 4.90301E-10 4.38296E-10 3.10037E-10 2.13166E-07 2.86859E-11
 1.11410E-05 2.23915E-05 9.32689E-06 5.53102E-11 3.43663E-11 3.33799E-13 2.25551E-11 3.92762E-13
 4.76115E-13 1.55346E-14 7.49959E-16 1.17806E-15 1.18162E-20 9.91237E-20 2.19215E-20 1.29231E-12
 5.79101E-13 5.82852E-13 2.97225E-10 1.22277E-18 1.50286E-32 3.86694E-32 6.72340E-24 2.04410E-23
 1.12313E-23 1.40382E-30 4.82625E-10 3.49068E-08 1.82988E-06 5.75715E-10 5.18137E-10 3.76294E-10
 1.72898E-07 4.07161E-11 1.12936E-05 2.06808E-05 1.00446E-05 4.59363E-11 2.78969E-11 2.41301E-13
 2.15357E-11 3.94253E-13 4.26796E-13 1.43198E-14 6.91751E-16 1.03816E-15 8.68613E-21 7.30258E-20
 7.04257E-21 1.31216E-12 7.41674E-13 5.67495E-13 2.97064E-10 9.38088E-19 2.06796E-32 5.18742E-32
 6.91292E-24 2.10757E-23 1.06558E-23 1.70773E-30 3.95571E-10 3.64641E-08 1.94760E-06 6.89252E-10
 6.24400E-10 4.73132E-10 1.38756E-07 5.81683E-11 1.15496E-05 1.91722E-05 1.06365E-05 3.83716E-11
 2.26950E-11 1.71069E-13 2.06227E-11 4.12534E-13 3.89373E-13 1.39727E-14 6.74229E-16 9.45013E-16
 6.86442E-21 5.32745E-20 2.24401E-21 1.34917E-12 9.38884E-13 5.49543E-13 2.96854E-10 7.45030E-19
 3.09113E-32 7.41279E-32 7.21163E-24 2.25732E-23 1.06432E-23 2.14851E-30 3.27733E-10 3.76136E-08
 2.13066E-06 8.38830E-10 7.64529E-10 6.12150E-10 1.10329E-07 8.36556E-11 1.19086E-05 1.78306E-05
 1.11120E-05 3.24669E-11 1.86657E-11 1.19415E-13 1.97873E-11 4.46990E-13 3.60330E-13 1.42990E-14
 6.87747E-16 8.83312E-16 5.75860E-21 3.79215E-20 7.09719E-22 1.39004E-12 1.16886E-12 5.25585E-13
 2.96612E-10 6.04130E-19 4.80141E-32 1.08324E-31 7.37950E-24 2.42111E-23 1.06914E-23 2.69386E-30
 2.76354E-10 3.83613E-08 2.39574E-06 1.03630E-09 9.50586E-10 8.12813E-10 8.68182E-08 1.21314E-10
 1.23724E-05 1.66208E-05 1.14910E-05 2.80015E-11 1.56340E-11 8.21767E-14 1.89957E-11 4.99163E-13
 3.37124E-13 1.52407E-14 7.29548E-16 8.43236E-16 5.07160E-21 2.59691E-20 2.21637E-22 1.42356E-12
 1.42537E-12 4.93454E-13 2.96359E-10 4.94142E-19 7.73346E-32 1.61722E-31 7.41111E-24 2.59729E-23
 1.08274E-23 3.36632E-30 2.38795E-10 3.91483E-08 2.70384E-06 1.28218E-09 1.18451E-09 1.08241E-09
 6.84711E-08 1.76925E-10 1.29407E-05 1.55220E-05 1.19281E-05 2.47292E-11 1.34272E-11 5.65305E-14
 1.82346E-11 5.60745E-13 3.15137E-13 1.63322E-14 7.78442E-16 8.07016E-16 4.49906E-21 1.70142E-20
 6.81657E-23 1.42782E-12 1.69548E-12 4.53092E-13 2.96130E-10 3.97237E-19 1.24939E-31 2.41549E-31
 7.40450E-24 2.78831E-23 1.09269E-23 4.19412E-30 2.13359E-10 4.16574E-08 2.82045E-06 1.52513E-09
 1.41419E-09 1.33373E-09 5.64095E-08 2.56661E-10 1.36097E-05 1.45201E-05 1.28465E-05 2.23038E-11
 1.19564E-11 4.03598E-14 1.75395E-11 5.87619E-13 2.83572E-13 1.56998E-14 7.47867E-16 7.30916E-16
 3.52220E-21 1.06374E-20 2.06360E-23 1.34191E-12 1.95996E-12 4.06134E-13 2.96003E-10 2.90751E-19
 1.80027E-31 3.34579E-31 7.67832E-24 2.99913E-23 1.06201E-23 5.19471E-30 1.95814E-10 4.62266E-08
 2.72305E-06 1.73985E-09 1.61926E-09 1.52075E-09 4.83904E-08 3.70339E-10 1.43692E-05 1.36028E-05
 1.44228E-05 2.04452E-11 1.09695E-11 2.99590E-14 1.68997E-11 5.72996E-13 2.44374E-13 1.34369E-14
 6.44953E-16 6.24667E-16 2.41366E-21 6.38015E-21 6.14381E-24 1.18473E-12 2.21609E-12 3.57012E-13
 2.95958E-10 1.93554E-19 2.31911E-31 4.30516E-31 8.28607E-24 3.22828E-23 9.86686E-24 6.41908E-30
 1.84506E-10 5.33352E-08 2.45127E-06 1.90768E-09 1.78484E-09 1.61007E-09 4.29199E-08 5.32473E-10
 1.51963E-05 1.27651E-05 1.68510E-05 1.90346E-11 1.03733E-11 2.30051E-14 1.63002E-11 5.21639E-13
 2.01282E-13 1.02558E-14 5.00714E-16 5.03762E-16 1.44773E-21 3.67919E-21 1.80786E-24 9.85578E-13
 2.46665E-12 3.08862E-13 2.95959E-10 1.17478E-19 2.69312E-31 5.17448E-31 9.26367E-24 3.46506E-23
 8.72098E-24 7.90819E-30 1.78551E-10 6.40332E-08 2.05367E-06 2.00513E-09 1.89247E-09 1.57702E-09
 3.93035E-08 7.63707E-10 1.60601E-05 1.19993E-05 2.05593E-05 1.79863E-11 1.01216E-11 1.82579E-14
 1.57238E-11 4.41881E-13 1.57620E-13 6.92544E-15 3.47691E-16 3.81689E-16 7.52306E-22 2.04814E-21
 5.28505E-25 7.72997E-13 2.71847E-12 2.63902E-13 2.95969E-10 6.48648E-20 2.80884E-31 5.79500E-31
 1.07048E-23 3.68994E-23 7.26987E-24 9.68469E-30 1.76510E-10 8.03409E-08 1.58283E-06 1.99993E-09
 1.92134E-09 1.41875E-09 3.73816E-08 1.09259E-09 1.69283E-05 1.12927E-05 2.65905E-05 1.71820E-11
 1.01355E-11 1.50659E-14 1.51481E-11 3.45185E-13 1.16250E-13 4.06879E-15 2.13412E-16 2.69939E-16
 3.33895E-22 1.11353E-21 1.53568E-25 5.72689E-13 2.98141E-12 2.23674E-13 2.95950E-10 3.24985E-20
 2.59746E-31 5.99441E-31 1.28008E-23 3.87166E-23 5.63586E-24 1.17500E-29 1.77259E-10 1.06254E-07
 1.09775E-06 1.85704E-09 1.85497E-09 1.15899E-09 3.73241E-08 1.56292E-09 1.77608E-05 1.06350E-05
 3.76133E-05 1.65576E-11 1.03698E-11 1.30709E-14 1.45534E-11 2.45143E-13 7.93306E-14 2.01780E-15
 1.13611E-16 1.76094E-16 1.23541E-22 5.96265E-22 4.44743E-26 4.00198E-13 3.26458E-12 1.88541E-13
 2.95878E-10 1.46390E-20 2.09100E-31 5.65940E-31 1.59016E-23 3.96030E-23 3.96311E-24 1.40821E-29
 1.81797E-10 1.50737E-07 6.60637E-07 1.56385E-09 1.67921E-09 8.31658E-10 3.96439E-08 2.25099E-09
 1.85160E-05 1.00143E-05 6.03033E-05 1.60724E-11 1.09790E-11 1.20978E-14 1.39237E-11 1.53746E-13
 4.85657E-14 7.96267E-16 4.99389E-17 1.02599E-16 3.57048E-23 3.13725E-22 1.28727E-26 2.59360E-13
 3.58839E-12 1.58238E-13 2.95728E-10 5.73084E-21 1.41322E-31 4.77744E-31 2.05852E-23 3.88055E-23
 2.42389E-24 1.64918E-29 1.91527E-10 2.37101E-07 3.28339E-07 1.17365E-09 1.36537E-09 4.77094E-10
 4.60720E-08 3.24472E-09 1.91590E-05 9.41640E-06 1.08306E-04 1.51042E-11 1.23202E-11 1.22784E-14
 1.32461E-11 7.99372E-14 2.60592E-14 2.29448E-16 1.61278E-17 4.98022E-17 7.02407E-24 1.67239E-22
 3.71962E-27 1.51268E-13 4.04948E-12 1.34673E-13 2.95402E-10 1.84521E-21 7.18634E-32 3.38316E-31
 2.74874E-23 3.54742E-23 1.23903E-24 1.78966E-29 2.03851E-10 4.25117E-07 1.32284E-07 8.04168E-10
 9.39353E-10 1.94125E-10 6.05933E-08 4.53304E-09 1.96769E-05 8.82948E-06 1.99433E-04 1.25731E-11
 1.48066E-11 1.40202E-14 1.25149E-11 3.29633E-14 1.26025E-14 4.75401E-17 3.44486E-18 1.90932E-17
 8.57273E-25 9.66079E-23 1.06963E-27 7.74354E-14 4.81158E-12 1.19825E-13 2.94732E-10 4.79458E-22
 2.34350E-32 1.82027E-31 3.63285E-23 2.97588E-23 5.42088E-25 1.62666E-29 2.06015E-10 8.02642E-07
 4.90272E-08 5.48618E-10 5.80885E-10 6.38428E-11 8.48727E-08 5.99625E-09 2.01018E-05 8.25109E-06
 3.42360E-04 8.97930E-12 1.78241E-11 1.69440E-14 1.17512E-11 1.32919E-14 6.09292E-15 9.68565E-18
 6.47459E-19 7.03972E-18 9.88678E-26 6.10670E-23 3.06560E-28 3.73177E-14 5.88963E-12 1.10807E-13
 2.93705E-10 1.24360E-22 5.72349E-33 8.15801E-32 4.45818E-23 2.42569E-23 2.40825E-25 1.23403E-29
 1.89998E-10 1.34876E-06 2.14692E-08 4.12838E-10 3.95100E-10 2.56451E-11 1.08637E-07 7.72258E-09
 2.04915E-05 7.68250E-06 5.32839E-04 6.03339E-12 1.89902E-11 1.89805E-14 1.09959E-11 7.16144E-15
 3.32396E-15 2.99199E-18 1.82634E-19 3.42554E-18 2.05254E-26 4.18417E-23 8.76034E-29 2.07165E-14
 7.24095E-12 1.04879E-13 2.92379E-10 4.50204E-23 1.82663E-33 4.33221E-32 5.01627E-23 2.12309E-23
 1.35091E-25 9.44198E-30 1.66991E-10 1.97632E-06 1.21817E-08 3.45102E-10 3.10948E-10 1.40033E-11
 1.23832E-07 9.97457E-09 2.08826E-05 7.12504E-06 7.67913E-04 4.08073E-12 1.77874E-11 1.91775E-14
 1.02787E-11 4.85979E-15 2.05991E-15 1.32858E-18 7.68374E-20 2.09820E-18 6.91637E-27 3.07174E-23
 2.49727E-29 1.38766E-14 8.95600E-12 1.01218E-13 2.90677E-10 2.17855E-23 8.84301E-34 3.00546E-32
 5.40276E-23 1.98356E-23 9.47692E-26 8.00274E-30 1.44088E-10 2.71798E-06 8.14739E-09 3.05130E-10
 2.61848E-10 8.82858E-12 1.33374E-07 1.29079E-08 2.12895E-05 6.57838E-06 1.05118E-03 2.73009E-12
 1.54799E-11 1.83248E-14 9.61189E-12 3.60826E-15 1.36307E-15 6.90122E-19 3.81995E-20 1.40609E-18
 2.81421E-27 2.31977E-23 7.11531E-30 1.01264E-14 1.11287E-11 9.85064E-14 2.88513E-10 1.18425E-23
 5.21430E-34 2.36945E-32 5.72020E-23 1.90743E-23 7.47997E-26 7.13483E-30 1.23409E-10 3.64578E-06
 5.92043E-09 2.77506E-10 2.25435E-10 5.83723E-12 1.40336E-07 1.66426E-08 2.17182E-05 6.04168E-06
 1.38776E-03 1.78167E-12 1.28977E-11 1.70833E-14 9.00005E-12 2.78567E-15 9.31965E-16 3.84937E-19
 2.02558E-20 9.79373E-19 1.24016E-27 1.77206E-23 2.03314E-30 7.60933E-15 1.38712E-11 9.62142E-14
 2.85777E-10 6.74790E-24 3.28658E-34 1.95200E-32 5.99976E-23 1.86300E-23 6.30847E-26 6.44281E-30
 1.06529E-10 4.82048E-06 4.53208E-09 2.57017E-10 1.96023E-10 3.94738E-12 1.45786E-07 2.13450E-08
 2.21730E-05 5.51302E-06 1.78222E-03 1.13689E-12 1.04145E-11 1.57153E-14 8.44318E-12 2.20535E-15
 6.51964E-16 2.25009E-19 1.11592E-20 6.99791E-19 5.75959E-28 1.36660E-23 5.84088E-31 5.80862E-15
 1.73294E-11 9.42401E-14 2.82324E-10 3.96453E-24 2.13692E-34 1.64152E-32 6.25187E-23 1.83898E-23
 5.56076E-26 5.83762E-30 9.50204E-11 6.30371E-06 3.62136E-09 2.41533E-10 1.71845E-10 2.71507E-12
 1.49636E-07 2.72956E-08 2.26574E-05 4.99000E-06 2.23810E-03 7.09276E-13 8.17165E-12 1.42828E-14
 7.93908E-12 1.77806E-15 4.64096E-16 1.36047E-19 6.31654E-21 5.08891E-19 2.77087E-28 1.04811E-23
 1.69051E-31 4.45911E-15 2.16070E-11 9.20061E-14 2.78052E-10 2.36336E-24 1.42562E-34 1.40465E-32
 6.48306E-23 1.82811E-23 5.05269E-26 5.30684E-30 9.16882E-11 8.14676E-06 3.02217E-09 2.30159E-10
 1.52424E-10 1.91180E-12 1.51443E-07 3.49086E-08 2.31735E-05 4.47086E-06 2.75759E-03 4.33860E-13
 6.22598E-12 1.28031E-14 7.48471E-12 1.45446E-15 3.35816E-16 8.46445E-20 3.67018E-21 3.75132E-19
 1.36927E-28 7.88545E-24 4.94375E-32 3.43047E-15 2.67435E-11 8.89608E-14 2.72921E-10 1.41565E-24
 9.86236E-35 1.23161E-32 6.69955E-23 1.82346E-23 4.67428E-26 4.86428E-30 1.00293E-10 1.03707E-05
 2.65016E-09 2.22592E-10 1.37828E-10 1.40077E-12 1.50696E-07 4.48170E-08 2.37236E-05 3.95212E-06
 3.34539E-03 2.61894E-13 4.59212E-12 1.12892E-14 7.07397E-12 1.20431E-15 2.47541E-16 5.42030E-20
 2.20413E-21 2.79964E-19 6.93744E-29 5.76566E-24 1.45841E-32 2.65401E-15 3.26789E-11 8.47140E-14
 2.66992E-10 8.49509E-25 7.23823E-35 1.12274E-32 6.90926E-23 1.81770E-23 4.34365E-26 4.53617E-30
 1.24161E-10 1.29800E-05 2.45655E-09 2.18762E-10 1.27863E-10 1.08155E-12 1.46925E-07 5.80265E-08
 2.43048E-05 3.43334E-06 4.00653E-03 1.56082E-13 3.25851E-12 9.76218E-15 6.70147E-12 1.00659E-15
 1.86075E-16 3.56672E-20 1.37293E-21 2.10964E-19 3.58413E-29 4.02017E-24 4.33640E-33 2.05878E-15
 3.91162E-11 7.87038E-14 2.60563E-10 5.05678E-25 5.74659E-35 1.07785E-32 7.11868E-23 1.80461E-23
 4.01264E-26 4.33582E-30 1.64381E-10 1.60019E-05 2.40310E-09 2.18261E-10 1.21727E-10 8.79836E-13
 1.40284E-07 7.59472E-08 2.49074E-05 2.91764E-06 4.74763E-03 9.13027E-14 2.21188E-12 8.27640E-15
 6.36197E-12 8.46772E-16 1.42339E-16 2.39999E-20 8.83810E-22 1.59978E-19 1.87480E-29 2.62962E-24
 1.29769E-33 1.58834E-15 4.56086E-11 7.07929E-14 2.54080E-10 2.95209E-25 4.94145E-35 1.09093E-32
 7.33039E-23 1.78174E-23 3.66987E-26 4.25063E-30 2.17767E-10 1.95434E-05 2.44305E-09 2.19940E-10
 1.17809E-10 7.40568E-13 1.31992E-07 1.00099E-07 2.55096E-05 2.41547E-06 5.57206E-03 5.20665E-14
 1.43835E-12 6.92279E-15 6.05233E-12 7.15677E-16 1.10299E-16 1.64103E-20 5.81843E-22 1.21933E-19
 9.90661E-30 1.62209E-24 3.92136E-34 1.21082E-15 5.19067E-11 6.17917E-14 2.47792E-10 1.68897E-25
 4.47478E-35 1.14279E-32 7.54061E-23 1.75189E-23 3.33052E-26 4.23196E-30 2.76054E-10 2.38200E-05
 2.51476E-09 2.21942E-10 1.14092E-10 6.26771E-13 1.23945E-07 1.31591E-07 2.60848E-05 1.93933E-06
 6.48538E-03 2.88564E-14 9.04090E-13 5.78553E-15 5.76848E-12 6.07568E-16 8.60852E-17 1.13403E-20
 3.86822E-22 9.35853E-20 5.31613E-30 9.76840E-25 1.19753E-34 9.14491E-16 5.83101E-11 5.31484E-14
 2.41399E-10 9.62659E-26 4.06789E-35 1.19957E-32 7.74244E-23 1.72152E-23 3.01402E-26 4.20834E-30
 3.29186E-10 2.91235E-05 2.54858E-09 2.22294E-10 1.08821E-10 5.19731E-13 1.18070E-07 1.70357E-07
 2.66034E-05 1.50341E-06 7.49177E-03 1.56248E-14 5.57046E-13 4.91300E-15 5.50696E-12 5.19059E-16
 6.74572E-17 7.91787E-21 2.57828E-22 7.27595E-20 2.94116E-30 6.04661E-25 3.69583E-35 6.92875E-16
 6.55123E-11 4.60447E-14 2.34205E-10 5.63716E-26 3.53630E-35 1.21972E-32 7.92905E-23 1.69710E-23
 2.72363E-26 4.11081E-30 3.74023E-10 3.56374E-05 2.49576E-09 2.19833E-10 1.01484E-10 4.20985E-13
 1.16085E-07 2.14292E-07 2.70387E-05 1.12144E-06 8.59034E-03 8.45358E-15 3.41853E-13 4.31772E-15
 5.26556E-12 4.48631E-16 5.34136E-17 5.66072E-21 1.74269E-22 5.80571E-20 1.73359E-30 4.04930E-25
 1.15336E-35 5.39414E-16 7.38561E-11 4.09068E-14 2.25867E-10 3.54582E-26 2.87439E-35 1.17937E-32
 8.09747E-23 1.68096E-23 2.42996E-26 3.91519E-30 4.19032E-10 4.31991E-05 2.35858E-09 2.14934E-10
 9.31469E-11 3.42793E-13 1.19355E-07 2.59708E-07 2.73747E-05 8.01712E-07 9.78018E-03 4.73986E-15
 2.11208E-13 3.97965E-15 5.04205E-12 3.95041E-16 4.34618E-17 4.25399E-21 1.23268E-22 4.83817E-20
 1.13752E-30 3.01205E-25 3.62594E-36 4.43748E-16 8.24238E-11 3.73734E-14 2.17304E-10 2.50337E-26
 2.22683E-35 1.09340E-32 8.25093E-23 1.66976E-23 2.08785E-26 3.66168E-30 4.70238E-10 5.16516E-05
 2.16301E-09 2.08424E-10 8.47164E-11 2.85490E-13 1.28241E-07 3.04137E-07 2.76048E-05 5.48197E-07
 1.10530E-02 2.79653E-15 1.31694E-13 3.84060E-15 4.83585E-12 3.54493E-16 3.65256E-17 3.37981E-21
 9.21076E-23 4.21849E-20 8.35141E-31 2.43140E-25 1.14786E-36 3.85128E-16 8.97826E-11 3.46567E-14
 2.09949E-10 1.97669E-26 1.67678E-35 9.85160E-33 8.39282E-23 1.65936E-23 1.70528E-26 3.38751E-30
 5.04383E-10 6.18476E-05 1.91212E-09 1.99524E-10 7.54567E-11 2.31765E-13 1.40920E-07 3.49074E-07
 2.77330E-05 3.58594E-07 1.23974E-02 1.65251E-15 8.21458E-14 3.80681E-15 4.64674E-12 3.19844E-16
 3.06516E-17 2.69693E-21 6.85741E-23 3.72525E-20 6.32719E-31 2.03743E-25 3.67392E-37 3.37260E-16
 9.77177E-11 3.25095E-14 2.02016E-10 1.62519E-26 1.18424E-35 8.50821E-33 8.52183E-23 1.65025E-23
 1.35681E-26 3.06357E-30 5.02429E-10 7.46098E-05 1.63699E-09 1.88527E-10 6.58289E-11 1.80482E-13
 1.55505E-07 3.97521E-07 2.77735E-05 2.24303E-07 1.38067E-02 9.47027E-16 5.06294E-14 3.81776E-15
 4.47352E-12 2.87876E-16 2.52286E-17 2.10158E-21 4.94720E-23 3.26777E-20 4.71275E-31 1.75767E-25
 1.19045E-37 2.94590E-16 1.08947E-10 3.10714E-14 1.90789E-10 1.34698E-26 7.84535E-36 7.08551E-33
 8.64091E-23 1.63964E-23 1.06680E-26 2.70994E-30 4.66881E-10 9.02098E-05 1.38166E-09 1.76833E-10
 5.69918E-11 1.38296E-13 1.70801E-07 4.52848E-07 2.77455E-05 1.34301E-07 1.52698E-02 5.28717E-16
 3.06005E-14 3.85210E-15 4.31538E-12 2.58411E-16 2.04759E-17 1.60752E-21 3.50203E-23 2.84622E-20
 3.44758E-31 1.55151E-25 3.91157E-38 2.59270E-16 1.24533E-10 3.01698E-14 1.75204E-10 1.12474E-26
 5.06995E-36 5.84279E-33 8.75634E-23 1.62146E-23 8.24204E-27 2.37741E-30 4.06114E-10 1.08966E-04
 1.16593E-09 1.65335E-10 4.94163E-11 1.06200E-13 1.85642E-07 5.19240E-07 2.76682E-05 7.71423E-08
 1.67742E-02 2.89058E-16 1.80664E-14 3.90316E-15 4.17165E-12 2.31284E-16 1.64522E-17 1.21134E-21
 2.45347E-23 2.46052E-20 2.47473E-31 1.37402E-25 1.30521E-38 2.29856E-16 1.44921E-10 2.94742E-14
 1.54817E-10 9.37950E-27 3.28687E-36 4.86047E-33 8.87264E-23 1.59147E-23 6.22317E-27 2.08871E-30
 3.31320E-10 1.31315E-04 9.89241E-10 1.54267E-10 4.30654E-11 8.23175E-14 1.99189E-07 6.00677E-07
 2.75589E-05 4.26247E-08 1.83083E-02 1.55403E-16 1.04255E-14 3.97219E-15 4.04163E-12 2.06353E-16
 1.30989E-17 8.99771E-22 1.70626E-23 2.11040E-20 1.74152E-31 1.18948E-25 4.42470E-39 2.03414E-16
 1.69686E-10 2.86013E-14 1.30054E-10 7.70898E-27 2.16325E-36 4.10934E-33 8.99224E-23 1.54764E-23
 4.57687E-27 1.84476E-30 2.54271E-10 1.57774E-04 8.40619E-10 1.43254E-10 3.76442E-11 6.41538E-14
 2.10979E-07 6.99328E-07 2.74311E-05 2.27580E-08 1.98588E-02 8.25066E-17 5.91713E-15 4.06045E-15
 3.92485E-12 1.83509E-16 1.03046E-17 6.56709E-22 1.17502E-23 1.79542E-20 1.20067E-31 9.78652E-26
 1.52620E-39 1.76897E-16 1.97033E-10 2.71874E-14 1.02708E-10 6.15317E-27 1.43857E-36 3.51843E-33
 9.11636E-23 1.48908E-23 3.27081E-27 1.63478E-30 1.83891E-10 1.88846E-04 7.08490E-10 1.31716E-10
 3.28447E-11 4.97901E-14 2.20711E-07 8.14898E-07 2.72951E-05 1.17771E-08 2.14191E-02 4.33376E-17
 3.32491E-15 4.16279E-15 3.82054E-12 1.62634E-16 7.96647E-18 4.68303E-22 7.96969E-24 1.51457E-20
 8.10328E-32 7.48409E-26 5.34806E-40 1.48832E-16 2.24113E-10 2.50392E-14 7.56315E-11 4.71254E-27
 9.53896E-37 3.02313E-33 9.24598E-23 1.41539E-23 2.26411E-27 1.44662E-30 1.25454E-10 2.24915E-04
 5.85175E-10 1.19188E-10 2.84392E-11 3.80422E-14 2.28077E-07 9.44017E-07 2.71589E-05 5.91937E-09
 2.29853E-02 2.25311E-17 1.86118E-15 4.26708E-15 3.72821E-12 1.43621E-16 6.01447E-18 3.24191E-22
 5.29084E-24 1.26651E-20 5.34954E-32 5.25750E-26 1.89751E-40 1.19775E-16 2.47938E-10 2.22158E-14
 5.18091E-11 3.43943E-27 6.20475E-37 2.57832E-33 9.38154E-23 1.32664E-23 1.51200E-27 1.27094E-30
 8.09395E-11 2.66243E-04 4.67184E-10 1.05467E-10 2.42863E-11 2.82635E-14 2.32743E-07 1.07949E-06
 2.70299E-05 2.90007E-09 2.45486E-02 1.16211E-17 1.04668E-15 4.35788E-15 3.64826E-12 1.26393E-16
 4.40593E-18 2.16401E-22 3.41579E-24 1.04977E-20 3.45338E-32 3.39197E-26 6.79818E-41 9.16406E-17
 2.66529E-10 1.89897E-14 3.32218E-11 2.38928E-27 3.88744E-37 2.15678E-33 9.52214E-23 1.22393E-23
 9.70048E-28 1.10161E-30 5.00752E-11 3.13099E-04 3.48637E-10 9.06115E-11 2.03029E-11 2.01173E-14
 2.34471E-07 1.20915E-06 2.69172E-05 1.40583E-09 2.60852E-02 6.03229E-18 6.04460E-16 4.42228E-15
 3.58251E-12 1.10900E-16 3.11063E-18 1.38326E-22 2.12895E-24 8.62719E-21 2.18089E-32 2.02630E-26
 2.47497E-41 6.64461E-17 2.79418E-10 1.57051E-14 2.03360E-11 1.58447E-27 2.29364E-37 1.74391E-33
 9.66478E-23 1.11002E-23 5.97073E-28 9.34727E-31 3.09511E-11 3.68729E-04 2.40024E-10 7.48725E-11
 1.63671E-11 1.32926E-14 2.34847E-07 1.31765E-06 2.68300E-05 7.03352E-10 2.75768E-02 3.25506E-18
 3.76451E-16 4.46112E-15 3.53343E-12 9.70820E-17 2.09737E-18 8.38845E-23 1.26215E-24 7.03341E-21
 1.34843E-32 1.13342E-26 9.39885E-42 4.51970E-17 2.87478E-10 1.26398E-14 1.22795E-11 1.09861E-27
 1.21745E-37 1.32203E-33 9.79815E-23 9.96088E-24 3.59401E-28 7.63926E-31 2.19319E-11 4.91668E-04
 1.44368E-10 5.65536E-11 1.11600E-11 6.43479E-15 2.63878E-07 1.38543E-06 2.67793E-05 4.24346E-10
 2.89995E-02 1.81366E-18 2.82530E-16 4.50956E-15 3.50512E-12 8.49050E-17 1.29160E-18 4.59844E-23
 6.26188E-25 5.69771E-21 8.19334E-33 5.95921E-27 4.43656E-42 2.57357E-17 2.91944E-10 9.91812E-15
 7.81589E-12 5.92447E-28 3.90684E-38 7.16530E-34 9.81840E-23 9.85702E-24 2.51029E-28 5.21959E-31
 3.03574E+02 3.01260E+02 2.98916E+02 2.96533E+02 2.94117E+02 2.91651E+02 2.89142E+02 2.86570E+02
 2.83940E+02 2.81233E+02 2.78445E+02 2.75564E+02 2.72607E+02 2.69833E+02 2.66897E+02 2.63767E+02
 2.60408E+02 2.56779E+02 2.52836E+02 2.48537E+02 2.43850E+02 2.39373E+02 2.36829E+02 2.36471E+02
 2.36693E+02 2.36615E+02 2.36425E+02 2.36362E+02 2.36399E+02 2.36338E+02 2.36040E+02 2.35428E+02
 2.34315E+02 2.32665E+02 2.30742E+02 2.28503E+02 2.25764E+02 2.22598E+02 2.19188E+02 2.15746E+02
 2.12560E+02 2.09703E+02 2.07009E+02 2.04411E+02 2.01909E+02 1.99486E+02 1.97127E+02 1.94869E+02
 1.92739E+02 1.90776E+02 1.89001E+02 1.87417E+02 1.85945E+02 1.84604E+02 1.83423E+02 1.82477E+02
 1.81797E+02 1.81368E+02 1.81093E+02 1.80955E+02 1.80979E+02 1.81080E+02 1.81200E+02 1.81441E+02
 1.81958E+02 1.82840E+02 1.84021E+02 1.85404E+02 1.87149E+02 1.89472E+02 1.92200E+02 1.94630E+02
 1.96013E+02 1.96424E+02 1.96460E+02 1.96358E+02 1.96125E+02 1.95856E+02 1.95580E+02 1.95233E+02
 1.94816E+02 1.94365E+02 1.93852E+02 1.93146E+02 1.91983E+02 1.89845E+02 1.86058E+02 1.80558E+02
 1.74567E+02 1.68774E+02 1.63174E+02 1.57759E+02 1.52525E+02 1.47464E+02 1.42570E+02 1.37840E+02
 1.33266E+02 1.28844E+02 1.24568E+02 1.20435E+02 1.00000E+05 1.00000E+05 1.00000E+05 1.00000E+05
 1.00000E+05 1.00000E+05 1.00000E+05 1.00000E+05 1.00000E+05 1.00000E+05 1.00000E+05 1.00000E+05
 1.00000E+05 1.00000E+05 1.00000E+05 1.00000E+05 1.00000E+05 1.00000E+05 1.00000E+05 9.39833E+04
 8.90716E+04 6.92150E+04 5.04010E+04 3.15871E+04 2.53438E+04 1.30601E+04 1.35647E+04 8.48558E+03
 7.99581E+03 5.74093E+03 5.68208E+03 4.91603E+03 4.62576E+03 4.21878E+03 4.10419E+03 3.94605E+03
 3.92616E+03 3.90291E+03 3.87965E+03 3.98634E+03 4.03238E+03 4.27500E+03 4.43500E+03 4.71001E+03
 4.94303E+03 5.23836E+03 5.51510E+03 5.88258E+03 6.23049E+03 6.63124E+03 7.02613E+03 7.42101E+03
 7.90684E+03 8.34777E+03 8.83453E+03 9.30058E+03 9.79935E+03 1.02849E+04 1.09166E+04 1.14980E+04
 1.20538E+04 1.26166E+04 1.31395E+04 1.36698E+04 1.43800E+04 1.50777E+04 1.57753E+04 1.65267E+04
 1.72523E+04 1.79201E+04 1.86131E+04 1.95405E+04 2.03777E+04 2.13521E+04 2.22823E+04 2.35022E+04
 2.46510E+04 2.60950E+04 2.74950E+04 2.88902E+04 3.02856E+04 3.16809E+04 3.34949E+04 3.51135E+04
 3.71573E+04 3.90224E+04 4.08802E+04 4.27407E+04 4.49193E+04 4.70030E+04 4.96798E+04 5.22286E+04
 5.53059E+04 5.83245E+04 6.13431E+04 6.39576E+04 6.67715E+04 7.03155E+04 7.35294E+04 7.80133E+04
 2.32989E+19 2.18054E+19 2.03995E+19 1.90769E+19 1.78326E+19 1.66633E+19 1.55641E+19 1.45321E+19
 1.35630E+19 1.26540E+19 1.18015E+19 1.10024E+19 1.02528E+19 9.54088E+18 8.87712E+18 8.25890E+18
 7.68371E+18 7.14921E+18 6.65308E+18 6.19297E+18 5.76633E+18 5.35728E+18 4.93173E+18 4.49604E+18
 4.08880E+18 3.72332E+18 3.39202E+18 3.08844E+18 2.81088E+18 2.55936E+18 2.33257E+18 2.12837E+18
 1.94557E+18 1.78167E+18 1.63241E+18 1.49657E+18 1.37377E+18 1.26205E+18 1.15926E+18 1.06360E+18
 9.73389E+17 8.88333E+17 8.09110E+17 7.35738E+17 6.67922E+17 6.05413E+17 5.47939E+17 4.95098E+17
 4.46555E+17 4.01986E+17 3.61142E+17 3.23817E+17 2.89926E+17 2.59186E+17 2.31331E+17 2.06075E+17
 1.83218E+17 1.62617E+17 1.44180E+17 1.27722E+17 1.13040E+17 1.00011E+17 8.84823E+16 7.82419E+16
 6.91016E+16 6.09374E+16 5.36896E+16 4.72948E+16 4.16261E+16 3.65758E+16 3.21259E+16 2.83104E+16
 2.51139E+16 2.24016E+16 2.00235E+16 1.79105E+16 1.60301E+16 1.43480E+16 1.28412E+16 1.14951E+16
 1.02917E+16 9.21392E+15 8.24952E+15 7.39105E+15 6.63431E+15 5.98004E+15 5.42908E+15 4.96310E+15
 4.53662E+15 4.12934E+15 3.74228E+15 3.37625E+15 3.03185E+15 2.70949E+15 2.40937E+15 2.13147E+15
 1.87560E+15 1.64138E+15 1.42823E+15 1.23547E+15 2.97440E-11 3.30707E-11 4.00579E-11 5.08034E-11
 6.44944E-11 8.07157E-11 9.91442E-11 1.19462E-10 1.41331E-10 1.64390E-10 1.88257E-10 2.12544E-10
 2.36861E-10 2.60923E-10 2.84484E-10 3.07268E-10 3.28981E-10 3.49335E-10 3.68069E-10 3.85488E-10
 4.01722E-10 4.17872E-10 4.35597E-10 4.56229E-10 4.78021E-10 5.01584E-10 5.21731E-10 5.34838E-10
 5.40354E-10 5.37545E-10 5.27176E-10 5.11546E-10 4.91367E-10 4.67756E-10 4.41455E-10 4.13377E-10
 3.84020E-10 3.54023E-10 3.23530E-10 2.93243E-10 2.63613E-10 2.35244E-10 2.08566E-10 1.83630E-10
 1.60581E-10 1.39370E-10 1.20003E-10 1.02488E-10 8.68024E-11 7.28414E-11 6.02171E-11 4.91754E-11
 3.97032E-11 3.15991E-11 2.47779E-11 1.90933E-11 1.44411E-11 1.06928E-11 7.76604E-12 5.51111E-12
 3.80814E-12 2.55503E-12 1.65496E-12 1.02960E-12 6.15663E-13 3.51530E-13 1.90525E-13 9.76666E-14
 4.70271E-14 2.10642E-14 8.75135E-15 3.39109E-15 1.21670E-15 4.04905E-16 1.23950E-16 3.51896E-17
 9.15854E-18 2.20168E-18 4.83314E-19 9.59018E-20 1.70284E-20 2.67636E-21 3.77139E-22 4.65291E-23
 5.08653E-24 4.80475E-25 3.86170E-26 2.58612E-27 1.42034E-28 6.11317E-30 2.05764E-31 5.10153E-33
 9.21469E-35 1.10387E-36 7.75637E-39 2.75614E-41 4.36651E-44 2.78913E-47 5.60232E-51 3.16514E-55
 5.80396E+01 5.25098E+01 5.18685E+01 5.54694E+01 6.25809E+01 7.00569E+01 7.68249E+01 8.35124E+01
 8.92480E+01 9.42533E+01 9.75206E+01 1.00549E+02 1.01947E+02 1.01855E+02 1.00860E+02 9.91528E+01
 9.69308E+01 9.40714E+01 9.06245E+01 8.69164E+01 8.32215E+01 7.87669E+01 7.58650E+01 7.15884E+01
 6.73840E+01 6.39608E+01 6.03578E+01 5.60508E+01 5.12526E+01 4.62228E+01 4.12295E+01 3.65153E+01
 3.22091E+01 2.83204E+01 2.46942E+01 2.13863E+01 1.83845E+01 1.56023E+01 1.31166E+01 1.09286E+01
 9.01064E+00 7.34977E+00 5.95135E+00 4.77582E+00 3.80269E+00 2.99833E+00 2.34319E+00 1.81122E+00
 1.38706E+00 1.04915E+00 7.80247E-01 5.71941E-01 4.13684E-01 2.94480E-01 2.06296E-01 1.41640E-01
 9.52086E-02 6.25182E-02 4.02311E-02 2.52766E-02 1.54428E-02 9.14657E-03 5.18243E-03 2.79043E-03
 1.43035E-03 6.92994E-04 3.17299E-04 1.37381E-04 5.58761E-05 2.10617E-05 7.43053E-06 2.46217E-06
 7.68686E-07 2.25063E-07 6.09897E-08 1.53712E-08 3.55889E-09 7.61860E-10 1.49037E-10 2.63686E-11
 4.18127E-12 5.87661E-13 7.41398E-14 8.20507E-15 8.07651E-16 6.91769E-17 5.11168E-18 3.18978E-19
 1.62848E-20 6.48170E-22 2.01256E-23 4.57944E-25 7.60452E-27 8.21955E-29 5.08322E-31 1.58119E-33
 2.18291E-36 1.20852E-39 2.09087E-43 1.01101E-47 1.00000E-12 1.00000E-12 1.00000E-12 1.00000E-12
 1.00000E-12 1.00000E-12 1.00000E-12 1.00000E-12 1.00000E-12 1.00000E-12 1.00000E-12 1.00000E-12
 1.00000E-12 1.00000E-12 1.00000E-12 1.00000E-12 1.00000E-12 1.00000E-12 1.00000E-12 1.00000E-12
 1.00000E-12 1.00000E-12 1.00000E-12 1.00000E-12 1.00000E-12 1.00000E-12 1.00000E-12 1.00000E-12
 1.00000E-12 1.00000E-12 1.00000E-12 1.00000E-12 1.00000E-12 1.00000E-12 1.00000E-12 1.00000E-12
 1.00000E-12 1.00000E-12 1.00000E-12 1.00000E-12 1.00000E-12 1.00000E-12 1.00000E-12 1.00000E-12
 1.00000E-12 1.00000E-12 1.00000E-12 1.00000E-12 1.00000E-12 1.00000E-12 1.00000E-12 1.00000E-12
 1.00000E-12 1.00000E-12 1.00000E-12 1.00000E-12 1.00000E-12 1.00000E-12 1.00000E-12 1.00000E-12
 1.00000E-12 1.00000E-12 1.00000E-12 1.00000E-12 1.00000E-12 1.00000E-12 1.00000E-12 1.00000E-12
 1.00000E-12 1.00000E-12 1.00000E-12 1.00000E-12 1.00000E-12 1.00000E-12 1.00000E-12 1.00000E-12
 1.00000E-12 1.00000E-12 1.00000E-12 1.00000E-12 1.00000E-12 1.00000E-12 1.00000E-12 1.00000E-12
 1.00000E-12 1.00000E-12 1.00000E-12 1.00000E-12 1.00000E-12 1.00000E-12 1.00000E-12 1.00000E-12
 1.00000E-12 1.00000E-12 1.00000E-12 1.00000E-12 1.00000E-12 1.00000E-12 1.00000E-12 1.00000E-12
 1.00000E-12 1.00000E-12 1.00000E-12 1.00000E-12 1.00000E-12 1.00000E-12 1.00000E-12 1.00000E-12
 1.00000E-12 1.00000E-12 1.00000E-12 1.00000E-12 1.00000E-12 1.00000E-12 1.00000E-12 1.00000E-12
 1.00000E-12 1.00000E-12 1.00000E-12 1.00000E-12 1.00000E-12 1.00000E-12 1.00000E-12 1.00000E-12
 1.00000E-12 1.00000E-12 1.00000E-12 1.00000E-12 1.00000E-12 1.00000E-12 1.00000E-12 1.00000E-12
 1.00000E-12 1.00000E-12 1.00000E-12 1.00000E-12 1.00000E-12 1.00000E-12 1.00000E-12 1.00000E-12
 1.00000E-12 1.00000E-12 1.00000E-12 1.00000E-12 1.00000E-12 1.00000E-12 1.00000E-12 1.00000E-12
 1.00000E-12 1.00000E-12 1.00000E-12 1.00000E-12 1.00000E-12 1.00000E-12 1.00000E-12 1.00000E-12
 1.00000E-12 1.00000E-12 1.00000E-12 1.00000E-12 1.00000E-12 1.00000E-12 1.00000E-12 1.00000E-12
 1.00000E-12 1.00000E-12 1.00000E-12 1.00000E-12 1.00000E-12 1.00000E-12 1.00000E-12 1.00000E-12
 1.00000E-12 1.00000E-12 1.00000E-12 1.00000E-12 1.00000E-12 1.00000E-12 1.00000E-12 1.00000E-12
 1.00000E-12 1.00000E-12 1.00000E-12 1.00000E-12 1.00000E-12 1.00000E-12 1.00000E-12 1.00000E-12
 1.00000E-12 1.00000E-12 1.00000E-12 1.00000E-12 1.00000E-12 1.00000E-12 1.00000E-12 1.00000E-12
 1.00000E-12 1.00000E-12 1.00000E-12 1.00000E-12 2.74661E-04 2.93583E-04 3.15159E-04 3.37317E-04
 3.57684E-04 3.79515E-04 4.03735E-04 4.29242E-04 4.57120E-04 4.87094E-04 5.20772E-04 5.56167E-04
 5.95735E-04 6.39724E-04 6.88027E-04 7.40969E-04 7.98828E-04 8.62756E-04 9.33749E-04 1.01247E-03
 1.09943E-03 1.19983E-03 1.30156E-03 1.42110E-03 1.55337E-03 1.69615E-03 1.85199E-03 2.02428E-03
 2.21440E-03 2.42268E-03 2.64985E-03 2.89758E-03 3.16578E-03 3.45677E-03 3.77855E-03 4.13426E-03
 4.53030E-03 4.98170E-03 5.48871E-03 6.05789E-03 6.69818E-03 7.42067E-03 8.23144E-03 9.14659E-03
 1.01773E-02 1.13442E-02 1.26619E-02 1.41590E-02 1.58513E-02 1.77765E-02 1.99591E-02 2.24361E-02
 2.52504E-02 2.84449E-02 3.20649E-02 3.61775E-02 4.08438E-02 4.61304E-02 5.21077E-02 5.88620E-02
 6.64985E-02 7.51494E-02 8.51695E-02 9.68317E-02 1.10367E-01 1.26113E-01 1.44217E-01 1.64830E-01
 1.88188E-01 2.14814E-01 2.44017E-01 2.76499E-01 3.11752E-01 3.50634E-01 3.93691E-01 4.41674E-01
 4.95252E-01 5.55187E-01 6.22252E-01 6.97394E-01 7.81297E-01 8.74973E-01 9.79650E-01 1.09666E+00
 1.22757E+00 1.37427E+00 1.53825E+00 1.72464E+00 1.94551E+00 2.20677E+00 2.51474E+00 2.88207E+00
 3.31333E+00 3.85165E+00 4.53945E+00 5.38375E+00 6.42564E+00 7.72000E+00 9.34251E+00 1.13891E+01
 1.00000E+00 1.00000E+00 1.00000E+00 1.00000E+00 1.00000E+00 1.00000E+00 1.00000E+00 1.00000E+00
 1.00000E+00 1.00000E+00 1.00000E+00 1.00000E+00 1.00000E+00 1.00000E+00 1.00000E+00 1.00000E+00
 1.00000E+00 1.00000E+00 1.00000E+00 1.00000E+00 1.00000E+00 1.00000E+00 1.00000E+00 1.00000E+00
 1.00000E+00 1.00000E+00 1.00000E+00 1.00000E+00 1.00000E+00 1.00000E+00 1.00000E+00 1.00000E+00
 1.00000E+00 1.00000E+00 1.00000E+00 1.00000E+00 1.00000E+00 1.00000E+00 1.00000E+00 1.00000E+00
 1.00000E+00 1.00000E+00 1.00000E+00 1.00000E+00 1.00000E+00 1.00000E+00 1.00000E+00 1.00000E+00
 1.00000E+00 1.00000E+00 1.00000E+00 1.00000E+00 1.00000E+00 1.00000E+00 1.00000E+00 1.00000E+00
 1.00000E+00 1.00000E+00 1.00000E+00 1.00000E+00 1.00000E+00 1.00000E+00 1.00000E+00 1.00000E+00
 1.00000E+00 1.00000E+00 1.00000E+00 1.00000E+00 1.00000E+00 1.00000E+00 1.00000E+00 1.00000E+00
 1.00000E+00 1.00000E+00 1.00000E+00 1.00000E+00 1.00000E+00 1.00000E+00 1.00000E+00 1.00000E+00
 1.00000E+00 1.00000E+00 1.00000E+00 1.00000E+00 1.00000E+00 1.00000E+00 1.00000E+00 1.00000E+00
 1.00000E+00 1.00000E+00 1.00000E+00 1.00000E+00 1.00000E+00 1.00000E+00 1.00000E+00 1.00000E+00
 1.00000E+00 1.00000E+00 1.00000E+00 1.00000E+00 1.00000E+00 1.00000E+00 1.00000E+00 1.00000E+00
 1.00000E+00 1.00000E+00 1.00000E+00 1.00000E+00 1.00000E+00 1.00000E+00 1.00000E+00 1.00000E+00
 1.00000E+00 1.00000E+00 1.00000E+00 1.00000E+00 1.00000E+00 1.00000E+00 1.00000E+00 1.00000E+00
 1.00000E+00 1.00000E+00 1.00000E+00 1.00000E+00 1.00000E+00 1.00000E+00 1.00000E+00 1.00000E+00
 1.00000E+00 1.00000E+00 1.00000E+00 1.00000E+00 1.00000E+00 1.00000E+00 1.00000E+00 1.00000E+00
 1.00000E+00 1.00000E+00 1.00000E+00 1.00000E+00 1.00000E+00 1.00000E+00 1.00000E+00 1.00000E+00
 1.00000E+00 1.00000E+00 1.00000E+00 1.00000E+00 1.00000E+00 1.00000E+00 1.00000E+00 1.00000E+00
 1.00000E+00 1.00000E+00 1.00000E+00 1.00000E+00 1.00000E+00 1.00000E+00 1.00000E+00 1.00000E+00
 1.00000E+00 1.00000E+00 1.00000E+00 1.00000E+00 1.00000E+00 1.00000E+00 1.00000E+00 1.00000E+00
 1.00000E+00 1.00000E+00 1.00000E+00 1.00000E+00 1.00000E+00 1.00000E+00 1.00000E+00 1.00000E+00
 1.00000E+00 1.00000E+00 1.00000E+00 1.00000E+00 1.00000E+00 1.00000E+00 1.00000E+00 1.00000E+00
 1.00000E+00 1.00000E+00 1.00000E+00 1.00000E+00 1.00000E+00 1.00000E+00 1.00000E+00 1.00000E+00
 1.00000E+00 1.00000E+00 1.00000E+00 1.00000E+00 1.00000E+00 1.00000E+00 1.00000E+00 1.00000E+00
 1.00000E-05 1.00000E-05 1.00000E-05 1.00000E-05 1.00000E-05 1.00000E-05 1.00000E-05 1.00000E-05
 1.00000E-05 1.00000E-05 1.00000E-05 1.00000E-05 1.00000E-05 1.00000E-05 1.00000E-05 1.00000E-05
 1.00000E-05 1.00000E-05 1.00000E-05 1.00000E-05 1.00000E-05 1.00000E-05 1.00000E-05 1.00000E-05
 1.00000E-05 1.00000E-05 1.00000E-05 1.00000E-05 1.00000E-05 1.00000E-05 1.00000E-05 1.00000E-05
 1.00000E-05 1.00000E-05 1.00000E-05 1.00000E-05 1.00000E-05 1.00000E-05 1.00000E-05 1.00000E-05
 1.00000E-05 1.00000E-05 1.00000E-05 1.00000E-05 1.00000E-05 1.00000E-05 1.00000E-05 1.00000E-05
 1.00000E-05 1.00000E-05 1.00000E-05 1.00000E-05 1.00000E-05 1.00000E-05 1.00000E-05 1.00000E-05
 1.00000E-05 1.00000E-05 1.00000E-05 1.00000E-05 1.00000E-05 1.00000E-05 1.00000E-05 1.00000E-05
 1.00000E-05 1.00000E-05 1.00000E-05 1.00000E-05 1.00000E-05 1.00000E-05 1.00000E-05 1.00000E-05
 1.00000E-05 1.00000E-05 1.00000E-05 1.00000E-05 1.00000E-05 1.00000E-05 1.00000E-05 1.00000E-05
 1.00000E-05 1.00000E-05 1.00000E-05 1.00000E-05 1.00000E-05 1.00000E-05 1.00000E-05 1.00000E-05
 1.00000E-05 1.00000E-05 1.00000E-05 1.00000E-05 1.00000E-05 1.00000E-05 1.00000E-05 1.00000E-05
 1.00000E-05 1.00000E-05 1.00000E-05 1.00000E-05 1.00000E-09 1.00000E-09 1.00000E-09 1.00000E-09
 1.00000E-09 1.00000E-09 1.00000E-09 1.00000E-09 1.00000E-09 1.00000E-09 1.00000E-09 1.00000E-09
 1.00000E-09 1.00000E-09 1.00000E-09 1.00000E-09 1.00000E-09 1.00000E-09 1.00000E-09 1.00000E-09
 1.00000E-09 1.00000E-09 1.00000E-09 1.00000E-09 1.00000E-09 1.00000E-09 1.00000E-09 1.00000E-09
 1.00000E-09 1.00000E-09 1.00000E-09 1.00000E-09 1.00000E-09 1.00000E-09 1.00000E-09 1.00000E-09
 1.00000E-09 1.00000E-09 1.00000E-09 1.00000E-09 1.00000E-09 1.00000E-09 1.00000E-09 1.00000E-09
 1.00000E-09 1.00000E-09 1.00000E-09 1.00000E-09 1.00000E-09 1.00000E-09 1.00000E-09 1.00000E-09
 1.00000E-09 1.00000E-09 1.00000E-09 1.00000E-09 1.00000E-09 1.00000E-09 1.00000E-09 1.00000E-09
 1.00000E-09 1.00000E-09 1.00000E-09 1.00000E-09 1.00000E-09 1.00000E-09 1.00000E-09 1.00000E-09
 1.00000E-09 1.00000E-09 1.00000E-09 1.00000E-09 1.00000E-09 1.00000E-09 1.00000E-09 1.00000E-09
 1.00000E-09 1.00000E-09 1.00000E-09 1.00000E-09 1.00000E-09 1.00000E-09 1.00000E-09 1.00000E-09
 1.00000E-09 1.00000E-09 1.00000E-09 1.00000E-09 1.00000E-09 1.00000E-09 1.00000E-09 1.00000E-09
 1.00000E-09 1.00000E-09 1.00000E-09 1.00000E-09 1.00000E-09 1.00000E-09 1.00000E-09 1.00000E-09
 1.00000E-09 1.00000E-09 1.00000E-09 1.00000E-09 1.00000E-09 1.00000E-09 1.00000E-09 1.00000E-09
 1.00000E-09 1.00000E-09 1.00000E-09 1.00000E-09 1.00000E-09 1.00000E-09 1.00000E-09 1.00000E-09
 1.00000E-09 1.00000E-09 1.00000E-09 1.00000E-09 1.00000E-09 1.00000E-09 1.00000E-09 1.00000E-09
 1.00000E-09 1.00000E-09 1.00000E-09 1.00000E-09 1.00000E-09 1.00000E-09 1.00000E-09 1.00000E-09
 1.00000E-09 1.00000E-09 1.00000E-09 1.00000E-09 1.00000E-09 1.00000E-09 1.00000E-09 1.00000E-09
 1.00000E-09 1.00000E-09 1.00000E-09 1.00000E-09 1.00000E-09 1.00000E-09 1.00000E-09 1.00000E-09
 1.00000E-09 1.00000E-09 1.00000E-09 1.00000E-09 1.00000E-09 1.00000E-09 1.00000E-09 1.00000E-09
 1.00000E-09 1.00000E-09 1.00000E-09 1.00000E-09 1.00000E-09 1.00000E-09 1.00000E-09 1.00000E-09
 1.00000E-09 1.00000E-09 1.00000E-09 1.00000E-09 1.00000E-09 1.00000E-09 1.00000E-09 1.00000E-09
 1.00000E-09 1.00000E-09 1.00000E-09 1.00000E-09 1.00000E-09 1.00000E-09 1.00000E-09 1.00000E-09
 1.00000E-09 1.00000E-09 1.00000E-09 1.00000E-09 1.00000E-09 1.00000E-09 1.00000E-09 1.00000E-09
 1.00000E-09 1.00000E-09 1.00000E-09 1.00000E-09 1.00000E-09 1.00000E-09 1.00000E-09 1.00000E-09
 1.00000E-09 1.00000E-09 1.00000E-09 1.00000E-09
