 3.23280E-11 4.41776E-18 1.18365E-02 2.35048E-18 8.85049E-13 3.28650E-11 9.25483E-09 1.81628E-22
 2.62297E-04 2.47359E-04 8.27173E-05 5.62861E-12 8.25390E-14 5.42207E-07 3.84832E-12 1.67365E-10
 6.73519E-19 1.16714E-10 2.47374E-13 3.63191E-14 2.91412E-15 2.41920E-32 2.85634E-07 1.22035E-17
 1.07149E-21 2.28304E-19 4.10395E-12 3.03291E-15 6.79147E-10 5.86335E-20 3.82396E-22 7.03159E-11
 2.68954E-16 5.60409E-14 3.77360E-11 5.40068E-18 9.35880E-03 3.05349E-18 9.40080E-13 3.85681E-11
 9.94421E-09 2.39714E-22 2.62297E-04 2.47355E-04 8.27105E-05 6.56230E-12 8.01040E-14 5.42186E-07
 4.91773E-12 1.93263E-10 1.02211E-18 1.56368E-10 4.51691E-13 3.56639E-14 4.29025E-15 4.72329E-32
 2.85625E-07 1.61381E-17 1.41454E-21 2.75518E-19 6.09343E-12 4.08619E-15 6.88413E-10 7.46478E-20
 5.41815E-22 1.18576E-10 5.18051E-16 9.70891E-14 4.45895E-11 6.59264E-18 7.29176E-03 3.88292E-18
 9.63755E-13 4.62221E-11 1.06847E-08 3.09813E-22 2.62297E-04 2.47351E-04 8.27032E-05 7.81262E-12
 7.44925E-14 5.42165E-07 6.29437E-12 2.22860E-10 1.52312E-18 1.99579E-10 8.23659E-13 3.46251E-14
 6.32879E-15 9.03803E-32 2.85614E-07 1.98475E-17 1.82975E-21 3.24723E-19 8.97000E-12 5.14708E-15
 6.97590E-10 9.28037E-20 7.55976E-22 1.69750E-10 8.69538E-16 1.42796E-13 5.24803E-11 8.02797E-18
 5.53075E-03 4.99373E-18 9.91082E-13 5.56876E-11 1.14701E-08 4.05014E-22 2.62297E-04 2.47347E-04
 8.26954E-05 9.38957E-12 6.92548E-14 5.42141E-07 8.04898E-12 2.56222E-10 2.29513E-18 2.44988E-10
 1.56261E-12 3.31449E-14 9.41604E-15 1.81557E-31 2.85603E-07 2.34128E-17 2.39618E-21 3.86244E-19
 1.29002E-11 6.20490E-15 7.06616E-10 1.16407E-19 1.07401E-21 2.24585E-10 1.36681E-15 1.93563E-13
 6.04449E-11 9.76344E-18 4.06988E-03 6.63495E-18 1.04985E-12 6.60697E-11 1.22909E-08 5.47775E-22
 2.62297E-04 2.47342E-04 8.26871E-05 1.11856E-11 6.61695E-14 5.42116E-07 1.02307E-11 2.92813E-10
 3.54723E-18 2.87265E-10 3.10108E-12 3.13288E-14 1.41256E-14 3.96315E-31 2.85590E-07 2.68590E-17
 3.24294E-21 4.75190E-19 1.78730E-11 7.23804E-15 7.15422E-10 1.50571E-19 1.58108E-21 2.82499E-10
 2.04767E-15 2.48495E-13 6.76496E-11 1.18379E-17 2.90320E-03 9.18118E-18 1.15898E-12 7.67997E-11
 1.31318E-08 7.72448E-22 2.62297E-04 2.47337E-04 8.26783E-05 1.31537E-11 6.57223E-14 5.42089E-07
 1.28688E-11 3.30928E-10 5.64003E-18 3.23301E-10 6.51345E-12 2.90779E-14 2.11809E-14 2.35933E-30
 2.85577E-07 2.99787E-17 4.57307E-21 6.11499E-19 2.39606E-11 8.20176E-15 7.23931E-10 2.02702E-19
 2.43566E-21 3.42691E-10 2.93100E-15 3.05889E-13 7.30627E-11 1.42282E-17 1.99740E-03 1.23707E-17
 1.24211E-12 8.71445E-11 1.39673E-08 1.05962E-21 2.62298E-04 2.47331E-04 8.26690E-05 1.52411E-11
 6.33841E-14 5.42059E-07 1.60554E-11 3.66942E-10 8.66808E-18 3.51182E-10 1.38845E-11 2.60638E-14
 3.12294E-14 2.37305E-30 2.85563E-07 3.20378E-17 6.29139E-21 7.71046E-19 3.12707E-11 9.00976E-15
 7.32051E-10 2.66118E-19 3.71148E-21 4.04097E-10 3.89853E-15 3.62760E-13 7.56800E-11 1.68831E-17
 1.30527E-03 1.45468E-17 1.15269E-12 9.65616E-11 1.47650E-08 1.26633E-21 2.62298E-04 2.47325E-04
 8.26591E-05 1.74336E-11 5.31280E-14 5.42028E-07 1.99887E-11 3.95924E-10 1.16442E-17 3.70273E-10
 2.71782E-11 2.22301E-14 4.49470E-14 4.83974E-30 2.85548E-07 3.19997E-17 7.57700E-21 8.55076E-19
 3.99351E-11 9.54806E-15 7.39674E-10 3.06198E-19 5.06141E-21 4.65355E-10 4.61695E-15 4.15179E-13
 7.52790E-11 1.97644E-17 8.07749E-04 1.39942E-17 8.68955E-13 1.05626E-10 1.55052E-08 1.23655E-21
 2.62298E-04 2.47318E-04 8.26486E-05 1.98494E-11 3.62008E-14 5.41994E-07 2.48492E-11 4.13830E-10
 1.28347E-17 3.81405E-10 4.58803E-11 1.79234E-14 6.26183E-14 7.23270E-30 2.85532E-07 2.98024E-17
 7.49265E-21 7.81919E-19 5.01175E-11 9.75330E-15 7.46672E-10 2.89966E-19 5.82077E-21 5.24814E-10
 4.75078E-15 4.60309E-13 7.27771E-11 2.28943E-17 4.70411E-04 1.10806E-17 5.43130E-13 1.15827E-10
 1.61975E-08 9.94276E-22 2.62298E-04 2.47311E-04 8.26374E-05 2.26932E-11 2.04163E-14 5.41957E-07
 3.04043E-11 4.18139E-10 1.15078E-17 3.86571E-10 6.73566E-11 1.37204E-14 8.50047E-14 8.03282E-30
 2.85515E-07 2.69108E-17 6.12254E-21 5.96096E-19 6.20193E-11 9.68218E-15 7.52896E-10 2.27525E-19
 5.69392E-21 5.80548E-10 4.32539E-15 4.98343E-13 6.96204E-11 2.67514E-17 2.80012E-04 8.60931E-18
 3.43458E-13 1.28413E-10 1.68687E-08 7.92727E-22 2.62298E-04 2.47304E-04 8.26254E-05 2.61335E-11
 1.18574E-14 5.41918E-07 3.59634E-11 4.12821E-10 9.69241E-18 3.88229E-10 8.95934E-11 1.05167E-14
 1.09297E-13 8.39578E-30 2.85496E-07 2.49879E-17 4.90403E-21 4.55590E-19 7.58933E-11 9.47822E-15
 7.58184E-10 1.75995E-19 5.44279E-21 6.30452E-10 3.76632E-15 5.31993E-13 6.67165E-11 3.21933E-17
 2.11581E-04 8.10936E-18 2.79755E-13 1.44062E-10 1.75441E-08 7.81588E-22 2.62299E-04 2.47295E-04
 8.26125E-05 3.02870E-11 9.18879E-15 5.41874E-07 4.02448E-11 4.00573E-10 9.11746E-18 3.88300E-10
 1.12113E-10 8.58807E-15 1.15863E-13 1.10116E-29 2.85476E-07 2.48814E-17 4.71687E-21 4.38446E-19
 9.20638E-11 9.25631E-15 7.62363E-10 1.65513E-19 5.92530E-21 6.72265E-10 3.39189E-15 5.63602E-13
 6.42814E-11 3.92222E-17 1.64213E-04 8.19208E-18 2.53203E-13 1.63219E-10 1.82358E-08 8.34203E-22
 2.62299E-04 2.47286E-04 8.25985E-05 3.52544E-11 8.04798E-15 5.41827E-07 4.35770E-11 3.81914E-10
 8.81310E-18 3.87812E-10 1.34993E-10 7.15333E-15 1.18708E-13 1.57869E-29 2.85454E-07 2.70201E-17
 4.84761E-21 4.63081E-19 1.10884E-10 9.06144E-15 7.65213E-10 1.67223E-19 6.75211E-21 7.03282E-10
 3.14755E-15 5.93755E-13 6.23920E-11 4.79832E-17 1.29153E-04 8.36525E-18 2.37091E-13 1.86300E-10
 1.89501E-08 9.04103E-22 2.62299E-04 2.47276E-04 8.25831E-05 4.11323E-11 7.35448E-15 5.41776E-07
 4.60886E-11 3.57436E-10 8.38050E-18 3.87481E-10 1.58177E-10 5.93758E-15 1.17142E-13 2.32340E-29
 2.85429E-07 3.20028E-17 5.03399E-21 5.02581E-19 1.32689E-10 8.92310E-15 7.66452E-10 1.70929E-19
 7.75554E-21 7.20214E-10 2.96363E-15 6.22555E-13 6.10567E-11 5.91873E-17 1.05447E-04 8.87140E-18
 2.39020E-13 2.14994E-10 1.97279E-08 1.02312E-21 2.62300E-04 2.47265E-04 8.25655E-05 4.83423E-11
 7.29068E-15 5.41716E-07 4.70387E-11 3.27169E-10 7.94082E-18 3.87631E-10 1.82509E-10 4.94774E-15
 1.09895E-13 3.71568E-29 2.85401E-07 4.12386E-17 5.42123E-21 5.82549E-19 1.58965E-10 8.86918E-15
 7.65701E-10 1.81395E-19 9.13918E-21 7.19224E-10 2.83864E-15 6.51465E-13 6.03520E-11 7.38848E-17
 8.58404E-05 9.97986E-18 2.60040E-13 2.51602E-10 2.06053E-08 1.23518E-21 2.62300E-04 2.47251E-04
 8.25444E-05 5.74538E-11 7.83240E-15 5.41645E-07 4.73327E-11 2.98303E-10 7.80885E-18 3.88396E-10
 2.08575E-10 4.19513E-15 1.04062E-13 6.42227E-29 2.85368E-07 5.74694E-17 6.17989E-21 7.24087E-19
 1.91624E-10 8.94085E-15 7.64815E-10 2.03761E-19 1.11805E-20 7.19046E-10 2.81279E-15 6.81647E-13
 6.04164E-11 9.47285E-17 6.67884E-05 1.22052E-17 3.26727E-13 3.13264E-10 2.19281E-08 1.63045E-21
 2.62301E-04 2.47229E-04 8.25107E-05 7.27013E-11 9.77238E-15 5.41530E-07 4.48192E-11 2.64215E-10
 7.79514E-18 3.90243E-10 2.44830E-10 3.64737E-15 1.00565E-13 1.39788E-28 2.85314E-07 9.42575E-17
 7.64971E-21 1.04720E-18 2.45343E-10 9.27387E-15 7.63415E-10 2.47538E-19 1.44621E-20 7.19698E-10
 2.93366E-15 7.23297E-13 6.19213E-11 1.27103E-16 5.99158E-05 1.60049E-17 4.93978E-13 4.34023E-10
 2.43053E-08 2.31845E-21 2.62302E-04 2.47187E-04 8.24463E-05 1.02546E-10 1.48992E-14 5.41311E-07
 3.73643E-11 2.17817E-10 7.30193E-18 3.91284E-10 3.00535E-10 3.21051E-15 8.14260E-14 4.49985E-28
 2.85211E-07 1.95712E-16 1.01899E-20 1.89462E-18 3.48103E-10 1.02910E-14 7.60777E-10 3.18504E-19
 1.96497E-20 7.20926E-10 3.24866E-15 7.89073E-13 6.66344E-11 1.83721E-16 5.87724E-05 2.09608E-17
 9.29050E-13 7.04863E-10 2.91631E-08 3.29143E-21 2.62306E-04 2.47095E-04 8.23060E-05 1.69553E-10
 2.93442E-14 5.40832E-07 2.36233E-11 1.49154E-10 5.18630E-18 3.90487E-10 3.90038E-10 2.62110E-15
 4.67996E-14 2.89843E-27 2.84987E-07 5.43672E-16 1.37995E-20 4.79303E-18 5.72408E-10 1.32159E-14
 7.55112E-10 3.96936E-19 2.71802E-20 7.23561E-10 3.70151E-15 9.01267E-13 7.51586E-11 2.82688E-16
 5.83205E-05 2.60479E-17 1.92605E-12 1.20365E-09 3.73100E-08 4.42713E-21 2.62311E-04 2.46931E-04
 8.20560E-05 2.93813E-10 6.62681E-14 5.39977E-07 1.09824E-11 8.12802E-11 2.57523E-18 3.86906E-10
 4.85323E-10 1.76744E-15 1.76311E-14 3.43753E-26 2.84586E-07 1.69872E-15 1.82064E-20 1.61294E-17
 9.73010E-10 1.95761E-14 7.45168E-10 4.46942E-19 3.71421E-20 7.28173E-10 4.08093E-15 1.04591E-12
 8.61346E-11 4.34175E-16 5.77374E-05 3.20846E-17 3.03892E-12 1.85582E-09 4.74317E-08 5.90126E-21
 2.62318E-04 2.46719E-04 8.17344E-05 4.60848E-10 1.11423E-13 5.38873E-07 5.75438E-12 4.88545E-11
 1.42647E-18 3.82030E-10 5.42226E-10 1.21857E-15 7.28382E-15 2.96284E-25 2.84070E-07 4.71902E-15
 2.42049E-20 4.59352E-17 1.48959E-09 2.95720E-14 7.32573E-10 4.82873E-19 5.13925E-20 7.33987E-10
 4.45608E-15 1.17084E-12 1.06750E-10 7.08021E-16 5.72945E-05 4.45353E-17 4.17674E-12 2.89501E-09
 6.38007E-08 8.85358E-21 2.62330E-04 2.46376E-04 8.12142E-05 7.42095E-10 1.66571E-13 5.37082E-07
 3.35763E-12 3.38211E-11 9.88843E-19 3.74824E-10 5.90133E-10 9.98411E-16 4.01383E-15 2.66587E-24
 2.83232E-07 1.42586E-14 3.75534E-20 1.34077E-16 2.32719E-09 5.04529E-14 7.12517E-10 5.48947E-19
 7.89918E-20 7.43178E-10 5.41864E-15 1.29767E-12 1.40449E-10 1.17965E-15 5.76195E-05 6.78536E-17
 5.38068E-12 4.28618E-09 8.73344E-08 1.45743E-20 2.62347E-04 2.45897E-04 8.04914E-05 1.15035E-09
 2.35321E-13 5.34586E-07 2.20795E-12 2.65901E-11 8.44877E-19 3.66067E-10 6.39665E-10 9.40233E-16
 2.88624E-15 2.17168E-23 2.82066E-07 4.12918E-14 6.55179E-20 3.76377E-16 3.49384E-09 8.99572E-14
 6.85146E-10 6.53904E-19 1.28450E-19 7.55575E-10 7.21183E-15 1.39416E-12 1.84521E-10 1.92032E-15
 5.79962E-05 1.03609E-16 6.62899E-12 5.81002E-09 1.16347E-07 2.40774E-20 2.62366E-04 2.45342E-04
 7.96573E-05 1.64702E-09 3.15406E-13 5.31694E-07 1.62827E-12 2.28282E-11 8.07870E-19 3.57382E-10
 6.90178E-10 9.43406E-16 2.42533E-15 1.30442E-22 2.80715E-07 1.04993E-13 1.15069E-19 9.19191E-16
 4.84474E-09 1.53880E-13 6.54238E-10 7.76946E-19 2.04315E-19 7.69330E-10 9.62878E-15 1.43267E-12
 2.45191E-10 3.14521E-15 5.84681E-05 1.60274E-16 8.02209E-12 7.58720E-09 1.55984E-07 4.02055E-20
 2.62389E-04 2.44647E-04 7.86167E-05 2.30543E-09 4.20417E-13 5.28069E-07 1.22917E-12 2.01167E-11
 8.00092E-19 3.48192E-10 7.49384E-10 9.75470E-16 2.15701E-15 7.56544E-22 2.79023E-07 2.62098E-13
 2.08316E-19 2.19695E-15 6.53645E-09 2.67941E-13 6.16709E-10 9.07013E-19 3.23528E-19 7.85615E-10
 1.30677E-14 1.41394E-12 3.23786E-10 5.14353E-15 5.90306E-05 2.46860E-16 9.52890E-12 9.52076E-09
 2.08685E-07 6.67337E-20 2.62418E-04 2.43818E-04 7.73831E-05 3.14186E-09 5.58634E-13 5.23745E-07
 9.60055E-13 1.82785E-11 8.14675E-19 3.39066E-10 8.16427E-10 1.03855E-15 2.03331E-15 4.05775E-21
 2.77007E-07 6.25254E-13 3.79041E-19 5.04776E-15 8.55169E-09 4.67755E-13 5.73680E-10 1.03144E-18
 5.02016E-19 8.03635E-10 1.76892E-14 1.33930E-12 4.21521E-10 8.38185E-15 5.96770E-05 3.75726E-16
 1.11204E-11 1.14989E-08 2.77507E-07 1.09413E-19 2.62451E-04 2.42864E-04 7.59753E-05 4.17179E-09
 7.44792E-13 5.18774E-07 7.88419E-13 1.73858E-11 8.58689E-19 3.30469E-10 8.90036E-10 1.15761E-15
 2.09139E-15 1.96634E-20 2.74692E-07 1.41719E-12 6.83187E-19 1.11188E-14 1.08650E-08 8.17444E-13
 5.26553E-10 1.14040E-18 7.56982E-19 8.22429E-10 2.36399E-14 1.22083E-12 5.39654E-10 1.35788E-14
 6.04014E-05 5.62691E-16 1.27569E-11 1.34133E-08 3.66404E-07 1.76315E-19 2.62487E-04 2.41796E-04
 7.44107E-05 5.41181E-09 9.96020E-13 5.13199E-07 6.74884E-13 1.71292E-11 9.25807E-19 3.22718E-10
 9.69525E-10 1.33352E-15 2.29865E-15 8.83795E-20 2.72101E-07 3.06368E-12 1.21136E-18 2.36636E-14
 1.34542E-08 1.43012E-12 4.76720E-10 1.22485E-18 1.11207E-18 8.41024E-10 3.10402E-14 1.07466E-12
 6.76383E-10 2.17586E-14 6.11807E-05 8.23825E-16 1.43887E-11 1.51254E-08 4.77620E-07 2.77725E-19
 2.62527E-04 2.40646E-04 7.27440E-05 6.84434E-09 1.33161E-12 5.07196E-07 6.06493E-13 1.75321E-11
 1.02115E-18 3.16179E-10 1.05203E-09 1.58692E-15 2.70513E-15 3.59987E-19 2.69316E-07 6.25534E-12
 2.08807E-18 4.82470E-14 1.62352E-08 2.48113E-12 4.26688E-10 1.28250E-18 1.59110E-18 8.58082E-10
 3.97132E-14 9.19314E-13 8.35874E-10 3.47225E-14 6.20284E-05 1.18888E-15 1.60006E-11 1.66004E-08
 6.18715E-07 4.31008E-19 2.62570E-04 2.39393E-04 7.09521E-05 8.51118E-09 1.79415E-12 5.00661E-07
 5.69352E-13 1.86726E-11 1.15569E-18 3.10801E-10 1.13847E-09 1.97007E-15 3.44524E-15 1.37748E-18
 2.66290E-07 1.22918E-11 3.52960E-18 9.60936E-14 1.92532E-08 4.31934E-12 3.76486E-10 1.30969E-18
 2.23137E-18 8.73204E-10 4.98684E-14 7.64609E-13 1.01609E-09 5.49133E-14 6.29242E-05 1.68272E-15
 1.75442E-11 1.77587E-08 7.92573E-07 6.56092E-19 2.62615E-04 2.38069E-04 6.90831E-05 1.03831E-08
 2.42140E-12 4.93747E-07 5.59677E-13 2.06530E-11 1.33852E-18 3.06729E-10 1.22609E-09 2.53365E-15
 4.70726E-15 4.83280E-18 2.63096E-07 2.29692E-11 5.79325E-18 1.84814E-13 2.24333E-08 7.43733E-12
 3.28114E-10 1.30908E-18 3.07317E-18 8.85431E-10 6.10981E-14 6.21254E-13 1.21318E-09 8.56506E-14
 6.38429E-05 2.32603E-15 1.89851E-11 1.85647E-08 9.99577E-07 9.75916E-19 2.62662E-04 2.36709E-04
 6.71946E-05 1.24042E-08 3.24773E-12 4.86647E-07 5.74919E-13 2.35660E-11 1.57719E-18 3.03990E-10
 1.31157E-09 3.33258E-15 6.77348E-15 1.52805E-17 2.59824E-07 4.04802E-11 9.17031E-18 3.39742E-13
 2.56817E-08 1.24992E-11 2.83417E-10 1.28815E-18 4.17873E-18 8.94110E-10 7.27163E-14 4.96325E-13
 1.43047E-09 1.32317E-13 6.47936E-05 3.15819E-15 2.03129E-11 1.90511E-08 1.24642E-06 1.42618E-18
 2.62711E-04 2.35300E-04 6.52719E-05 1.45826E-08 4.34363E-12 4.79289E-07 6.13710E-13 2.76936E-11
 1.89095E-18 3.02427E-10 1.39455E-09 4.48937E-15 1.02541E-14 4.43908E-17 2.56444E-07 6.80649E-11
 1.40929E-17 6.02942E-13 2.90260E-08 2.06074E-11 2.42212E-10 1.24895E-18 5.64558E-18 8.99209E-10
 8.45348E-14 3.90099E-13 1.66991E-09 2.02553E-13 6.57754E-05 4.22024E-15 2.15231E-11 1.92572E-08
 1.53755E-06 2.05155E-18 2.62762E-04 2.33843E-04 6.33205E-05 1.68994E-08 5.78650E-12 4.71679E-07
 6.78036E-13 3.33912E-11 2.30233E-18 3.01893E-10 1.47324E-09 6.16055E-15 1.61763E-14 1.18594E-16
 2.52958E-07 1.09435E-10 2.10587E-17 1.03345E-12 3.24577E-08 3.32069E-11 2.04707E-10 1.19597E-18
 7.61578E-18 9.00680E-10 9.61805E-14 3.02378E-13 1.93202E-09 3.06853E-13 6.67788E-05 5.55409E-15
 2.26355E-11 1.92376E-08 1.87396E-06 2.90748E-18 2.62814E-04 2.32351E-04 6.13625E-05 1.93083E-08
 7.65271E-12 4.63888E-07 7.71862E-13 4.10640E-11 2.83630E-18 3.02192E-10 1.54480E-09 8.52923E-15
 2.61683E-14 2.89615E-16 2.49400E-07 1.68202E-10 3.06229E-17 1.70552E-12 3.59374E-08 5.19331E-11
 1.71270E-10 1.13638E-18 1.03041E-17 8.98602E-10 1.07186E-13 2.32251E-13 2.22097E-09 4.60555E-13
 6.78062E-05 7.22481E-15 2.36865E-11 1.90568E-08 2.25944E-06 4.07337E-18 2.62868E-04 2.30821E-04
 5.93954E-05 2.17877E-08 1.00473E-11 4.55898E-07 8.99526E-13 5.12121E-11 3.52571E-18 3.03065E-10
 1.60721E-09 1.18404E-14 4.28424E-14 6.51341E-16 2.45762E-07 2.48712E-10 4.35776E-17 2.71967E-12
 3.94673E-08 7.87472E-11 1.41698E-10 1.07409E-18 1.40297E-17 8.93155E-10 1.17424E-13 1.77214E-13
 2.54118E-09 6.84743E-13 6.88583E-05 9.31796E-15 2.47328E-11 1.87781E-08 2.69662E-06 5.65550E-18
 2.62924E-04 2.29251E-04 5.74202E-05 2.43081E-08 1.30720E-11 4.47703E-07 1.06505E-12 6.42301E-11
 4.40594E-18 3.04195E-10 1.65849E-09 1.63239E-14 6.97291E-14 1.36392E-15 2.42041E-07 3.55772E-10
 6.10257E-17 4.19953E-12 4.30426E-08 1.15531E-10 1.15796E-10 1.01260E-18 1.92895E-17 8.84552E-10
 1.26913E-13 1.34742E-13 2.89631E-09 1.00719E-12 6.99318E-05 1.19456E-14 2.58518E-11 1.84602E-08
 3.18596E-06 7.79464E-18 2.62981E-04 2.27645E-04 5.54441E-05 2.68293E-08 1.68004E-11 4.39328E-07
 1.27325E-12 8.03463E-11 5.52249E-18 3.05207E-10 1.69702E-09 2.21238E-14 1.10955E-13 2.69452E-15
 2.38249E-07 4.94637E-10 8.45377E-17 6.28356E-12 4.66458E-08 1.63649E-10 9.34151E-11 9.55269E-19
 2.68753E-17 8.73062E-10 1.35796E-13 1.02487E-13 3.29328E-09 1.46633E-12 7.10323E-05 1.52808E-14
 2.71227E-11 1.81483E-08 3.73109E-06 1.06955E-17 2.63040E-04 2.25994E-04 5.34583E-05 2.93312E-08
 2.13259E-11 4.30730E-07 1.53310E-12 9.99476E-11 6.95884E-18 3.05719E-10 1.72202E-09 2.93933E-14
 1.71818E-13 5.09900E-15 2.34365E-07 6.72859E-10 1.16554E-16 9.14247E-12 5.02878E-08 2.24299E-10
 7.42010E-11 9.02097E-19 3.79859E-17 8.58866E-10 1.44451E-13 7.80459E-14 3.73936E-09 2.11311E-12
 7.21635E-05 1.95658E-14 2.86326E-11 1.78774E-08 4.33457E-06 1.46456E-17 2.63102E-04 2.24293E-04
 5.14576E-05 3.17876E-08 2.67290E-11 4.21885E-07 1.86046E-12 1.23612E-10 8.85612E-18 3.05364E-10
 1.73292E-09 3.82571E-14 2.58985E-13 9.34373E-15 2.30377E-07 8.99787E-10 1.60652E-16 1.29610E-11
 5.39713E-08 2.98064E-10 5.78761E-11 8.52319E-19 5.44653E-17 8.42141E-10 1.53278E-13 5.94950E-14
 4.24329E-09 3.01562E-12 7.33291E-05 2.51481E-14 3.04750E-11 1.76719E-08 4.99866E-06 2.00602E-17
 2.63167E-04 2.22536E-04 4.94368E-05 3.41721E-08 3.30982E-11 4.12763E-07 2.28162E-12 1.52334E-10
 1.14507E-17 3.03831E-10 1.72923E-09 4.88860E-14 3.81692E-13 1.66857E-14 2.26271E-07 1.18735E-09
 2.22102E-16 1.79353E-11 5.76983E-08 3.84951E-10 4.41819E-11 8.03921E-19 7.90912E-17 8.23036E-10
 1.62691E-13 4.53054E-14 4.81563E-09 4.26469E-12 7.45334E-05 3.25292E-14 3.27545E-11 1.75478E-08
 5.72504E-06 2.75460E-17 2.63235E-04 2.20714E-04 4.73908E-05 3.64558E-08 4.05369E-11 4.03339E-07
 2.83719E-12 1.87644E-10 1.51302E-17 3.00898E-10 1.71053E-09 6.15361E-14 5.53165E-13 2.91141E-14
 2.22031E-07 1.55068E-09 3.08620E-16 2.42660E-11 6.14693E-08 4.84244E-10 3.28780E-11 7.53875E-19
 1.15984E-16 8.01691E-10 1.73101E-13 3.43188E-14 5.46342E-09 5.97659E-12 7.57701E-05 4.23991E-14
 3.56049E-11 1.75149E-08 6.50753E-06 3.79828E-17 2.63305E-04 2.18838E-04 4.53323E-05 3.85888E-08
 4.91185E-11 3.93670E-07 3.58602E-12 2.31456E-10 2.04954E-17 2.96500E-10 1.67681E-09 7.64489E-14
 7.89943E-13 4.93341E-14 2.17679E-07 2.00508E-09 4.30904E-16 3.20893E-11 6.52499E-08 5.93245E-10
 2.38094E-11 7.01180E-19 1.71116E-16 7.78442E-10 1.84785E-13 2.57887E-14 6.19730E-09 8.31234E-12
 7.70398E-05 5.57967E-14 3.91768E-11 1.75749E-08 7.34182E-06 5.27261E-17 2.63379E-04 2.16905E-04
 4.32624E-05 4.05331E-08 5.90219E-11 3.83761E-07 4.60967E-12 2.86341E-10 2.84980E-17 2.90725E-10
 1.62853E-09 9.41067E-14 1.11431E-12 8.05662E-14 2.13213E-07 2.57103E-09 6.04691E-16 4.15689E-11
 6.90256E-08 7.08570E-10 1.67311E-11 6.43609E-19 2.52511E-16 7.53527E-10 1.98083E-13 1.91140E-14
 7.03477E-09 1.15102E-11 7.83557E-05 7.43693E-14 4.36458E-11 1.77258E-08 8.22937E-06 7.39587E-17
 2.63457E-04 2.14893E-04 4.11626E-05 4.22634E-08 7.06578E-11 3.73526E-07 6.01824E-12 3.55752E-10
 4.06606E-17 2.83765E-10 1.56634E-09 1.15490E-13 1.55635E-12 1.25656E-13 2.08585E-07 3.27963E-09
 8.54319E-16 5.30170E-11 7.28154E-08 8.26763E-10 1.13365E-11 5.77340E-19 3.69710E-16 7.26944E-10
 2.13469E-13 1.38230E-14 7.99057E-09 1.59045E-11 7.97296E-05 1.00648E-13 4.92422E-11 1.79651E-08
 9.16818E-06 1.05122E-16 2.63541E-04 2.12784E-04 3.90182E-05 4.37383E-08 8.45526E-11 3.62893E-07
 7.96005E-12 4.43571E-10 5.94234E-17 2.75930E-10 1.49155E-09 1.41808E-13 2.14651E-12 1.85710E-13
 2.03752E-07 4.17047E-09 1.21651E-15 6.68280E-11 7.66267E-08 9.42913E-10 7.35422E-12 5.00777E-19
 5.33282E-16 6.98718E-10 2.31442E-13 9.64255E-15 9.07029E-09 2.18855E-11 8.11701E-05 1.38219E-13
 5.62116E-11 1.82900E-08 1.01505E-05 1.51006E-16 2.63631E-04 2.10563E-04 3.68214E-05 4.48950E-08
 1.00864E-10 3.51822E-07 1.06587E-11 5.53434E-10 8.90109E-17 2.67624E-10 1.40642E-09 1.73412E-13
 2.90036E-12 2.64365E-13 1.98685E-07 5.29194E-09 1.74402E-15 8.32966E-11 8.04477E-08 1.05087E-09
 4.53299E-12 4.15354E-19 7.58724E-16 6.68966E-10 2.52594E-13 6.42217E-15 1.02540E-08 2.99045E-11
 8.26622E-05 1.92090E-13 6.48595E-11 1.86909E-08 1.11488E-05 2.18485E-16 2.63727E-04 2.08249E-04
 3.46004E-05 4.56493E-08 1.19496E-10 3.40460E-07 1.44180E-11 6.87922E-10 1.36170E-16 2.59433E-10
 1.31447E-09 2.09805E-13 3.79484E-12 3.64310E-13 1.93434E-07 6.68246E-09 2.50780E-15 1.02425E-10
 8.41980E-08 1.14197E-09 2.65315E-12 3.28621E-19 1.06621E-15 6.38296E-10 2.77205E-13 4.07601E-15
 1.15156E-08 4.05379E-11 8.41979E-05 2.69739E-13 7.55381E-11 1.91552E-08 1.21363E-05 3.17858E-16
 2.63829E-04 2.05852E-04 3.23727E-05 4.59380E-08 1.40455E-10 3.28904E-07 1.96403E-11 8.49115E-10
 2.11776E-16 2.51990E-10 1.21856E-09 2.50317E-13 4.77148E-12 4.86387E-13 1.88025E-07 8.38594E-09
 3.60984E-15 1.24280E-10 8.78141E-08 1.20927E-09 1.47392E-12 2.47489E-19 1.47847E-15 6.07163E-10
 3.05599E-13 2.45981E-15 1.28343E-08 5.45210E-11 8.57910E-05 3.82706E-13 8.86250E-11 1.96723E-08
 1.30960E-05 4.64407E-16 2.63940E-04 2.03347E-04 3.01249E-05 4.57152E-08 1.63865E-10 3.17093E-07
 2.68698E-11 1.03886E-09 3.34018E-16 2.45938E-10 1.11994E-09 2.94078E-13 5.74660E-12 6.33735E-13
 1.82408E-07 1.04721E-08 5.20470E-15 1.49255E-10 9.12797E-08 1.24936E-09 7.71875E-13 1.75886E-19
 2.02031E-15 5.75546E-10 3.38439E-13 1.39924E-15 1.41764E-08 7.27142E-11 8.74504E-05 5.48270E-13
 1.04541E-10 2.02280E-08 1.40027E-05 6.80220E-16 2.64061E-04 2.00715E-04 2.78517E-05 4.49437E-08
 1.89734E-10 3.05008E-07 3.68139E-11 1.25711E-09 5.32609E-16 2.42015E-10 1.01966E-09 3.39320E-13
 6.60525E-12 8.10090E-13 1.76547E-07 1.30148E-08 7.51685E-15 1.77746E-10 9.45586E-08 1.26024E-09
 3.78587E-13 1.17097E-19 2.71900E-15 5.43483E-10 3.76365E-13 7.44715E-16 1.54924E-08 9.61029E-11
 8.91729E-05 7.92144E-13 1.23773E-10 2.08010E-08 1.48200E-05 9.97260E-16 2.64194E-04 1.97955E-04
 2.55667E-05 4.36169E-08 2.18004E-10 2.92728E-07 5.03506E-11 1.50118E-09 8.54759E-16 2.40979E-10
 9.18926E-10 3.83466E-13 7.22065E-12 1.01506E-12 1.70448E-07 1.60732E-08 1.08665E-14 2.10008E-10
 9.75849E-08 1.24112E-09 1.73478E-13 7.28575E-20 3.60180E-15 5.11221E-10 4.19847E-13 3.69826E-16
 1.67314E-08 1.25822E-10 9.09514E-05 1.15320E-12 1.46895E-10 2.13670E-08 1.55076E-05 1.46215E-15
 2.64341E-04 1.95070E-04 2.32880E-05 4.17719E-08 2.48730E-10 2.80356E-07 6.85422E-11 1.76608E-09
 1.37484E-15 2.43521E-10 8.18805E-10 4.23593E-13 7.49375E-12 1.24295E-12 1.64131E-07 1.96957E-08
 1.57177E-14 2.46276E-10 1.00291E-07 1.19316E-09 7.42100E-14 4.23633E-20 4.69207E-15 4.79021E-10
 4.69392E-13 1.71234E-16 1.78533E-08 1.63189E-10 9.27815E-05 1.69167E-12 1.74643E-10 2.19019E-08
 1.60257E-05 2.14396E-15 2.64504E-04 1.92057E-04 2.10300E-05 3.94873E-08 2.82268E-10 2.67971E-07
 9.26537E-11 2.04517E-09 2.21029E-15 2.50268E-10 7.20201E-10 4.56849E-13 7.38163E-12 1.48231E-12
 1.57601E-07 2.39247E-08 2.27546E-14 2.86827E-10 1.02624E-07 1.11923E-09 2.95782E-14 2.30022E-20
 6.00409E-15 4.47050E-10 5.25867E-13 7.37916E-17 1.88295E-08 2.09771E-10 9.46466E-05 2.50183E-12
 2.08092E-10 2.23791E-08 1.63326E-05 3.14825E-15 2.64686E-04 1.88931E-04 1.88213E-05 3.68931E-08
 3.19457E-10 2.55726E-07 1.24097E-10 2.32902E-09 3.54319E-15 2.61732E-10 6.24552E-10 4.80570E-13
 6.90435E-12 1.71029E-12 1.50906E-07 2.87567E-08 3.29619E-14 3.31546E-10 1.04538E-07 1.02342E-09
 1.10141E-14 1.17178E-20 7.53940E-15 4.15634E-10 5.90516E-13 2.96869E-17 1.96567E-08 2.67587E-10
 9.65382E-05 3.73868E-12 2.48882E-10 2.27729E-08 1.63926E-05 4.64256E-15 2.64890E-04 1.85691E-04
 1.66786E-05 3.41243E-08 3.61878E-10 2.43700E-07 1.64530E-10 2.60771E-09 5.66804E-15 2.78456E-10
 5.32973E-10 4.92832E-13 6.13826E-12 1.90000E-12 1.44061E-07 3.41729E-08 4.78265E-14 3.80221E-10
 1.06031E-07 9.10755E-10 3.82750E-15 5.61074E-21 9.27977E-15 3.84917E-10 6.65834E-13 1.11417E-17
 2.03443E-08 3.39458E-10 9.84363E-05 5.65857E-12 2.99346E-10 2.30448E-08 1.61767E-05 6.89917E-15
 2.65119E-04 1.82352E-04 1.46295E-05 3.13064E-08 4.11630E-10 2.32019E-07 2.15904E-10 2.86893E-09
 9.06584E-15 3.00818E-10 4.46730E-10 4.92268E-13 5.19281E-12 2.02393E-12 1.37115E-07 4.00677E-08
 6.96026E-14 4.32101E-10 1.07153E-07 7.87428E-10 1.24358E-15 2.54018E-21 1.11946E-14 3.55176E-10
 7.55251E-13 3.90879E-18 2.09044E-08 4.29756E-10 1.00323E-04 8.68725E-12 3.62111E-10 2.31282E-08
 1.56674E-05 1.03590E-14 2.65381E-04 1.78919E-04 1.26954E-05 2.84924E-08 4.70791E-10 2.20761E-07
 2.80729E-10 3.09958E-09 1.45366E-14 3.28881E-10 3.66531E-10 4.78689E-13 4.18495E-12 2.06789E-12
 1.30101E-07 4.62461E-08 1.02037E-13 4.86905E-10 1.08060E-07 6.60675E-10 3.77723E-16 1.09311E-21
 1.32395E-14 3.26601E-10 8.62530E-13 1.28146E-18 2.13326E-08 5.45176E-10 1.02194E-04 1.35121E-11
 4.38799E-10 2.29066E-08 1.48558E-05 1.56986E-14 2.65686E-04 1.75366E-04 1.08813E-05 2.56249E-08
 5.39984E-10 2.09883E-07 3.62467E-10 3.28724E-09 2.33961E-14 3.62115E-10 2.92419E-10 4.53138E-13
 3.21199E-12 2.04006E-12 1.22994E-07 5.24184E-08 1.52013E-13 5.46230E-10 1.09059E-07 5.37671E-10
 1.06161E-16 4.45923E-22 1.53541E-14 2.99131E-10 9.90367E-13 3.88877E-19 2.15957E-08 6.95822E-10
 1.04015E-04 2.11593E-11 5.28267E-10 2.22213E-08 1.37603E-05 2.39062E-14 2.66046E-04 1.71702E-04
 9.21457E-06 2.26249E-08 6.16935E-10 1.99452E-07 4.65483E-10 3.41787E-09 3.76440E-14 3.98099E-10
 2.25316E-10 4.17923E-13 2.35050E-12 1.95935E-12 1.15849E-07 5.80407E-08 2.32154E-13 6.12754E-10
 1.10627E-07 4.25231E-10 2.75011E-17 1.73833E-22 1.74942E-14 2.73046E-10 1.13686E-12 1.09420E-19
 2.16416E-08 8.94615E-10 1.05744E-04 3.29986E-11 6.24716E-10 2.09270E-08 1.24306E-05 3.62720E-14
 2.66476E-04 1.67938E-04 7.71899E-06 1.94513E-08 6.95447E-10 1.89507E-07 5.94654E-10 3.48017E-09
 5.99837E-14 4.32306E-10 1.66681E-10 3.76189E-13 1.64302E-12 1.84851E-12 1.08730E-07 6.24018E-08
 3.65537E-13 6.89817E-10 1.13406E-07 3.27871E-10 6.53591E-18 6.65964E-23 1.96494E-14 2.48608E-10
 1.29347E-12 2.92970E-20 2.14321E-08 1.15426E-09 1.07325E-04 5.04628E-11 7.17406E-10 1.89935E-08
 1.09557E-05 5.41885E-14 2.66996E-04 1.64095E-04 6.41675E-06 1.62142E-08 7.66809E-10 1.80092E-07
 7.53203E-10 3.46856E-09 9.30385E-14 4.58108E-10 1.18315E-10 3.31504E-13 1.10168E-12 1.71676E-12
 1.01727E-07 6.47209E-08 5.90687E-13 7.78183E-10 1.18082E-07 2.47390E-10 1.42636E-18 2.79641E-23
 2.18527E-14 2.26122E-10 1.44230E-12 8.38948E-21 2.09901E-08 1.48214E-09 1.08696E-04 7.43845E-11
 7.94267E-10 1.65815E-08 9.45203E-06 7.87538E-14 2.67628E-04 1.60187E-04 5.31803E-06 1.31689E-08
 8.24429E-10 1.71217E-07 9.39632E-10 3.38684E-09 1.37229E-13 4.68444E-10 8.11794E-11 2.87073E-13
 7.12766E-13 1.55244E-12 9.49259E-08 6.44029E-08 9.61619E-13 8.71982E-10 1.25172E-07 1.82947E-10
 2.88307E-19 1.64441E-23 2.41219E-14 2.05802E-10 1.55815E-12 3.34043E-21 2.03910E-08 1.87508E-09
 1.09801E-04 1.04342E-10 8.47762E-10 1.39903E-08 8.03154E-06 1.10390E-13 2.68404E-04 1.56199E-04
 4.41288E-06 1.05540E-08 8.66132E-10 1.62815E-07 1.14696E-09 3.24633E-09 1.88794E-13 4.58800E-10
 5.45297E-11 2.44452E-13 4.46492E-13 1.34322E-12 8.83612E-08 6.13193E-08 1.53442E-12 9.57232E-10
 1.34785E-07 1.32254E-10 5.47572E-20 1.52017E-23 2.64542E-14 1.87622E-10 1.61950E-12 2.09950E-21
 1.97278E-08 2.32879E-09 1.10573E-04 1.39092E-10 8.78558E-10 1.15408E-08 6.79286E-06 1.49609E-13
 2.69346E-04 1.52155E-04 3.68887E-06 8.47098E-09 8.94273E-10 1.54901E-07 1.36602E-09 3.05878E-09
 2.41282E-13 4.29644E-10 3.63475E-11 2.04668E-13 2.72160E-13 1.10112E-12 8.21249E-08 5.59894E-08
 2.34488E-12 1.01906E-09 1.46328E-07 9.32694E-11 1.03397E-20 1.78386E-23 2.88832E-14 1.71632E-10
 1.62176E-12 1.69555E-21 1.90731E-08 2.85345E-09 1.10956E-04 1.77851E-10 8.92849E-10 9.42768E-09
 5.78469E-06 1.98595E-13 2.70468E-04 1.48093E-04 3.12478E-06 6.87263E-09 9.14173E-10 1.47515E-07
 1.58876E-09 2.83341E-09 2.89080E-13 3.86154E-10 2.41967E-11 1.68799E-13 1.62259E-13 8.58557E-13
 7.63130E-08 4.94137E-08 3.40550E-12 1.05223E-09 1.58711E-07 6.41677E-11 2.35398E-21 2.20228E-23
 3.14097E-14 1.57807E-10 1.57891E-12 1.47187E-21 1.84339E-08 3.46920E-09 1.10918E-04 2.20675E-10
 8.96545E-10 7.69098E-09 4.99716E-06 2.61332E-13 2.71783E-04 1.44017E-04 2.68962E-06 5.64271E-09
 9.28804E-10 1.40627E-07 1.80699E-09 2.57901E-09 3.29005E-13 3.35115E-10 1.60755E-11 1.37456E-13
 9.48212E-14 6.47792E-13 7.09469E-08 4.25902E-08 4.72397E-12 1.06187E-09 1.70911E-07 4.31849E-11
 9.56917E-22 2.69066E-23 3.40978E-14 1.45909E-10 1.51054E-12 1.29680E-21 1.77785E-08 4.20098E-09
 1.10437E-04 2.68309E-10 8.93678E-10 6.30204E-09 4.39560E-06 3.43612E-13 2.73297E-04 1.39945E-04
 2.35608E-06 4.67732E-09 9.38322E-10 1.34233E-07 2.01120E-09 2.30689E-09 3.60086E-13 2.82824E-10
 1.06448E-11 1.10982E-13 5.45835E-14 4.84253E-13 6.60495E-08 3.62641E-08 6.32717E-12 1.05837E-09
 1.82152E-07 2.86538E-11 7.06790E-22 3.21323E-23 3.71568E-14 1.35720E-10 1.43090E-12 1.14584E-21
 1.70888E-08 5.07623E-09 1.09500E-04 3.21690E-10 8.87163E-10 5.20332E-09 3.93485E-06 4.53547E-13
 2.75019E-04 1.35870E-04 2.09973E-06 3.90608E-09 9.43058E-10 1.28292E-07 2.19220E-09 2.02956E-09
 3.81868E-13 2.33420E-10 7.01843E-12 8.91110E-14 3.10566E-14 3.64005E-13 6.16041E-08 3.07798E-08
 8.26886E-12 1.04986E-09 1.92098E-07 1.88616E-11 6.46700E-22 3.75429E-23 4.07495E-14 1.26976E-10
 1.34503E-12 1.01490E-21 1.63571E-08 6.11912E-09 1.08087E-04 3.81497E-10 8.79024E-10 4.33419E-09
 3.57293E-06 6.01868E-13 2.76972E-04 1.31749E-04 1.90020E-06 3.28180E-09 9.43021E-10 1.22719E-07
 2.34198E-09 1.75832E-09 3.93856E-13 1.88874E-10 4.60396E-12 7.11560E-14 1.74444E-14 2.76543E-13
 5.75515E-08 2.61750E-08 1.06224E-11 1.04016E-09 2.00769E-07 1.23429E-11 6.14240E-22 4.30869E-23
 4.49928E-14 1.19385E-10 1.25337E-12 9.03384E-22 1.55824E-08 7.35360E-09 1.06194E-04 4.48441E-10
 8.71004E-10 3.65276E-09 3.28160E-06 8.03426E-13 2.79158E-04 1.27588E-04 1.74528E-06 2.77329E-09
 9.37582E-10 1.17508E-07 2.45588E-09 1.50307E-09 3.96580E-13 1.50397E-10 3.01232E-12 5.65611E-14
 9.70533E-15 2.12978E-13 5.38862E-08 2.24088E-08 1.34835E-11 1.03136E-09 2.08211E-07 8.06132E-12
 5.84378E-22 4.87829E-23 5.00950E-14 1.12797E-10 1.15687E-12 8.11611E-22 1.47704E-08 8.80188E-09
 1.03818E-04 5.23129E-10 8.64695E-10 3.12220E-09 3.03930E-06 1.07880E-12 2.81579E-04 1.23382E-04
 1.62599E-06 2.35702E-09 9.26333E-10 1.12639E-07 2.53242E-09 1.27054E-09 3.90936E-13 1.18145E-10
 1.97015E-12 4.47565E-14 5.35508E-15 1.66076E-13 5.05873E-08 1.93627E-08 1.69683E-11 1.02374E-09
 2.14563E-07 5.26175E-12 5.55378E-22 5.47149E-23 5.62589E-14 1.07065E-10 1.05751E-12 7.39575E-22
 1.39427E-08 1.04950E-08 1.00981E-04 6.06512E-10 8.62071E-10 2.71529E-09 2.83182E-06 1.45900E-12
 2.84221E-04 1.19154E-04 1.53736E-06 2.01696E-09 9.10041E-10 1.08120E-07 2.57422E-09 1.06429E-09
 3.78375E-13 9.18710E-11 1.29211E-12 3.52776E-14 2.94101E-15 1.30661E-13 4.76512E-08 1.69203E-08
 2.12129E-11 1.01653E-09 2.19947E-07 3.43614E-12 5.29271E-22 6.10394E-23 6.36441E-14 1.02099E-10
 9.59820E-13 6.87124E-22 1.31160E-08 1.24659E-08 9.76901E-05 6.99705E-10 8.64964E-10 2.40819E-09
 2.64846E-06 1.98909E-12 2.87083E-04 1.14891E-04 1.47620E-06 1.73943E-09 8.89509E-10 1.03925E-07
 2.58487E-09 8.85197E-10 3.60358E-13 7.08636E-11 8.51718E-13 2.76975E-14 1.60964E-15 1.03331E-13
 4.50463E-08 1.49625E-08 2.63822E-11 1.00889E-09 2.24513E-07 2.24387E-12 5.07882E-22 6.79446E-23
 7.23734E-14 9.77763E-11 8.67393E-13 6.53958E-22 1.22954E-08 1.47442E-08 9.39086E-05 8.03834E-10
 8.74915E-10 2.18067E-09 2.48078E-06 2.73328E-12 2.90205E-04 1.10527E-04 1.44148E-06 1.51206E-09
 8.65182E-10 9.99797E-08 2.56712E-09 7.32177E-10 3.38103E-13 5.41869E-11 5.64643E-13 2.16378E-14
 8.74508E-16 8.19142E-14 4.27149E-08 1.33822E-08 3.26869E-11 1.00050E-09 2.28428E-07 1.46163E-12
 4.92280E-22 7.56274E-23 8.25370E-14 9.39490E-11 7.81289E-13 6.39971E-22 1.14877E-08 1.73678E-08
 8.96485E-05 9.20713E-10 8.93532E-10 2.02039E-09 2.32507E-06 3.78616E-12 2.93582E-04 1.06065E-04
 1.43558E-06 1.32552E-09 8.37448E-10 9.62795E-08 2.52632E-09 6.03685E-10 3.13376E-13 4.11936E-11
 3.77704E-13 1.68487E-14 4.73224E-16 6.51137E-14 4.06443E-08 1.21222E-08 4.04047E-11 9.91769E-10
 2.31760E-07 9.51861E-13 4.83122E-22 8.43053E-23 9.43047E-14 9.05535E-11 7.02823E-13 6.46165E-22
 1.06924E-08 2.03751E-08 8.49293E-05 1.05224E-09 9.21949E-10 1.91723E-09 2.17953E-06 5.28176E-12
 2.97203E-04 1.01510E-04 1.46296E-06 1.17151E-09 8.06193E-10 9.28217E-08 2.46808E-09 4.97444E-10
 2.87762E-13 3.12322E-11 2.55703E-13 1.31091E-14 2.56246E-16 5.20094E-14 3.88222E-08 1.11391E-08
 4.99035E-11 9.83699E-10 2.34564E-07 6.21842E-13 4.80392E-22 9.41572E-23 1.07961E-13 8.75344E-11
 6.32590E-13 6.74632E-22 9.90538E-09 2.38139E-08 7.97379E-05 1.19970E-09 9.60597E-10 1.86247E-09
 2.04347E-06 7.40811E-12 3.01083E-04 9.68322E-05 1.53069E-06 1.04292E-09 7.71408E-10 8.95784E-08
 2.39701E-09 4.10356E-10 2.62207E-13 2.36455E-11 1.75395E-13 1.02051E-14 1.39070E-16 4.18186E-14
 3.72243E-08 1.03946E-08 6.16509E-11 9.77054E-10 2.36901E-07 4.08267E-13 4.83337E-22 1.05240E-22
 1.23819E-13 8.48224E-11 5.69828E-13 7.28207E-22 9.11603E-09 2.77427E-08 7.40721E-05 1.36304E-09
 1.00869E-09 1.84991E-09 1.91842E-06 1.04157E-11 3.05230E-04 9.20165E-05 1.64893E-06 9.33718E-10
 7.32557E-10 8.65341E-08 2.31764E-09 3.39431E-10 2.37461E-13 1.79046E-11 1.22047E-13 7.96615E-15
 7.58790E-17 3.39963E-14 3.58343E-08 9.86869E-09 7.62602E-11 9.73166E-10 2.38807E-07 2.70377E-13
 4.90246E-22 1.17368E-22 1.42502E-13 8.23666E-11 5.13695E-13 8.11522E-22 8.30595E-09 3.22270E-08
 6.79861E-05 1.54007E-09 1.06374E-09 1.87567E-09 1.80850E-06 1.46078E-11 3.09610E-04 8.70926E-05
 1.82973E-06 8.38794E-10 6.88160E-10 8.37014E-08 2.23485E-09 2.82222E-10 2.14346E-13 1.36162E-11
 8.64276E-14 6.26685E-15 4.20087E-17 2.82298E-14 3.46491E-08 9.56140E-09 9.45983E-11 9.74956E-10
 2.40279E-07 1.82284E-13 4.98245E-22 1.30000E-22 1.65424E-13 8.01434E-11 4.64478E-13 9.33095E-22
 7.44760E-09 3.73376E-08 6.15055E-05 1.72468E-09 1.12116E-09 1.93873E-09 1.71910E-06 2.03004E-11
 3.14209E-04 8.20622E-05 2.08869E-06 7.53578E-10 6.36298E-10 8.10731E-08 2.15199E-09 2.36518E-10
 1.93348E-13 1.04345E-11 6.24973E-14 4.99838E-15 2.38248E-17 2.43319E-14 3.36551E-08 9.48009E-09
 1.17964E-10 9.87121E-10 2.41319E-07 1.26622E-13 5.03459E-22 1.42144E-22 1.95107E-13 7.81167E-11
 4.22714E-13 1.10698E-21 6.50517E-09 4.30941E-08 5.46753E-05 1.90511E-09 1.17354E-09 2.04267E-09
 1.65828E-06 2.76644E-11 3.19004E-04 7.69392E-05 2.44382E-06 6.74145E-10 5.73747E-10 7.86479E-08
 2.07159E-09 2.00974E-10 1.75119E-13 8.09582E-12 4.65089E-14 4.08680E-15 1.40656E-17 2.23790E-14
 3.28390E-08 9.63152E-09 1.48552E-10 1.01892E-09 2.41921E-07 9.24874E-14 5.01402E-22 1.52379E-22
 2.36682E-13 7.62578E-11 3.88924E-13 1.35989E-21 5.46323E-09 4.94540E-08 4.75610E-05 2.06298E-09
 1.21108E-09 2.19596E-09 1.63676E-06 3.64976E-11 3.23953E-04 7.17491E-05 2.91445E-06 5.97786E-10
 4.97920E-10 7.64284E-08 1.99591E-09 1.74663E-10 1.60242E-13 6.38037E-12 3.59648E-14 3.47573E-15
 8.81617E-18 2.25810E-14 3.21855E-08 9.97770E-09 1.89817E-10 1.08295E-09 2.42123E-07 7.24853E-14
 4.87659E-22 1.59047E-22 2.98972E-13 7.45419E-11 3.62817E-13 1.73566E-21 4.39111E-09 5.68154E-08
 4.01697E-05 2.17735E-09 1.22344E-09 2.41224E-09 1.66673E-06 4.65523E-11 3.29060E-04 6.64723E-05
 3.52551E-06 5.23290E-10 4.13687E-10 7.43983E-08 1.92846E-09 1.54575E-10 1.47834E-13 5.06316E-12
 2.86431E-14 3.07084E-15 5.86855E-18 2.45888E-14 3.16702E-08 1.03600E-08 2.44915E-10 1.17905E-09
 2.42105E-07 6.01027E-14 4.57511E-22 1.59882E-22 3.89713E-13 7.29366E-11 3.42229E-13 2.26104E-21
 3.48823E-09 6.67841E-08 3.25065E-05 2.24443E-09 1.20678E-09 2.71817E-09 1.76576E-06 5.87553E-11
 3.34327E-04 6.10891E-05 4.30386E-06 4.48059E-10 3.31632E-10 7.25446E-08 1.87582E-09 1.34780E-10
 1.36242E-13 3.94388E-12 2.24724E-14 2.73304E-15 3.99354E-18 2.64584E-14 3.12682E-08 1.04491E-08
 3.11883E-10 1.27443E-09 2.42256E-07 4.92017E-14 4.07718E-22 1.52415E-22 5.06803E-13 7.14254E-11
 3.24856E-13 2.89113E-21 3.29575E-09 8.31671E-08 2.45553E-05 2.27939E-09 1.16156E-09 3.17872E-09
 1.97727E-06 7.63611E-11 3.39771E-04 5.55691E-05 5.27753E-06 3.60647E-10 2.51296E-10 7.08535E-08
 1.84760E-09 1.06024E-10 1.24592E-13 2.88915E-12 1.58681E-14 2.28087E-15 2.56249E-18 2.34550E-14
 3.09556E-08 9.80161E-09 3.63276E-10 1.25394E-09 2.43185E-07 3.50533E-14 3.41120E-22 1.34234E-22
 6.39087E-13 7.00001E-11 3.10166E-13 3.51443E-21 6.28532E-09 1.12209E-07 1.62665E-05 2.31704E-09
 1.10431E-09 3.93951E-09 2.37585E-06 1.05587E-10 3.45428E-04 4.98657E-05 6.47471E-06 2.51782E-10
 1.57365E-10 6.93087E-08 1.84984E-09 6.23774E-11 1.14818E-13 1.90677E-12 8.93089E-15 1.56029E-15
 1.42915E-18 1.19381E-14 3.07094E-08 8.16607E-09 2.97901E-10 8.59805E-10 2.45526E-07 1.85192E-14
 2.76070E-22 1.08436E-22 7.75128E-13 6.86490E-11 3.00881E-13 4.06985E-21 2.11929E-08 1.55789E-07
 1.02740E-05 2.47313E-09 1.11508E-09 5.23388E-09 2.90400E-06 1.58371E-10 3.51283E-04 4.39882E-05
 7.90304E-06 1.61595E-10 8.57150E-11 6.79099E-08 1.85801E-09 2.87227E-11 1.10249E-13 1.16952E-12
 4.23582E-15 9.00427E-16 7.28344E-19 3.10683E-15 3.05066E-08 6.11239E-09 1.33329E-10 3.17319E-10
 2.48490E-07 7.78988E-15 2.42875E-22 9.11487E-23 8.77828E-13 6.73987E-11 3.02045E-13 4.66670E-21
 6.09187E-08 2.10413E-07 6.73592E-06 2.81000E-09 1.23347E-09 7.35382E-09 3.40919E-06 2.51804E-10
 3.57326E-04 3.79399E-05 9.56027E-06 1.15860E-10 5.72535E-11 6.66495E-08 1.85900E-09 1.76252E-11
 1.11179E-13 7.32044E-13 2.28445E-15 6.32337E-16 3.77614E-19 6.73904E-16 3.03290E-08 4.45611E-09
 5.37528E-11 1.03449E-10 2.50617E-07 3.20810E-15 2.52740E-22 8.76140E-23 9.25591E-13 6.62596E-11
 3.17602E-13 5.44518E-21 1.31673E-07 2.82502E-07 4.93677E-06 3.52402E-09 1.51934E-09 1.06873E-08
 3.90592E-06 4.45888E-10 3.63538E-04 3.17416E-05 1.14248E-05 8.99572E-11 4.10004E-11 6.55145E-08
 1.86583E-09 1.47373E-11 1.22689E-13 4.99208E-13 1.59341E-15 5.71101E-16 2.10716E-19 1.47216E-16
 3.01690E-08 3.32181E-09 2.91313E-11 4.42279E-11 2.51995E-07 1.36259E-15 3.08563E-22 9.76578E-23
 9.00981E-13 6.52381E-11 3.51338E-13 6.53004E-21 2.22121E-07 3.83744E-07 4.25983E-06 4.88889E-09
 2.04087E-09 1.57823E-08 4.42422E-06 8.92057E-10 3.69818E-04 2.54915E-05 1.34368E-05 6.87651E-11
 2.79750E-11 6.44918E-08 1.88204E-09 1.43756E-11 1.48652E-13 3.84929E-13 1.34368E-15 6.12734E-16
 1.33155E-19 3.48468E-17 3.00235E-08 2.59915E-09 2.19437E-11 2.55725E-11 2.52889E-07 6.07705E-16
 4.20664E-22 1.25220E-22 8.33496E-13 6.42999E-11 4.04807E-13 8.11618E-21 3.01666E-07 5.21005E-07
 4.25116E-06 7.26955E-09 2.88085E-09 2.34563E-08 4.89129E-06 1.93816E-09 3.75979E-04 1.93795E-05
 1.54907E-05 4.94421E-11 1.78633E-11 6.35659E-08 1.90635E-09 1.52332E-11 1.91313E-13 3.33830E-13
 1.23580E-15 7.33840E-16 9.89928E-20 9.81128E-18 2.98902E-08 2.17503E-09 2.18231E-11 1.89799E-11
 2.53454E-07 2.90052E-16 6.20863E-22 1.85274E-22 7.76680E-13 6.33918E-11 4.75939E-13 1.06775E-20
 3.41186E-07 6.97293E-07 4.53232E-06 1.09542E-08 4.07725E-09 3.46405E-08 5.19972E-06 4.28237E-09
 3.81625E-04 1.38014E-05 1.74069E-05 3.40001E-11 1.10100E-11 6.27385E-08 1.93639E-09 1.66708E-11
 2.46916E-13 3.08438E-13 1.15484E-15 9.17050E-16 8.52880E-20 3.82125E-18 2.97698E-08 1.96912E-09
 2.63198E-11 1.65920E-11 2.53778E-07 1.53147E-16 9.68750E-22 3.07297E-22 7.73236E-13 6.24971E-11
 5.55939E-13 1.50466E-20 3.35333E-07 9.25457E-07 4.77320E-06 1.58813E-08 5.55112E-09 5.01518E-08
 5.33023E-06 9.17131E-09 3.86367E-04 9.14861E-06 1.90443E-05 2.33738E-11 6.81496E-12 6.20116E-08
 1.97017E-09 1.78332E-11 3.03222E-13 2.80988E-13 1.04068E-15 1.10629E-15 7.82622E-20 2.12835E-18
 2.96631E-08 1.91199E-09 3.50816E-11 1.55321E-11 2.53934E-07 9.07267E-17 1.54759E-21 5.32821E-22
 8.44586E-13 6.16271E-11 6.30777E-13 2.23766E-20 2.96279E-07 1.23356E-06 4.76255E-06 2.15601E-08
 7.12352E-09 7.04887E-08 5.33295E-06 1.86893E-08 3.90018E-04 5.61111E-06 2.04152E-05 1.64019E-11
 4.26664E-12 6.13797E-08 2.00638E-09 1.79832E-11 3.44643E-13 2.38136E-13 8.76895E-16 1.21168E-15
 6.98390E-20 1.43968E-18 2.95696E-08 1.94119E-09 4.85873E-11 1.46441E-11 2.53985E-07 5.85587E-17
 2.45462E-21 9.08084E-22 1.00388E-12 6.07899E-11 6.86974E-13 3.41282E-20 2.40399E-07 1.66341E-06
 4.44902E-06 2.72420E-08 8.58857E-09 9.53889E-08 5.26242E-06 3.62011E-08 3.92588E-04 3.17884E-06
 2.16843E-05 1.16503E-11 2.65583E-12 6.08404E-08 2.04335E-09 1.68934E-11 3.59905E-13 1.83166E-13
 6.84737E-16 1.17020E-15 5.77144E-20 1.01488E-18 2.94891E-08 2.00516E-09 6.79159E-11 1.35592E-11
 2.53984E-07 3.92549E-17 3.79062E-21 1.48029E-21 1.27113E-12 5.99790E-11 7.15970E-13 5.20941E-20
 1.81901E-07 2.27075E-06 3.91845E-06 3.22523E-08 9.79221E-09 1.23475E-07 5.14945E-06 6.71378E-08
 3.94250E-04 1.67362E-06 2.31015E-05 8.24691E-12 1.61526E-12 6.03963E-08 2.07863E-09 1.48541E-11
 3.47012E-13 1.28005E-13 4.98083E-16 9.98606E-16 4.40084E-20 6.97944E-19 2.94216E-08 2.06585E-09
 9.47568E-11 1.22586E-11 2.53965E-07 2.64072E-17 5.66114E-21 2.31437E-21 1.67758E-12 5.91667E-11
 7.17132E-13 7.83748E-20 1.30357E-07 3.12845E-06 3.31544E-06 3.62892E-08 1.06864E-08 1.52256E-07
 5.00052E-06 1.20667E-07 3.95259E-04 8.29284E-07 2.49145E-05 5.80268E-12 9.58874E-13 6.00496E-08
 2.10962E-09 1.23964E-11 3.12720E-13 8.23583E-14 3.41502E-16 7.70053E-16 3.18275E-20 4.57223E-19
 2.93678E-08 2.10090E-09 1.31303E-10 1.08224E-11 2.53949E-07 1.76326E-17 8.15839E-21 3.53675E-21
 2.26122E-12 5.83047E-11 6.97529E-13 1.15273E-19 9.27910E-08 4.35340E-06 2.77816E-06 3.96322E-08
 1.13616E-08 1.77555E-07 4.82978E-06 2.14875E-07 3.95837E-04 4.04779E-07 2.72859E-05 4.20162E-12
 5.75447E-13 5.98070E-08 2.13348E-09 9.96591E-12 2.68103E-13 4.96484E-14 2.22695E-16 5.53536E-16
 2.30964E-20 2.78248E-19 2.93287E-08 2.10152E-09 1.75662E-10 9.11220E-12 2.53944E-07 1.19494E-17
 1.11375E-20 5.40926E-21 3.04925E-12 5.73498E-11 6.69173E-13 1.65250E-19 7.60150E-08 6.65708E-06
 2.39541E-06 4.10335E-08 1.13837E-08 1.92915E-07 4.84690E-06 3.98846E-07 3.96117E-04 2.30092E-07
 3.02987E-05 3.52447E-12 4.04808E-13 5.96773E-08 2.14851E-09 6.88065E-12 2.16616E-13 2.85943E-14
 1.28304E-16 3.47164E-16 1.84243E-20 1.58684E-19 2.93067E-08 2.07434E-09 2.02626E-10 6.30580E-12
 2.53970E-07 8.92148E-18 1.35146E-20 7.72510E-21 4.15249E-12 5.61728E-11 6.45743E-13 2.25417E-19
 2.86708E+02 2.83193E+02 2.79508E+02 2.75643E+02 2.71739E+02 2.67770E+02 2.63503E+02 2.58817E+02
 2.53725E+02 2.48336E+02 2.43605E+02 2.40584E+02 2.38262E+02 2.36159E+02 2.34393E+02 2.33037E+02
 2.32141E+02 2.31602E+02 2.30923E+02 2.29994E+02 2.28983E+02 2.28015E+02 2.27179E+02 2.26502E+02
 2.25779E+02 2.25053E+02 2.24429E+02 2.23843E+02 2.23330E+02 2.22906E+02 2.22579E+02 2.22329E+02
 2.22159E+02 2.22069E+02 2.22060E+02 2.22128E+02 2.22236E+02 2.22316E+02 2.22319E+02 2.22203E+02
 2.21950E+02 2.21561E+02 2.21064E+02 2.20527E+02 2.20061E+02 2.19764E+02 2.19541E+02 2.19331E+02
 2.19131E+02 2.18927E+02 2.18703E+02 2.18464E+02 2.18227E+02 2.18018E+02 2.17873E+02 2.17825E+02
 2.17891E+02 2.18076E+02 2.18372E+02 2.18753E+02 2.19157E+02 2.19506E+02 2.19778E+02 2.19974E+02
 2.20086E+02 2.20161E+02 2.20185E+02 2.20065E+02 2.19769E+02 2.19299E+02 2.18635E+02 2.17783E+02
 2.16787E+02 2.15694E+02 2.14539E+02 2.13339E+02 2.12074E+02 2.10729E+02 2.09239E+02 2.07453E+02
 2.05149E+02 2.01932E+02 1.97292E+02 1.91174E+02 1.84267E+02 1.77467E+02 1.70918E+02 1.64611E+02
 1.58536E+02 1.52686E+02 1.47052E+02 1.41625E+02 1.36399E+02 1.31365E+02 1.26518E+02 1.21849E+02
 1.17352E+02 1.13022E+02 1.08851E+02 1.04834E+02 1.00000E+05 1.00000E+05 1.00000E+05 1.00000E+05
 1.00000E+05 1.00000E+05 1.00000E+05 1.00000E+05 1.00000E+05 1.00000E+05 1.00000E+05 1.00000E+05
 1.00000E+05 1.00000E+05 9.09729E+04 8.41600E+04 4.31182E+04 2.81176E+04 1.10789E+04 1.07794E+04
 8.14129E+03 5.01355E+03 5.13844E+03 4.58637E+03 4.02185E+03 3.96645E+03 3.74710E+03 3.88790E+03
 3.98782E+03 4.05169E+03 4.40403E+03 4.75511E+03 5.07834E+03 5.50618E+03 6.00603E+03 6.48861E+03
 7.07708E+03 7.69348E+03 8.30510E+03 8.96984E+03 9.61629E+03 1.03163E+04 1.11792E+04 1.19856E+04
 1.27437E+04 1.34645E+04 1.42000E+04 1.53477E+04 1.63629E+04 1.73694E+04 1.83002E+04 1.94865E+04
 2.06477E+04 2.20123E+04 2.36134E+04 2.52069E+04 2.73144E+04 2.92563E+04 3.11858E+04 3.35471E+04
 3.57923E+04 3.86615E+04 4.12403E+04 4.38210E+04 4.69358E+04 5.05842E+04 5.41197E+04 5.87140E+04
 6.25960E+04 6.64992E+04 7.12485E+04 7.57066E+04 8.22416E+04 8.72640E+04 9.24318E+04 9.87487E+04
 1.05444E+05 1.11915E+05 1.19382E+05 1.28865E+05 1.37897E+05 1.49631E+05 1.61002E+05 1.72292E+05
 1.83582E+05 1.95534E+05 2.07469E+05 2.24448E+05 2.39803E+05 2.58635E+05 2.74377E+05 2.90506E+05
 3.12287E+05 3.35873E+05 3.58518E+05 3.83723E+05 4.11642E+05 4.38997E+05 4.74110E+05 5.03395E+05
 2.45360E+19 2.28141E+19 2.12064E+19 1.97056E+19 1.82950E+19 1.69713E+19 1.57430E+19 1.46086E+19
 1.35584E+19 1.25792E+19 1.16219E+19 1.06485E+19 9.71902E+18 8.85511E+18 8.05045E+18 7.30164E+18
 6.60638E+18 5.96644E+18 5.39043E+18 4.87370E+18 4.40630E+18 3.98133E+18 3.59391E+18 3.24087E+18
 2.92225E+18 2.63418E+18 2.37274E+18 2.13634E+18 1.92241E+18 1.72886E+18 1.55390E+18 1.39599E+18
 1.25358E+18 1.12525E+18 1.00970E+18 9.05722E+17 8.12362E+17 7.28771E+17 6.54037E+17 5.87278E+17
 5.27625E+17 4.74260E+17 4.26419E+17 3.83388E+17 3.44512E+17 3.09292E+17 2.77549E+17 2.49029E+17
 2.23413E+17 2.00419E+17 1.79794E+17 1.61288E+17 1.44671E+17 1.29739E+17 1.16306E+17 1.04216E+17
 9.33356E+16 8.35530E+16 7.47688E+16 6.68952E+16 5.98578E+16 5.35856E+16 4.79962E+16 4.30107E+16
 3.85617E+16 3.45812E+16 3.10202E+16 2.78442E+16 2.50114E+16 2.24810E+16 2.02192E+16 1.81945E+16
 1.63765E+16 1.47396E+16 1.32631E+16 1.19305E+16 1.07287E+16 9.64551E+15 8.67168E+15 7.80089E+15
 7.02799E+15 6.35132E+15 5.76952E+15 5.26716E+15 4.81371E+15 4.38184E+15 3.96877E+15 3.57599E+15
 3.20472E+15 2.85594E+15 2.53035E+15 2.22837E+15 1.95016E+15 1.69561E+15 1.46435E+15 1.25579E+15
 1.06912E+15 9.03340E+14 7.57298E+14 6.29715E+14 8.48484E-14 9.58047E-14 1.19328E-13 1.55579E-13
 2.02972E-13 2.61225E-13 3.30432E-13 4.10862E-13 5.03150E-13 6.08556E-13 7.29149E-13 8.67744E-13
 1.02731E-12 1.21053E-12 1.42961E-12 1.69987E-12 2.14112E-12 2.97709E-12 4.78110E-12 7.95551E-12
 1.19761E-11 1.83506E-11 2.69659E-11 3.65734E-11 4.80646E-11 6.09949E-11 7.48454E-11 8.91174E-11
 1.03023E-10 1.16485E-10 1.28890E-10 1.39720E-10 1.48991E-10 1.56616E-10 1.62502E-10 1.66692E-10
 1.69249E-10 1.70249E-10 1.69798E-10 1.67990E-10 1.64910E-10 1.60638E-10 1.55289E-10 1.48955E-10
 1.41656E-10 1.33408E-10 1.24242E-10 1.14326E-10 1.03781E-10 9.25748E-11 8.03945E-11 6.93366E-11
 5.93215E-11 5.03741E-11 4.24848E-11 3.55437E-11 2.95672E-11 2.43952E-11 1.99365E-11 1.61622E-11
 1.29710E-11 1.03304E-11 8.13868E-12 6.33394E-12 4.87687E-12 3.71963E-12 2.80362E-12 2.09596E-12
 1.54580E-12 1.12279E-12 8.04889E-13 5.67503E-13 3.96356E-13 2.71706E-13 1.82474E-13 1.20327E-13
 7.78046E-14 4.91355E-14 3.03344E-14 1.83935E-14 1.08964E-14 6.34935E-15 3.62148E-15 2.01700E-15
 1.09377E-15 5.76633E-16 2.93997E-16 1.47632E-16 7.44431E-17 3.92514E-17 1.92197E-17 8.60080E-18
 3.50152E-18 1.27294E-18 3.97899E-19 9.82825E-20 1.78212E-20 2.12518E-21 1.55903E-22 6.06500E-24
 1.89468E-01 1.67309E-01 1.68307E-01 1.79425E-01 2.01983E-01 2.25330E-01 2.49554E-01 2.74718E-01
 2.98723E-01 3.23365E-01 3.45406E-01 3.70506E-01 3.91389E-01 4.12057E-01 4.34349E-01 4.56965E-01
 5.04012E-01 6.21566E-01 8.96998E-01 1.34859E+00 1.83691E+00 2.54420E+00 3.37506E+00 4.11915E+00
 4.87481E+00 5.57011E+00 6.14416E+00 6.57095E+00 6.81236E+00 6.89908E+00 6.82682E+00 6.60921E+00
 6.28574E+00 5.88546E+00 5.43263E+00 4.95195E+00 4.46905E+00 3.99983E+00 3.55386E+00 3.13795E+00
 2.75469E+00 2.40415E+00 2.08520E+00 1.79520E+00 1.53041E+00 1.28959E+00 1.07355E+00 8.82854E-01
 7.16104E-01 5.70780E-01 4.43014E-01 3.41534E-01 2.61167E-01 1.98136E-01 1.49181E-01 1.11298E-01
 8.24462E-02 6.04917E-02 4.39075E-02 3.16221E-02 2.25606E-02 1.59849E-02 1.12143E-02 7.77848E-03
 5.34272E-03 3.63636E-03 2.44693E-03 1.63534E-03 1.08028E-03 7.03966E-04 4.53402E-04 2.87589E-04
 1.80836E-04 1.11635E-04 6.75100E-05 4.00786E-05 2.33253E-05 1.32562E-05 7.37054E-06 4.03402E-06
 2.16596E-06 1.15420E-06 6.10694E-07 3.23272E-07 1.70153E-07 8.84960E-08 4.50737E-08 2.39359E-08
 1.60284E-08 2.43696E-08 1.05723E-08 4.16649E-09 1.48447E-09 4.69223E-10 1.19201E-10 1.60439E-11
 1.69911E-12 1.25880E-13 6.31794E-15 1.81482E-16 1.00000E-12 1.00000E-12 1.00000E-12 1.00000E-12
 1.00000E-12 1.00000E-12 1.00000E-12 1.00000E-12 1.00000E-12 1.00000E-12 1.00000E-12 1.00000E-12
 1.00000E-12 1.00000E-12 1.00000E-12 1.00000E-12 1.00000E-12 1.00000E-12 1.00000E-12 1.00000E-12
 1.00000E-12 1.00000E-12 1.00000E-12 1.00000E-12 1.00000E-12 1.00000E-12 1.00000E-12 1.00000E-12
 1.00000E-12 1.00000E-12 1.00000E-12 1.00000E-12 1.00000E-12 1.00000E-12 1.00000E-12 1.00000E-12
 1.00000E-12 1.00000E-12 1.00000E-12 1.00000E-12 1.00000E-12 1.00000E-12 1.00000E-12 1.00000E-12
 1.00000E-12 1.00000E-12 1.00000E-12 1.00000E-12 1.00000E-12 1.00000E-12 1.00000E-12 1.00000E-12
 1.00000E-12 1.00000E-12 1.00000E-12 1.00000E-12 1.00000E-12 1.00000E-12 1.00000E-12 1.00000E-12
 1.00000E-12 1.00000E-12 1.00000E-12 1.00000E-12 1.00000E-12 1.00000E-12 1.00000E-12 1.00000E-12
 1.00000E-12 1.00000E-12 1.00000E-12 1.00000E-12 1.00000E-12 1.00000E-12 1.00000E-12 1.00000E-12
 1.00000E-12 1.00000E-12 1.00000E-12 1.00000E-12 1.00000E-12 1.00000E-12 1.00000E-12 1.00000E-12
 1.00000E-12 1.00000E-12 1.00000E-12 1.00000E-12 1.00000E-12 1.00000E-12 1.00000E-12 1.00000E-12
 1.00000E-12 1.00000E-12 1.00000E-12 1.00000E-12 1.00000E-12 1.00000E-12 1.00000E-12 1.00000E-12
 1.00000E-12 1.00000E-12 1.00000E-12 1.00000E-12 1.00000E-12 1.00000E-12 1.00000E-12 1.00000E-12
 1.00000E-12 1.00000E-12 1.00000E-12 1.00000E-12 1.00000E-12 1.00000E-12 1.00000E-12 1.00000E-12
 1.00000E-12 1.00000E-12 1.00000E-12 1.00000E-12 1.00000E-12 1.00000E-12 1.00000E-12 1.00000E-12
 1.00000E-12 1.00000E-12 1.00000E-12 1.00000E-12 1.00000E-12 1.00000E-12 1.00000E-12 1.00000E-12
 1.00000E-12 1.00000E-12 1.00000E-12 1.00000E-12 1.00000E-12 1.00000E-12 1.00000E-12 1.00000E-12
 1.00000E-12 1.00000E-12 1.00000E-12 1.00000E-12 1.00000E-12 1.00000E-12 1.00000E-12 1.00000E-12
 1.00000E-12 1.00000E-12 1.00000E-12 1.00000E-12 1.00000E-12 1.00000E-12 1.00000E-12 1.00000E-12
 1.00000E-12 1.00000E-12 1.00000E-12 1.00000E-12 1.00000E-12 1.00000E-12 1.00000E-12 1.00000E-12
 1.00000E-12 1.00000E-12 1.00000E-12 1.00000E-12 1.00000E-12 1.00000E-12 1.00000E-12 1.00000E-12
 1.00000E-12 1.00000E-12 1.00000E-12 1.00000E-12 1.00000E-12 1.00000E-12 1.00000E-12 1.00000E-12
 1.00000E-12 1.00000E-12 1.00000E-12 1.00000E-12 1.00000E-12 1.00000E-12 1.00000E-12 1.00000E-12
 1.00000E-12 1.00000E-12 1.00000E-12 1.00000E-12 1.00000E-12 1.00000E-12 1.00000E-12 1.00000E-12
 1.00000E-12 1.00000E-12 1.00000E-12 1.00000E-12 2.74558E-04 2.96616E-04 3.20538E-04 3.47439E-04
 3.73608E-04 4.02700E-04 4.34572E-04 4.69369E-04 5.08476E-04 5.51631E-04 6.00335E-04 6.51071E-04
 7.09204E-04 7.73830E-04 8.46082E-04 9.29034E-04 1.02489E-03 1.12736E-03 1.23703E-03 1.35748E-03
 1.49127E-03 1.64088E-03 1.80811E-03 1.99623E-03 2.20576E-03 2.43966E-03 2.70174E-03 2.99494E-03
 3.32366E-03 3.69181E-03 4.10458E-03 4.56729E-03 5.08604E-03 5.66758E-03 6.31951E-03 7.05026E-03
 7.86596E-03 8.77490E-03 9.78730E-03 1.09133E-02 1.21650E-02 1.35567E-02 1.51060E-02 1.68355E-02
 1.87739E-02 2.09486E-02 2.33841E-02 2.61075E-02 2.91529E-02 3.25572E-02 3.63610E-02 4.06123E-02
 4.53669E-02 5.06887E-02 5.66493E-02 6.33304E-02 7.08245E-02 7.92300E-02 8.86532E-02 9.91670E-02
 1.10885E-01 1.23949E-01 1.38508E-01 1.54734E-01 1.72815E-01 1.92990E-01 2.15497E-01 2.40561E-01
 2.68431E-01 2.99454E-01 3.34036E-01 3.72624E-01 4.15765E-01 4.64087E-01 5.18286E-01 5.79134E-01
 6.47531E-01 7.24484E-01 8.10958E-01 9.08011E-01 1.01687E+00 1.13821E+00 1.27320E+00 1.42025E+00
 1.58239E+00 1.76305E+00 1.96844E+00 2.17761E+00 2.31254E+00 2.33153E+00 2.75944E+00 3.29000E+00
 3.95267E+00 4.78672E+00 5.87206E+00 7.55746E+00 9.89945E+00 1.31485E+01 1.74444E+01 2.30193E+01
 1.00000E+00 1.00000E+00 1.00000E+00 1.00000E+00 1.00000E+00 1.00000E+00 1.00000E+00 1.00000E+00
 1.00000E+00 1.00000E+00 1.00000E+00 1.00000E+00 1.00000E+00 1.00000E+00 1.00000E+00 1.00000E+00
 1.00000E+00 1.00000E+00 1.00000E+00 1.00000E+00 1.00000E+00 1.00000E+00 1.00000E+00 1.00000E+00
 1.00000E+00 1.00000E+00 1.00000E+00 1.00000E+00 1.00000E+00 1.00000E+00 1.00000E+00 1.00000E+00
 1.00000E+00 1.00000E+00 1.00000E+00 1.00000E+00 1.00000E+00 1.00000E+00 1.00000E+00 1.00000E+00
 1.00000E+00 1.00000E+00 1.00000E+00 1.00000E+00 1.00000E+00 1.00000E+00 1.00000E+00 1.00000E+00
 1.00000E+00 1.00000E+00 1.00000E+00 1.00000E+00 1.00000E+00 1.00000E+00 1.00000E+00 1.00000E+00
 1.00000E+00 1.00000E+00 1.00000E+00 1.00000E+00 1.00000E+00 1.00000E+00 1.00000E+00 1.00000E+00
 1.00000E+00 1.00000E+00 1.00000E+00 1.00000E+00 1.00000E+00 1.00000E+00 1.00000E+00 1.00000E+00
 1.00000E+00 1.00000E+00 1.00000E+00 1.00000E+00 1.00000E+00 1.00000E+00 1.00000E+00 1.00000E+00
 1.00000E+00 1.00000E+00 1.00000E+00 1.00000E+00 1.00000E+00 1.00000E+00 1.00000E+00 1.00000E+00
 1.00000E+00 1.00000E+00 1.00000E+00 1.00000E+00 1.00000E+00 1.00000E+00 1.00000E+00 1.00000E+00
 1.00000E+00 1.00000E+00 1.00000E+00 1.00000E+00 1.00000E+00 1.00000E+00 1.00000E+00 1.00000E+00
 1.00000E+00 1.00000E+00 1.00000E+00 1.00000E+00 1.00000E+00 1.00000E+00 1.00000E+00 1.00000E+00
 1.00000E+00 1.00000E+00 1.00000E+00 1.00000E+00 1.00000E+00 1.00000E+00 1.00000E+00 1.00000E+00
 1.00000E+00 1.00000E+00 1.00000E+00 1.00000E+00 1.00000E+00 1.00000E+00 1.00000E+00 1.00000E+00
 1.00000E+00 1.00000E+00 1.00000E+00 1.00000E+00 1.00000E+00 1.00000E+00 1.00000E+00 1.00000E+00
 1.00000E+00 1.00000E+00 1.00000E+00 1.00000E+00 1.00000E+00 1.00000E+00 1.00000E+00 1.00000E+00
 1.00000E+00 1.00000E+00 1.00000E+00 1.00000E+00 1.00000E+00 1.00000E+00 1.00000E+00 1.00000E+00
 1.00000E+00 1.00000E+00 1.00000E+00 1.00000E+00 1.00000E+00 1.00000E+00 1.00000E+00 1.00000E+00
 1.00000E+00 1.00000E+00 1.00000E+00 1.00000E+00 1.00000E+00 1.00000E+00 1.00000E+00 1.00000E+00
 1.00000E+00 1.00000E+00 1.00000E+00 1.00000E+00 1.00000E+00 1.00000E+00 1.00000E+00 1.00000E+00
 1.00000E+00 1.00000E+00 1.00000E+00 1.00000E+00 1.00000E+00 1.00000E+00 1.00000E+00 1.00000E+00
 1.00000E+00 1.00000E+00 1.00000E+00 1.00000E+00 1.00000E+00 1.00000E+00 1.00000E+00 1.00000E+00
 1.00000E+00 1.00000E+00 1.00000E+00 1.00000E+00 1.00000E+00 1.00000E+00 1.00000E+00 1.00000E+00
 1.00000E-05 1.00000E-05 1.00000E-05 1.00000E-05 1.00000E-05 1.00000E-05 1.00000E-05 1.00000E-05
 1.00000E-05 1.00000E-05 1.00000E-05 1.00000E-05 1.00000E-05 1.00000E-05 1.00000E-05 1.00000E-05
 1.00000E-05 1.00000E-05 1.00000E-05 1.00000E-05 1.00000E-05 1.00000E-05 1.00000E-05 1.00000E-05
 1.00000E-05 1.00000E-05 1.00000E-05 1.00000E-05 1.00000E-05 1.00000E-05 1.00000E-05 1.00000E-05
 1.00000E-05 1.00000E-05 1.00000E-05 1.00000E-05 1.00000E-05 1.00000E-05 1.00000E-05 1.00000E-05
 1.00000E-05 1.00000E-05 1.00000E-05 1.00000E-05 1.00000E-05 1.00000E-05 1.00000E-05 1.00000E-05
 1.00000E-05 1.00000E-05 1.00000E-05 1.00000E-05 1.00000E-05 1.00000E-05 1.00000E-05 1.00000E-05
 1.00000E-05 1.00000E-05 1.00000E-05 1.00000E-05 1.00000E-05 1.00000E-05 1.00000E-05 1.00000E-05
 1.00000E-05 1.00000E-05 1.00000E-05 1.00000E-05 1.00000E-05 1.00000E-05 1.00000E-05 1.00000E-05
 1.00000E-05 1.00000E-05 1.00000E-05 1.00000E-05 1.00000E-05 1.00000E-05 1.00000E-05 1.00000E-05
 1.00000E-05 1.00000E-05 1.00000E-05 1.00000E-05 1.00000E-05 1.00000E-05 1.00000E-05 1.00000E-05
 1.00000E-05 1.00000E-05 1.00000E-05 1.00000E-05 1.00000E-05 1.00000E-05 1.00000E-05 1.00000E-05
 1.00000E-05 1.00000E-05 1.00000E-05 1.00000E-05 1.00000E-09 1.00000E-09 1.00000E-09 1.00000E-09
 1.00000E-09 1.00000E-09 1.00000E-09 1.00000E-09 1.00000E-09 1.00000E-09 1.00000E-09 1.00000E-09
 1.00000E-09 1.00000E-09 1.00000E-09 1.00000E-09 1.00000E-09 1.00000E-09 1.00000E-09 1.00000E-09
 1.00000E-09 1.00000E-09 1.00000E-09 1.00000E-09 1.00000E-09 1.00000E-09 1.00000E-09 1.00000E-09
 1.00000E-09 1.00000E-09 1.00000E-09 1.00000E-09 1.00000E-09 1.00000E-09 1.00000E-09 1.00000E-09
 1.00000E-09 1.00000E-09 1.00000E-09 1.00000E-09 1.00000E-09 1.00000E-09 1.00000E-09 1.00000E-09
 1.00000E-09 1.00000E-09 1.00000E-09 1.00000E-09 1.00000E-09 1.00000E-09 1.00000E-09 1.00000E-09
 1.00000E-09 1.00000E-09 1.00000E-09 1.00000E-09 1.00000E-09 1.00000E-09 1.00000E-09 1.00000E-09
 1.00000E-09 1.00000E-09 1.00000E-09 1.00000E-09 1.00000E-09 1.00000E-09 1.00000E-09 1.00000E-09
 1.00000E-09 1.00000E-09 1.00000E-09 1.00000E-09 1.00000E-09 1.00000E-09 1.00000E-09 1.00000E-09
 1.00000E-09 1.00000E-09 1.00000E-09 1.00000E-09 1.00000E-09 1.00000E-09 1.00000E-09 1.00000E-09
 1.00000E-09 1.00000E-09 1.00000E-09 1.00000E-09 1.00000E-09 1.00000E-09 1.00000E-09 1.00000E-09
 1.00000E-09 1.00000E-09 1.00000E-09 1.00000E-09 1.00000E-09 1.00000E-09 1.00000E-09 1.00000E-09
 1.00000E-09 1.00000E-09 1.00000E-09 1.00000E-09 1.00000E-09 1.00000E-09 1.00000E-09 1.00000E-09
 1.00000E-09 1.00000E-09 1.00000E-09 1.00000E-09 1.00000E-09 1.00000E-09 1.00000E-09 1.00000E-09
 1.00000E-09 1.00000E-09 1.00000E-09 1.00000E-09 1.00000E-09 1.00000E-09 1.00000E-09 1.00000E-09
 1.00000E-09 1.00000E-09 1.00000E-09 1.00000E-09 1.00000E-09 1.00000E-09 1.00000E-09 1.00000E-09
 1.00000E-09 1.00000E-09 1.00000E-09 1.00000E-09 1.00000E-09 1.00000E-09 1.00000E-09 1.00000E-09
 1.00000E-09 1.00000E-09 1.00000E-09 1.00000E-09 1.00000E-09 1.00000E-09 1.00000E-09 1.00000E-09
 1.00000E-09 1.00000E-09 1.00000E-09 1.00000E-09 1.00000E-09 1.00000E-09 1.00000E-09 1.00000E-09
 1.00000E-09 1.00000E-09 1.00000E-09 1.00000E-09 1.00000E-09 1.00000E-09 1.00000E-09 1.00000E-09
 1.00000E-09 1.00000E-09 1.00000E-09 1.00000E-09 1.00000E-09 1.00000E-09 1.00000E-09 1.00000E-09
 1.00000E-09 1.00000E-09 1.00000E-09 1.00000E-09 1.00000E-09 1.00000E-09 1.00000E-09 1.00000E-09
 1.00000E-09 1.00000E-09 1.00000E-09 1.00000E-09 1.00000E-09 1.00000E-09 1.00000E-09 1.00000E-09
 1.00000E-09 1.00000E-09 1.00000E-09 1.00000E-09 1.00000E-09 1.00000E-09 1.00000E-09 1.00000E-09
 1.00000E-09 1.00000E-09 1.00000E-09 1.00000E-09
