 5.68509E-11 3.09576E-18 2.82063E-02 1.55443E-18 1.40607E-12 8.84234E-11 6.62433E-09 2.28659E-22
 1.89355E-05 5.12323E-04 1.49035E-04 2.47998E-11 2.23678E-13 8.44348E-07 2.17413E-12 1.68810E-10
 2.17495E-19 1.16740E-10 6.08104E-14 4.17630E-14 1.10375E-15 1.65853E-33 4.82803E-07 1.82773E-17
 6.36870E-22 1.24503E-19 4.10832E-12 2.15313E-15 6.94863E-10 4.30596E-20 1.88096E-22 7.01630E-11
 1.75588E-16 3.91560E-14 6.66862E-11 3.79010E-18 2.41549E-02 1.96212E-18 1.53840E-12 1.05068E-10
 7.11832E-09 2.95972E-22 1.89356E-05 5.12319E-04 1.49028E-04 2.92130E-11 2.31041E-13 8.44327E-07
 2.64493E-12 1.91477E-10 3.04700E-19 1.57513E-10 9.57458E-14 4.26140E-14 1.53020E-15 2.87645E-33
 4.82793E-07 2.44989E-17 8.09797E-22 1.50646E-19 6.01878E-12 2.89298E-15 7.04064E-10 5.35098E-20
 2.50673E-22 1.16753E-10 3.27757E-16 6.74429E-14 7.96546E-11 4.64683E-18 2.07028E-02 2.41485E-18
 1.63260E-12 1.28485E-10 7.66457E-09 3.74102E-22 1.89357E-05 5.12315E-04 1.49021E-04 3.52691E-11
 2.30697E-13 8.44305E-07 3.18368E-12 2.14838E-10 4.11752E-19 2.03951E-10 1.46241E-13 4.30796E-14
 2.08097E-15 4.89983E-33 4.82782E-07 3.09027E-17 1.00422E-21 1.79885E-19 8.74468E-12 3.65373E-15
 7.13153E-10 6.47536E-20 3.26300E-22 1.65846E-10 5.29434E-16 9.94732E-14 9.53405E-11 5.70141E-18
 1.75255E-02 2.93609E-18 1.71561E-12 1.58662E-10 8.26234E-09 4.67818E-22 1.89359E-05 5.12310E-04
 1.49013E-04 4.29752E-11 2.28535E-13 8.44281E-07 3.79643E-12 2.39066E-10 5.44377E-19 2.55829E-10
 2.21833E-13 4.32369E-14 2.81586E-15 8.36079E-33 4.82771E-07 3.75790E-17 1.23062E-21 2.14059E-19
 1.24605E-11 4.43342E-15 7.22068E-10 7.73029E-20 4.20362E-22 2.18244E-10 7.84758E-16 1.35878E-13
 1.12257E-10 6.99388E-18 1.48050E-02 3.54626E-18 1.79324E-12 1.93189E-10 8.91011E-09 5.81861E-22
 1.89360E-05 5.12305E-04 1.49005E-04 5.17224E-11 2.25306E-13 8.44256E-07 4.49137E-12 2.64015E-10
 7.08859E-19 3.08148E-10 3.36718E-13 4.30267E-14 3.76134E-15 1.44236E-32 4.82758E-07 4.46342E-17
 1.49860E-21 2.54791E-19 1.71420E-11 5.22889E-15 7.30740E-10 9.15543E-20 5.39298E-22 2.73347E-10
 1.07150E-15 1.76541E-13 1.29483E-10 8.57150E-18 1.23461E-02 4.23815E-18 1.85919E-12 2.31141E-10
 9.60546E-09 7.16935E-22 1.89361E-05 5.12300E-04 1.48996E-04 6.12972E-11 2.20380E-13 8.44229E-07
 5.27546E-12 2.89195E-10 9.06443E-19 3.57935E-10 5.10102E-13 4.24158E-14 4.99357E-15 2.49573E-32
 4.82745E-07 5.21814E-17 1.80641E-21 3.02053E-19 2.28470E-11 6.03508E-15 7.39089E-10 1.07187E-19
 6.86737E-22 3.30349E-10 1.39146E-15 2.21178E-13 1.46360E-10 1.04860E-17 1.02389E-02 5.02487E-18
 1.91773E-12 2.72237E-10 1.03452E-08 8.77240E-22 1.89362E-05 5.12294E-04 1.48986E-04 7.16649E-11
 2.14360E-13 8.44199E-07 6.14553E-12 3.13611E-10 1.14007E-18 4.03110E-10 7.74235E-13 4.12994E-14
 6.52185E-15 4.36962E-32 4.82731E-07 6.03595E-17 2.16112E-21 3.57838E-19 2.96727E-11 6.84524E-15
 7.47021E-10 1.24434E-19 8.71241E-22 3.88243E-10 1.73612E-15 2.69367E-13 1.62375E-10 1.27959E-17
 8.37946E-03 5.88762E-18 1.96522E-12 3.16536E-10 1.11252E-08 1.06179E-21 1.89364E-05 5.12288E-04
 1.48976E-04 8.28855E-11 2.07023E-13 8.44168E-07 7.08575E-12 3.35626E-10 1.40226E-18 4.42196E-10
 1.17397E-12 3.96015E-14 8.38100E-15 7.72569E-32 4.82716E-07 6.93282E-17 2.55640E-21 4.22936E-19
 3.77433E-11 7.65062E-15 7.54432E-10 1.42804E-19 1.09838E-21 4.45795E-10 2.08545E-15 3.20526E-13
 1.77129E-10 1.55615E-17 6.79793E-03 6.81225E-18 2.00516E-12 3.64346E-10 1.19413E-08 1.27009E-21
 1.89366E-05 5.12282E-04 1.48966E-04 9.50874E-11 1.98893E-13 8.44134E-07 8.05304E-12 3.52746E-10
 1.67843E-18 4.74351E-10 1.78008E-12 3.72121E-14 1.04588E-14 1.39169E-31 4.82700E-07 7.92857E-17
 2.98798E-21 5.00205E-19 4.72062E-11 8.44119E-15 7.61202E-10 1.62062E-19 1.37769E-21 5.01510E-10
 2.42590E-15 3.73944E-13 1.90331E-10 1.88475E-17 5.43436E-03 7.70514E-18 2.03613E-12 4.16134E-10
 1.27890E-08 1.48629E-21 1.89367E-05 5.12275E-04 1.48954E-04 1.08441E-10 1.90217E-13 8.44097E-07
 8.91184E-12 3.61488E-10 1.91335E-18 4.99441E-10 2.68602E-12 3.40839E-14 1.25814E-14 1.84246E-30
 4.82683E-07 9.04653E-17 3.41644E-21 5.90361E-19 5.82294E-11 9.20634E-15 7.67194E-10 1.80313E-19
 1.70605E-21 5.53616E-10 2.73660E-15 4.28812E-13 2.01889E-10 2.27595E-17 4.24127E-03 8.57799E-18
 2.06017E-12 4.72487E-10 1.36602E-08 1.71437E-21 1.89369E-05 5.12267E-04 1.48942E-04 1.23142E-10
 1.81182E-13 8.44058E-07 9.70532E-12 3.63157E-10 2.11103E-18 5.18132E-10 4.01935E-12 3.05843E-14
 1.48379E-14 4.69708E-31 4.82664E-07 1.03163E-16 3.84684E-21 6.95843E-19 7.09995E-11 9.93790E-15
 7.72253E-10 1.97902E-19 2.09443E-21 6.00067E-10 3.00738E-15 4.84354E-13 2.11818E-10 2.74408E-17
 3.25322E-03 9.52143E-18 2.10062E-12 5.34046E-10 1.45470E-08 1.97582E-21 1.89371E-05 5.12259E-04
 1.48929E-04 1.39397E-10 1.73603E-13 8.44015E-07 1.04371E-11 3.59219E-10 2.28855E-18 5.31526E-10
 5.98093E-12 2.70271E-14 1.71981E-14 8.80803E-31 4.82645E-07 1.17762E-16 4.31948E-21 8.26447E-19
 8.57164E-11 1.06306E-14 7.76204E-10 2.16870E-19 2.57202E-21 6.38560E-10 3.22521E-15 5.39855E-13
 2.20136E-10 3.29381E-17 2.44966E-03 1.05580E-17 2.15612E-12 6.01276E-10 1.54427E-08 2.27568E-21
 1.89373E-05 5.12250E-04 1.48916E-04 1.57370E-10 1.66486E-13 8.43970E-07 1.11140E-11 3.49962E-10
 2.45412E-18 5.40787E-10 9.10573E-12 2.33477E-14 1.95549E-14 1.70265E-30 4.82623E-07 1.34645E-16
 4.84967E-21 9.87384E-19 1.02573E-10 1.12797E-14 7.78846E-10 2.37659E-19 3.18376E-21 6.66522E-10
 3.37231E-15 5.94601E-13 2.26926E-10 3.92921E-17 1.79220E-03 1.15228E-17 2.19096E-12 6.74633E-10
 1.63403E-08 2.57840E-21 1.89375E-05 5.12241E-04 1.48901E-04 1.77232E-10 1.57384E-13 8.43920E-07
 1.17277E-11 3.34888E-10 2.56955E-18 5.47255E-10 1.41676E-11 1.95762E-14 2.18437E-14 3.39615E-30
 4.82600E-07 1.54168E-16 5.36675E-21 1.16923E-18 1.21780E-10 1.18806E-14 7.79948E-10 2.56629E-19
 3.93370E-21 6.81147E-10 3.42228E-15 6.47896E-13 2.32378E-10 4.65938E-17 1.26522E-03 1.19290E-17
 2.13447E-12 7.54361E-10 1.72347E-08 2.77129E-21 1.89378E-05 5.12231E-04 1.48885E-04 1.99107E-10
 1.43761E-13 8.43867E-07 1.21557E-11 3.13481E-10 2.51406E-18 5.51976E-10 2.16864E-11 1.58761E-14
 2.39335E-14-5.76291E-29 4.82576E-07 1.76864E-16 5.64291E-21 1.33040E-18 1.43494E-10 1.24338E-14
 7.79253E-10 2.63258E-19 4.69513E-21 6.79390E-10 3.36366E-15 6.99211E-13 2.37001E-10 5.57959E-17
 9.21977E-04 1.26233E-17 2.11707E-12 8.41087E-10 1.81200E-08 3.06871E-21 1.89380E-05 5.12220E-04
 1.48868E-04 2.23194E-10 1.35402E-13 8.43810E-07 1.26822E-11 2.94503E-10 2.50389E-18 5.55737E-10
 3.07600E-11 1.30987E-14 2.56803E-14 1.18865E-29 4.82549E-07 2.04121E-16 6.05316E-21 1.54158E-18
 1.67856E-10 1.29578E-14 7.78519E-10 2.76002E-19 5.62182E-21 6.78495E-10 3.30020E-15 7.48630E-13
 2.41125E-10 6.78200E-17 7.73505E-04 1.41225E-17 2.25166E-12 9.35433E-10 1.90002E-08 3.62910E-21
 1.89383E-05 5.12208E-04 1.48850E-04 2.49703E-10 1.37912E-13 8.43747E-07 1.30415E-11 2.77976E-10
 2.56266E-18 5.58879E-10 4.05133E-11 1.11612E-14 2.47586E-14 2.18016E-29 4.82520E-07 2.37581E-16
 6.84109E-21 1.89649E-18 1.95037E-10 1.34706E-14 7.77740E-10 3.05754E-19 6.87186E-21 6.78178E-10
 3.27480E-15 7.96285E-13 2.44803E-10 8.27372E-17 6.42106E-04 1.57940E-17 2.40102E-12 1.03742E-09
 1.98763E-08 4.30848E-21 1.89386E-05 5.12195E-04 1.48831E-04 2.78747E-10 1.41777E-13 8.43679E-07
 1.33895E-11 2.62697E-10 2.60527E-18 5.61468E-10 5.12545E-11 9.56763E-15 2.41284E-14 3.83560E-29
 4.82489E-07 2.78163E-16 7.72329E-21 2.32507E-18 2.25203E-10 1.39783E-14 7.76909E-10 3.38602E-19
 8.33897E-21 6.78247E-10 3.26328E-15 8.41952E-13 2.48086E-10 1.00862E-16 5.30251E-04 1.73416E-17
 2.50747E-12 1.14706E-09 2.07478E-08 5.03121E-21 1.89389E-05 5.12181E-04 1.48809E-04 3.10437E-10
 1.43697E-13 8.43605E-07 1.37797E-11 2.47855E-10 2.60270E-18 5.63537E-10 6.31988E-11 8.15192E-15
 2.34322E-14 6.43983E-29 4.82455E-07 3.26928E-16 8.56442E-21 2.78412E-18 2.58500E-10 1.44888E-14
 7.76023E-10 3.68377E-19 9.99173E-21 6.78578E-10 3.23683E-15 8.85382E-13 2.51213E-10 1.23302E-16
 4.45825E-04 1.90356E-17 2.62845E-12 1.26846E-09 2.16424E-08 5.89008E-21 1.89393E-05 5.12165E-04
 1.48786E-04 3.46064E-10 1.46645E-13 8.43522E-07 1.41128E-11 2.33192E-10 2.57756E-18 5.65194E-10
 7.62465E-11 6.94269E-15 2.22651E-14 1.06221E-28 4.82417E-07 3.87693E-16 9.49404E-21 3.33285E-18
 2.96264E-10 1.50355E-14 7.75043E-10 4.00877E-19 1.19721E-20 6.79106E-10 3.19661E-15 9.27812E-13
 2.54429E-10 1.51111E-16 3.77144E-04 2.07495E-17 2.74406E-12 1.40659E-09 2.25869E-08 6.86137E-21
 1.89397E-05 5.12147E-04 1.48758E-04 3.87219E-10 1.49769E-13 8.43426E-07 1.43860E-11 2.18568E-10
 2.51715E-18 5.66523E-10 9.02727E-11 5.89463E-15 2.08780E-14 1.72172E-28 4.82373E-07 4.66030E-16
 1.04562E-20 3.96664E-18 3.40156E-10 1.56590E-14 7.73931E-10 4.33761E-19 1.43491E-20 6.79811E-10
 3.14560E-15 9.70280E-13 2.58318E-10 1.86399E-16 3.12825E-04 2.25597E-17 2.87981E-12 1.57980E-09
 2.36861E-08 7.98681E-21 1.89402E-05 5.12124E-04 1.48723E-04 4.39576E-10 1.54434E-13 8.43304E-07
 1.44864E-11 2.03514E-10 2.41674E-18 5.67682E-10 1.05750E-10 4.99865E-15 1.96624E-14 2.82303E-28
 4.82317E-07 5.78589E-16 1.14971E-20 4.75892E-18 3.96182E-10 1.64727E-14 7.72537E-10 4.69109E-19
 1.73803E-20 6.80768E-10 3.09338E-15 1.01703E-12 2.64062E-10 2.33780E-16 3.01450E-04 2.50293E-17
 3.13843E-12 1.82832E-09 2.51509E-08 9.51452E-21 1.89410E-05 5.12090E-04 1.48673E-04 5.15751E-10
 1.65838E-13 8.43125E-07 1.41779E-11 1.87789E-10 2.29104E-18 5.68853E-10 1.23376E-10 4.28346E-15
 1.62218E-14 4.97524E-28 4.82235E-07 7.66765E-16 1.29139E-20 5.99738E-18 4.77747E-10 1.77284E-14
 7.70542E-10 5.19107E-19 2.17457E-20 6.82195E-10 3.03524E-15 1.07593E-12 2.73846E-10 3.02696E-16
 2.97072E-04 2.89088E-17 3.65807E-12 2.22572E-09 2.73363E-08 1.18606E-20 1.89422E-05 5.12035E-04
 1.48592E-04 6.39340E-10 1.90580E-13 8.42837E-07 1.32874E-11 1.72395E-10 2.14756E-18 5.69998E-10
 1.42989E-10 3.80457E-15 1.32934E-14 9.81978E-28 4.82103E-07 1.12477E-15 1.51220E-20 8.26249E-18
 6.09915E-10 1.99390E-14 7.67352E-10 5.99155E-19 2.85546E-20 6.84481E-10 3.04847E-15 1.15871E-12
 2.89836E-10 4.04615E-16 2.97164E-04 3.42857E-17 4.40487E-12 2.83098E-09 3.04626E-08 1.52475E-20
 1.89440E-05 5.11951E-04 1.48467E-04 8.30821E-10 2.27624E-13 8.42389E-07 1.21330E-11 1.59446E-10
 2.00026E-18 5.71099E-10 1.62907E-10 3.53329E-15 1.12362E-14 2.08952E-27 4.81898E-07 1.78937E-15
 1.82450E-20 1.21329E-17 8.14364E-10 2.36930E-14 7.62485E-10 7.14101E-19 3.94100E-20 6.87975E-10
 3.15197E-15 1.26907E-12 3.18412E-10 5.63012E-16 2.97321E-04 4.09306E-17 5.31081E-12 3.84383E-09
 3.54290E-08 1.97134E-20 1.89472E-05 5.11806E-04 1.48253E-04 1.15821E-09 2.77030E-13 8.41625E-07
 1.06336E-11 1.46356E-10 1.80145E-18 5.72337E-10 1.88059E-10 3.37546E-15 9.71053E-15 5.28631E-27
 4.81549E-07 3.19570E-15 2.24084E-20 1.92235E-17 1.16337E-09 3.08031E-14 7.54296E-10 8.59089E-19
 5.82683E-20 6.93860E-10 3.32142E-15 1.42914E-12 3.63432E-10 8.10612E-16 2.97558E-04 5.08164E-17
 6.49719E-12 5.32946E-09 4.24540E-08 2.65651E-20 1.89519E-05 5.11588E-04 1.47934E-04 1.65127E-09
 3.45184E-13 8.40477E-07 9.17790E-12 1.36347E-10 1.65375E-18 5.73708E-10 2.15859E-10 3.38852E-15
 8.91499E-15 1.51042E-26 4.81025E-07 6.00196E-15 2.89277E-20 3.27460E-17 1.68718E-09 4.29256E-14
 7.42196E-10 1.07373E-18 9.14969E-20 7.02557E-10 3.63930E-15 1.63035E-12 4.27573E-10 1.18927E-15
 2.97880E-04 6.54368E-17 7.94551E-12 7.30035E-09 5.16275E-08 3.71987E-20 1.89583E-05 5.11292E-04
 1.47499E-04 2.32747E-09 4.32339E-13 8.38912E-07 8.00868E-12 1.30308E-10 1.58475E-18 5.75270E-10
 2.45642E-10 3.55577E-15 8.74102E-15 4.48865E-26 4.80311E-07 1.14387E-14 3.91401E-20 5.77927E-17
 2.40141E-09 6.22338E-14 7.25995E-10 1.38379E-18 1.48599E-19 7.14191E-10 4.14108E-15 1.85374E-12
 5.22542E-10 1.78566E-15 2.98342E-04 8.69261E-17 9.69375E-12 1.00299E-08 6.44234E-08 5.36129E-20
 1.89673E-05 5.10867E-04 1.46879E-04 3.30384E-09 5.45233E-13 8.36668E-07 6.85222E-12 1.24260E-10
 1.53766E-18 5.77325E-10 2.85337E-10 3.79012E-15 8.70001E-15 1.55876E-25 4.79289E-07 2.30759E-14
 5.56529E-20 1.08852E-16 3.42400E-09 9.54552E-14 7.03309E-10 1.78570E-18 2.48822E-19 7.30444E-10
 4.86774E-15 2.09892E-12 6.53519E-10 2.71393E-15 2.98960E-04 1.18743E-16 1.17613E-11 1.35338E-08
 8.14364E-08 7.93289E-20 1.89794E-05 5.10299E-04 1.46053E-04 4.62445E-09 6.87828E-13 8.33670E-07
 5.83366E-12 1.18853E-10 1.52585E-18 5.80072E-10 3.35143E-10 4.08624E-15 8.78114E-15 5.88819E-25
 4.77922E-07 4.75528E-14 8.27737E-20 2.12616E-16 4.79003E-09 1.50675E-13 6.73841E-10 2.27956E-18
 4.19121E-19 7.51465E-10 5.89032E-15 2.32644E-12 8.30214E-10 4.17137E-15 2.99766E-04 1.66421E-16
 1.41759E-11 1.78845E-08 1.04024E-07 1.20292E-19 1.89949E-05 5.09558E-04 1.44980E-04 6.37530E-09
 8.70722E-13 8.29759E-07 4.99747E-12 1.15216E-10 1.56033E-18 5.83889E-10 3.95885E-10 4.50639E-15
 9.16721E-15 2.32841E-24 4.76142E-07 9.94834E-14 1.28399E-19 4.25216E-16 6.57046E-09 2.43403E-13
 6.36787E-10 2.83619E-18 6.99411E-19 7.77701E-10 7.33761E-15 2.49719E-12 1.04792E-09 6.37418E-15
 3.00724E-04 2.33483E-16 1.68125E-11 2.27513E-08 1.32000E-07 1.82444E-19 1.90132E-05 5.08677E-04
 1.43711E-04 8.50057E-09 1.09322E-12 8.25114E-07 4.37147E-12 1.13127E-10 1.62799E-18 5.88873E-10
 4.64903E-10 4.99618E-15 9.72601E-15 8.76766E-24 4.74028E-07 2.01885E-13 2.01183E-19 8.30507E-16
 8.68457E-09 3.89843E-13 5.94767E-10 3.43148E-18 1.13813E-18 8.07094E-10 9.18631E-15 2.57008E-12
 1.32373E-09 9.77336E-15 3.01892E-04 3.29352E-16 1.97235E-11 2.82596E-08 1.68237E-07 2.77564E-19
 1.90351E-05 5.07603E-04 1.42173E-04 1.11585E-08 1.37577E-12 8.19457E-07 3.82287E-12 1.11105E-10
 1.70695E-18 5.95690E-10 5.47364E-10 5.54381E-15 1.03255E-14 3.38023E-23 4.71453E-07 4.09555E-13
 3.20949E-19 1.63086E-15 1.12588E-08 6.33261E-13 5.46503E-10 3.98722E-18 1.81450E-18 8.40241E-10
 1.16025E-14 2.52784E-12 1.66618E-09 1.50216E-14 3.03279E-04 4.65639E-16 2.28883E-11 3.42311E-08
 2.14764E-07 4.22624E-19 1.90608E-05 5.06329E-04 1.40359E-04 1.44107E-08 1.74117E-12 8.12747E-07
 3.38430E-12 1.10466E-10 1.81258E-18 6.04941E-10 6.41848E-10 6.23774E-15 1.12331E-14 1.28580E-22
 4.68400E-07 8.19615E-13 5.17422E-19 3.18472E-15 1.43113E-08 1.03879E-12 4.93296E-10 4.44439E-18
 2.81810E-18 8.75801E-10 1.47228E-14 2.36896E-12 2.08763E-09 2.32304E-14 3.04900E-04 6.60951E-16
 2.63239E-11 4.04716E-08 2.74437E-07 6.46647E-19 1.90903E-05 5.04840E-04 1.38255E-04 1.83419E-08
 2.23768E-12 8.04918E-07 3.12633E-12 1.15079E-10 2.00483E-18 6.17431E-10 7.44513E-10 7.43069E-15
 1.34704E-14 4.57931E-22 4.64836E-07 1.61000E-12 8.39546E-19 6.13849E-15 1.78729E-08 1.72237E-12
 4.36535E-10 4.74912E-18 4.22866E-18 9.12277E-10 1.87506E-14 2.11301E-12 2.59449E-09 3.60080E-14
 3.06747E-04 9.35796E-16 2.99625E-11 4.66687E-08 3.49967E-07 9.87446E-19 1.91232E-05 5.03143E-04
 1.35879E-04 2.29824E-08 2.91376E-12 7.96016E-07 3.01140E-12 1.25172E-10 2.29437E-18 6.33711E-10
 8.53732E-10 9.30326E-15 1.76238E-14 1.52205E-21 4.60784E-07 3.08496E-12 1.35736E-18 1.16342E-14
 2.19232E-08 2.86475E-12 3.78595E-10 4.87504E-18 6.14145E-18 9.47480E-10 2.37496E-14 1.79929E-12
 3.19724E-09 5.57947E-14 3.08829E-04 1.31713E-15 3.37251E-11 5.25685E-08 4.45434E-07 1.49716E-18
 1.91594E-05 5.01230E-04 1.33228E-04 2.83968E-08 3.82936E-12 7.86004E-07 2.96631E-12 1.39124E-10
 2.66233E-18 6.54300E-10 9.70931E-10 1.19202E-14 2.40393E-14 4.89109E-21 4.56223E-07 5.78645E-12
 2.17993E-18 2.18200E-14 2.64791E-08 4.76396E-12 3.21252E-10 4.80747E-18 8.69963E-18 9.79622E-10
 2.97778E-14 1.46656E-12 3.90263E-09 8.62977E-14 3.11138E-04 1.83990E-15 3.75395E-11 5.78785E-08
 5.64947E-07 2.25041E-18 1.91984E-05 4.99110E-04 1.30322E-04 3.45903E-08 5.07312E-12 7.74935E-07
 2.98950E-12 1.57910E-10 3.12844E-18 6.79434E-10 1.09367E-09 1.56038E-14 3.40847E-14 1.50767E-20
 4.51176E-07 1.05891E-11 3.46364E-18 4.03734E-14 3.15177E-08 7.87178E-12 2.66617E-10 4.57053E-18
 1.20498E-17 1.00683E-09 3.68448E-14 1.14931E-12 4.72913E-09 1.33460E-13 3.13701E-04 2.55575E-15
 4.13386E-11 6.24199E-08 7.15265E-07 3.35864E-18 1.92404E-05 4.96756E-04 1.27139E-04 4.16387E-08
 6.78562E-12 7.62693E-07 3.07830E-12 1.83050E-10 3.72507E-18 7.09508E-10 1.22104E-09 2.09068E-14
 5.03186E-14 4.49933E-20 4.45590E-07 1.89844E-11 5.45259E-18 7.40381E-14 3.70910E-08 1.29295E-11
 2.15690E-10 4.18292E-18 1.63658E-17 1.02796E-09 4.50762E-14 8.65570E-13 5.68267E-09 2.05738E-13
 3.16499E-04 3.52039E-15 4.50210E-11 6.59794E-08 9.01593E-07 4.96238E-18 1.92846E-05 4.94188E-04
 1.23715E-04 4.94614E-08 9.12405E-12 7.49383E-07 3.23335E-12 2.15709E-10 4.47683E-18 7.43971E-10
 1.34985E-09 2.84399E-14 7.63852E-14 1.28811E-19 4.39507E-07 3.31367E-11 8.46361E-18 1.33733E-13
 4.31513E-08 2.09163E-11 1.70063E-10 3.70211E-18 2.18795E-17 1.04183E-09 5.44388E-14 6.29592E-13
 6.77462E-09 3.15669E-13 3.19526E-04 4.80506E-15 4.85107E-11 6.84664E-08 1.13030E-06 7.25066E-18
 1.93305E-05 4.91408E-04 1.20070E-04 5.79720E-08 1.22951E-11 7.35045E-07 3.45375E-12 2.57122E-10
 5.41269E-18 7.81761E-10 1.47795E-09 3.90044E-14 1.17839E-13 3.53443E-19 4.32945E-07 5.62383E-11
 1.29342E-17 2.37362E-13 4.96783E-08 3.31409E-11 1.30484E-10 3.17578E-18 2.89068E-17 1.04796E-09
 6.49759E-14 4.43536E-13 8.00768E-09 4.80369E-13 3.22749E-04 6.48622E-15 5.17725E-11 6.98801E-08
 1.40552E-06 1.04533E-17 1.93771E-05 4.88448E-04 1.16258E-04 6.69629E-08 1.65063E-11 7.19851E-07
 3.73507E-12 3.07409E-10 6.54729E-18 8.20615E-10 1.60340E-09 5.32416E-14 1.81015E-13 9.24613E-19
 4.25978E-07 9.24361E-11 1.94086E-17 4.11469E-13 5.65908E-08 5.09886E-11 9.74850E-11 2.65511E-18
 3.79252E-17 1.04639E-09 7.66437E-14 3.04447E-13 9.38502E-09 7.23051E-13 3.26138E-04 8.65657E-15
 5.48495E-11 7.03369E-08 1.73009E-06 1.48625E-17 1.94237E-05 4.85336E-04 1.12326E-04 7.61975E-08
 2.19669E-11 7.03970E-07 4.07487E-12 3.66039E-10 7.89882E-18 8.57543E-10 1.72583E-09 7.15704E-14
 2.72349E-13 2.30126E-18 4.18680E-07 1.46983E-10 2.85937E-17 6.93787E-13 6.38095E-08 7.57316E-11
 7.09747E-11 2.17465E-18 4.96262E-17 1.03774E-09 8.91455E-14 2.04751E-13 1.09246E-08 1.07672E-12
 3.29694E-04 1.14569E-14 5.78589E-11 7.00286E-08 2.10846E-06 2.08980E-17 1.94698E-05 4.82068E-04
 1.08285E-04 8.55191E-08 2.89511E-11 6.87407E-07 4.48452E-12 4.33667E-10 9.53309E-18 8.89567E-10
 1.84624E-09 9.46585E-14 4.00605E-13 5.45831E-18 4.11047E-07 2.26991E-10 4.15172E-17 1.13864E-12
 7.13292E-08 1.08541E-10 5.02355E-11 1.74521E-18 6.48956E-17 1.02283E-09 1.02929E-13 1.34948E-13
 1.26365E-08 1.58460E-12 3.33403E-04 1.50718E-14 6.09885E-11 6.91741E-08 2.54146E-06 2.91257E-17
 1.95147E-05 4.78659E-04 1.04161E-04 9.47139E-08 3.77027E-11 6.70257E-07 4.97935E-12 5.10244E-10
 1.15400E-17 9.13379E-10 1.96613E-09 1.22789E-13 5.73245E-13 1.23007E-17 4.03115E-07 3.40993E-10
 5.95784E-17 1.81558E-12 7.91047E-08 1.49766E-10 3.45353E-11 1.37512E-18 8.49496E-17 1.00269E-09
 1.18349E-13 8.73364E-14 1.45382E-08 2.30367E-12 3.37273E-04 1.97684E-14 6.44464E-11 6.79872E-08
 3.03037E-06 4.03302E-17 1.95583E-05 4.75100E-04 9.99559E-05 1.03629E-07 4.84606E-11 6.52509E-07
 5.56871E-12 5.94267E-10 1.40410E-17 9.26177E-10 2.09032E-09 1.55517E-13 7.92825E-13 2.65553E-17
 3.94872E-07 5.00295E-10 8.48636E-17 2.81587E-12 8.71385E-08 1.99008E-10 2.29818E-11 1.06158E-18
 1.11538E-16 9.78231E-10 1.35435E-13 5.54022E-14 1.66404E-08 3.30567E-12 3.41300E-04 2.59132E-14
 6.84728E-11 6.66625E-08 3.57281E-06 5.55914E-17 1.95998E-05 4.71393E-04 9.56837E-05 1.12095E-07
 6.14074E-11 6.34211E-07 6.28109E-12 6.84876E-10 1.72434E-17 9.26187E-10 2.22225E-09 1.91973E-13
 1.05865E-12 5.50493E-17 3.86326E-07 7.18204E-10 1.20335E-16 4.24451E-12 9.54094E-08 2.54744E-10
 1.47607E-11 8.01437E-19 1.47051E-16 9.50397E-10 1.53740E-13 3.43886E-14 1.89489E-08 4.68094E-12
 3.45475E-04 3.40202E-14 7.33393E-11 6.53656E-08 4.16234E-06 7.64494E-17 1.96389E-05 4.67548E-04
 9.13655E-05 1.19947E-07 7.67072E-11 6.15451E-07 7.18371E-12 7.84640E-10 2.15280E-17 9.13520E-10
 2.36025E-09 2.31987E-13 1.37677E-12 1.08931E-16 3.77503E-07 1.00932E-09 1.70182E-16 6.20778E-12
 1.03879E-07 3.14609E-10 9.12940E-12 5.90674E-19 1.94476E-16 9.20104E-10 1.72865E-13 2.08452E-14
 2.14673E-08 6.54378E-12 3.49787E-04 4.48160E-14 7.93404E-11 6.42262E-08 4.78904E-06 1.05130E-16
 1.96748E-05 4.63572E-04 8.70221E-05 1.27050E-07 9.45450E-11 5.96323E-07 8.38696E-12 8.99852E-10
 2.75356E-17 8.90229E-10 2.49718E-09 2.76626E-13 1.76761E-12 2.03879E-16 3.68430E-07 1.38910E-09
 2.40360E-16 8.80059E-12 1.12509E-07 3.75929E-10 5.42702E-12 4.24109E-19 2.57341E-16 8.88167E-10
 1.93643E-13 1.23077E-14 2.42049E-08 9.04506E-12 3.54242E-04 5.93654E-14 8.67940E-11 6.33358E-08
 5.44209E-06 1.44947E-16 1.97073E-05 4.59458E-04 8.26564E-05 1.33320E-07 1.15262E-10 5.76851E-07
 1.00473E-11 1.03999E-09 3.62961E-17 8.59422E-10 2.62252E-09 3.28564E-13 2.27051E-12 3.57670E-16
 3.59094E-07 1.87543E-09 3.39571E-16 1.21108E-11 1.21295E-07 4.36266E-10 3.08976E-12 2.95293E-19
 3.39283E-16 8.55149E-10 2.18705E-13 7.04032E-15 2.71582E-08 1.23687E-11 3.58844E-04 7.91398E-14
 9.60374E-11 6.27632E-08 6.10691E-06 2.00553E-16 1.97358E-05 4.55202E-04 7.82770E-05 1.38682E-07
 1.39173E-10 5.57087E-07 1.23503E-11 1.21250E-09 4.93154E-17 8.24084E-10 2.72768E-09 3.89597E-13
 2.92228E-12 5.87182E-16 3.49494E-07 2.48781E-09 4.80203E-16 1.62107E-11 1.30222E-07 4.92951E-10
 1.68019E-12 1.98575E-19 4.44407E-16 8.21522E-10 2.50931E-13 3.88454E-15 3.03232E-08 1.67188E-11
 3.63612E-04 1.06129E-13 1.07384E-10 6.25585E-08 6.76893E-06 2.78040E-16 1.97599E-05 4.50785E-04
 7.38765E-05 1.43087E-07 1.66373E-10 5.37018E-07 1.55190E-11 1.42076E-09 6.88636E-17 7.86261E-10
 2.81002E-09 4.58601E-13 3.73885E-12 9.16534E-16 3.39592E-07 3.25110E-09 6.80106E-16 2.11703E-11
 1.39305E-07 5.43531E-10 8.68327E-13 1.28084E-19 5.78655E-16 7.87516E-10 2.90330E-13 2.05425E-15
 3.36728E-08 2.23144E-11 3.68535E-04 1.43005E-13 1.21221E-10 6.27620E-08 7.40666E-06 3.85619E-16
 1.97791E-05 4.46213E-04 6.94792E-05 1.46480E-07 1.96790E-10 5.16776E-07 1.98657E-11 1.66805E-09
 9.84432E-17 7.47617E-10 2.86532E-09 5.33308E-13 4.71989E-12 1.37139E-15 3.29418E-07 4.18765E-09
 9.63765E-16 2.70082E-11 1.48494E-07 5.85364E-10 4.26052E-13 7.90805E-20 7.49043E-16 7.53500E-10
 3.36490E-13 1.03926E-15 3.71918E-08 2.94269E-11 3.73614E-04 1.93645E-13 1.38059E-10 6.34010E-08
 7.99839E-06 5.35234E-16 1.97929E-05 4.41484E-04 6.50975E-05 1.48864E-07 2.30689E-10 4.96445E-07
 2.58278E-11 1.96001E-09 1.43553E-16 7.09436E-10 2.88735E-09 6.12752E-13 5.86054E-12 1.96484E-15
 3.18974E-07 5.32242E-09 1.36641E-15 3.37417E-11 1.57766E-07 6.16471E-10 1.98176E-13 4.66238E-20
 9.61347E-16 7.19670E-10 3.92637E-13 5.01483E-16 4.08793E-08 3.83652E-11 3.78866E-04 2.63637E-13
 1.58516E-10 6.44980E-08 8.52300E-06 7.43704E-16 1.98008E-05 4.36578E-04 6.07312E-05 1.50289E-07
 2.68504E-10 4.76050E-07 3.39721E-11 2.30026E-09 2.12723E-16 6.72509E-10 2.87265E-09 6.94741E-13
 7.12320E-12 2.70107E-15 3.08229E-07 6.68561E-09 1.93918E-15 4.13981E-11 1.67121E-07 6.35475E-10
 8.71265E-14 2.61492E-20 1.22065E-15 6.86056E-10 4.57930E-13 2.29807E-16 4.47327E-08 4.94434E-11
 3.84299E-04 3.60954E-13 1.83375E-10 6.60707E-08 8.95793E-06 1.03433E-15 1.98021E-05 4.31484E-04
 5.63903E-05 1.50841E-07 3.10681E-10 4.55666E-07 4.50096E-11 2.68783E-09 3.19077E-16 6.37405E-10
 2.82145E-09 7.74349E-13 8.41471E-12 3.58239E-15 2.97175E-07 8.30779E-09 2.75503E-15 4.99756E-11
 1.76539E-07 6.41331E-10 3.61507E-14 1.39264E-20 1.53234E-15 6.52718E-10 5.38547E-13 9.97878E-17
 4.87584E-08 6.30174E-11 3.89923E-04 4.97559E-13 2.13706E-10 6.81296E-08 9.28155E-06 1.44114E-15
 1.97964E-05 4.26186E-04 5.20836E-05 1.50642E-07 3.58179E-10 4.35354E-07 5.98362E-11 3.11938E-09
 4.83093E-16 6.04834E-10 2.73559E-09 8.46335E-13 9.60549E-12 4.59366E-15 2.85794E-07 1.02213E-08
 3.92059E-15 5.94676E-11 1.86005E-07 6.33483E-10 1.41319E-14 7.03237E-21 1.89944E-15 6.19673E-10
 6.42432E-13 4.09577E-17 5.29602E-08 7.95107E-11 3.95743E-04 6.91752E-13 2.50964E-10 7.06659E-08
 9.47358E-06 2.01492E-15 1.97828E-05 4.20672E-04 4.78251E-05 1.49825E-07 4.12607E-10 4.15196E-07
 7.95699E-11 3.58887E-09 7.37018E-16 5.75927E-10 2.61796E-09 9.05553E-13 1.05457E-11 5.69151E-15
 2.74080E-07 1.24541E-08 5.59341E-15 6.98471E-11 1.95497E-07 6.11862E-10 5.19568E-15 3.36405E-21
 2.32147E-15 5.86955E-10 7.82880E-13 1.58511E-17 5.73045E-08 9.94244E-11 4.01732E-04 9.71209E-13
 2.96998E-10 7.36168E-08 9.51679E-06 2.83085E-15 1.97609E-05 4.14960E-04 4.36536E-05 1.48484E-07
 4.75895E-10 3.95373E-07 1.05587E-10 4.08548E-09 1.13174E-15 5.52309E-10 2.47251E-09 9.46106E-13
 1.10838E-11 6.81580E-15 2.62093E-07 1.50085E-08 8.00383E-15 8.10010E-11 2.04953E-07 5.77122E-10
 1.80044E-15 1.53004E-21 2.79666E-15 5.54771E-10 9.77948E-13 5.79312E-18 6.17171E-08 1.23477E-10
 4.07868E-04 1.37838E-12 3.53966E-10 7.68438E-08 9.40075E-06 4.00128E-15 1.97300E-05 4.09061E-04
 3.96020E-05 1.46595E-07 5.50392E-10 3.76026E-07 1.39660E-10 4.59701E-09 1.74879E-15 5.35834E-10
 2.30262E-09 9.63930E-13 1.11218E-11 7.88933E-15 2.49879E-07 1.78573E-08 1.15040E-14 9.28181E-11
 2.14353E-07 5.31060E-10 5.89361E-16 6.64632E-22 3.31936E-15 5.23275E-10 1.25820E-12 2.00238E-18
 6.60773E-08 1.52721E-10 4.14170E-04 1.97800E-12 4.23997E-10 8.01146E-08 9.12106E-06 5.68886E-15
 1.96892E-05 4.02941E-04 3.56751E-05 1.43923E-07 6.38327E-10 3.57131E-07 1.84220E-10 5.11266E-09
 2.72077E-15 5.28193E-10 2.11006E-09 9.57423E-13 1.06427E-11 8.83903E-15 2.37395E-07 2.09412E-08
 1.66608E-14 1.05281E-10 2.23795E-07 4.76473E-10 1.81534E-16 2.75887E-22 3.87812E-15 4.92391E-10
 1.67648E-12 6.52442E-19 7.01620E-08 1.88641E-10 4.20634E-04 2.86511E-12 5.08624E-10 8.30430E-08
 8.68194E-06 8.11987E-15 1.96374E-05 3.96585E-04 3.18952E-05 1.40028E-07 7.40572E-10 3.38722E-07
 2.42512E-10 5.61826E-09 4.25837E-15 5.30459E-10 1.89676E-09 9.26041E-13 9.69821E-12 9.61133E-15
 2.24643E-07 2.41211E-08 2.43772E-14 1.18344E-10 2.33413E-07 4.16749E-10 5.24878E-17 1.10374E-22
 4.46032E-15 4.62172E-10 2.31454E-12 2.01317E-19 7.36711E-08 2.33232E-10 4.27248E-04 4.17471E-12
 6.07984E-10 8.51008E-08 8.09909E-06 1.15941E-14 1.95737E-05 3.89982E-04 2.82891E-05 1.34340E-07
 8.55847E-10 3.20822E-07 3.18760E-10 6.09694E-09 6.68657E-15 5.42531E-10 1.66584E-09 8.71294E-13
 8.40504E-12 1.01728E-14 2.11639E-07 2.71749E-08 3.61013E-14 1.31956E-10 2.43412E-07 3.55419E-10
 1.42020E-17 4.39600E-23 5.05216E-15 4.32705E-10 3.30247E-12 6.05661E-20 7.62796E-08 2.88847E-10
 4.33983E-04 6.08579E-12 7.19780E-10 8.56813E-08 7.40223E-06 1.64735E-14 1.94970E-05 3.83126E-04
 2.48883E-05 1.26375E-07 9.79959E-10 3.03453E-07 4.17886E-10 6.52866E-09 1.04671E-14 5.62663E-10
 1.42327E-09 7.97085E-13 6.92219E-12 1.04963E-14 1.98417E-07 2.98084E-08 5.40801E-14 1.45989E-10
 2.54046E-07 2.95743E-10 3.58284E-18 1.94862E-23 5.63948E-15 4.04120E-10 4.84020E-12 1.98486E-20
 7.77294E-08 3.57843E-10 4.40739E-04 8.80885E-12 8.38648E-10 8.42634E-08 6.64098E-06 2.31465E-14
 1.94072E-05 3.76074E-04 2.17505E-05 1.16104E-07 1.10615E-09 2.86761E-07 5.44276E-10 6.88887E-09
 1.61551E-14 5.87042E-10 1.18000E-09 7.09628E-13 5.42456E-12 1.05685E-14 1.85139E-07 3.16952E-08
 8.14911E-14 1.60105E-10 2.65478E-07 2.40564E-10 8.47554E-19 1.22149E-23 6.21523E-15 3.76798E-10
 7.12478E-12 9.03626E-21 7.79586E-08 4.41973E-10 4.47408E-04 1.25566E-11 9.56799E-10 8.06434E-08
 5.87361E-06 3.19533E-14 1.93043E-05 3.68885E-04 1.89205E-05 1.04103E-07 1.22705E-09 2.70853E-07
 7.00255E-10 7.15620E-09 2.42578E-14 6.10362E-10 9.49442E-10 6.16763E-13 4.06293E-12 1.04021E-14
 1.71972E-07 3.26011E-08 1.22384E-13 1.73834E-10 2.77774E-07 1.91884E-10 1.91837E-19 1.19636E-23
 6.77914E-15 3.51066E-10 1.04929E-11 6.35921E-21 7.71268E-08 5.42189E-10 4.53912E-04 1.75117E-11
 1.06615E-09 7.50292E-08 5.15075E-06 4.31158E-14 1.91887E-05 3.61575E-04 1.64123E-05 9.13618E-08
 1.33761E-09 2.55708E-07 8.84986E-10 7.31851E-09 3.50232E-14 6.27190E-10 7.43247E-10 5.26118E-13
 2.92828E-12 1.00266E-14 1.59008E-07 3.24687E-08 1.81372E-13 1.86725E-10 2.90898E-07 1.50607E-10
 4.49542E-20 1.48099E-23 7.33250E-15 3.27044E-10 1.53565E-11 5.64634E-21 7.55510E-08 6.59687E-10
 4.60153E-04 2.38203E-11 1.16107E-09 6.80115E-08 4.50993E-06 5.68033E-14 1.90611E-05 3.54180E-04
 1.42326E-05 7.89754E-08 1.43704E-09 2.41334E-07 1.09463E-09 7.37230E-09 4.83183E-14 6.33345E-10
 5.68896E-10 4.43363E-13 2.04916E-12 9.51588E-15 1.46371E-07 3.14317E-08 2.63208E-13 1.98567E-10
 3.04594E-07 1.16818E-10 1.44182E-20 1.93090E-23 7.88432E-15 3.04856E-10 2.20866E-11 5.31553E-21
 7.35600E-08 7.96687E-10 4.66034E-04 3.16182E-11 1.23950E-09 6.03447E-08 3.96787E-06 7.32559E-14
 1.89227E-05 3.46732E-04 1.23725E-05 6.77227E-08 1.52749E-09 2.27717E-07 1.32390E-09 7.32213E-09
 6.37102E-14 6.26934E-10 4.28141E-10 3.71257E-13 1.40471E-12 8.97879E-15 1.34167E-07 2.97583E-08
 3.72843E-13 2.09535E-10 3.18487E-07 8.99345E-11 8.64860E-21 2.49024E-23 8.45142E-15 2.84539E-10
 3.05817E-11 5.01015E-21 7.13943E-08 9.56748E-10 4.71475E-04 4.10612E-11 1.30223E-09 5.26898E-08
 3.52216E-06 9.29101E-14 1.87743E-05 3.39238E-04 1.08054E-05 5.79402E-08 1.61219E-09 2.14796E-07
 1.56727E-09 7.17753E-09 8.05989E-14 6.08121E-10 3.18172E-10 3.10238E-13 9.49404E-13 8.48923E-15
 1.22450E-07 2.77361E-08 5.15887E-13 2.20056E-10 3.32238E-07 6.89351E-11 7.72590E-21 3.13350E-23
 9.04799E-15 2.66006E-10 4.09191E-11 4.67305E-21 6.92022E-08 1.14479E-09 4.76389E-04 5.23363E-11
 1.35165E-09 4.55134E-08 3.16045E-06 1.16528E-13 1.86173E-05 3.31714E-04 9.50124E-06 4.96596E-08
 1.69426E-09 2.02531E-07 1.81931E-09 6.94982E-09 9.83008E-14 5.78355E-10 2.34183E-10 2.59372E-13
 6.35143E-13 8.07194E-15 1.11276E-07 2.55957E-08 6.98891E-13 2.30528E-10 3.45557E-07 5.26818E-11
 7.60581E-21 3.84676E-23 9.68511E-15 2.49156E-10 5.20549E-11 4.31223E-21 6.70767E-08 1.36719E-09
 4.80650E-04 6.56613E-11 1.39082E-09 3.91015E-08 2.86815E-06 1.45373E-13 1.84542E-05 3.24236E-04
 8.43380E-06 4.27714E-08 1.77641E-09 1.90970E-07 2.07482E-09 6.65140E-09 1.16107E-13 5.39927E-10
 1.71156E-10 2.17220E-13 4.21778E-13 7.71804E-15 1.00767E-07 2.34949E-08 9.29245E-13 2.41149E-10
 3.58168E-07 4.01543E-11 7.53633E-21 4.62380E-23 1.03757E-14 2.33967E-10 6.12159E-11 3.94636E-21
 6.50666E-08 1.63125E-09 4.84164E-04 8.12747E-11 1.42241E-09 3.35350E-08 2.62985E-06 1.81200E-13
 1.82870E-05 3.16847E-04 7.56858E-06 3.70801E-08 1.86101E-09 1.80111E-07 2.32838E-09 6.29518E-09
 1.33239E-13 4.95276E-10 1.24347E-10 1.82233E-13 2.78084E-13 7.38379E-15 9.09759E-08 2.15088E-08
 1.21513E-12 2.51859E-10 3.69944E-07 3.04774E-11 7.40955E-21 5.46422E-23 1.11224E-14 2.20325E-10
 6.85152E-11 3.59028E-21 6.31777E-08 1.94506E-09 4.86849E-04 9.94469E-11 1.44840E-09 2.87740E-08
 2.43273E-06 2.26320E-13 1.81173E-05 3.09568E-04 6.86898E-06 3.23713E-08 1.94982E-09 1.69910E-07
 2.57395E-09 5.89375E-09 1.48937E-13 4.46823E-10 8.98182E-11 1.53008E-13 1.81820E-13 7.04159E-15
 8.19038E-08 1.96678E-08 1.56594E-12 2.62554E-10 3.80854E-07 2.29971E-11 7.22768E-21 6.36955E-23
 1.19262E-14 2.08056E-10 7.41050E-11 3.25267E-21 6.13422E-08 2.31610E-09 4.88627E-04 1.20504E-10
 1.46979E-09 2.47345E-08 2.26795E-06 2.83615E-13 1.79465E-05 3.02425E-04 6.30241E-06 2.84305E-08
 2.04115E-09 1.60337E-07 2.80518E-09 5.45949E-09 1.62747E-13 3.97059E-10 6.45284E-11 1.28335E-13
 1.17826E-13 6.74638E-15 7.35491E-08 1.79922E-08 1.99421E-12 2.73423E-10 3.90879E-07 1.72645E-11
 6.99836E-21 7.33760E-23 1.28186E-14 1.96999E-10 7.81308E-11 2.93784E-21 5.95126E-08 2.75305E-09
 4.89421E-04 1.44857E-10 1.48744E-09 2.13229E-08 2.12880E-06 3.56958E-13 1.77768E-05 2.95463E-04
 5.84168E-06 2.50920E-08 2.13352E-09 1.51390E-07 3.01617E-09 5.00513E-09 1.74380E-13 3.48135E-10
 4.61250E-11 1.07412E-13 7.56890E-14 6.52391E-15 6.59194E-08 1.64874E-08 2.51576E-12 2.84630E-10
 4.00006E-07 1.29074E-11 6.73031E-21 8.36638E-23 1.38319E-14 1.87031E-10 8.07254E-11 2.64764E-21
 5.76979E-08 3.26706E-09 4.89168E-04 1.72998E-10 1.50255E-09 1.84442E-08 2.00928E-06 4.51657E-13
 1.76099E-05 2.88719E-04 5.46332E-06 2.22422E-08 2.22756E-09 1.43055E-07 3.20171E-09 4.54301E-09
 1.83522E-13 3.01535E-10 3.27980E-11 8.96735E-14 4.81726E-14 6.33917E-15 5.89995E-08 1.51375E-08
 3.14843E-12 2.96030E-10 4.08267E-07 9.60155E-12 6.43672E-21 9.45808E-23 1.49757E-14 1.78022E-10
 8.20244E-11 2.38257E-21 5.59012E-08 3.86956E-09 4.87818E-04 2.05499E-10 1.51616E-09 1.60155E-08
 1.90462E-06 5.74694E-13 1.74473E-05 2.82218E-04 5.14779E-06 1.97894E-08 2.32272E-09 1.35308E-07
 3.35731E-09 4.08442E-09 1.90004E-13 2.58286E-10 2.32008E-11 7.46318E-14 3.03631E-14 6.17214E-15
 5.27572E-08 1.39247E-08 3.91374E-12 3.07453E-10 4.15712E-07 7.10139E-12 6.12838E-21 1.06151E-22
 1.62658E-14 1.69843E-10 8.21581E-11 2.14236E-21 5.41193E-08 4.57231E-09 4.85334E-04 2.43043E-10
 1.52928E-09 1.39700E-08 1.81117E-06 7.35418E-13 1.72904E-05 2.75984E-04 4.87953E-06 1.76602E-08
 2.41749E-09 1.28125E-07 3.47976E-09 3.63935E-09 1.93838E-13 2.19090E-10 1.63363E-11 6.18938E-14
 1.89596E-14 6.01379E-15 4.71560E-08 1.28362E-08 4.83833E-12 3.18766E-10 4.22392E-07 5.22260E-12
 5.81362E-21 1.18400E-22 1.77252E-14 1.62379E-10 8.12475E-11 1.92631E-21 5.23438E-08 5.38676E-09
 4.81666E-04 2.86438E-10 1.54299E-09 1.22470E-08 1.72575E-06 9.46286E-13 1.71393E-05 2.70002E-04
 4.64488E-06 1.57946E-08 2.51000E-09 1.21444E-07 3.56605E-09 3.21519E-09 1.95074E-13 1.84171E-10
 1.14512E-11 5.11185E-14 1.17198E-14 5.85588E-15 4.21245E-08 1.18602E-08 5.95551E-12 3.29887E-10
 4.28388E-07 3.81857E-12 5.49832E-21 1.31350E-22 1.93732E-14 1.55487E-10 7.93921E-11 1.73312E-21
 5.05603E-08 6.32275E-09 4.76761E-04 3.36669E-10 1.55855E-09 1.08015E-08 1.64591E-06 1.22417E-12
 1.69946E-05 2.64264E-04 4.43347E-06 1.41461E-08 2.59725E-09 1.15216E-07 3.61442E-09 2.81795E-09
 1.93919E-13 1.53592E-10 7.99716E-12 4.20314E-14 7.17297E-15 5.70092E-15 3.76032E-08 1.09932E-08
 7.30818E-12 3.40849E-10 4.33765E-07 2.77828E-12 5.18820E-21 1.45051E-22 2.12412E-14 1.49052E-10
 7.66689E-11 1.56188E-21 4.87515E-08 7.38673E-09 4.70562E-04 3.94964E-10 1.57764E-09 9.59889E-09
 1.56945E-06 1.59210E-12 1.68567E-05 2.58764E-04 4.23721E-06 1.26788E-08 2.67554E-09 1.09401E-07
 3.62423E-09 2.45216E-09 1.90673E-13 1.27245E-10 5.57066E-12 3.44039E-14 4.34881E-15 5.55424E-15
 3.35385E-08 1.02371E-08 8.95228E-12 3.51793E-10 4.38574E-07 2.01445E-12 4.89021E-21 1.59641E-22
 2.33702E-14 1.42978E-10 7.31359E-11 1.41225E-21 4.69089E-08 8.58054E-09 4.63052E-04 4.62979E-10
 1.60288E-09 8.61799E-09 1.49453E-06 2.08267E-12 1.67266E-05 2.53532E-04 4.05085E-06 1.13684E-08
 2.74095E-09 1.03997E-07 3.59737E-09 2.12175E-09 1.85802E-13 1.05004E-10 3.88040E-12 2.80605E-14
 2.61993E-15 5.42062E-15 2.99051E-08 9.60232E-09 1.09618E-11 3.62954E-10 4.42830E-07 1.46011E-12
 4.61482E-21 1.75468E-22 2.58166E-14 1.37220E-10 6.88601E-11 1.28476E-21 4.50049E-08 9.89533E-09
 4.54206E-04 5.42958E-10 1.63758E-09 7.84140E-09 1.41942E-06 2.74118E-12 1.66051E-05 2.48574E-04
 3.86977E-06 1.01927E-08 2.78829E-09 9.89839E-08 3.53599E-09 1.82873E-09 1.79838E-13 8.65686E-11
 2.71071E-12 2.28378E-14 1.57358E-15 5.31881E-15 2.66645E-08 9.10426E-09 1.34430E-11 3.74948E-10
 4.46554E-07 1.06244E-12 4.37249E-21 1.93108E-22 2.86661E-14 1.31728E-10 6.38894E-11 1.18041E-21
 4.30004E-08 1.13070E-08 4.44001E-04 6.38086E-10 1.68617E-09 7.25866E-09 1.34270E-06 3.63137E-12
 1.64925E-05 2.43897E-04 3.69048E-06 9.13288E-09 2.81109E-09 9.43415E-08 3.44295E-09 1.57380E-09
 1.73398E-13 7.15708E-11 1.90618E-12 1.85936E-14 9.46837E-16 5.27794E-15 2.37789E-08 8.76401E-09
 1.65546E-11 3.88862E-10 4.49764E-07 7.80782E-13 4.17532E-21 2.13508E-22 3.20526E-14 1.26458E-10
 5.82576E-11 1.10097E-21 4.08904E-08 1.27807E-08 4.32420E-04 7.53044E-10 1.75519E-09 6.86555E-09
 1.26299E-06 4.84775E-12 1.63894E-05 2.39505E-04 3.51095E-06 8.18013E-09 2.80574E-09 9.00523E-08
 3.32206E-09 1.35657E-09 1.67013E-13 5.95988E-11 1.35548E-12 1.52031E-14 5.74557E-16 5.30723E-15
 2.12149E-08 8.60276E-09 2.05238E-11 4.05850E-10 4.52468E-07 5.82998E-13 4.04024E-21 2.38249E-22
 3.61114E-14 1.21384E-10 5.19892E-11 1.04901E-21 3.86990E-08 1.42754E-08 4.19376E-04 8.94551E-10
 1.85318E-09 6.65921E-09 1.17916E-06 6.53274E-12 1.62953E-05 2.35379E-04 3.32929E-06 7.32823E-09
 2.77237E-09 8.60769E-08 3.17660E-09 1.17495E-09 1.60996E-13 5.01628E-11 9.78357E-13 1.25416E-14
 3.53623E-16 5.40069E-15 1.89286E-08 8.63916E-09 2.56737E-11 4.27013E-10 4.54692E-07 4.43995E-13
 3.98555E-21 2.69598E-22 4.09411E-14 1.16462E-10 4.50559E-11 1.02733E-21 3.64446E-08 1.57500E-08
 4.04791E-04 1.07199E-09 1.98913E-09 6.63603E-09 1.09176E-06 8.89901E-12 1.62104E-05 2.31514E-04
 3.14484E-06 6.56458E-09 2.71083E-09 8.23919E-08 3.01170E-09 1.02581E-09 1.55714E-13 4.28179E-11
 7.19031E-13 1.05011E-14 2.22432E-16 5.56673E-15 1.68899E-08 8.89255E-09 3.24767E-11 4.53775E-10
 4.56444E-07 3.46055E-13 4.02451E-21 3.10340E-22 4.66697E-14 1.11678E-10 3.74265E-11 1.03922E-21
 3.41602E-08 1.71936E-08 3.88637E-04 1.29780E-09 2.17085E-09 6.78202E-09 1.00333E-06 1.22691E-11
 1.61350E-05 2.27922E-04 2.95799E-06 5.87242E-09 2.62324E-09 7.89905E-08 2.83482E-09 9.04606E-10
 1.51449E-13 3.71365E-11 5.38362E-13 8.98291E-15 1.44153E-16 5.80891E-15 1.50805E-08 9.37486E-09
 4.15899E-11 4.87378E-10 4.57728E-07 2.76152E-13 4.15850E-21 3.63246E-22 5.34001E-14 1.07045E-10
 2.90827E-11 1.08756E-21 3.18781E-08 1.86494E-08 3.70856E-04 1.58709E-09 2.40128E-09 7.06320E-09
 9.18175E-07 1.71244E-11 1.60695E-05 2.24614E-04 2.76887E-06 5.23097E-09 2.51323E-09 7.58625E-08
 2.65442E-09 8.05173E-10 1.48310E-13 3.26835E-11 4.08874E-13 7.88890E-15 9.67232E-17 6.12728E-15
 1.34833E-08 1.00897E-08 5.38941E-11 5.28659E-10 4.58557E-07 2.24667E-13 4.36521E-21 4.29734E-22
 6.11916E-14 1.02585E-10 1.99835E-11 1.17364E-21 2.95964E-08 2.02262E-08 3.51434E-04 1.95703E-09
 2.67452E-09 7.42011E-09 8.41935E-07 2.41635E-11 1.60143E-05 2.21608E-04 2.57737E-06 4.61729E-09
 2.38260E-09 7.30061E-08 2.47981E-09 7.20670E-10 1.46461E-13 2.90730E-11 3.12310E-13 7.13078E-15
 6.73348E-17 6.54307E-15 1.20878E-08 1.10433E-08 7.05856E-11 5.78665E-10 4.58932E-07 1.85220E-13
 4.58656E-21 5.07887E-22 7.01704E-14 9.83434E-11 1.16874E-11 1.29775E-21 2.72603E-08 2.20985E-08
 3.30355E-04 2.42617E-09 2.97339E-09 7.77288E-09 7.80470E-07 3.43712E-11 1.59697E-05 2.18924E-04
 2.38238E-06 4.01131E-09 2.23007E-09 7.04188E-08 2.31934E-09 6.44680E-10 1.46210E-13 2.59964E-11
 2.37276E-13 6.63487E-15 4.86459E-17 7.13383E-15 1.08843E-08 1.22733E-08 9.33718E-11 6.39677E-10
 4.58822E-07 1.54098E-13 4.72729E-21 5.90470E-22 8.06311E-14 9.43644E-11 6.07215E-12 1.46079E-21
 2.46720E-08 2.44644E-08 3.07601E-04 3.01301E-09 3.26582E-09 8.04302E-09 7.40437E-07 4.89605E-11
 1.59357E-05 2.16579E-04 2.18202E-06 3.39269E-09 2.04136E-09 6.80981E-08 2.17858E-09 5.73011E-10
 1.48569E-13 2.32673E-11 1.77730E-13 6.37124E-15 3.66241E-17 8.17404E-15 9.86376E-09 1.38992E-08
 1.25231E-10 7.19967E-10 4.58104E-07 1.30239E-13 4.67044E-21 6.63653E-22 9.36606E-14 9.06839E-11
 2.85120E-12 1.67319E-21 2.15977E-08 2.75462E-08 2.83231E-04 3.73227E-09 3.51060E-09 8.18900E-09
 7.29383E-07 6.92216E-11 1.59120E-05 2.14588E-04 1.97669E-06 2.76036E-09 1.79785E-09 6.60481E-08
 2.06012E-09 5.04987E-10 1.55243E-13 2.07873E-11 1.31039E-13 6.35951E-15 2.89685E-17 1.02306E-14
 9.01864E-09 1.61106E-08 1.71628E-10 8.36589E-10 4.56575E-07 1.13490E-13 4.33916E-21 7.10133E-22
 1.11213E-13 8.73417E-11 1.31778E-12 1.96177E-21 1.81843E-08 3.17846E-08 2.57249E-04 4.58876E-09
 3.68566E-09 8.22736E-09 7.53068E-07 9.71393E-11 1.58974E-05 2.12947E-04 1.77238E-06 2.16459E-09
 1.51643E-09 6.42675E-08 1.96507E-09 4.41044E-10 1.66778E-13 1.83881E-11 9.52404E-14 6.56604E-15
 2.38386E-17 1.38942E-14 8.33597E-09 1.90056E-08 2.40089E-10 1.00309E-09 4.54128E-07 1.01298E-13
 3.77439E-21 7.18343E-22 1.33352E-13 8.43711E-11 7.45863E-13 2.33699E-21 1.51055E-08 3.83390E-08
 2.29547E-04 5.58346E-09 3.81676E-09 8.19785E-09 8.13396E-07 1.38602E-10 1.58902E-05 2.11635E-04
 1.58118E-06 1.68157E-09 1.26298E-09 6.27512E-08 1.89829E-09 3.77002E-10 1.80160E-13 1.57710E-11
 6.73967E-14 6.72141E-15 1.94383E-17 1.88182E-14 7.79820E-09 2.23552E-08 3.35033E-10 1.19926E-09
 4.51025E-07 8.77357E-14 3.10702E-21 6.88235E-22 1.54430E-13 8.18095E-11 5.69300E-13 2.72909E-21
 1.25437E-08 4.90495E-08 1.99949E-04 6.69663E-09 3.91718E-09 8.14021E-09 9.23504E-07 2.04176E-10
 1.58885E-05 2.10627E-04 1.41433E-06 1.31602E-09 1.05257E-09 6.14982E-08 1.86163E-09 3.10206E-10
 1.93413E-13 1.28265E-11 4.58093E-14 6.56944E-15 1.49455E-17 2.43242E-14 7.38893E-09 2.58301E-08
 4.60233E-10 1.40413E-09 4.47629E-07 7.07972E-14 2.42648E-21 6.21710E-22 1.71206E-13 7.96924E-11
 5.29756E-13 3.08131E-21 1.04278E-08 6.74056E-08 1.68488E-04 7.88821E-09 3.98609E-09 8.06985E-09
 1.11719E-06 3.14006E-10 1.58906E-05 2.09903E-04 1.28221E-06 1.04300E-09 8.78013E-10 6.05230E-08
 1.85368E-09 2.41390E-10 2.05603E-13 9.70472E-12 2.94860E-14 5.97934E-15 1.04988E-17 2.97572E-14
 7.09675E-09 2.90720E-08 6.19769E-10 1.60445E-09 4.44320E-07 5.20098E-14 1.78245E-21 5.23909E-22
 1.84147E-13 7.80632E-11 5.34730E-13 3.38190E-21 8.70925E-09 1.03530E-07 1.35068E-04 9.17165E-09
 4.00793E-09 7.92033E-09 1.50390E-06 5.22620E-10 1.58946E-05 2.09439E-04 1.19521E-06 8.31510E-10
 7.34305E-10 5.98407E-08 1.87388E-09 1.70413E-10 2.17521E-13 6.67632E-12 1.70938E-14 4.96281E-15
 6.66475E-18 3.44800E-14 6.90940E-09 3.15812E-08 8.21156E-10 1.80180E-09 4.41599E-07 3.32769E-14
 1.17542E-21 3.95585E-22 1.94469E-13 7.69462E-11 5.53131E-13 3.61742E-21 7.43635E-09 2.26453E-07
 9.96740E-05 1.10833E-08 3.98854E-09 7.60348E-09 2.54876E-06 1.19824E-09 1.58984E-05 2.09210E-04
 1.16791E-06 6.48750E-10 6.21289E-10 5.94771E-08 1.93543E-09 8.41891E-11 2.42038E-13 4.18915E-12
 6.99890E-15 3.68276E-15 4.16420E-18 3.49493E-14 6.81718E-09 3.24041E-08 1.13070E-09 1.87192E-09
 4.40489E-07 1.53328E-14 6.04946E-22 2.17215E-22 1.96857E-13 7.63689E-11 5.76000E-13 3.67689E-21
 3.01233E+02 2.98683E+02 2.96084E+02 2.93437E+02 2.90729E+02 2.87957E+02 2.85107E+02 2.82172E+02
 2.79134E+02 2.75982E+02 2.72792E+02 2.69660E+02 2.66394E+02 2.62888E+02 2.59150E+02 2.56078E+02
 2.53957E+02 2.52116E+02 2.50293E+02 2.48614E+02 2.46994E+02 2.45421E+02 2.44044E+02 2.43119E+02
 2.42554E+02 2.41827E+02 2.41300E+02 2.40964E+02 2.40457E+02 2.39876E+02 2.39304E+02 2.38745E+02
 2.38103E+02 2.37478E+02 2.37111E+02 2.36974E+02 2.36920E+02 2.36959E+02 2.37093E+02 2.37300E+02
 2.37557E+02 2.37819E+02 2.38045E+02 2.38233E+02 2.38380E+02 2.38445E+02 2.38402E+02 2.38268E+02
 2.38090E+02 2.37945E+02 2.37872E+02 2.37805E+02 2.37708E+02 2.37620E+02 2.37564E+02 2.37530E+02
 2.37526E+02 2.37574E+02 2.37676E+02 2.37842E+02 2.38085E+02 2.38402E+02 2.38785E+02 2.39226E+02
 2.39705E+02 2.40193E+02 2.40668E+02 2.41105E+02 2.41467E+02 2.41737E+02 2.41921E+02 2.42030E+02
 2.42099E+02 2.42152E+02 2.42135E+02 2.42013E+02 2.41808E+02 2.41527E+02 2.41164E+02 2.40719E+02
 2.40178E+02 2.39523E+02 2.38737E+02 2.37784E+02 2.36606E+02 2.35182E+02 2.33532E+02 2.31661E+02
 2.29589E+02 2.27345E+02 2.24903E+02 2.22165E+02 2.18764E+02 2.14114E+02 2.08099E+02 2.01825E+02
 1.95740E+02 1.89838E+02 1.84115E+02 1.78564E+02 1.00000E+05 1.00000E+05 1.00000E+05 1.00000E+05
 1.00000E+05 1.00000E+05 1.00000E+05 1.00000E+05 1.00000E+05 1.00000E+05 1.00000E+05 1.00000E+05
 1.00000E+05 1.00000E+05 1.00000E+05 1.00000E+05 1.00000E+05 1.00000E+05 1.00000E+05 9.39833E+04
 8.90716E+04 6.92150E+04 5.04010E+04 3.15871E+04 2.53438E+04 1.30601E+04 1.35647E+04 8.48558E+03
 7.99581E+03 5.74093E+03 5.68208E+03 4.91603E+03 4.62576E+03 4.21878E+03 4.10419E+03 3.94605E+03
 3.92616E+03 3.90291E+03 3.87965E+03 3.98634E+03 4.03238E+03 4.27500E+03 4.43500E+03 4.71001E+03
 4.94303E+03 5.23836E+03 5.51510E+03 5.88258E+03 6.23049E+03 6.63124E+03 7.02613E+03 7.42101E+03
 7.90684E+03 8.34777E+03 8.83453E+03 9.30058E+03 9.79935E+03 1.02849E+04 1.09166E+04 1.14980E+04
 1.20538E+04 1.26166E+04 1.31395E+04 1.36698E+04 1.43800E+04 1.50777E+04 1.57753E+04 1.65267E+04
 1.72523E+04 1.79201E+04 1.86131E+04 1.95405E+04 2.03777E+04 2.13521E+04 2.22823E+04 2.35022E+04
 2.46510E+04 2.60950E+04 2.74950E+04 2.88902E+04 3.02856E+04 3.16809E+04 3.34949E+04 3.51135E+04
 3.71573E+04 3.90224E+04 4.08802E+04 4.27407E+04 4.49193E+04 4.70030E+04 4.96798E+04 5.22286E+04
 5.53059E+04 5.83245E+04 6.13431E+04 6.39576E+04 6.67715E+04 7.03155E+04 7.35294E+04 7.80133E+04
 2.34261E+19 2.18409E+19 2.03543E+19 1.89604E+19 1.76546E+19 1.64314E+19 1.52867E+19 1.42157E+19
 1.32147E+19 1.22795E+19 1.14024E+19 1.05769E+19 9.80744E+18 9.09360E+18 8.43050E+18 7.78793E+18
 7.16194E+18 6.57479E+18 6.03168E+18 5.52703E+18 5.06056E+18 4.63001E+18 4.23053E+18 3.85677E+18
 3.50991E+18 3.19565E+18 2.90646E+18 2.64096E+18 2.40107E+18 2.18322E+18 1.98464E+18 1.80366E+18
 1.63939E+18 1.48964E+18 1.35184E+18 1.22550E+18 1.11057E+18 1.00603E+18 9.11023E+17 8.24808E+17
 7.46686E+17 6.76037E+17 6.12239E+17 5.54608E+17 5.02536E+17 4.55538E+17 4.13134E+17 3.74814E+17
 3.40097E+17 3.08539E+17 2.79818E+17 2.53762E+17 2.30158E+17 2.08739E+17 1.89286E+17 1.71631E+17
 1.55605E+17 1.41048E+17 1.27830E+17 1.15830E+17 1.04932E+17 9.50440E+16 8.60780E+16 7.79537E+16
 7.05999E+16 6.39516E+16 5.79449E+16 5.25219E+16 4.76299E+16 4.32163E+16 3.92301E+16 3.56254E+16
 3.23592E+16 2.93957E+16 2.67120E+16 2.42836E+16 2.20826E+16 2.00860E+16 1.82742E+16 1.66291E+16
 1.51356E+16 1.37798E+16 1.25490E+16 1.14326E+16 1.04211E+16 9.50446E+15 8.67173E+15 7.91416E+15
 7.22355E+15 6.59267E+15 6.01656E+15 5.49238E+15 5.02269E+15 4.61219E+15 4.25366E+15 3.91853E+15
 3.59728E+15 3.29054E+15 2.99885E+15 2.72263E+15 3.70581E-14 4.15455E-14 5.11172E-14 6.59531E-14
 8.53385E-14 1.09123E-13 1.37378E-13 1.70283E-13 2.08077E-13 2.51048E-13 2.99537E-13 3.53929E-13
 4.14574E-13 4.81907E-13 5.56164E-13 6.37548E-13 7.26372E-13 8.22888E-13 9.27293E-13 1.04346E-12
 1.17605E-12 1.34246E-12 1.58089E-12 1.96114E-12 2.53985E-12 3.51034E-12 4.93706E-12 6.83535E-12
 9.47268E-12 1.28646E-11 1.70794E-11 2.17992E-11 2.71515E-11 3.29692E-11 3.90743E-11 4.51781E-11
 5.10470E-11 5.63998E-11 6.10480E-11 6.47314E-11 6.72709E-11 6.85341E-11 6.84857E-11 6.71589E-11
 6.46294E-11 6.09924E-11 5.63684E-11 5.08984E-11 4.47265E-11 3.79670E-11 3.06226E-11 2.44585E-11
 1.93762E-11 1.51863E-11 1.17777E-11 9.02141E-12 6.82222E-12 5.08436E-12 3.74423E-12 2.71648E-12
 1.93710E-12 1.35563E-12 9.28304E-13 6.20937E-13 4.07100E-13 2.60997E-13 1.63285E-13 9.96301E-14
 5.91156E-14 3.39680E-14 1.88667E-14 1.01767E-14 5.30079E-15 2.66987E-15 1.29441E-15 6.07772E-16
 2.74783E-16 1.20318E-16 5.07536E-17 2.05388E-17 7.93989E-18 2.91915E-18 1.02936E-18 3.44302E-19
 1.10118E-19 3.33064E-20 9.46876E-21 2.51397E-21 6.25046E-22 1.43984E-22 3.10461E-23 6.18757E-24
 1.14869E-24 1.96904E-25 3.09848E-26 4.36800E-27 5.47434E-28 6.15884E-29 6.06622E-30 5.35086E-31
 7.25506E-02 6.43986E-02 6.49535E-02 7.05969E-02 8.10087E-02 9.18794E-02 1.02927E-01 1.14741E-01
 1.26351E-01 1.37504E-01 1.47438E-01 1.57139E-01 1.66205E-01 1.74551E-01 1.82412E-01 1.88674E-01
 1.95218E-01 1.99432E-01 2.02770E-01 2.06349E-01 2.10248E-01 2.16193E-01 2.32908E-01 2.62956E-01
 3.08534E-01 3.87316E-01 4.93030E-01 6.16412E-01 7.73328E-01 9.51743E-01 1.14497E+00 1.32377E+00
 1.49519E+00 1.64574E+00 1.76092E+00 1.83181E+00 1.86010E+00 1.84587E+00 1.79342E+00 1.70560E+00
 1.58915E+00 1.45187E+00 1.30385E+00 1.14977E+00 9.95644E-01 8.46433E-01 7.05645E-01 5.75507E-01
 4.57042E-01 3.50487E-01 2.55176E-01 1.83967E-01 1.31598E-01 9.31263E-02 6.52451E-02 4.51441E-02
 3.08304E-02 2.07406E-02 1.37811E-02 9.01656E-03 5.79470E-03 3.65278E-03 2.25207E-03 1.35580E-03
 8.00593E-04 4.62442E-04 2.60760E-04 1.43491E-04 7.68877E-05 3.99316E-05 2.00619E-05 9.79480E-06
 4.62010E-06 2.10794E-06 9.26240E-07 3.94456E-07 1.61843E-07 6.43404E-08 2.46528E-08 9.06592E-09
 3.18645E-09 1.06584E-09 3.42182E-10 1.04299E-10 3.04363E-11 8.41049E-12 2.18722E-12 5.31693E-13
 1.21113E-13 2.55741E-14 5.05914E-15 9.26623E-16 1.58835E-16 2.54333E-17 3.80109E-18 5.11733E-19
 6.14869E-20 6.67935E-21 6.39982E-22 5.53280E-23 1.00000E-12 1.00000E-12 1.00000E-12 1.00000E-12
 1.00000E-12 1.00000E-12 1.00000E-12 1.00000E-12 1.00000E-12 1.00000E-12 1.00000E-12 1.00000E-12
 1.00000E-12 1.00000E-12 1.00000E-12 1.00000E-12 1.00000E-12 1.00000E-12 1.00000E-12 1.00000E-12
 1.00000E-12 1.00000E-12 1.00000E-12 1.00000E-12 1.00000E-12 1.00000E-12 1.00000E-12 1.00000E-12
 1.00000E-12 1.00000E-12 1.00000E-12 1.00000E-12 1.00000E-12 1.00000E-12 1.00000E-12 1.00000E-12
 1.00000E-12 1.00000E-12 1.00000E-12 1.00000E-12 1.00000E-12 1.00000E-12 1.00000E-12 1.00000E-12
 1.00000E-12 1.00000E-12 1.00000E-12 1.00000E-12 1.00000E-12 1.00000E-12 1.00000E-12 1.00000E-12
 1.00000E-12 1.00000E-12 1.00000E-12 1.00000E-12 1.00000E-12 1.00000E-12 1.00000E-12 1.00000E-12
 1.00000E-12 1.00000E-12 1.00000E-12 1.00000E-12 1.00000E-12 1.00000E-12 1.00000E-12 1.00000E-12
 1.00000E-12 1.00000E-12 1.00000E-12 1.00000E-12 1.00000E-12 1.00000E-12 1.00000E-12 1.00000E-12
 1.00000E-12 1.00000E-12 1.00000E-12 1.00000E-12 1.00000E-12 1.00000E-12 1.00000E-12 1.00000E-12
 1.00000E-12 1.00000E-12 1.00000E-12 1.00000E-12 1.00000E-12 1.00000E-12 1.00000E-12 1.00000E-12
 1.00000E-12 1.00000E-12 1.00000E-12 1.00000E-12 1.00000E-12 1.00000E-12 1.00000E-12 1.00000E-12
 1.00000E-12 1.00000E-12 1.00000E-12 1.00000E-12 1.00000E-12 1.00000E-12 1.00000E-12 1.00000E-12
 1.00000E-12 1.00000E-12 1.00000E-12 1.00000E-12 1.00000E-12 1.00000E-12 1.00000E-12 1.00000E-12
 1.00000E-12 1.00000E-12 1.00000E-12 1.00000E-12 1.00000E-12 1.00000E-12 1.00000E-12 1.00000E-12
 1.00000E-12 1.00000E-12 1.00000E-12 1.00000E-12 1.00000E-12 1.00000E-12 1.00000E-12 1.00000E-12
 1.00000E-12 1.00000E-12 1.00000E-12 1.00000E-12 1.00000E-12 1.00000E-12 1.00000E-12 1.00000E-12
 1.00000E-12 1.00000E-12 1.00000E-12 1.00000E-12 1.00000E-12 1.00000E-12 1.00000E-12 1.00000E-12
 1.00000E-12 1.00000E-12 1.00000E-12 1.00000E-12 1.00000E-12 1.00000E-12 1.00000E-12 1.00000E-12
 1.00000E-12 1.00000E-12 1.00000E-12 1.00000E-12 1.00000E-12 1.00000E-12 1.00000E-12 1.00000E-12
 1.00000E-12 1.00000E-12 1.00000E-12 1.00000E-12 1.00000E-12 1.00000E-12 1.00000E-12 1.00000E-12
 1.00000E-12 1.00000E-12 1.00000E-12 1.00000E-12 1.00000E-12 1.00000E-12 1.00000E-12 1.00000E-12
 1.00000E-12 1.00000E-12 1.00000E-12 1.00000E-12 1.00000E-12 1.00000E-12 1.00000E-12 1.00000E-12
 1.00000E-12 1.00000E-12 1.00000E-12 1.00000E-12 1.00000E-12 1.00000E-12 1.00000E-12 1.00000E-12
 1.00000E-12 1.00000E-12 1.00000E-12 1.00000E-12 2.75424E-04 2.96546E-04 3.18813E-04 3.42169E-04
 3.63957E-04 3.88071E-04 4.14467E-04 4.42474E-04 4.73204E-04 5.07106E-04 5.45205E-04 5.86766E-04
 6.32725E-04 6.83810E-04 7.40292E-04 8.03300E-04 8.70464E-04 9.46612E-04 1.03088E-03 1.12330E-03
 1.22582E-03 1.34100E-03 1.46096E-03 1.59527E-03 1.74549E-03 1.91028E-03 2.09431E-03 2.29894E-03
 2.52362E-03 2.77127E-03 3.04507E-03 3.34810E-03 3.68215E-03 4.05205E-03 4.46589E-03 4.92826E-03
 5.44167E-03 6.01062E-03 6.64111E-03 7.34027E-03 8.11478E-03 8.97105E-03 9.91143E-03 1.09492E-02
 1.20941E-02 1.33557E-02 1.47446E-02 1.62734E-02 1.79599E-02 1.98252E-02 2.18907E-02 2.41731E-02
 2.66926E-02 2.94770E-02 3.25459E-02 3.59358E-02 3.96824E-02 4.38252E-02 4.84056E-02 5.34704E-02
 5.90716E-02 6.52642E-02 7.21076E-02 7.96670E-02 8.79827E-02 9.71421E-02 1.07230E-01 1.18329E-01
 1.30510E-01 1.43900E-01 1.58622E-01 1.74815E-01 1.92627E-01 2.12229E-01 2.33794E-01 2.57507E-01
 2.83600E-01 3.12324E-01 3.43950E-01 3.78784E-01 4.17157E-01 4.59423E-01 5.05995E-01 5.57322E-01
 6.13885E-01 6.76279E-01 7.45176E-01 8.21447E-01 9.06064E-01 1.00009E+00 1.10464E+00 1.22089E+00
 1.34972E+00 1.49079E+00 1.64401E+00 1.81602E+00 2.00974E+00 2.22642E+00 2.46988E+00 2.74523E+00
 1.00000E+00 1.00000E+00 1.00000E+00 1.00000E+00 1.00000E+00 1.00000E+00 1.00000E+00 1.00000E+00
 1.00000E+00 1.00000E+00 1.00000E+00 1.00000E+00 1.00000E+00 1.00000E+00 1.00000E+00 1.00000E+00
 1.00000E+00 1.00000E+00 1.00000E+00 1.00000E+00 1.00000E+00 1.00000E+00 1.00000E+00 1.00000E+00
 1.00000E+00 1.00000E+00 1.00000E+00 1.00000E+00 1.00000E+00 1.00000E+00 1.00000E+00 1.00000E+00
 1.00000E+00 1.00000E+00 1.00000E+00 1.00000E+00 1.00000E+00 1.00000E+00 1.00000E+00 1.00000E+00
 1.00000E+00 1.00000E+00 1.00000E+00 1.00000E+00 1.00000E+00 1.00000E+00 1.00000E+00 1.00000E+00
 1.00000E+00 1.00000E+00 1.00000E+00 1.00000E+00 1.00000E+00 1.00000E+00 1.00000E+00 1.00000E+00
 1.00000E+00 1.00000E+00 1.00000E+00 1.00000E+00 1.00000E+00 1.00000E+00 1.00000E+00 1.00000E+00
 1.00000E+00 1.00000E+00 1.00000E+00 1.00000E+00 1.00000E+00 1.00000E+00 1.00000E+00 1.00000E+00
 1.00000E+00 1.00000E+00 1.00000E+00 1.00000E+00 1.00000E+00 1.00000E+00 1.00000E+00 1.00000E+00
 1.00000E+00 1.00000E+00 1.00000E+00 1.00000E+00 1.00000E+00 1.00000E+00 1.00000E+00 1.00000E+00
 1.00000E+00 1.00000E+00 1.00000E+00 1.00000E+00 1.00000E+00 1.00000E+00 1.00000E+00 1.00000E+00
 1.00000E+00 1.00000E+00 1.00000E+00 1.00000E+00 1.00000E+00 1.00000E+00 1.00000E+00 1.00000E+00
 1.00000E+00 1.00000E+00 1.00000E+00 1.00000E+00 1.00000E+00 1.00000E+00 1.00000E+00 1.00000E+00
 1.00000E+00 1.00000E+00 1.00000E+00 1.00000E+00 1.00000E+00 1.00000E+00 1.00000E+00 1.00000E+00
 1.00000E+00 1.00000E+00 1.00000E+00 1.00000E+00 1.00000E+00 1.00000E+00 1.00000E+00 1.00000E+00
 1.00000E+00 1.00000E+00 1.00000E+00 1.00000E+00 1.00000E+00 1.00000E+00 1.00000E+00 1.00000E+00
 1.00000E+00 1.00000E+00 1.00000E+00 1.00000E+00 1.00000E+00 1.00000E+00 1.00000E+00 1.00000E+00
 1.00000E+00 1.00000E+00 1.00000E+00 1.00000E+00 1.00000E+00 1.00000E+00 1.00000E+00 1.00000E+00
 1.00000E+00 1.00000E+00 1.00000E+00 1.00000E+00 1.00000E+00 1.00000E+00 1.00000E+00 1.00000E+00
 1.00000E+00 1.00000E+00 1.00000E+00 1.00000E+00 1.00000E+00 1.00000E+00 1.00000E+00 1.00000E+00
 1.00000E+00 1.00000E+00 1.00000E+00 1.00000E+00 1.00000E+00 1.00000E+00 1.00000E+00 1.00000E+00
 1.00000E+00 1.00000E+00 1.00000E+00 1.00000E+00 1.00000E+00 1.00000E+00 1.00000E+00 1.00000E+00
 1.00000E+00 1.00000E+00 1.00000E+00 1.00000E+00 1.00000E+00 1.00000E+00 1.00000E+00 1.00000E+00
 1.00000E+00 1.00000E+00 1.00000E+00 1.00000E+00 1.00000E+00 1.00000E+00 1.00000E+00 1.00000E+00
 1.00000E-05 1.00000E-05 1.00000E-05 1.00000E-05 1.00000E-05 1.00000E-05 1.00000E-05 1.00000E-05
 1.00000E-05 1.00000E-05 1.00000E-05 1.00000E-05 1.00000E-05 1.00000E-05 1.00000E-05 1.00000E-05
 1.00000E-05 1.00000E-05 1.00000E-05 1.00000E-05 1.00000E-05 1.00000E-05 1.00000E-05 1.00000E-05
 1.00000E-05 1.00000E-05 1.00000E-05 1.00000E-05 1.00000E-05 1.00000E-05 1.00000E-05 1.00000E-05
 1.00000E-05 1.00000E-05 1.00000E-05 1.00000E-05 1.00000E-05 1.00000E-05 1.00000E-05 1.00000E-05
 1.00000E-05 1.00000E-05 1.00000E-05 1.00000E-05 1.00000E-05 1.00000E-05 1.00000E-05 1.00000E-05
 1.00000E-05 1.00000E-05 1.00000E-05 1.00000E-05 1.00000E-05 1.00000E-05 1.00000E-05 1.00000E-05
 1.00000E-05 1.00000E-05 1.00000E-05 1.00000E-05 1.00000E-05 1.00000E-05 1.00000E-05 1.00000E-05
 1.00000E-05 1.00000E-05 1.00000E-05 1.00000E-05 1.00000E-05 1.00000E-05 1.00000E-05 1.00000E-05
 1.00000E-05 1.00000E-05 1.00000E-05 1.00000E-05 1.00000E-05 1.00000E-05 1.00000E-05 1.00000E-05
 1.00000E-05 1.00000E-05 1.00000E-05 1.00000E-05 1.00000E-05 1.00000E-05 1.00000E-05 1.00000E-05
 1.00000E-05 1.00000E-05 1.00000E-05 1.00000E-05 1.00000E-05 1.00000E-05 1.00000E-05 1.00000E-05
 1.00000E-05 1.00000E-05 1.00000E-05 1.00000E-05 1.00000E-09 1.00000E-09 1.00000E-09 1.00000E-09
 1.00000E-09 1.00000E-09 1.00000E-09 1.00000E-09 1.00000E-09 1.00000E-09 1.00000E-09 1.00000E-09
 1.00000E-09 1.00000E-09 1.00000E-09 1.00000E-09 1.00000E-09 1.00000E-09 1.00000E-09 1.00000E-09
 1.00000E-09 1.00000E-09 1.00000E-09 1.00000E-09 1.00000E-09 1.00000E-09 1.00000E-09 1.00000E-09
 1.00000E-09 1.00000E-09 1.00000E-09 1.00000E-09 1.00000E-09 1.00000E-09 1.00000E-09 1.00000E-09
 1.00000E-09 1.00000E-09 1.00000E-09 1.00000E-09 1.00000E-09 1.00000E-09 1.00000E-09 1.00000E-09
 1.00000E-09 1.00000E-09 1.00000E-09 1.00000E-09 1.00000E-09 1.00000E-09 1.00000E-09 1.00000E-09
 1.00000E-09 1.00000E-09 1.00000E-09 1.00000E-09 1.00000E-09 1.00000E-09 1.00000E-09 1.00000E-09
 1.00000E-09 1.00000E-09 1.00000E-09 1.00000E-09 1.00000E-09 1.00000E-09 1.00000E-09 1.00000E-09
 1.00000E-09 1.00000E-09 1.00000E-09 1.00000E-09 1.00000E-09 1.00000E-09 1.00000E-09 1.00000E-09
 1.00000E-09 1.00000E-09 1.00000E-09 1.00000E-09 1.00000E-09 1.00000E-09 1.00000E-09 1.00000E-09
 1.00000E-09 1.00000E-09 1.00000E-09 1.00000E-09 1.00000E-09 1.00000E-09 1.00000E-09 1.00000E-09
 1.00000E-09 1.00000E-09 1.00000E-09 1.00000E-09 1.00000E-09 1.00000E-09 1.00000E-09 1.00000E-09
 1.00000E-09 1.00000E-09 1.00000E-09 1.00000E-09 1.00000E-09 1.00000E-09 1.00000E-09 1.00000E-09
 1.00000E-09 1.00000E-09 1.00000E-09 1.00000E-09 1.00000E-09 1.00000E-09 1.00000E-09 1.00000E-09
 1.00000E-09 1.00000E-09 1.00000E-09 1.00000E-09 1.00000E-09 1.00000E-09 1.00000E-09 1.00000E-09
 1.00000E-09 1.00000E-09 1.00000E-09 1.00000E-09 1.00000E-09 1.00000E-09 1.00000E-09 1.00000E-09
 1.00000E-09 1.00000E-09 1.00000E-09 1.00000E-09 1.00000E-09 1.00000E-09 1.00000E-09 1.00000E-09
 1.00000E-09 1.00000E-09 1.00000E-09 1.00000E-09 1.00000E-09 1.00000E-09 1.00000E-09 1.00000E-09
 1.00000E-09 1.00000E-09 1.00000E-09 1.00000E-09 1.00000E-09 1.00000E-09 1.00000E-09 1.00000E-09
 1.00000E-09 1.00000E-09 1.00000E-09 1.00000E-09 1.00000E-09 1.00000E-09 1.00000E-09 1.00000E-09
 1.00000E-09 1.00000E-09 1.00000E-09 1.00000E-09 1.00000E-09 1.00000E-09 1.00000E-09 1.00000E-09
 1.00000E-09 1.00000E-09 1.00000E-09 1.00000E-09 1.00000E-09 1.00000E-09 1.00000E-09 1.00000E-09
 1.00000E-09 1.00000E-09 1.00000E-09 1.00000E-09 1.00000E-09 1.00000E-09 1.00000E-09 1.00000E-09
 1.00000E-09 1.00000E-09 1.00000E-09 1.00000E-09 1.00000E-09 1.00000E-09 1.00000E-09 1.00000E-09
 1.00000E-09 1.00000E-09 1.00000E-09 1.00000E-09
