 1.15793E-10 1.32031E-17 2.66458E-02 6.98711E-18 2.16014E-12 1.75822E-10 1.30100E-08 5.36622E-22
 2.70840E-05 3.71407E-04 7.76631E-05 6.80185E-11 5.19622E-13 7.04374E-07 2.77033E-12 1.19522E-10
 1.26336E-18 1.20505E-10 7.58357E-14 5.80411E-14 1.17972E-15 2.07145E-31 3.30301E-07 9.21202E-17
 2.69175E-21 1.31856E-18 4.37964E-12 6.57448E-15 6.61039E-10 1.57887E-19 7.19479E-22 7.02744E-11
 6.89783E-16 1.52012E-13 1.32961E-10 1.59592E-17 2.28746E-02 8.58704E-18 2.34100E-12 2.04516E-10
 1.39209E-08 6.75230E-22 2.70841E-05 3.71403E-04 7.76566E-05 7.78597E-11 5.26539E-13 7.04354E-07
 3.35709E-12 1.34786E-10 1.72654E-18 1.60060E-10 1.16944E-13 5.90905E-14 1.61523E-15 2.17197E-30
 3.30292E-07 1.19007E-16 3.33266E-21 1.54503E-18 6.19781E-12 8.63418E-15 6.69295E-10 1.90546E-19
 9.37769E-22 1.14358E-10 1.23222E-15 2.52483E-13 1.54088E-10 1.93232E-17 1.97713E-02 1.04177E-17
 2.49058E-12 2.42583E-10 1.49230E-08 8.40008E-22 2.70842E-05 3.71399E-04 7.76499E-05 9.00329E-11
 5.22040E-13 7.04334E-07 4.02904E-12 1.50805E-10 2.30544E-18 2.04572E-10 1.77133E-13 5.97454E-14
 2.16978E-15 5.43171E-31 3.30282E-07 1.44509E-16 4.07383E-21 1.80265E-18 8.67847E-12 1.06900E-14
 6.77451E-10 2.26619E-19 1.20890E-21 1.60605E-10 1.92695E-15 3.62355E-13 1.78948E-10 2.34080E-17
 1.67788E-02 1.25108E-17 2.62504E-12 2.90822E-10 1.60134E-08 1.03568E-21 2.70843E-05 3.71395E-04
 7.76429E-05 1.04769E-10 5.13595E-13 7.04312E-07 4.80298E-12 1.67813E-10 3.02741E-18 2.55165E-10
 2.67790E-13 6.00587E-14 2.92744E-15 8.78735E-31 3.30272E-07 1.69353E-16 4.93086E-21 2.09294E-18
 1.20035E-11 1.27423E-14 6.85459E-10 2.66354E-19 1.54798E-21 2.09968E-10 2.81302E-15 4.83506E-13
 2.04765E-10 2.83580E-17 1.43127E-02 1.50229E-17 2.76232E-12 3.43961E-10 1.71873E-08 1.27817E-21
 2.70844E-05 3.71390E-04 7.76355E-05 1.20203E-10 5.04921E-13 7.04288E-07 5.69180E-12 1.85838E-10
 3.94807E-18 3.06889E-10 4.06552E-13 5.99886E-14 3.89332E-15 1.44362E-30 3.30261E-07 1.94260E-16
 5.96896E-21 2.43871E-18 1.61066E-11 1.47862E-14 6.93264E-10 3.12559E-19 1.98793E-21 2.61983E-10
 3.86670E-15 6.14914E-13 2.29844E-10 3.43138E-17 1.19858E-02 1.78714E-17 2.88034E-12 3.99479E-10
 1.84372E-08 1.56392E-21 2.70845E-05 3.71386E-04 7.76279E-05 1.35467E-10 4.91962E-13 7.04263E-07
 6.71680E-12 2.04715E-10 5.07927E-18 3.56774E-10 6.18246E-13 5.94279E-14 5.19271E-15 2.37004E-30
 3.30249E-07 2.19611E-16 7.16108E-21 2.82308E-18 2.10018E-11 1.68046E-14 7.00805E-10 3.62955E-19
 2.54141E-21 3.16020E-10 5.08616E-15 7.54946E-13 2.53037E-10 4.14554E-17 1.00410E-02 2.12097E-17
 2.99504E-12 4.56109E-10 1.97533E-08 1.91054E-21 2.70846E-05 3.71381E-04 7.76199E-05 1.50173E-10
 4.78090E-13 7.04236E-07 7.88128E-12 2.23944E-10 6.47850E-18 4.02667E-10 9.43930E-13 5.82739E-14
 6.81205E-15 2.89215E-30 3.30237E-07 2.45903E-16 8.57379E-21 3.27172E-18 2.67392E-11 1.87717E-14
 7.08011E-10 4.20178E-19 3.25568E-21 3.71297E-10 6.46326E-15 9.01528E-13 2.73397E-10 4.99385E-17
 8.28050E-03 2.49431E-17 3.09138E-12 5.13099E-10 2.11231E-08 2.31392E-21 2.70848E-05 3.71375E-04
 7.76115E-05 1.64130E-10 4.60914E-13 7.04207E-07 9.18633E-12 2.42591E-10 8.13474E-18 4.42881E-10
 1.44585E-12 5.63360E-14 8.85449E-15 8.29359E-30 3.30224E-07 2.73409E-16 1.01775E-20 3.77508E-18
 3.33904E-11 2.06471E-14 7.14802E-10 4.81976E-19 4.16024E-21 4.26857E-10 7.96333E-15 1.05203E-12
 2.90167E-10 5.99589E-17 6.75379E-03 2.90668E-17 3.17481E-12 5.70157E-10 2.25314E-08 2.77868E-21
 2.70849E-05 3.71369E-04 7.76028E-05 1.77317E-10 4.42077E-13 7.04177E-07 1.05949E-11 2.59091E-10
 1.00129E-17 4.76239E-10 2.21411E-12 5.35062E-14 1.12649E-14 1.36005E-29 3.30210E-07 3.02528E-16
 1.19774E-20 4.35135E-18 4.10443E-11 2.23804E-14 7.21089E-10 5.48224E-19 5.30388E-21 4.81549E-10
 9.53346E-15 1.20341E-12 3.02745E-10 7.16623E-17 5.46615E-03 3.34497E-17 3.24672E-12 6.27272E-10
 2.39619E-08 3.29616E-21 2.70850E-05 3.71363E-04 7.75938E-05 1.89805E-10 4.22057E-13 7.04144E-07
 1.20182E-11 2.71038E-10 1.19732E-17 5.02158E-10 3.39340E-12 4.95931E-14 1.38153E-14 1.77722E-29
 3.30196E-07 3.33677E-16 1.39300E-20 5.01822E-18 4.98056E-11 2.39129E-14 7.26767E-10 6.16898E-19
 6.73921E-21 5.34008E-10 1.10960E-14 1.35226E-12 3.10767E-10 8.52525E-17 4.27139E-03 3.76278E-17
 3.28805E-12 6.84609E-10 2.53961E-08 3.82473E-21 2.70851E-05 3.71357E-04 7.75843E-05 2.01720E-10
 3.99217E-13 7.04108E-07 1.33621E-11 2.76766E-10 1.37246E-17 5.20781E-10 5.14718E-12 4.47770E-14
 1.66312E-14 3.04424E-29 3.30181E-07 3.67198E-16 1.58487E-20 5.74940E-18 5.97931E-11 2.51842E-14
 7.31722E-10 6.80276E-19 8.45643E-21 5.82647E-10 1.25588E-14 1.49506E-12 3.14290E-10 1.01393E-16
 3.32937E-03 4.22101E-17 3.35659E-12 7.42656E-10 2.68151E-08 4.43923E-21 2.70853E-05 3.71350E-04
 7.75745E-05 2.13267E-10 3.81757E-13 7.04070E-07 1.46280E-11 2.77969E-10 1.53947E-17 5.32976E-10
 7.60101E-12 3.99479E-14 1.94152E-14 5.89947E-29 3.30164E-07 4.04195E-16 1.79764E-20 6.64394E-18
 7.11437E-11 2.61528E-14 7.35821E-10 7.49382E-19 1.05667E-20 6.25688E-10 1.38847E-14 1.62876E-12
 3.13276E-10 1.19836E-16 2.53858E-03 4.71756E-17 3.43544E-12 8.01617E-10 2.82008E-08 5.13092E-21
 2.70854E-05 3.71342E-04 7.75642E-05 2.24543E-10 3.63735E-13 7.04029E-07 1.58677E-11 2.74789E-10
 1.70624E-17 5.39792E-10 1.15185E-11 3.47486E-14 2.22568E-14 1.05825E-28 3.30147E-07 4.44969E-16
 2.03361E-20 7.68315E-18 8.39944E-11 2.67738E-14 7.38917E-10 8.23874E-19 1.32852E-20 6.61128E-10
 1.50082E-14 1.75030E-12 3.07723E-10 1.40649E-16 1.88519E-03 5.26554E-17 3.54241E-12 8.61478E-10
 2.95340E-08 5.91732E-21 2.70855E-05 3.71334E-04 7.75534E-05 2.35607E-10 3.46205E-13 7.03986E-07
 1.70008E-11 2.66433E-10 1.86747E-17 5.42412E-10 1.80926E-11 2.93280E-14 2.49554E-14 1.93658E-28
 3.30129E-07 4.89218E-16 2.30043E-20 8.92909E-18 9.84744E-11 2.69989E-14 7.40837E-10 9.06382E-19
 1.68583E-20 6.86745E-10 1.58370E-14 1.85662E-12 2.97685E-10 1.63782E-16 1.35624E-03 5.81305E-17
 3.66568E-12 9.21960E-10 3.07954E-08 6.74230E-21 2.70857E-05 3.71326E-04 7.75421E-05 2.46486E-10
 3.28050E-13 7.03939E-07 1.78416E-11 2.50957E-10 1.98309E-17 5.42141E-10 2.93320E-11 2.37813E-14
 2.69820E-14 3.93864E-28 3.30110E-07 5.34772E-16 2.57796E-20 1.04069E-17 1.14720E-10 2.67746E-14
 7.41389E-10 9.89018E-19 2.14541E-20 7.00157E-10 1.61992E-14 1.94482E-12 2.83417E-10 1.89056E-16
 9.39332E-04 6.15668E-17 3.73545E-12 9.82215E-10 3.19685E-08 7.36257E-21 2.70858E-05 3.71317E-04
 7.75304E-05 2.57111E-10 3.05044E-13 7.03888E-07 1.80328E-11 2.25766E-10 1.95153E-17 5.40092E-10
 4.77566E-11 1.82323E-14 2.74031E-14 8.04419E-28 3.30089E-07 5.76816E-16 2.77750E-20 1.19849E-17
 1.32819E-10 2.60600E-14 7.40358E-10 1.03939E-18 2.67846E-20 6.98799E-10 1.58720E-14 2.01258E-12
 2.65894E-10 2.16295E-16 6.21956E-04 6.07591E-17 3.57139E-12 1.04155E-09 3.30415E-08 7.48477E-21
 2.70859E-05 3.71307E-04 7.75180E-05 2.67488E-10 2.67888E-13 7.03834E-07 1.79544E-11 1.95610E-10
 1.76792E-17 5.37230E-10 7.49600E-11 1.32135E-14 2.65289E-14 1.54908E-27 3.30067E-07 6.10021E-16
 2.79649E-20 1.30630E-17 1.52826E-10 2.48800E-14 7.39327E-10 1.02269E-18 3.22218E-20 6.98180E-10
 1.48516E-14 2.05941E-12 2.46806E-10 2.46478E-16 3.90992E-04 5.55581E-17 3.21000E-12 1.10105E-09
 3.40248E-08 7.06301E-21 2.70861E-05 3.71296E-04 7.75050E-05 2.77993E-10 2.25224E-13 7.03776E-07
 1.74138E-11 1.62544E-10 1.44729E-17 5.34219E-10 1.07803E-10 9.09272E-15 2.45269E-14 2.79403E-27
 3.30044E-07 6.39968E-16 2.61520E-20 1.35237E-17 1.74789E-10 2.33703E-14 7.38289E-10 9.35984E-19
 3.71349E-20 6.98063E-10 1.33711E-14 2.08755E-12 2.28132E-10 2.84847E-16 2.70469E-04 5.22027E-17
 3.04715E-12 1.16335E-09 3.49440E-08 6.91635E-21 2.70862E-05 3.71285E-04 7.74913E-05 2.89240E-10
 2.03452E-13 7.03713E-07 1.63133E-11 1.32437E-10 1.16029E-17 5.31431E-10 1.39605E-10 6.28969E-15
 2.02539E-14 5.01602E-27 3.30019E-07 6.85453E-16 2.50628E-20 1.47209E-17 1.98820E-10 2.17448E-14
 7.37231E-10 8.80234E-19 4.29024E-20 6.98284E-10 1.19643E-14 2.10161E-12 2.10990E-10 3.36143E-16
 2.16517E-04 5.28496E-17 3.19746E-12 1.23016E-09 3.58246E-08 7.38679E-21 2.70863E-05 3.71273E-04
 7.74766E-05 3.01595E-10 2.04860E-13 7.03646E-07 1.48874E-11 1.08207E-10 9.58658E-18 5.28954E-10
 1.66675E-10 4.53014E-15 1.51019E-14 9.06282E-27 3.29992E-07 7.59219E-16 2.57379E-20 1.74432E-17
 2.25110E-10 2.01470E-14 7.36136E-10 8.89763E-19 5.03858E-20 6.98734E-10 1.08769E-14 2.10520E-12
 1.95713E-10 4.00005E-16 1.75178E-04 5.44250E-17 3.42098E-12 1.30172E-09 3.66837E-08 8.07146E-21
 2.70865E-05 3.71259E-04 7.74608E-05 3.15136E-10 2.11783E-13 7.03572E-07 1.35451E-11 8.89876E-11
 7.97541E-18 5.26740E-10 1.89168E-10 3.31500E-15 1.12588E-14 1.57353E-26 3.29963E-07 8.60673E-16
 2.68400E-20 2.09043E-17 2.53871E-10 1.86368E-14 7.34994E-10 9.13397E-19 5.91482E-20 6.99344E-10
 1.00180E-14 2.10025E-12 1.82026E-10 4.77911E-16 1.43566E-04 5.61529E-17 3.65225E-12 1.38082E-09
 3.75660E-08 8.86147E-21 2.70866E-05 3.71244E-04 7.74432E-05 3.30434E-10 2.19421E-13 7.03490E-07
 1.23409E-11 7.34938E-11 6.63481E-18 5.24656E-10 2.08218E-10 2.43552E-15 8.35877E-15 2.65032E-26
 3.29930E-07 9.92420E-16 2.80418E-20 2.49101E-17 2.86437E-10 1.72116E-14 7.33753E-10 9.38280E-19
 6.95074E-20 7.00097E-10 9.30071E-15 2.08802E-12 1.69950E-10 5.75207E-16 1.20646E-04 5.88915E-17
 3.94286E-12 1.47037E-09 3.85089E-08 9.92859E-21 2.70868E-05 3.71227E-04 7.74229E-05 3.48128E-10
 2.30169E-13 7.03394E-07 1.12994E-11 6.14949E-11 5.60626E-18 5.22609E-10 2.24006E-10 1.82543E-15
 6.23585E-15 4.35319E-26 3.29892E-07 1.16166E-15 2.97562E-20 2.98260E-17 3.24215E-10 1.58942E-14
 7.32362E-10 9.78497E-19 8.20926E-20 7.00997E-10 8.72383E-15 2.06952E-12 1.58898E-10 6.98961E-16
 1.05065E-04 6.28235E-17 4.30804E-12 1.58100E-09 3.96253E-08 1.13556E-20 2.70870E-05 3.71205E-04
 7.73975E-05 3.70461E-10 2.44625E-13 7.03272E-07 1.03701E-11 5.21262E-11 4.80380E-18 5.20376E-10
 2.37700E-10 1.40035E-15 4.61596E-15 6.92422E-26 3.29844E-07 1.39322E-15 3.21066E-20 3.60819E-17
 3.72106E-10 1.46344E-14 7.30651E-10 1.03665E-18 9.76167E-20 7.02137E-10 8.26273E-15 2.04391E-12
 1.48296E-10 8.60474E-16 1.05104E-04 6.81435E-17 4.76399E-12 1.73454E-09 4.11321E-08 1.32404E-20
 2.70873E-05 3.71174E-04 7.73614E-05 4.02150E-10 2.63705E-13 7.03099E-07 9.46518E-12 4.45505E-11
 4.14420E-18 5.17604E-10 2.50825E-10 1.09812E-15 3.13128E-15 1.12411E-25 3.29776E-07 1.74448E-15
 3.52634E-20 4.45966E-17 4.40481E-10 1.33717E-14 7.28276E-10 1.11497E-18 1.17389E-19 7.03740E-10
 7.90121E-15 2.00790E-12 1.38404E-10 1.07829E-15 1.05163E-04 7.51578E-17 5.32134E-12 1.96381E-09
 4.33558E-08 1.57211E-20 2.70877E-05 3.71126E-04 7.73060E-05 4.50589E-10 2.88215E-13 7.02831E-07
 8.53318E-12 3.82574E-11 3.57985E-18 5.13743E-10 2.64795E-10 8.80351E-16 2.11389E-15 1.92316E-25
 3.29670E-07 2.32234E-15 3.95215E-20 5.70141E-17 5.45897E-10 1.21338E-14 7.24701E-10 1.21708E-18
 1.43827E-19 7.06131E-10 7.66071E-15 1.95734E-12 1.31054E-10 1.37602E-15 1.05251E-04 8.44441E-17
 5.97912E-12 2.29128E-09 4.65371E-08 1.90199E-20 2.70884E-05 3.71054E-04 7.72245E-05 5.21532E-10
 3.17749E-13 7.02434E-07 7.60175E-12 3.29910E-11 3.10951E-18 5.08630E-10 2.80363E-10 7.19430E-16
 1.45990E-15 3.56969E-25 3.29515E-07 3.26806E-15 4.53960E-20 7.56842E-17 7.01688E-10 1.11437E-14
 7.19540E-10 1.35451E-18 1.81628E-19 7.09544E-10 7.58971E-15 1.89444E-12 1.27794E-10 1.80548E-15
 1.05388E-04 9.77753E-17 6.83028E-12 2.78277E-09 5.13761E-08 2.37096E-20 2.70893E-05 3.70943E-04
 7.70983E-05 6.30964E-10 3.56734E-13 7.01818E-07 6.56247E-12 2.82783E-11 2.69501E-18 5.01561E-10
 2.99797E-10 5.99134E-16 1.02171E-15 7.69383E-25 3.29273E-07 5.00631E-15 5.42833E-20 1.07797E-16
 9.43784E-10 1.06041E-14 7.11704E-10 1.54822E-18 2.39173E-19 7.14663E-10 7.76341E-15 1.81927E-12
 1.31137E-10 2.44248E-15 1.05589E-04 1.17896E-16 7.92981E-12 3.48130E-09 5.84369E-08 3.07902E-20
 2.70907E-05 3.70779E-04 7.69132E-05 7.91411E-10 4.07468E-13 7.00909E-07 5.52992E-12 2.43079E-11
 2.37029E-18 4.92354E-10 3.23740E-10 5.14775E-16 7.40402E-16 1.91551E-24 3.28916E-07 8.27361E-15
 6.84606E-20 1.64973E-16 1.30032E-09 1.08805E-14 7.00436E-10 1.82800E-18 3.30173E-19 7.21923E-10
 8.28326E-15 1.74311E-12 1.42882E-10 3.39887E-15 1.05864E-04 1.48576E-16 9.30115E-12 4.40024E-09
 6.81134E-08 4.18791E-20 2.70925E-05 3.70555E-04 7.66614E-05 1.01057E-09 4.72522E-13 6.99666E-07
 4.68161E-12 2.14941E-11 2.17952E-18 4.81293E-10 3.51753E-10 4.68557E-16 5.82487E-16 5.11586E-24
 3.28429E-07 1.43575E-14 9.13650E-20 2.65004E-16 1.78740E-09 1.23389E-14 6.85440E-10 2.22454E-18
 4.74227E-19 7.31440E-10 9.23100E-15 1.68097E-12 1.65873E-10 4.89788E-15 1.06256E-04 1.96407E-16
 1.10286E-11 5.65329E-09 8.20726E-08 5.97703E-20 2.70951E-05 3.70237E-04 7.63048E-05 1.32380E-09
 5.59072E-13 6.97897E-07 3.93461E-12 1.94114E-11 2.08141E-18 4.67535E-10 3.87230E-10 4.50924E-16
 4.93643E-16 1.55183E-23 3.27736E-07 2.68225E-14 1.30305E-19 4.55896E-16 2.48012E-09 1.56927E-14
 6.64749E-10 2.73689E-18 7.08312E-19 7.44351E-10 1.08112E-14 1.63548E-12 2.02058E-10 7.23121E-15
 1.06787E-04 2.68386E-16 1.30946E-11 7.26693E-09 1.01450E-07 8.80219E-20 2.70985E-05 3.69805E-04
 7.58246E-05 1.75227E-09 6.67772E-13 6.95502E-07 3.27580E-12 1.76773E-11 2.03534E-18 4.51354E-10
 4.31338E-10 4.46741E-16 4.35746E-16 5.27472E-23 3.26799E-07 5.25411E-14 1.96062E-19 8.23324E-16
 3.41706E-09 2.19694E-14 6.37762E-10 3.33477E-18 1.09005E-18 7.60865E-10 1.31662E-14 1.60281E-12
 2.60298E-10 1.11527E-14 1.07567E-04 3.87259E-16 1.56983E-11 9.49777E-09 1.30985E-07 1.36534E-19
 2.71033E-05 3.69171E-04 7.51239E-05 2.39345E-09 8.22787E-13 6.91986E-07 2.68457E-12 1.64044E-11
 2.06604E-18 4.30849E-10 4.91134E-10 4.70371E-16 4.14945E-16 2.16986E-22 3.25425E-07 1.12916E-13
 3.21044E-19 1.63205E-15 4.79148E-09 3.45867E-14 5.99911E-10 3.93819E-18 1.71615E-18 7.83481E-10
 1.70192E-14 1.55779E-12 3.38634E-10 1.73630E-14 1.08577E-04 5.64885E-16 1.86213E-11 1.20913E-08
 1.70094E-07 2.14114E-19 2.71092E-05 3.68376E-04 7.42511E-05 3.22193E-09 1.02596E-12 6.87575E-07
 2.30420E-12 1.60182E-11 2.21088E-18 4.08807E-10 5.60812E-10 5.27205E-16 4.40692E-16 8.64952E-22
 3.23702E-07 2.38272E-13 5.38164E-19 3.22736E-15 6.51410E-09 5.69884E-14 5.55073E-10 4.49682E-18
 2.66361E-18 8.09438E-10 2.22691E-14 1.48058E-12 4.33394E-10 2.67820E-14 1.09727E-04 8.10246E-16
 2.16936E-11 1.47674E-08 2.17776E-07 3.30701E-19 2.71157E-05 3.67472E-04 7.32673E-05 4.20165E-09
 1.28150E-12 6.82562E-07 2.11308E-12 1.65361E-11 2.47194E-18 3.87526E-10 6.34935E-10 6.21619E-16
 5.18155E-16 3.03042E-21 3.21745E-07 4.73442E-13 8.86553E-19 6.10099E-15 8.47034E-09 9.45295E-14
 5.07614E-10 4.99219E-18 4.00371E-18 8.35741E-10 2.85823E-14 1.36835E-12 5.54516E-10 4.16346E-14
 1.11113E-04 1.16336E-15 2.50242E-11 1.76214E-08 2.80136E-07 5.10972E-19 2.71232E-05 3.66381E-04
 7.20937E-05 5.43875E-09 1.62806E-12 6.76523E-07 2.01198E-12 1.78164E-11 2.86092E-18 3.66013E-10
 7.19175E-10 7.73563E-16 6.68010E-16 1.05045E-20 3.19391E-07 9.38292E-13 1.47209E-18 1.16175E-14
 1.08248E-08 1.63523E-13 4.55219E-10 5.32422E-18 5.86133E-18 8.63061E-10 3.66517E-14 1.21410E-12
 7.05536E-10 6.49085E-14 1.12743E-04 1.66241E-15 2.85321E-11 2.04927E-08 3.60607E-07 7.84689E-19
 2.71314E-05 3.65099E-04 7.07303E-05 6.96983E-09 2.09669E-12 6.69427E-07 1.97821E-12 1.98546E-11
 3.39198E-18 3.45149E-10 8.12914E-10 1.00156E-15 9.23411E-16 3.57910E-20 3.16626E-07 1.83664E-12
 2.44043E-18 2.21250E-14 1.35881E-08 2.91256E-13 3.99825E-10 5.45743E-18 8.35409E-18 8.89530E-10
 4.66221E-14 1.03264E-12 8.92392E-10 1.01510E-13 1.14644E-04 2.36473E-15 3.21489E-11 2.32292E-08
 4.64599E-07 1.19755E-18 2.71404E-05 3.63604E-04 6.91639E-05 8.85190E-09 2.74347E-12 6.61166E-07
 2.00542E-12 2.28715E-11 4.11400E-18 3.25555E-10 9.16339E-10 1.34993E-15 1.36748E-15 1.20001E-19
 3.13411E-07 3.55232E-12 4.03142E-18 4.22030E-14 1.68014E-08 5.32835E-13 3.42959E-10 5.37148E-18
 1.16006E-17 9.13419E-10 5.87164E-14 8.41230E-13 1.11829E-09 1.58733E-13 1.16809E-04 3.33632E-15
 3.57499E-11 2.56166E-08 5.97032E-07 1.80996E-18 2.71497E-05 3.61901E-04 6.74101E-05 1.11079E-08
 3.64083E-12 6.51776E-07 2.09884E-12 2.72083E-11 5.09131E-18 3.08183E-10 1.02758E-09 1.88773E-15
 2.15911E-15 3.88415E-19 3.09760E-07 6.72377E-12 6.58650E-18 7.99669E-14 2.04487E-08 9.90006E-13
 2.87211E-10 5.09377E-18 1.57166E-17 9.32580E-10 7.27910E-14 6.58799E-13 1.39190E-09 2.48763E-13
 1.19283E-04 4.68107E-15 3.92173E-11 2.75080E-08 7.67406E-07 2.71367E-18 2.71593E-05 3.59956E-04
 6.54444E-05 1.38051E-08 4.91217E-12 6.41067E-07 2.25837E-12 3.33656E-11 6.42261E-18 2.93510E-10
 1.14732E-09 2.74032E-15 3.62983E-15 1.23370E-18 3.05601E-07 1.25201E-11 1.06719E-17 1.51461E-13
 2.46013E-08 1.87075E-12 2.33672E-10 4.63730E-18 2.08477E-17 9.45547E-10 8.89564E-14 4.94569E-13
 1.71390E-09 3.88585E-13 1.22037E-04 6.49552E-15 4.23680E-11 2.87238E-08 9.81815E-07 4.01344E-18
 2.71684E-05 3.57791E-04 6.33043E-05 1.69105E-08 6.69249E-12 6.29176E-07 2.49744E-12 4.19639E-11
 8.21486E-18 2.82463E-10 1.27206E-09 4.08369E-15 6.39573E-15 3.75883E-18 3.00988E-07 2.26001E-11
 1.69918E-17 2.82875E-13 2.92021E-08 3.53074E-12 1.84854E-10 4.07553E-18 2.72021E-17 9.50742E-10
 1.06481E-13 3.58043E-13 2.08612E-09 6.03411E-13 1.25054E-04 8.89341E-15 4.50523E-11 2.91856E-08
 1.24763E-06 5.84041E-18 2.71768E-05 3.55419E-04 6.10171E-05 2.03724E-08 9.16284E-12 6.16183E-07
 2.83396E-12 5.39043E-11 1.06178E-17 2.75639E-10 1.39864E-09 6.19941E-15 1.16749E-14 1.08739E-17
 2.95954E-07 3.92757E-11 2.64868E-17 5.17189E-13 3.42157E-08 6.58456E-12 1.42191E-10 3.47098E-18
 3.50981E-17 9.47448E-10 1.24523E-13 2.51029E-13 2.51628E-09 9.31882E-13 1.28361E-04 1.20308E-14
 4.71636E-11 2.89110E-08 1.57616E-06 8.36744E-18 2.71837E-05 3.52820E-04 5.85784E-05 2.41514E-08
 1.25844E-11 6.01989E-07 3.29125E-12 7.05295E-11 1.38584E-17 2.73383E-10 1.52509E-09 9.55499E-15
 2.19393E-14 2.99816E-17 2.90463E-07 6.57524E-11 4.05007E-17 9.25484E-13 3.96748E-08 1.20890E-11
 1.05932E-10 2.86073E-18 4.49926E-17 9.35488E-10 1.42460E-13 1.70267E-13 3.01065E-09 1.42771E-12
 1.31954E-04 1.60765E-14 4.86799E-11 2.79994E-08 1.97616E-06 1.17924E-17 2.71888E-05 3.49995E-04
 5.60064E-05 2.81384E-08 1.72374E-11 5.86618E-07 3.89988E-12 9.34217E-11 1.82195E-17 2.75944E-10
 1.64745E-09 1.47971E-14 4.17630E-14 7.82386E-17 2.84524E-07 1.05598E-10 6.07503E-17 1.60988E-12
 4.55637E-08 2.16153E-11 7.62522E-11 2.28592E-18 5.76110E-17 9.15189E-10 1.59496E-13 1.11970E-13
 3.57660E-09 2.16393E-12 1.35819E-04 2.12453E-14 4.97190E-11 2.66287E-08 2.45339E-06 1.63609E-17
 2.71913E-05 3.46957E-04 5.33278E-05 3.21818E-08 2.33995E-11 5.70157E-07 4.69894E-12 1.24407E-10
 2.40885E-17 2.83272E-10 1.76063E-09 2.27646E-14 7.91024E-14 1.91455E-16 2.78170E-07 1.62303E-10
 8.95649E-17 2.70300E-12 5.18444E-08 3.72323E-11 5.29302E-11 1.77635E-18 7.40131E-17 8.87411E-10
 1.75065E-13 7.16232E-14 4.22154E-09 3.23551E-12 1.39924E-04 2.78427E-14 5.05406E-11 2.50186E-08
 3.00869E-06 2.24054E-17 2.71905E-05 3.43730E-04 5.05787E-05 3.61054E-08 3.12884E-11 5.52763E-07
 5.73482E-12 1.65288E-10 3.20076E-17 2.94899E-10 1.85902E-09 3.43862E-14 1.46308E-13 4.35980E-16
 2.71459E-07 2.38939E-10 1.30307E-16 4.35564E-12 5.84525E-08 6.12027E-11 3.54042E-11 1.34845E-18
 9.57079E-17 8.53473E-10 1.89037E-13 4.47705E-14 4.96162E-09 4.77045E-12 1.44286E-04 3.63968E-14
 5.14349E-11 2.33562E-08 3.64620E-06 3.04276E-17 2.71857E-05 3.40300E-04 4.77600E-05 3.97873E-08
 4.11060E-11 5.34388E-07 7.06576E-12 2.17979E-10 4.28892E-17 3.10122E-10 1.93903E-09 5.06571E-14
 2.61482E-13 9.35917E-16 2.64369E-07 3.39973E-10 1.88622E-16 6.75332E-12 6.54042E-08 9.59807E-11
 2.26755E-11 9.96473E-19 1.24818E-16 8.14425E-10 2.02045E-13 2.72628E-14 5.80495E-09 6.91835E-12
 1.48867E-04 4.76343E-14 5.27363E-11 2.18059E-08 4.35863E-06 4.11149E-17 2.71762E-05 3.36696E-04
 4.49086E-05 4.30737E-08 5.28416E-11 5.15230E-07 8.78060E-12 2.84077E-10 5.81611E-17 3.27724E-10
 1.99625E-09 7.22143E-14 4.46753E-13 1.90235E-15 2.56969E-07 4.70091E-10 2.72778E-16 1.00646E-11
 7.26241E-08 1.43117E-10 1.38800E-11 7.17684E-19 1.64406E-16 7.71810E-10 2.14692E-13 1.61963E-14
 6.76396E-09 9.86865E-12 1.53647E-04 6.26676E-14 5.47205E-11 2.04644E-08 5.13723E-06 5.55027E-17
 2.71614E-05 3.32934E-04 4.20473E-05 4.58595E-08 6.64825E-11 4.95418E-07 1.10223E-11 3.66093E-10
 8.02443E-17 3.46378E-10 2.02694E-09 9.96956E-14 7.30604E-13 3.67857E-15 2.49296E-07 6.36358E-10
 3.95572E-16 1.44688E-11 8.00663E-08 2.03449E-10 8.09274E-12 5.02500E-19 2.18274E-16 7.26931E-10
 2.27696E-13 9.36128E-15 7.85935E-09 1.38722E-11 1.58640E-04 8.32133E-14 5.76001E-11 1.93667E-08
 5.97488E-06 7.51532E-17 2.71404E-05 3.29003E-04 3.91785E-05 4.80845E-08 8.21456E-11 4.74951E-07
 1.39946E-11 4.67722E-10 1.13132E-16 3.64900E-10 2.02771E-09 1.34012E-13 1.15090E-12 6.80045E-15
 2.41334E-07 8.50051E-10 5.77100E-16 2.02001E-11 8.77345E-08 2.77336E-10 4.46303E-12 3.39247E-19
 2.90748E-16 6.80630E-10 2.41793E-13 5.21831E-15 9.10876E-09 1.92492E-11 1.63845E-04 1.11799E-13
 6.15816E-11 1.85165E-08 6.85831E-06 1.02366E-16 2.71124E-05 3.24903E-04 3.63152E-05 4.96945E-08
 1.00042E-10 4.53907E-07 1.79525E-11 5.92724E-10 1.62967E-16 3.82081E-10 1.99576E-09 1.76081E-13
 1.75003E-12 1.19971E-14 2.33095E-07 1.12634E-09 8.47844E-16 2.75424E-11 9.56033E-08 3.63739E-10
 2.31500E-12 2.19245E-19 3.86358E-16 6.33744E-10 2.57510E-13 2.78300E-15 1.05296E-08 2.64145E-11
 1.69286E-04 1.52270E-13 6.68510E-11 1.78910E-08 7.77600E-06 1.40470E-16 2.70762E-05 3.20612E-04
 3.34560E-05 5.06512E-08 1.20525E-10 4.32267E-07 2.32078E-11 7.44469E-10 2.39479E-16 3.96867E-10
 1.93032E-09 2.26691E-13 2.56763E-12 2.03052E-14 2.24546E-07 1.48833E-09 1.25592E-15 3.69212E-11
 1.03684E-07 4.60791E-10 1.11834E-12 1.33953E-19 5.09613E-16 5.86706E-10 2.75351E-13 1.40167E-15
 1.21077E-08 3.57923E-11 1.74925E-04 2.09869E-13 7.36074E-11 1.74626E-08 8.70309E-06 1.93754E-16
 2.70312E-05 3.16163E-04 3.06366E-05 5.09099E-08 1.43492E-10 4.10292E-07 3.01347E-11 9.23048E-10
 3.57522E-16 4.08057E-10 1.83405E-09 2.84444E-13 3.60314E-12 3.33336E-14 2.15762E-07 1.96341E-09
 1.87143E-15 4.87506E-11 1.11878E-07 5.64009E-10 5.01868E-13 7.70099E-20 6.67244E-16 5.40392E-10
 2.95521E-13 6.63866E-16 1.38178E-08 4.78716E-11 1.80746E-04 2.92252E-13 8.20269E-11 1.71883E-08
 9.61767E-06 2.68027E-16 2.69764E-05 3.11563E-04 2.78781E-05 5.04610E-08 1.68870E-10 3.88147E-07
 3.91957E-11 1.12728E-09 5.40323E-16 4.15043E-10 1.71172E-09 3.47044E-13 4.81452E-12 5.36524E-14
 2.06775E-07 2.58814E-09 2.80076E-15 6.35761E-11 1.20121E-07 6.68521E-10 2.08405E-13 4.13938E-20
 8.66706E-16 4.95292E-10 3.18175E-13 2.93868E-16 1.56280E-08 6.32766E-11 1.86767E-04 4.10948E-13
 9.22895E-11 1.70171E-08 1.05010E-05 3.71455E-16 2.69109E-05 3.06798E-04 2.51875E-05 4.93287E-08
 1.96936E-10 3.65886E-07 5.09342E-11 1.35543E-09 8.23596E-16 4.18067E-10 1.56882E-09 4.12458E-13
 6.12367E-12 8.48578E-14 1.97572E-07 3.41044E-09 4.20798E-15 8.21631E-11 1.28382E-07 7.69510E-10
 7.95176E-14 2.06091E-20 1.11329E-15 4.51548E-10 3.43352E-13 1.20407E-16 1.74840E-08 8.26882E-11
 1.92986E-04 5.82551E-13 1.04576E-10 1.68988E-08 1.13298E-05 5.14746E-16 2.68335E-05 3.01866E-04
 2.25830E-05 4.75730E-08 2.27873E-10 3.43655E-07 6.59698E-11 1.60343E-09 1.26097E-15 4.18064E-10
 1.41225E-09 4.77672E-13 7.40443E-12 1.32048E-13 1.88172E-07 4.48621E-09 6.33798E-15 1.05369E-10
 1.36591E-07 8.61622E-10 2.77616E-14 9.44860E-21 1.41160E-15 4.09400E-10 3.70829E-13 4.53884E-17
 1.93199E-08 1.06848E-10 1.99407E-04 8.31179E-13 1.19061E-10 1.67874E-08 1.20812E-05 7.11736E-16
 2.67433E-05 2.96761E-04 2.00798E-05 4.52866E-08 2.61875E-10 3.21573E-07 8.50016E-11 1.86579E-09
 1.93259E-15 4.16593E-10 1.24914E-09 5.39340E-13 8.50851E-12 2.02555E-13 1.78585E-07 5.88291E-09
 9.55995E-15 1.34230E-10 1.44674E-07 9.40253E-10 8.82869E-15 3.96589E-21 1.76442E-15 3.68986E-10
 4.00220E-13 1.56477E-17 2.10647E-08 1.36565E-10 2.06027E-04 1.19171E-12 1.35939E-10 1.66458E-08
 1.27302E-05 9.80349E-16 2.66395E-05 2.91480E-04 1.76979E-05 4.26004E-08 2.99305E-10 2.99800E-07
 1.08764E-10 2.13589E-09 2.95425E-15 4.15542E-10 1.08642E-09 5.94383E-13 9.29660E-12 3.05692E-13
 1.68836E-07 7.67639E-09 1.44250E-14 1.69923E-10 1.52532E-07 1.00141E-09 2.55184E-15 1.51956E-21
 2.17072E-15 3.30479E-10 4.30867E-13 4.91762E-18 2.26577E-08 1.72662E-10 2.12861E-04 1.71517E-12
 1.55454E-10 1.64508E-08 1.32531E-05 1.34321E-15 2.65209E-05 2.86006E-04 1.54493E-05 3.96599E-08
 3.40671E-10 2.78421E-07 1.38031E-10 2.40694E-09 4.49401E-15 4.16854E-10 9.29843E-10 6.40131E-13
 9.67323E-12 4.54048E-13 1.58924E-07 9.95962E-09 2.17673E-14 2.13893E-10 1.60075E-07 1.04279E-09
 6.67369E-16 5.29078E-22 2.62514E-15 2.93912E-10 4.62002E-13 1.40191E-18 2.40544E-08 2.15955E-10
 2.19899E-04 2.47573E-12 1.78016E-10 1.61988E-08 1.36235E-05 1.82978E-15 2.63869E-05 2.80338E-04
 1.33546E-05 3.66340E-08 3.86797E-10 2.57599E-07 1.73535E-10 2.67197E-09 6.78705E-15 4.22198E-10
 7.84345E-10 6.74560E-13 9.60329E-12 6.61085E-13 1.48887E-07 1.28314E-08 3.28194E-14 2.67570E-10
 1.67166E-07 1.06246E-09 1.57760E-16 1.67426E-22 3.11700E-15 2.59446E-10 4.92725E-13 3.62362E-19
 2.52383E-08 2.67239E-10 2.27135E-04 3.58348E-12 2.04325E-10 1.59065E-08 1.38155E-05 2.47972E-15
 2.62370E-05 2.74474E-04 1.14300E-05 3.36822E-08 4.38971E-10 2.37466E-07 2.15952E-10 2.92499E-09
 1.01636E-14 4.32911E-10 6.53290E-10 6.96495E-13 9.11944E-12 9.39039E-13 1.38760E-07 1.64027E-08
 4.94113E-14 3.32349E-10 1.73660E-07 1.05938E-09 3.36668E-17 4.83041E-23 3.62922E-15 2.27192E-10
 5.22232E-13 8.51028E-20 2.62134E-08 3.27184E-10 2.34563E-04 5.20302E-12 2.35486E-10 1.56070E-08
 1.38056E-05 3.34732E-15 2.60706E-05 2.68403E-04 9.68846E-06 3.09276E-08 4.98626E-10 2.18123E-07
 2.65915E-10 3.16085E-09 1.50932E-14 4.49999E-10 5.38476E-10 7.05091E-13 8.30434E-12 1.29638E-12
 1.28575E-07 2.07891E-08 7.42354E-14 4.09254E-10 1.79407E-07 1.03328E-09 6.47253E-18 1.29142E-23
 4.14132E-15 1.97220E-10 5.49885E-13 1.84362E-20 2.70021E-08 3.96733E-10 2.42165E-04 7.58177E-12
 2.73132E-10 1.53378E-08 1.35742E-05 4.51282E-15 2.58875E-05 2.62127E-04 8.14123E-06 2.84461E-08
 5.67650E-10 1.99672E-07 3.24026E-10 3.37624E-09 2.22257E-14 4.73974E-10 4.40103E-10 7.00698E-13
 7.27023E-12 1.72154E-12 1.18383E-07 2.60689E-08 1.11216E-13 4.98388E-10 1.84279E-07 9.83489E-10
 1.11872E-18 3.48798E-24 4.62356E-15 1.69620E-10 5.74825E-13 4.00998E-21 2.76230E-08 4.77328E-10
 2.49883E-04 1.10773E-11 3.19205E-10 1.51258E-08 1.31129E-05 6.09453E-15 2.56884E-05 2.55672E-04
 6.80043E-06 2.62445E-08 6.47159E-10 1.82257E-07 3.91049E-10 3.56800E-09 3.24308E-14 5.04418E-10
 3.57204E-10 6.83813E-13 6.13007E-12 2.17271E-12 1.08283E-07 3.22006E-08 1.65938E-13 5.98054E-10
 1.88220E-07 9.09924E-10 1.74063E-19 1.32364E-24 5.04560E-15 1.44558E-10 5.95734E-13 1.21673E-21
 2.80635E-08 5.70882E-10 2.57651E-04 1.61767E-11 3.75290E-10 1.49673E-08 1.24312E-05 8.25764E-15
 2.54744E-05 2.49069E-04 5.67002E-06 2.42417E-08 7.35553E-10 1.65981E-07 4.68165E-10 3.73105E-09
 4.68453E-14 5.39673E-10 2.87939E-10 6.54517E-13 4.98051E-12 2.59204E-12 9.83782E-08 3.89526E-08
 2.46370E-13 7.04741E-10 1.91360E-07 8.15514E-10 2.44904E-20 1.01873E-24 5.38972E-15 1.22143E-10
 6.10745E-13 7.39050E-22 2.82969E-08 6.80448E-10 2.65422E-04 2.35024E-11 4.41925E-10 1.48150E-08
 1.15547E-05 1.12329E-14 2.52457E-05 2.42324E-04 4.74117E-06 2.23146E-08 8.28900E-10 1.50831E-07
 5.56962E-10 3.85894E-09 6.68133E-14 5.76507E-10 2.30036E-10 6.13854E-13 3.89752E-12 2.91038E-12
 8.87336E-08 4.58477E-08 3.64198E-13 8.13886E-10 1.94109E-07 7.05921E-10 3.20240E-21 1.18585E-24
 5.64030E-15 1.02332E-10 6.16950E-13 6.65359E-22 2.83066E-08 8.10625E-10 2.73133E-04 3.37615E-11
 5.17833E-10 1.45853E-08 1.05278E-05 1.53451E-14 2.50032E-05 2.35450E-04 3.99928E-06 2.03639E-08
 9.21566E-10 1.36783E-07 6.59318E-10 3.94379E-09 9.36429E-14 6.09755E-10 1.81563E-10 5.63851E-13
 2.93565E-12 3.06121E-12 7.94238E-08 5.21315E-08 5.36269E-13 9.20007E-10 1.97146E-07 5.88784E-10
 4.92186E-22 1.50973E-24 5.78668E-15 8.50586E-11 6.10951E-13 6.41499E-22 2.80888E-08 9.66972E-10
 2.80691E-04 4.76092E-11 5.99213E-10 1.41845E-08 9.41494E-06 2.10306E-14 2.47483E-05 2.28473E-04
 3.42427E-06 1.83486E-08 1.00697E-09 1.23807E-07 7.76822E-10 3.97710E-09 1.28124E-13 6.32887E-10
 1.41167E-10 5.07237E-13 2.12801E-12 3.01353E-12 7.05381E-08 5.69138E-08 7.85634E-13 1.01738E-09
 2.01267E-07 4.73042E-10 1.89122E-22 1.92461E-24 5.83111E-15 7.02309E-11 5.90098E-13 6.07211E-22
 2.76568E-08 1.15496E-09 2.87986E-04 6.54509E-11 6.80069E-10 1.35473E-08 8.29317E-06 2.88394E-14
 2.44827E-05 2.21426E-04 2.99065E-06 1.63002E-08 1.07951E-09 1.11860E-07 9.09681E-10 3.95228E-09
 1.69801E-13 6.39633E-10 1.07962E-10 4.47283E-13 1.48646E-12 2.78653E-12 6.21619E-08 5.94624E-08
 1.14068E-12 1.10089E-09 2.07118E-07 3.66940E-10 1.62741E-22 2.40711E-24 5.78643E-15 5.76977E-11
 5.53692E-13 5.55526E-22 2.70322E-08 1.37888E-09 2.94893E-04 8.73292E-11 7.53968E-10 1.26709E-08
 7.23755E-06 3.94271E-14 2.42088E-05 2.14349E-04 2.67010E-06 1.42959E-08 1.13581E-09 1.00887E-07
 1.05563E-09 3.86648E-09 2.16574E-13 6.26320E-10 8.12388E-11 3.87267E-13 1.00344E-12 2.44350E-12
 5.43691E-08 5.95120E-08 1.63150E-12 1.16716E-09 2.14886E-07 2.76143E-10 1.61762E-22 2.92882E-24
 5.67662E-15 4.72515E-11 5.04179E-13 4.91193E-22 2.62690E-08 1.64467E-09 3.01231E-04 1.13114E-10
 8.16790E-10 1.16186E-08 6.30678E-06 5.36705E-14 2.39312E-05 2.07338E-04 2.43660E-06 1.24269E-08
 1.17687E-09 9.09117E-08 1.21024E-09 3.72163E-09 2.65199E-13 5.93408E-10 6.02298E-11 3.30271E-13
 6.57990E-13 2.05540E-12 4.72676E-08 5.73573E-08 2.28587E-12 1.21562E-09 2.24167E-07 2.02796E-10
 1.59420E-22 3.45710E-24 5.53131E-15 3.87091E-11 4.47299E-13 4.22280E-22 2.54326E-08 1.96082E-09
 3.06848E-04 1.42759E-10 8.67442E-10 1.04807E-08 5.52371E-06 7.27818E-14 2.36542E-05 2.00471E-04
 2.26590E-06 1.07531E-08 1.20663E-09 8.19088E-08 1.36771E-09 3.52386E-09 3.12115E-13 5.44822E-10
 4.40364E-11 2.78275E-13 4.20921E-13 1.67759E-12 4.09069E-08 5.36589E-08 3.12952E-12 1.24856E-09
 2.34249E-07 1.46044E-10 1.53536E-22 3.96219E-24 5.37049E-15 3.18158E-11 3.89172E-13 3.55610E-22
 2.45565E-08 2.33622E-09 3.11649E-04 1.76369E-10 9.06540E-10 9.33699E-09 4.88106E-06 9.83613E-14
 2.33799E-05 1.93769E-04 2.13771E-06 9.28851E-09 1.22826E-09 7.37848E-08 1.52093E-09 3.28196E-09
 3.54091E-13 4.86023E-10 3.17645E-11 2.32086E-13 2.63309E-13 1.34514E-12 3.52605E-08 4.91314E-08
 4.18940E-12 1.26994E-09 2.44444E-07 1.03557E-10 1.44586E-22 4.41947E-24 5.20957E-15 2.62705E-11
 3.34180E-13 2.95167E-22 2.36767E-08 2.78274E-09 3.15536E-04 2.14256E-10 9.35980E-10 8.24757E-09
 4.35882E-06 1.32680E-13 2.31108E-05 1.87266E-04 2.03777E-06 8.02870E-09 1.24508E-09 6.64687E-08
 1.66317E-09 3.00685E-09 3.88563E-13 4.22422E-10 2.26126E-11 1.91814E-13 1.61298E-13 1.06767E-12
 3.02964E-08 4.43309E-08 5.49558E-12 1.28302E-09 2.54226E-07 7.24595E-11 1.33664E-22 4.81836E-24
 5.05709E-15 2.18207E-11 2.85089E-13 2.42865E-22 2.28255E-08 3.31483E-09 3.18428E-04 2.56863E-10
 9.58096E-10 7.24867E-09 3.93299E-06 1.78954E-13 2.28490E-05 1.80983E-04 1.95616E-06 6.95793E-09
 1.25999E-09 5.98856E-08 1.78858E-09 2.71011E-09 4.13635E-13 3.58486E-10 1.58905E-11 1.57088E-13
 9.67399E-14 8.41437E-13 2.59644E-08 3.96097E-08 7.08156E-12 1.28945E-09 2.63294E-07 5.00354E-11
 1.21885E-22 5.15955E-24 4.91400E-15 1.82471E-11 2.43122E-13 1.99019E-22 2.19818E-08 3.94340E-09
 3.20253E-04 3.04643E-10 9.74327E-10 6.35636E-09 3.58226E-06 2.41316E-13 2.25954E-05 1.74920E-04
 1.88565E-06 6.04458E-09 1.27220E-09 5.39491E-08 1.89053E-09 2.40395E-09 4.28411E-13 2.97804E-10
 1.10331E-11 1.27517E-13 5.68532E-14 6.62968E-13 2.21976E-08 3.52057E-08 8.99201E-12 1.29171E-09
 2.71477E-07 3.41784E-11 1.09908E-22 5.44329E-24 4.79260E-15 1.53610E-11 2.07997E-13 1.62966E-22
 2.11256E-08 4.67887E-09 3.20938E-04 3.58097E-10 9.86026E-10 5.57529E-09 3.28940E-06 3.25293E-13
 2.23514E-05 1.69082E-04 1.82142E-06 5.26128E-09 1.28027E-09 4.85895E-08 1.96381E-09 2.10022E-09
 4.32870E-13 2.42765E-10 7.57959E-12 1.02652E-13 3.27887E-14 5.24713E-13 1.89352E-08 3.12394E-08
 1.12846E-11 1.29171E-09 2.78715E-07 2.31522E-11 9.82418E-23 5.67380E-24 4.70304E-15 1.30163E-11
 1.78381E-13 1.33743E-22 2.02722E-08 5.53682E-09 3.20410E-04 4.17891E-10 9.95138E-10 4.90430E-09
 3.04085E-06 4.38914E-13 2.21192E-05 1.63503E-04 1.76090E-06 4.59125E-09 1.28463E-09 4.37693E-08
 2.00708E-09 1.80893E-09 4.27743E-13 1.94599E-10 5.15960E-12 8.19504E-14 1.85776E-14 4.16566E-13
 1.61319E-08 2.77269E-08 1.40227E-11 1.28916E-09 2.85038E-07 1.55526E-11 8.74081E-23 5.86527E-24
 4.64550E-15 1.11081E-11 1.53450E-13 1.10389E-22 1.94327E-08 6.53368E-09 3.18617E-04 4.84790E-10
 1.00351E-09 4.33719E-09 2.82592E-06 5.93424E-13 2.19004E-05 1.58201E-04 1.70249E-06 4.01906E-09
 1.28540E-09 3.94448E-08 2.02080E-09 1.53774E-09 4.14301E-13 1.53672E-10 3.48590E-12 6.48768E-14
 1.03483E-14 3.31103E-13 1.37367E-08 2.46465E-08 1.72798E-11 1.28352E-09 2.90521E-07 1.03576E-11
 7.76964E-23 6.03191E-24 4.61873E-15 9.54874E-12 1.32538E-13 9.19260E-23 1.86011E-08 7.68205E-09
 3.15503E-04 5.59665E-10 1.01271E-09 3.86528E-09 2.63621E-06 8.04088E-13 2.16955E-05 1.53172E-04
 1.64475E-06 3.52912E-09 1.28162E-09 3.55574E-08 2.00579E-09 1.29194E-09 3.94133E-13 1.19778E-10
 2.34216E-12 5.09539E-14 5.67337E-15 2.63647E-13 1.16916E-08 2.19785E-08 2.11516E-11 1.27525E-09
 2.95242E-07 6.84605E-12 6.91643E-23 6.18329E-24 4.62332E-15 8.26300E-12 1.14643E-13 7.74472E-23
 1.77678E-08 8.99055E-09 3.11028E-04 6.43735E-10 1.02452E-09 3.48159E-09 2.46545E-06 1.09199E-12
 2.15056E-05 1.48427E-04 1.58671E-06 3.10835E-09 1.27201E-09 3.20700E-08 1.96465E-09 1.07516E-09
 3.69278E-13 9.24621E-11 1.57018E-12 3.97783E-14 3.07426E-15 2.10793E-13 9.95220E-09 1.97176E-08
 2.57684E-11 1.26563E-09 2.99250E-07 4.50640E-12 6.18357E-23 6.33324E-24 4.66451E-15 7.19668E-12
 9.88619E-14 6.62695E-23 1.69218E-08 1.04597E-08 3.05155E-04 7.38700E-10 1.04113E-09 3.18025E-09
 2.30823E-06 1.48618E-12 2.13313E-05 1.43967E-04 1.52746E-06 2.74600E-09 1.25526E-09 2.89423E-08
 1.90071E-09 8.88832E-10 3.41734E-13 7.09696E-11 1.05449E-12 3.09488E-14 1.65523E-15 1.69786E-13
 8.47491E-09 1.78584E-08 3.13120E-11 1.25652E-09 3.02592E-07 2.96735E-12 5.57046E-23 6.49841E-24
 4.74724E-15 6.30533E-12 8.45091E-14 5.78538E-23 1.60568E-08 1.20807E-08 2.97869E-04 8.47186E-10
 1.06546E-09 2.95807E-09 2.15999E-06 2.02768E-12 2.11731E-05 1.39804E-04 1.46653E-06 2.43386E-09
 1.23049E-09 2.61447E-08 1.81862E-09 7.32708E-10 3.13452E-13 5.44511E-11 7.13054E-13 2.40917E-14
 8.92368E-16 1.38307E-13 7.22422E-09 1.63997E-08 3.80410E-11 1.25019E-09 3.05302E-07 1.96595E-12
 5.07977E-23 6.70427E-24 4.87713E-15 5.55615E-12 7.13456E-14 5.18257E-23 1.51684E-08 1.38305E-08
 2.89169E-04 9.73176E-10 1.10132E-09 2.81431E-09 2.01681E-06 2.77502E-12 2.10315E-05 1.35940E-04
 1.40377E-06 2.16497E-09 1.19712E-09 2.36483E-08 1.72325E-09 6.05081E-10 2.86101E-13 4.20203E-11
 4.88386E-13 1.88590E-14 4.86275E-16 1.14484E-13 6.16763E-09 1.53435E-08 4.63342E-11 1.24950E-09
 3.07408E-07 1.31943E-12 4.71528E-23 6.98466E-24 5.05942E-15 4.92295E-12 5.94447E-14 4.79355E-23
 1.42567E-08 1.56732E-08 2.79045E-04 1.12258E-09 1.15347E-09 2.75045E-09 1.87576E-06 3.81334E-12
 2.09062E-05 1.32373E-04 1.33937E-06 1.93324E-09 1.15512E-09 2.14225E-08 1.61938E-09 5.03104E-10
 2.60939E-13 3.28268E-11 3.40865E-13 1.49336E-14 2.70604E-16 9.67582E-14 5.27545E-09 1.46909E-08
 5.67438E-11 1.25753E-09 3.08935E-07 9.03084E-13 4.48172E-23 7.38190E-24 5.29643E-15 4.38451E-12
 4.91180E-14 4.60378E-23 1.33373E-08 1.75778E-08 2.67506E-04 1.30389E-09 1.22769E-09 2.76900E-09
 1.73552E-06 5.27284E-12 2.07972E-05 1.29101E-04 1.27420E-06 1.73380E-09 1.10595E-09 1.94426E-08
 1.51207E-09 4.23093E-10 2.38769E-13 2.61067E-11 2.43567E-13 1.20319E-14 1.55299E-16 8.36539E-14
 4.52362E-09 1.44289E-08 7.00277E-11 1.27632E-09 3.09917E-07 6.33042E-13 4.38481E-23 7.94700E-24
 5.58135E-15 3.92521E-12 4.08611E-14 4.60596E-23 1.24347E-08 1.95375E-08 2.54497E-04 1.52789E-09
 1.32963E-09 2.87065E-09 1.59702E-06 7.35353E-12 2.07036E-05 1.26109E-04 1.20927E-06 1.56191E-09
 1.05217E-09 1.76767E-08 1.40542E-09 3.60657E-10 2.19730E-13 2.11758E-11 1.78334E-13 9.89810E-15
 9.23302E-17 7.38162E-14 3.88878E-09 1.45173E-08 8.71576E-11 1.30609E-09 3.10416E-07 4.53975E-13
 4.42217E-23 8.72287E-24 5.89288E-15 3.53104E-12 3.46828E-14 4.79113E-23 1.15781E-08 2.16011E-08
 2.39944E-04 1.80640E-09 1.46316E-09 3.05064E-09 1.46401E-06 1.03626E-11 2.06248E-05 1.23386E-04
 1.14580E-06 1.41294E-09 9.96910E-10 1.60984E-08 1.30322E-09 3.11258E-10 2.03493E-13 1.74706E-11
 1.33262E-13 8.31382E-15 5.67602E-17 6.60125E-14 3.35278E-09 1.48775E-08 1.09249E-10 1.34436E-09
 3.10532E-07 3.30807E-13 4.57618E-23 9.72589E-24 6.19993E-15 3.19166E-12 3.02003E-14 5.14348E-23
 1.07912E-08 2.38949E-08 2.23752E-04 2.14947E-09 1.62806E-09 3.29472E-09 1.34230E-06 1.47591E-11
 2.05607E-05 1.20926E-04 1.08480E-06 1.28238E-09 9.43046E-10 1.46850E-08 1.20852E-09 2.70562E-10
 1.89353E-13 1.45450E-11 1.00721E-13 7.09395E-15 3.57181E-17 5.91935E-14 2.90153E-09 1.53889E-08
 1.37402E-10 1.38576E-09 3.10402E-07 2.42060E-13 4.80361E-23 1.09155E-23 6.47117E-15 2.89928E-12
 2.69379E-14 5.63355E-23 1.00809E-08 2.66242E-08 2.05879E-04 2.56172E-09 1.81810E-09 3.57728E-09
 1.23832E-06 2.11988E-11 2.05111E-05 1.18737E-04 1.02678E-06 1.16602E-09 8.92024E-10 1.34233E-08
 1.12363E-09 2.35103E-10 1.76548E-13 1.20905E-11 7.61427E-14 6.09586E-15 2.26766E-17 5.26988E-14
 2.52578E-09 1.59142E-08 1.72527E-10 1.42380E-09 3.10180E-07 1.75703E-13 5.03247E-23 1.21746E-23
 6.69585E-15 2.64896E-12 2.44153E-14 6.22432E-23 9.42699E-09 3.00654E-08 1.86265E-04 3.03760E-09
 2.01946E-09 3.86456E-09 1.15800E-06 3.05474E-11 2.04761E-05 1.16827E-04 9.71096E-07 1.05975E-09
 8.43032E-10 1.23000E-08 1.04918E-09 2.02537E-10 1.64375E-13 9.92718E-12 5.69700E-14 5.22184E-15
 1.43118E-17 4.64050E-14 2.21734E-09 1.63583E-08 2.15286E-10 1.45379E-09 3.09971E-07 1.25489E-13
 5.16662E-23 1.32988E-23 6.89539E-15 2.43612E-12 2.23119E-14 6.88138E-23 8.75912E-09 3.45459E-08
 1.64841E-04 3.55527E-09 2.20873E-09 4.12341E-09 1.10830E-06 4.37413E-11 2.04554E-05 1.15199E-04
 9.15974E-07 9.58102E-10 7.90664E-10 1.13035E-08 9.84215E-10 1.72013E-10 1.52604E-13 8.00104E-12
 4.19689E-14 4.43760E-15 8.94108E-18 4.09689E-14 1.96901E-09 1.67606E-08 2.66595E-10 1.47924E-09
 3.09741E-07 8.86005E-14 5.10186E-23 1.40130E-23 7.14522E-15 2.25661E-12 2.05030E-14 7.60228E-23
 7.94029E-09 4.04304E-08 1.41620E-04 4.06822E-09 2.35098E-09 4.33186E-09 1.10141E-06 6.12707E-11
 2.04484E-05 1.13856E-04 8.60020E-07 8.53495E-10 7.22952E-10 1.04270E-08 9.26859E-10 1.44064E-10
 1.41834E-13 6.33664E-12 3.05853E-14 3.77071E-15 5.61607E-18 3.78193E-14 1.77477E-09 1.73309E-08
 3.29042E-10 1.51879E-09 3.09263E-07 6.34194E-14 4.75432E-23 1.40176E-23 7.59262E-15 2.10724E-12
 1.89979E-14 8.44588E-23 6.89206E-09 4.84496E-08 1.16637E-04 4.50179E-09 2.40702E-09 4.46834E-09
 1.15740E-06 8.29486E-11 2.04535E-05 1.12788E-04 8.05870E-07 7.43720E-10 6.33042E-10 9.66458E-09
 8.76197E-10 1.18645E-10 1.32325E-13 4.90913E-12 2.20915E-14 3.21787E-15 3.58023E-18 3.78171E-14
 1.62792E-09 1.81869E-08 4.05963E-10 1.58975E-09 3.08406E-07 4.68641E-14 4.09912E-23 1.30706E-23
 8.37797E-15 1.98533E-12 1.77541E-14 9.44638E-23 5.76139E-09 6.07175E-08 8.99841E-05 4.76571E-09
 2.34933E-09 4.46546E-09 1.30812E-06 1.09583E-10 2.04682E-05 1.11967E-04 7.63730E-07 6.39437E-10
 5.34812E-10 9.01274E-09 8.34001E-10 9.36204E-11 1.22341E-13 3.59999E-12 1.53692E-14 2.66808E-15
 2.20862E-18 3.94379E-14 1.52100E-09 1.88719E-08 4.94291E-10 1.67042E-09 3.07659E-07 3.43097E-14
 3.19065E-23 1.10932E-23 9.55023E-15 1.88914E-12 1.64745E-14 1.04758E-22 4.82568E-09 8.32418E-08
 6.16910E-05 4.74414E-09 2.14818E-09 4.16475E-09 1.62851E-06 1.45721E-10 2.04895E-05 1.11352E-04
 7.49060E-07 5.56737E-10 4.54243E-10 8.46737E-09 8.03049E-10 6.60164E-11 1.08029E-13 2.31623E-12
 9.47687E-15 1.97438E-15 1.16583E-18 3.81111E-14 1.44592E-09 1.82201E-08 5.74333E-10 1.68381E-09
 3.08292E-07 2.20970E-14 2.12191E-23 8.14472E-24 1.12585E-14 1.81664E-12 1.47034E-14 1.12936E-22
 4.29329E-09 1.33412E-07 3.17586E-05 4.16736E-09 1.70782E-09 3.42369E-09 2.35247E-06 1.94488E-10
 2.05152E-05 1.10899E-04 7.75475E-07 5.10574E-10 4.12218E-10 8.02573E-09 7.82834E-10 3.65219E-11
 8.46301E-14 1.17792E-12 4.49417E-15 1.17243E-15 4.64196E-19 2.95233E-14 1.39516E-09 1.52908E-08
 5.99321E-10 1.51588E-09 3.11415E-07 1.06429E-14 1.06137E-23 4.52255E-24 1.45544E-14 1.76392E-12
 1.22421E-14 1.16143E-22 4.23184E-09 2.33313E-07 1.45779E-05 3.59102E-09 1.31006E-09 2.66954E-09
 3.67047E-06 2.77408E-10 2.05438E-05 1.10565E-04 8.44018E-07 4.96224E-10 4.02404E-10 7.68633E-09
 7.62210E-10 1.76771E-11 6.44165E-14 5.13333E-13 1.81446E-15 6.49895E-16 1.55322E-19 1.97152E-14
 1.36163E-09 1.17720E-08 5.94899E-10 1.27426E-09 3.15214E-07 4.14423E-15 4.62429E-24 2.25913E-24
 1.90751E-14 1.72631E-12 1.00303E-14 1.17112E-22 5.01438E-09 4.34541E-07 6.49474E-06 3.33161E-09
 1.04666E-09 2.11801E-09 6.01751E-06 4.45598E-10 2.05742E-05 1.10325E-04 9.49716E-07 5.02249E-10
 4.22862E-10 7.45021E-09 7.44940E-10 7.96083E-12 5.25502E-14 2.07496E-13 6.58010E-16 3.57677E-16
 4.74529E-20 1.16206E-14 1.34069E-09 8.87733E-09 5.70100E-10 1.01225E-09 3.18416E-07 1.36261E-15
 1.93966E-24 1.12698E-24 2.33826E-14 1.70114E-12 8.68484E-15 1.15082E-22 7.48432E-09 9.40998E-07
 3.40511E-06 3.88277E-09 9.71711E-10 1.84618E-09 1.07979E-05 9.78660E-10 2.06015E-05 1.10180E-04
 1.08031E-06 4.91899E-10 4.56236E-10 7.32501E-09 7.37082E-10 3.21678E-12 5.38941E-14 8.98456E-14
 2.12151E-16 1.90013E-16 1.57816E-20 6.20324E-15 1.33018E-09 7.21739E-09 5.51270E-10 7.59697E-10
 3.20358E-07 3.72667E-16 8.79188E-25 5.86554E-25 2.35815E-14 1.69023E-12 8.45285E-15 1.08142E-22
 3.00144E+02 2.97690E+02 2.95204E+02 2.92656E+02 2.90065E+02 2.87395E+02 2.84668E+02 2.81842E+02
 2.78933E+02 2.75901E+02 2.72769E+02 2.69828E+02 2.66700E+02 2.63349E+02 2.59739E+02 2.55827E+02
 2.51573E+02 2.47217E+02 2.43713E+02 2.41388E+02 2.39513E+02 2.37785E+02 2.36342E+02 2.35165E+02
 2.34180E+02 2.33294E+02 2.32375E+02 2.31406E+02 2.30438E+02 2.29638E+02 2.28899E+02 2.28061E+02
 2.27196E+02 2.26492E+02 2.26020E+02 2.25697E+02 2.25477E+02 2.25369E+02 2.25391E+02 2.25520E+02
 2.25730E+02 2.25997E+02 2.26294E+02 2.26583E+02 2.26833E+02 2.27021E+02 2.27097E+02 2.27020E+02
 2.26801E+02 2.26491E+02 2.26171E+02 2.25888E+02 2.25597E+02 2.25260E+02 2.24904E+02 2.24532E+02
 2.24142E+02 2.23747E+02 2.23347E+02 2.22956E+02 2.22588E+02 2.22241E+02 2.21947E+02 2.21740E+02
 2.21597E+02 2.21501E+02 2.21452E+02 2.21436E+02 2.21429E+02 2.21383E+02 2.21278E+02 2.21131E+02
 2.20936E+02 2.20711E+02 2.20496E+02 2.20238E+02 2.19888E+02 2.19460E+02 2.18968E+02 2.18396E+02
 2.17715E+02 2.16892E+02 2.15899E+02 2.14712E+02 2.13316E+02 2.11735E+02 2.10024E+02 2.08259E+02
 2.06509E+02 2.04792E+02 2.03039E+02 2.00970E+02 1.97941E+02 1.93352E+02 1.87444E+02 1.81258E+02
 1.75277E+02 1.69493E+02 1.63900E+02 1.58491E+02 1.00000E+05 1.00000E+05 1.00000E+05 1.00000E+05
 1.00000E+05 1.00000E+05 1.00000E+05 1.00000E+05 1.00000E+05 1.00000E+05 1.00000E+05 1.00000E+05
 1.00000E+05 1.00000E+05 1.00000E+05 1.00000E+05 1.00000E+05 1.00000E+05 1.00000E+05 1.00000E+05
 1.00000E+05 9.31472E+04 8.86536E+04 6.92150E+04 5.20022E+04 3.47895E+04 2.84801E+04 1.72418E+04
 1.57260E+04 1.10791E+04 9.33915E+03 7.27617E+03 5.21319E+03 5.56799E+03 4.86714E+03 4.63441E+03
 4.26207E+03 4.13447E+03 3.98979E+03 3.84511E+03 3.91330E+03 3.89202E+03 3.95793E+03 4.00005E+03
 4.14904E+03 4.29543E+03 4.44181E+03 4.70010E+03 4.91329E+03 5.17948E+03 5.43267E+03 5.68586E+03
 6.06764E+03 6.38594E+03 6.77407E+03 7.13535E+03 7.55034E+03 7.95374E+03 8.35715E+03 8.80479E+03
 9.23117E+03 9.68570E+03 1.01300E+04 1.06816E+04 1.12135E+04 1.17454E+04 1.22454E+04 1.27603E+04
 1.32298E+04 1.37149E+04 1.43800E+04 1.50183E+04 1.56566E+04 1.63415E+04 1.70053E+04 1.76252E+04
 1.82593E+04 1.90417E+04 1.98077E+04 2.05736E+04 2.14906E+04 2.23417E+04 2.34778E+04 2.45288E+04
 2.58269E+04 2.71078E+04 2.83886E+04 2.96621E+04 3.09387E+04 3.24962E+04 3.39770E+04 3.56890E+04
 3.73954E+04 3.91018E+04 4.08011E+04 4.25032E+04 4.44760E+04 4.63823E+04 4.82887E+04 5.10355E+04
 2.35612E+19 2.20550E+19 2.06362E+19 1.93022E+19 1.80466E+19 1.68673E+19 1.57583E+19 1.47179E+19
 1.37408E+19 1.28251E+19 1.19657E+19 1.11475E+19 1.03844E+19 9.67343E+18 9.01173E+18 8.39659E+18
 7.82521E+18 7.28697E+18 6.75465E+18 6.22529E+18 5.72272E+18 5.25423E+18 4.81564E+18 4.40664E+18
 4.02750E+18 3.67818E+18 3.35851E+18 3.06621E+18 2.79832E+18 2.55113E+18 2.32448E+18 2.11824E+18
 1.92990E+18 1.75653E+18 1.59673E+18 1.45030E+18 1.31657E+18 1.19452E+18 1.08315E+18 9.81761E+17
 8.89622E+17 8.06030E+17 7.30295E+17 6.61800E+17 5.99913E+17 5.44026E+17 4.93625E+17 4.48206E+17
 4.07201E+17 3.70061E+17 3.36288E+17 3.05512E+17 2.77535E+17 2.52142E+17 2.29064E+17 2.08083E+17
 1.89013E+17 1.71668E+17 1.55896E+17 1.41545E+17 1.28483E+17 1.16601E+17 1.05779E+17 9.59145E+16
 8.69405E+16 7.87868E+16 7.13817E+16 6.46633E+16 5.85757E+16 5.30710E+16 4.80957E+16 4.35936E+16
 3.95195E+16 3.58281E+16 3.24777E+16 2.94437E+16 2.67013E+16 2.42192E+16 2.19702E+16 1.99330E+16
 1.80890E+16 1.64212E+16 1.49131E+16 1.35494E+16 1.23156E+16 1.11966E+16 1.01782E+16 9.24767E+15
 8.39498E+15 7.61362E+15 6.90063E+15 6.25850E+15 5.69653E+15 5.21708E+15 4.79967E+15 4.41034E+15
 4.03639E+15 3.67886E+15 3.33868E+15 3.01656E+15 1.09591E-13 1.21229E-13 1.45705E-13 1.84089E-13
 2.33846E-13 2.94064E-13 3.64371E-13 4.44588E-13 5.34608E-13 6.34350E-13 7.43748E-13 8.62823E-13
 9.91528E-13 1.12969E-12 1.27725E-12 1.43381E-12 1.59888E-12 1.77228E-12 1.95459E-12 2.14713E-12
 2.35124E-12 2.57591E-12 2.82998E-12 3.14472E-12 3.58468E-12 4.24948E-12 5.21306E-12 6.68107E-12
 8.79699E-12 1.16180E-11 1.55153E-11 2.06005E-11 2.77202E-11 3.61168E-11 4.49659E-11 5.46916E-11
 6.48926E-11 7.52121E-11 8.50567E-11 9.40473E-11 1.01509E-10 1.06957E-10 1.10095E-10 1.10690E-10
 1.08662E-10 1.04111E-10 9.72162E-11 8.83117E-11 7.77517E-11 6.58229E-11 5.25884E-11 4.15180E-11
 3.25245E-11 2.51866E-11 1.93097E-11 1.46217E-11 1.09433E-11 8.07973E-12 5.87612E-12 4.20981E-12
 2.96361E-12 2.04859E-12 1.38724E-12 9.22133E-13 5.99959E-13 3.81205E-13 2.35680E-13 1.41502E-13
 8.21318E-14 4.59820E-14 2.49465E-14 1.30600E-14 6.57588E-15 3.17965E-15 1.46933E-15 6.44911E-16
 2.67886E-16 1.05580E-16 3.92558E-17 1.36962E-17 4.49374E-18 1.37368E-18 3.94718E-19 1.05446E-19
 2.63572E-20 6.11356E-21 1.30525E-21 2.54066E-22 4.46076E-23 7.09268E-24 1.00470E-24 1.26951E-25
 1.41815E-26 1.39341E-27 1.19980E-28 8.90752E-30 5.55600E-31 2.79413E-32 1.10702E-33 3.73323E-35
 2.20188E-01 1.94359E-01 1.93597E-01 2.03566E-01 2.31075E-01 2.59152E-01 2.87869E-01 3.16131E-01
 3.44023E-01 3.70773E-01 3.91962E-01 4.10313E-01 4.28183E-01 4.43138E-01 4.55281E-01 4.66941E-01
 4.76495E-01 4.81056E-01 4.83283E-01 4.84568E-01 4.81324E-01 4.78051E-01 4.75050E-01 4.77191E-01
 4.98265E-01 5.39963E-01 6.05682E-01 7.10165E-01 8.55164E-01 1.02974E+00 1.25249E+00 1.51716E+00
 1.86316E+00 2.20872E+00 2.49104E+00 2.73740E+00 2.93046E+00 3.06132E+00 3.11466E+00 3.09405E+00
 2.99747E+00 2.83331E+00 2.61750E+00 2.36460E+00 2.08751E+00 1.80070E+00 1.51654E+00 1.24536E+00
 9.93151E-01 7.62669E-01 5.52811E-01 3.95739E-01 2.81108E-01 1.97478E-01 1.37367E-01 9.43901E-02
 6.41110E-02 4.29537E-02 2.83446E-02 1.84205E-02 1.17575E-02 7.36589E-03 4.51686E-03 2.71555E-03
 1.59650E-03 9.15997E-04 5.11043E-04 2.76755E-04 1.44901E-04 7.32050E-05 3.58598E-05 1.69564E-05
 7.71436E-06 3.37076E-06 1.40706E-06 5.58013E-07 2.09703E-07 7.48307E-08 2.51993E-08 7.96652E-09
 2.37012E-09 6.57616E-10 1.71719E-10 4.17471E-11 9.51264E-12 2.01461E-12 3.93113E-13 6.99391E-14
 1.12050E-14 1.62251E-15 2.09170E-16 2.41099E-17 2.48633E-18 2.30638E-19 1.92697E-20 1.40209E-21
 8.40714E-23 4.03516E-24 1.54706E-25 5.39235E-27 1.00000E-12 1.00000E-12 1.00000E-12 1.00000E-12
 1.00000E-12 1.00000E-12 1.00000E-12 1.00000E-12 1.00000E-12 1.00000E-12 1.00000E-12 1.00000E-12
 1.00000E-12 1.00000E-12 1.00000E-12 1.00000E-12 1.00000E-12 1.00000E-12 1.00000E-12 1.00000E-12
 1.00000E-12 1.00000E-12 1.00000E-12 1.00000E-12 1.00000E-12 1.00000E-12 1.00000E-12 1.00000E-12
 1.00000E-12 1.00000E-12 1.00000E-12 1.00000E-12 1.00000E-12 1.00000E-12 1.00000E-12 1.00000E-12
 1.00000E-12 1.00000E-12 1.00000E-12 1.00000E-12 1.00000E-12 1.00000E-12 1.00000E-12 1.00000E-12
 1.00000E-12 1.00000E-12 1.00000E-12 1.00000E-12 1.00000E-12 1.00000E-12 1.00000E-12 1.00000E-12
 1.00000E-12 1.00000E-12 1.00000E-12 1.00000E-12 1.00000E-12 1.00000E-12 1.00000E-12 1.00000E-12
 1.00000E-12 1.00000E-12 1.00000E-12 1.00000E-12 1.00000E-12 1.00000E-12 1.00000E-12 1.00000E-12
 1.00000E-12 1.00000E-12 1.00000E-12 1.00000E-12 1.00000E-12 1.00000E-12 1.00000E-12 1.00000E-12
 1.00000E-12 1.00000E-12 1.00000E-12 1.00000E-12 1.00000E-12 1.00000E-12 1.00000E-12 1.00000E-12
 1.00000E-12 1.00000E-12 1.00000E-12 1.00000E-12 1.00000E-12 1.00000E-12 1.00000E-12 1.00000E-12
 1.00000E-12 1.00000E-12 1.00000E-12 1.00000E-12 1.00000E-12 1.00000E-12 1.00000E-12 1.00000E-12
 1.00000E-12 1.00000E-12 1.00000E-12 1.00000E-12 1.00000E-12 1.00000E-12 1.00000E-12 1.00000E-12
 1.00000E-12 1.00000E-12 1.00000E-12 1.00000E-12 1.00000E-12 1.00000E-12 1.00000E-12 1.00000E-12
 1.00000E-12 1.00000E-12 1.00000E-12 1.00000E-12 1.00000E-12 1.00000E-12 1.00000E-12 1.00000E-12
 1.00000E-12 1.00000E-12 1.00000E-12 1.00000E-12 1.00000E-12 1.00000E-12 1.00000E-12 1.00000E-12
 1.00000E-12 1.00000E-12 1.00000E-12 1.00000E-12 1.00000E-12 1.00000E-12 1.00000E-12 1.00000E-12
 1.00000E-12 1.00000E-12 1.00000E-12 1.00000E-12 1.00000E-12 1.00000E-12 1.00000E-12 1.00000E-12
 1.00000E-12 1.00000E-12 1.00000E-12 1.00000E-12 1.00000E-12 1.00000E-12 1.00000E-12 1.00000E-12
 1.00000E-12 1.00000E-12 1.00000E-12 1.00000E-12 1.00000E-12 1.00000E-12 1.00000E-12 1.00000E-12
 1.00000E-12 1.00000E-12 1.00000E-12 1.00000E-12 1.00000E-12 1.00000E-12 1.00000E-12 1.00000E-12
 1.00000E-12 1.00000E-12 1.00000E-12 1.00000E-12 1.00000E-12 1.00000E-12 1.00000E-12 1.00000E-12
 1.00000E-12 1.00000E-12 1.00000E-12 1.00000E-12 1.00000E-12 1.00000E-12 1.00000E-12 1.00000E-12
 1.00000E-12 1.00000E-12 1.00000E-12 1.00000E-12 1.00000E-12 1.00000E-12 1.00000E-12 1.00000E-12
 1.00000E-12 1.00000E-12 1.00000E-12 1.00000E-12 2.74326E-04 2.94264E-04 3.14875E-04 3.38037E-04
 3.58076E-04 3.80334E-04 4.04342E-04 4.30368E-04 4.58368E-04 4.88735E-04 5.23269E-04 5.61113E-04
 6.01895E-04 6.47004E-04 6.96996E-04 7.51381E-04 8.11598E-04 8.79898E-04 9.54689E-04 1.03523E-03
 1.12584E-03 1.22610E-03 1.33755E-03 1.46066E-03 1.58936E-03 1.73205E-03 1.88926E-03 2.06233E-03
 2.25342E-03 2.46607E-03 2.70142E-03 2.95997E-03 3.24505E-03 3.56257E-03 3.91768E-03 4.31299E-03
 4.75151E-03 5.23727E-03 5.77683E-03 6.37541E-03 7.03873E-03 7.77294E-03 8.58294E-03 9.47446E-03
 1.04567E-02 1.15378E-02 1.27254E-02 1.40281E-02 1.54577E-02 1.70287E-02 1.87613E-02 2.06762E-02
 2.27895E-02 2.51196E-02 2.76908E-02 3.05282E-02 3.36609E-02 3.71215E-02 4.09452E-02 4.51726E-02
 4.98494E-02 5.50234E-02 6.07545E-02 6.71098E-02 7.41520E-02 8.19515E-02 9.05897E-02 1.00152E-01
 1.10720E-01 1.22395E-01 1.35286E-01 1.49531E-01 1.65272E-01 1.82682E-01 2.01962E-01 2.23284E-01
 2.46795E-01 2.72763E-01 3.01494E-01 3.33286E-01 3.68460E-01 4.07373E-01 4.50439E-01 4.98112E-01
 5.50894E-01 6.09395E-01 6.74389E-01 7.46827E-01 8.28057E-01 9.19313E-01 1.02160E+00 1.13581E+00
 1.26101E+00 1.39574E+00 1.53926E+00 1.70041E+00 1.89851E+00 2.13355E+00 2.39841E+00 2.66136E+00
 1.00000E+00 1.00000E+00 1.00000E+00 1.00000E+00 1.00000E+00 1.00000E+00 1.00000E+00 1.00000E+00
 1.00000E+00 1.00000E+00 1.00000E+00 1.00000E+00 1.00000E+00 1.00000E+00 1.00000E+00 1.00000E+00
 1.00000E+00 1.00000E+00 1.00000E+00 1.00000E+00 1.00000E+00 1.00000E+00 1.00000E+00 1.00000E+00
 1.00000E+00 1.00000E+00 1.00000E+00 1.00000E+00 1.00000E+00 1.00000E+00 1.00000E+00 1.00000E+00
 1.00000E+00 1.00000E+00 1.00000E+00 1.00000E+00 1.00000E+00 1.00000E+00 1.00000E+00 1.00000E+00
 1.00000E+00 1.00000E+00 1.00000E+00 1.00000E+00 1.00000E+00 1.00000E+00 1.00000E+00 1.00000E+00
 1.00000E+00 1.00000E+00 1.00000E+00 1.00000E+00 1.00000E+00 1.00000E+00 1.00000E+00 1.00000E+00
 1.00000E+00 1.00000E+00 1.00000E+00 1.00000E+00 1.00000E+00 1.00000E+00 1.00000E+00 1.00000E+00
 1.00000E+00 1.00000E+00 1.00000E+00 1.00000E+00 1.00000E+00 1.00000E+00 1.00000E+00 1.00000E+00
 1.00000E+00 1.00000E+00 1.00000E+00 1.00000E+00 1.00000E+00 1.00000E+00 1.00000E+00 1.00000E+00
 1.00000E+00 1.00000E+00 1.00000E+00 1.00000E+00 1.00000E+00 1.00000E+00 1.00000E+00 1.00000E+00
 1.00000E+00 1.00000E+00 1.00000E+00 1.00000E+00 1.00000E+00 1.00000E+00 1.00000E+00 1.00000E+00
 1.00000E+00 1.00000E+00 1.00000E+00 1.00000E+00 1.00000E+00 1.00000E+00 1.00000E+00 1.00000E+00
 1.00000E+00 1.00000E+00 1.00000E+00 1.00000E+00 1.00000E+00 1.00000E+00 1.00000E+00 1.00000E+00
 1.00000E+00 1.00000E+00 1.00000E+00 1.00000E+00 1.00000E+00 1.00000E+00 1.00000E+00 1.00000E+00
 1.00000E+00 1.00000E+00 1.00000E+00 1.00000E+00 1.00000E+00 1.00000E+00 1.00000E+00 1.00000E+00
 1.00000E+00 1.00000E+00 1.00000E+00 1.00000E+00 1.00000E+00 1.00000E+00 1.00000E+00 1.00000E+00
 1.00000E+00 1.00000E+00 1.00000E+00 1.00000E+00 1.00000E+00 1.00000E+00 1.00000E+00 1.00000E+00
 1.00000E+00 1.00000E+00 1.00000E+00 1.00000E+00 1.00000E+00 1.00000E+00 1.00000E+00 1.00000E+00
 1.00000E+00 1.00000E+00 1.00000E+00 1.00000E+00 1.00000E+00 1.00000E+00 1.00000E+00 1.00000E+00
 1.00000E+00 1.00000E+00 1.00000E+00 1.00000E+00 1.00000E+00 1.00000E+00 1.00000E+00 1.00000E+00
 1.00000E+00 1.00000E+00 1.00000E+00 1.00000E+00 1.00000E+00 1.00000E+00 1.00000E+00 1.00000E+00
 1.00000E+00 1.00000E+00 1.00000E+00 1.00000E+00 1.00000E+00 1.00000E+00 1.00000E+00 1.00000E+00
 1.00000E+00 1.00000E+00 1.00000E+00 1.00000E+00 1.00000E+00 1.00000E+00 1.00000E+00 1.00000E+00
 1.00000E+00 1.00000E+00 1.00000E+00 1.00000E+00 1.00000E+00 1.00000E+00 1.00000E+00 1.00000E+00
 1.00000E-05 1.00000E-05 1.00000E-05 1.00000E-05 1.00000E-05 1.00000E-05 1.00000E-05 1.00000E-05
 1.00000E-05 1.00000E-05 1.00000E-05 1.00000E-05 1.00000E-05 1.00000E-05 1.00000E-05 1.00000E-05
 1.00000E-05 1.00000E-05 1.00000E-05 1.00000E-05 1.00000E-05 1.00000E-05 1.00000E-05 1.00000E-05
 1.00000E-05 1.00000E-05 1.00000E-05 1.00000E-05 1.00000E-05 1.00000E-05 1.00000E-05 1.00000E-05
 1.00000E-05 1.00000E-05 1.00000E-05 1.00000E-05 1.00000E-05 1.00000E-05 1.00000E-05 1.00000E-05
 1.00000E-05 1.00000E-05 1.00000E-05 1.00000E-05 1.00000E-05 1.00000E-05 1.00000E-05 1.00000E-05
 1.00000E-05 1.00000E-05 1.00000E-05 1.00000E-05 1.00000E-05 1.00000E-05 1.00000E-05 1.00000E-05
 1.00000E-05 1.00000E-05 1.00000E-05 1.00000E-05 1.00000E-05 1.00000E-05 1.00000E-05 1.00000E-05
 1.00000E-05 1.00000E-05 1.00000E-05 1.00000E-05 1.00000E-05 1.00000E-05 1.00000E-05 1.00000E-05
 1.00000E-05 1.00000E-05 1.00000E-05 1.00000E-05 1.00000E-05 1.00000E-05 1.00000E-05 1.00000E-05
 1.00000E-05 1.00000E-05 1.00000E-05 1.00000E-05 1.00000E-05 1.00000E-05 1.00000E-05 1.00000E-05
 1.00000E-05 1.00000E-05 1.00000E-05 1.00000E-05 1.00000E-05 1.00000E-05 1.00000E-05 1.00000E-05
 1.00000E-05 1.00000E-05 1.00000E-05 1.00000E-05 1.00000E-09 1.00000E-09 1.00000E-09 1.00000E-09
 1.00000E-09 1.00000E-09 1.00000E-09 1.00000E-09 1.00000E-09 1.00000E-09 1.00000E-09 1.00000E-09
 1.00000E-09 1.00000E-09 1.00000E-09 1.00000E-09 1.00000E-09 1.00000E-09 1.00000E-09 1.00000E-09
 1.00000E-09 1.00000E-09 1.00000E-09 1.00000E-09 1.00000E-09 1.00000E-09 1.00000E-09 1.00000E-09
 1.00000E-09 1.00000E-09 1.00000E-09 1.00000E-09 1.00000E-09 1.00000E-09 1.00000E-09 1.00000E-09
 1.00000E-09 1.00000E-09 1.00000E-09 1.00000E-09 1.00000E-09 1.00000E-09 1.00000E-09 1.00000E-09
 1.00000E-09 1.00000E-09 1.00000E-09 1.00000E-09 1.00000E-09 1.00000E-09 1.00000E-09 1.00000E-09
 1.00000E-09 1.00000E-09 1.00000E-09 1.00000E-09 1.00000E-09 1.00000E-09 1.00000E-09 1.00000E-09
 1.00000E-09 1.00000E-09 1.00000E-09 1.00000E-09 1.00000E-09 1.00000E-09 1.00000E-09 1.00000E-09
 1.00000E-09 1.00000E-09 1.00000E-09 1.00000E-09 1.00000E-09 1.00000E-09 1.00000E-09 1.00000E-09
 1.00000E-09 1.00000E-09 1.00000E-09 1.00000E-09 1.00000E-09 1.00000E-09 1.00000E-09 1.00000E-09
 1.00000E-09 1.00000E-09 1.00000E-09 1.00000E-09 1.00000E-09 1.00000E-09 1.00000E-09 1.00000E-09
 1.00000E-09 1.00000E-09 1.00000E-09 1.00000E-09 1.00000E-09 1.00000E-09 1.00000E-09 1.00000E-09
 1.00000E-09 1.00000E-09 1.00000E-09 1.00000E-09 1.00000E-09 1.00000E-09 1.00000E-09 1.00000E-09
 1.00000E-09 1.00000E-09 1.00000E-09 1.00000E-09 1.00000E-09 1.00000E-09 1.00000E-09 1.00000E-09
 1.00000E-09 1.00000E-09 1.00000E-09 1.00000E-09 1.00000E-09 1.00000E-09 1.00000E-09 1.00000E-09
 1.00000E-09 1.00000E-09 1.00000E-09 1.00000E-09 1.00000E-09 1.00000E-09 1.00000E-09 1.00000E-09
 1.00000E-09 1.00000E-09 1.00000E-09 1.00000E-09 1.00000E-09 1.00000E-09 1.00000E-09 1.00000E-09
 1.00000E-09 1.00000E-09 1.00000E-09 1.00000E-09 1.00000E-09 1.00000E-09 1.00000E-09 1.00000E-09
 1.00000E-09 1.00000E-09 1.00000E-09 1.00000E-09 1.00000E-09 1.00000E-09 1.00000E-09 1.00000E-09
 1.00000E-09 1.00000E-09 1.00000E-09 1.00000E-09 1.00000E-09 1.00000E-09 1.00000E-09 1.00000E-09
 1.00000E-09 1.00000E-09 1.00000E-09 1.00000E-09 1.00000E-09 1.00000E-09 1.00000E-09 1.00000E-09
 1.00000E-09 1.00000E-09 1.00000E-09 1.00000E-09 1.00000E-09 1.00000E-09 1.00000E-09 1.00000E-09
 1.00000E-09 1.00000E-09 1.00000E-09 1.00000E-09 1.00000E-09 1.00000E-09 1.00000E-09 1.00000E-09
 1.00000E-09 1.00000E-09 1.00000E-09 1.00000E-09 1.00000E-09 1.00000E-09 1.00000E-09 1.00000E-09
 1.00000E-09 1.00000E-09 1.00000E-09 1.00000E-09
