 1.11494E-08 1.66298E-15 1.48864E-02 1.64058E-15 5.60812E-11 4.38490E-08 3.60780E-09 7.04437E-18
 7.40288E-04 1.72302E-03 1.69197E-05 6.26033E-08 4.09099E-11 2.47048E-08 3.51259E-12 3.75394E-11
 4.17820E-16 1.08890E-11 2.19980E-12 3.50010E-15 4.77982E-17 1.36202E-34 5.20609E-10 2.19747E-18
 2.16718E-22 2.05632E-20 9.14898E-13 1.89884E-18 2.03539E-11 2.05778E-17 4.65006E-18 5.44158E-11
 1.57157E-13 4.60787E-13 1.27384E-08 2.22333E-15 1.24644E-02 2.23031E-15 6.43947E-11 5.04713E-08
 4.05664E-09 9.58672E-18 7.40289E-04 1.72251E-03 1.69160E-05 7.16421E-08 4.55530E-11 2.46314E-08
 3.74925E-12 4.11056E-11 5.62426E-16 1.39764E-11 3.69843E-12 3.65105E-15 6.66198E-17 3.08804E-34
 5.19108E-10 3.08983E-18 3.00549E-22 2.78393E-20 1.24749E-12 2.45537E-18 2.03364E-11 2.70802E-17
 1.11444E-17 8.48477E-11 2.86471E-13 6.35512E-13 1.46941E-08 2.98535E-15 1.04015E-02 3.04272E-15
 7.39424E-11 5.89410E-08 4.60998E-09 1.30743E-17 7.40293E-04 1.72199E-03 1.69077E-05 8.28847E-08
 5.08441E-11 2.45541E-08 3.88113E-12 4.38985E-11 7.36632E-16 1.70854E-11 6.15880E-12 3.76007E-15
 8.97284E-17 7.42401E-34 5.17553E-10 4.42041E-18 4.19979E-22 3.85806E-20 1.67496E-12 3.07330E-18
 2.00981E-11 3.30169E-17 2.18781E-17 1.15153E-10 4.71478E-13 7.32833E-13 1.70366E-08 3.95987E-15
 8.59590E-03 4.15307E-15 8.48385E-11 6.95803E-08 5.19636E-09 1.78037E-17 7.40298E-04 1.72145E-03
 1.68934E-05 9.66562E-08 5.67755E-11 2.44730E-08 3.89977E-12 4.56370E-11 9.37404E-16 2.02546E-11
 1.01871E-11 3.74282E-15 1.14814E-16 1.82167E-33 5.15948E-10 6.33266E-18 5.90508E-22 5.35759E-20
 2.23081E-12 3.72970E-18 1.96748E-11 3.86219E-17 3.87766E-17 1.45924E-10 7.34056E-13 7.70293E-13
 1.94258E-08 5.15022E-15 6.95406E-03 5.55254E-15 9.61858E-11 8.06933E-08 5.75845E-09 2.37052E-17
 7.40306E-04 1.72090E-03 1.68716E-05 1.10615E-07 6.26300E-11 2.43881E-08 3.81564E-12 4.57861E-11
 1.13795E-15 2.28596E-11 1.64294E-11 3.54818E-15 1.37720E-16 4.35829E-33 5.14300E-10 8.85530E-18
 8.17425E-22 7.28252E-20 2.88563E-12 4.31991E-18 1.91017E-11 4.43720E-17 6.43226E-17 1.76680E-10
 1.07678E-12 7.65945E-13 2.16382E-08 6.51753E-15 5.61399E-03 7.25100E-15 1.07488E-10 9.12938E-08
 6.22435E-09 3.07477E-17 7.40316E-04 1.72035E-03 1.68407E-05 1.23404E-07 6.81344E-11 2.42993E-08
 3.60634E-12 4.38547E-11 1.30374E-15 2.44982E-11 2.55191E-11 3.14964E-15 1.48081E-16 1.00059E-32
 5.12618E-10 1.19498E-17 1.11063E-21 9.60784E-20 3.62420E-12 4.70386E-18 1.84128E-11 5.08231E-17
 1.01938E-16 2.06884E-10 1.50009E-12 7.36864E-13 2.35268E-08 8.04851E-15 4.41576E-03 9.23406E-15
 1.18447E-10 1.00726E-07 6.56874E-09 3.88621E-17 7.40329E-04 1.71979E-03 1.67990E-05 1.34148E-07
 7.30543E-11 2.42066E-08 3.26970E-12 3.98042E-11 1.39679E-15 2.49484E-11 3.75177E-11 2.60860E-15
 1.44038E-16 2.18102E-32 5.10911E-10 1.55177E-17 1.47807E-21 1.22850E-19 4.43651E-12 4.76544E-18
 1.76373E-11 5.83088E-17 1.55968E-16 2.35964E-10 1.99878E-12 6.95849E-13 2.50065E-08 9.70318E-15
 3.39722E-03 1.15043E-14 1.28877E-10 1.08573E-07 6.77808E-09 4.80175E-17 7.40345E-04 1.71924E-03
 1.67449E-05 1.42332E-07 7.73222E-11 2.41100E-08 2.82609E-12 3.40625E-11 1.39461E-15 2.41794E-11
 5.18301E-11 2.01003E-15 1.25325E-16 4.51883E-32 5.09188E-10 1.94363E-17 1.93245E-21 1.52498E-19
 5.31541E-12 4.46455E-18 1.67958E-11 6.71444E-17 2.32035E-16 2.63324E-10 2.56392E-12 6.50597E-13
 2.60321E-08 1.14556E-14 2.56740E-03 1.40932E-14 1.38551E-10 1.14620E-07 6.86312E-09 5.81257E-17
 7.40363E-04 1.71870E-03 1.66771E-05 1.47704E-07 8.07941E-11 2.40095E-08 2.29565E-12 2.71248E-11
 1.28766E-15 2.23385E-11 6.76042E-11 1.42484E-15 9.50127E-17 9.13704E-32 5.07457E-10 2.36528E-17
 2.49638E-21 1.84840E-19 6.25551E-12 3.85032E-18 1.58973E-11 7.76320E-17 3.38417E-16 2.88312E-10
 3.18516E-12 6.04857E-13 2.65933E-08 1.33580E-14 1.88829E-03 1.70470E-14 1.47274E-10 1.18810E-07
 6.88783E-09 6.90691E-17 7.40384E-04 1.71816E-03 1.65945E-05 1.50208E-07 8.33178E-11 2.39054E-08
 1.72878E-12 1.98488E-11 1.09049E-15 1.97251E-11 8.34100E-11 9.26853E-16 6.24415E-17 1.86697E-31
 5.05726E-10 2.82918E-17 3.20228E-21 2.21088E-19 7.25259E-12 3.05607E-18 1.49382E-11 8.97220E-17
 4.86738E-16 3.10213E-10 3.85049E-12 5.60717E-13 2.67114E-08 1.56010E-14 1.34561E-03 2.04305E-14
 1.54941E-10 1.21213E-07 6.94912E-09 8.07947E-17 7.40407E-04 1.71763E-03 1.64967E-05 1.49969E-07
 8.48545E-11 2.37977E-08 1.20439E-12 1.33377E-11 8.48456E-16 1.67296E-11 9.74030E-11 5.63138E-16
 3.63338E-17 3.98600E-31 5.04003E-10 3.37298E-17 4.09527E-21 2.64557E-19 8.30348E-12 2.25281E-18
 1.39042E-11 1.02778E-16 6.92167E-16 3.28243E-10 4.54509E-12 5.19459E-13 2.64262E-08 1.84867E-14
 9.24696E-04 2.43289E-14 1.61494E-10 1.21999E-07 7.13961E-09 9.32719E-17 7.40432E-04 1.71711E-03
 1.63839E-05 1.47239E-07 8.53792E-11 2.36867E-08 7.87086E-13 8.35467E-12 6.16819E-16 1.37357E-11
 1.08437E-10 3.31324E-16 1.97755E-17 9.18945E-31 5.02297E-10 4.06161E-17 5.23933E-21 3.20947E-19
 9.40577E-12 1.57583E-18 1.27764E-11 1.15569E-16 9.74523E-16 3.41549E-10 5.25002E-12 4.81157E-13
 2.57892E-08 2.23537E-14 6.09987E-04 2.88460E-14 1.66934E-10 1.21411E-07 7.51196E-09 1.06497E-16
 7.40459E-04 1.71661E-03 1.62570E-05 1.42364E-07 8.48781E-11 2.35727E-08 5.01577E-13 5.07375E-12
 4.36404E-16 1.10382E-11 1.16371E-10 1.99364E-16 1.10789E-17 2.33502E-30 5.00613E-10 4.97869E-17
 6.72427E-21 3.97634E-19 1.05573E-11 1.08685E-18 1.15354E-11 1.26473E-16 1.35846E-15 3.49200E-10
 5.93978E-12 4.43754E-13 2.48632E-08 2.74948E-14 3.84773E-04 3.41074E-14 1.71337E-10 1.19739E-07
 8.06611E-09 1.20526E-16 7.40486E-04 1.71612E-03 1.61177E-05 1.35772E-07 8.33604E-11 2.34561E-08
 3.34332E-13 3.20723E-12 3.22704E-16 8.80546E-12 1.21586E-10 1.31252E-16 7.32486E-18 6.55425E-30
 4.98957E-10 6.21480E-17 8.67669E-21 5.02593E-19 1.17554E-11 7.85966E-19 1.01607E-11 1.33669E-16
 1.87181E-15 3.50191E-10 6.57992E-12 4.02905E-13 2.37307E-08 3.41128E-14 2.31484E-04 4.02705E-14
 1.74892E-10 1.17302E-07 8.75983E-09 1.35555E-16 7.40515E-04 1.71564E-03 1.59685E-05 1.27987E-07
 8.08819E-11 2.33372E-08 2.54748E-13 2.30972E-12 2.72773E-16 7.09103E-12 1.24675E-10 1.00139E-16
 6.58628E-18 2.00704E-29 4.97333E-10 7.85947E-17 1.12774E-20 6.43613E-19 1.29974E-11 6.43636E-19
 8.61653E-12 1.34901E-16 2.53952E-15 3.43436E-10 7.12599E-12 3.52881E-13 2.25042E-08 4.23150E-14
 1.32682E-04 4.75380E-14 1.77925E-10 1.14431E-07 9.52771E-09 1.52004E-16 7.40543E-04 1.71518E-03
 1.58127E-05 1.19668E-07 7.75621E-11 2.32168E-08 2.31689E-13 1.98249E-12 2.75492E-16 5.86766E-12
 1.26228E-10 8.93289E-17 8.35059E-18 6.56152E-29 4.95745E-10 9.98689E-17 1.47881E-20 8.27737E-19
 1.42820E-11 6.22514E-19 6.82477E-12 1.26506E-16 3.36842E-15 3.27772E-10 7.52626E-12 2.87926E-13
 2.13359E-08 5.25295E-14 7.25159E-05 5.59276E-14 1.81318E-10 1.11339E-07 1.02962E-08 1.71313E-16
 7.40571E-04 1.71472E-03 1.56543E-05 1.11637E-07 7.42070E-11 2.30951E-08 2.43306E-13 1.96628E-12
 3.18673E-16 5.06029E-12 1.26648E-10 9.00031E-17 1.30246E-17 2.06130E-28 4.94193E-10 1.25543E-16
 1.93973E-20 1.05554E-18 1.56051E-11 6.84165E-19 4.61665E-12 1.01145E-16 4.25832E-15 3.01903E-10
 7.72818E-12 2.06341E-13 2.03845E-08 6.62321E-14 4.77302E-05 6.50717E-14 1.86663E-10 1.08110E-07
 1.09961E-08 1.96830E-16 7.40598E-04 1.71427E-03 1.54967E-05 1.04742E-07 7.26000E-11 2.29721E-08
 2.73857E-13 2.10498E-12 3.83816E-16 4.57318E-12 1.26194E-10 9.72853E-17 1.90077E-17 5.02384E-28
 4.92668E-10 1.52823E-16 2.48705E-20 1.31351E-18 1.69664E-11 7.84689E-19 3.07415E-12 7.86765E-17
 5.14990E-15 2.78509E-10 7.74782E-12 1.40552E-13 1.97008E-08 8.51188E-14 3.79342E-05 7.48232E-14
 1.94453E-10 1.04782E-07 1.16099E-08 2.31003E-16 7.40625E-04 1.71381E-03 1.53385E-05 9.92451E-08
 7.32060E-11 2.28444E-08 3.21971E-13 2.35317E-12 4.67062E-16 4.31432E-12 1.25809E-10 1.09951E-16
 2.57556E-17 9.15151E-28 4.91122E-10 1.79669E-16 3.09923E-20 1.59297E-18 1.84014E-11 8.98292E-19
 2.01074E-12 5.94927E-17 5.91974E-15 2.57095E-10 7.60376E-12 9.25203E-14 1.92478E-08 1.09867E-13
 3.16802E-05 8.56230E-14 2.03910E-10 1.01511E-07 1.21388E-08 2.74191E-16 7.40653E-04 1.71333E-03
 1.51773E-05 9.49582E-08 7.49443E-11 2.27080E-08 3.81857E-13 2.66235E-12 5.64693E-16 4.21975E-12
 1.25512E-10 1.27062E-16 3.38415E-17 1.44169E-27 4.89504E-10 2.06868E-16 3.81771E-20 1.90169E-18
 1.99503E-11 1.01464E-18 1.29195E-12 4.39756E-17 6.62953E-15 2.37257E-10 7.34153E-12 5.91345E-14
 1.89464E-08 1.41675E-13 2.71289E-05 9.77619E-14 2.14392E-10 9.82344E-08 1.26100E-08 3.26941E-16
 7.40684E-04 1.71276E-03 1.49988E-05 9.14342E-08 7.72274E-11 2.25480E-08 4.54326E-13 3.02690E-12
 6.80062E-16 4.24781E-12 1.25307E-10 1.49087E-16 4.38562E-17 2.14136E-27 4.87636E-10 2.36900E-16
 4.70693E-20 2.26245E-18 2.17830E-11 1.14147E-18 7.93513E-13 3.09724E-17 7.27738E-15 2.17424E-10
 6.96997E-12 3.57919E-14 1.87444E-08 1.82750E-13 2.23506E-05 1.11294E-13 2.25586E-10 9.47584E-08
 1.30479E-08 3.90407E-16 7.40725E-04 1.71199E-03 1.47755E-05 8.83613E-08 8.00300E-11 2.23338E-08
 5.43290E-13 3.45999E-12 8.17401E-16 4.39133E-12 1.25255E-10 1.77461E-16 5.72705E-17 3.09671E-27
 4.85165E-10 2.73174E-16 5.85799E-20 2.71542E-18 2.42546E-11 1.29620E-18 4.38290E-13 1.95426E-17
 7.74387E-15 1.95340E-10 6.44609E-12 1.93252E-14 1.86318E-08 2.35068E-13 2.01188E-05 1.26411E-13
 2.37401E-10 9.11067E-08 1.34220E-08 4.66367E-16 7.40779E-04 1.71094E-03 1.44933E-05 8.57274E-08
 8.33910E-11 2.20411E-08 6.51736E-13 3.96802E-12 9.79554E-16 4.63965E-12 1.25203E-10 2.12944E-16
 7.29110E-17 4.41251E-27 4.81811E-10 3.17685E-16 7.38954E-20 3.29490E-18 2.76083E-11 1.48745E-18
 2.11664E-13 1.07618E-17 7.94737E-15 1.70877E-10 5.76059E-12 9.05825E-15 1.86060E-08 3.00953E-13
 1.93708E-05 1.43479E-13 2.49669E-10 8.73483E-08 1.37242E-08 5.56529E-16 7.40855E-04 1.70940E-03
 1.41254E-05 8.35266E-08 8.73621E-11 2.16239E-08 7.84458E-13 4.56573E-12 1.17351E-15 4.99344E-12
 1.25229E-10 2.56951E-16 9.14320E-17 6.37838E-27 4.77039E-10 3.76126E-16 9.54200E-20 4.07998E-18
 3.23804E-11 1.74276E-18 8.45249E-14 4.89624E-18 7.77688E-15 1.43551E-10 4.91413E-12 3.48843E-15
 1.86665E-08 3.83019E-13 1.93985E-05 1.63055E-13 2.62290E-10 8.36432E-08 1.39536E-08 6.63135E-16
 7.40961E-04 1.70719E-03 1.36590E-05 8.17755E-08 9.20184E-11 2.10401E-08 9.46774E-13 5.26853E-12
 1.40837E-15 5.44199E-12 1.25388E-10 3.10952E-16 1.13840E-16 9.51049E-27 4.70334E-10 4.55388E-16
 1.26695E-19 5.17618E-18 3.90848E-11 2.09501E-18 2.70145E-14 1.78259E-18 7.19888E-15 1.14678E-10
 3.97122E-12 1.06926E-15 1.87950E-08 4.84731E-13 1.97476E-05 1.85657E-13 2.75145E-10 8.00628E-08
 1.41248E-08 7.88698E-16 7.41102E-04 1.70415E-03 1.31013E-05 8.03963E-08 9.73920E-11 2.02620E-08
 1.14536E-12 6.09386E-12 1.69447E-15 5.97027E-12 1.25667E-10 3.76779E-16 1.41430E-16 1.46122E-26
 4.61311E-10 5.62384E-16 1.72308E-19 6.70891E-18 4.81081E-11 2.57822E-18 6.86972E-15 5.16380E-19
 6.28400E-15 8.67509E-11 3.03387E-12 2.59705E-16 1.89468E-08 6.10464E-13 2.01543E-05 2.11641E-13
 2.87862E-10 7.64912E-08 1.42610E-08 9.34466E-16 7.41287E-04 1.70003E-03 1.24599E-05 7.91819E-08
 1.03380E-10 1.92553E-08 1.38993E-12 7.06368E-12 2.04511E-15 6.57907E-12 1.26009E-10 4.57128E-16
 1.76045E-16 2.31310E-26 4.49449E-10 7.06529E-16 2.38977E-19 8.86219E-18 5.99700E-11 3.24370E-18
 1.37070E-15 1.17532E-19 5.13620E-15 6.16089E-11 2.17464E-12 4.94545E-17 1.90713E-08 7.65201E-13
 2.04457E-05 2.41307E-13 3.00088E-10 7.28625E-08 1.43791E-08 1.10144E-15 7.41518E-04 1.69468E-03
 1.17623E-05 7.79230E-08 1.09758E-10 1.80157E-08 1.69110E-12 8.19401E-12 2.47409E-15 7.26536E-12
 1.26252E-10 5.54637E-16 2.19439E-16 3.72944E-26 4.34516E-10 8.95878E-16 3.34982E-19 1.18372E-17
 7.49026E-11 4.13854E-18 2.17215E-16 2.14704E-20 3.92505E-15 4.09488E-11 1.45817E-12 7.55811E-18
 1.91470E-08 9.55304E-13 2.06249E-05 2.74850E-13 3.11805E-10 6.91967E-08 1.44829E-08 1.29252E-15
 7.41793E-04 1.68807E-03 1.10476E-05 7.65395E-08 1.16427E-10 1.65725E-08 2.05930E-12 9.49368E-12
 2.99019E-15 8.01576E-12 1.26151E-10 6.71263E-16 2.72644E-16 5.97571E-26 4.16633E-10 1.13386E-15
 4.69206E-19 1.58112E-17 9.27853E-11 5.28377E-18 2.86868E-17 3.45654E-21 2.80616E-15 2.54982E-11
 9.14616E-13 1.02215E-18 1.91688E-08 1.18781E-12 2.07254E-05 3.12476E-13 3.23310E-10 6.56439E-08
 1.45656E-08 1.51394E-15 7.42097E-04 1.68046E-03 1.03716E-05 7.50288E-08 1.23251E-10 1.50247E-08
 2.50026E-12 1.09491E-11 3.59243E-15 8.79417E-12 1.25394E-10 8.06699E-16 3.34816E-16 9.21957E-26
 3.96787E-10 1.41234E-15 6.47800E-19 2.08069E-17 1.12631E-10 6.62552E-18 3.85607E-18 6.91294E-22
 1.91086E-15 1.51560E-11 5.46200E-13 1.74008E-19 1.91032E-08 1.46944E-12 2.05994E-05 3.54570E-13
 3.34368E-10 6.22127E-08 1.46311E-08 1.76891E-15 7.42421E-04 1.67202E-03 9.75193E-06 7.32761E-08
 1.29879E-10 1.34308E-08 3.02016E-12 1.25372E-11 4.28522E-15 9.58048E-12 1.23761E-10 9.60353E-16
 4.05006E-16 1.37239E-25 3.75510E-10 1.73019E-15 8.80867E-19 2.69384E-17 1.33908E-10 8.13959E-18
 8.26397E-19 2.57693E-22 1.25041E-15 8.66033E-12 3.12959E-13 5.55527E-20 1.89501E-08 1.80866E-12
 2.02621E-05 4.01479E-13 3.44991E-10 5.89142E-08 1.46751E-08 2.06294E-15 7.42758E-04 1.66288E-03
 9.19444E-06 7.12968E-08 1.36228E-10 1.18430E-08 3.62345E-12 1.42290E-11 5.06477E-15 1.03435E-11
 1.21083E-10 1.13006E-15 4.80535E-16 1.96478E-25 3.53316E-10 2.08277E-15 1.17906E-18 3.42811E-17
 1.56101E-10 9.76907E-18 3.37767E-19 1.45008E-22 7.90947E-16 4.78643E-12 1.73073E-13 2.64863E-20
 1.87334E-08 2.21588E-12 1.98413E-05 4.53535E-13 3.55403E-10 5.57730E-08 1.46860E-08 2.40482E-15
 7.43098E-04 1.65324E-03 8.69876E-06 6.91895E-08 1.42414E-10 1.03099E-08 4.31108E-12 1.59874E-11
 5.91551E-15 1.10425E-11 1.17258E-10 1.31152E-15 5.56673E-16 2.68918E-25 3.30743E-10 2.45950E-15
 1.55198E-18 4.28178E-17 1.78674E-10 1.14099E-17 1.76064E-19 8.89421E-23 4.86231E-16 2.57576E-12
 9.29223E-14 1.36944E-20 1.84539E-08 2.70111E-12 1.93228E-05 5.11207E-13 3.65539E-10 5.27846E-08
 1.46605E-08 2.80197E-15 7.43432E-04 1.64335E-03 8.26130E-06 6.69647E-08 1.48353E-10 8.87794E-09
 5.08040E-12 1.77611E-11 6.82148E-15 1.16429E-11 1.12270E-10 1.49896E-15 6.28010E-16 3.52553E-25
 3.08412E-10 2.85008E-15 2.01019E-18 5.25017E-17 2.01004E-10 1.29580E-17 9.48542E-20 5.45755E-23
 2.93448E-16 1.36277E-12 4.89155E-14 7.07801E-21 1.81138E-08 3.27559E-12 1.87032E-05 5.74974E-13
 3.75287E-10 4.99229E-08 1.45965E-08 3.26209E-15 7.43754E-04 1.63341E-03 7.87345E-06 6.46340E-08
 1.54004E-10 7.57359E-09 5.92598E-12 1.94940E-11 7.76209E-15 1.21145E-11 1.06174E-10 1.68552E-15
 6.88794E-16 4.44354E-25 2.86758E-10 3.24493E-15 2.56568E-18 6.32835E-17 2.22659E-10 1.43180E-17
 5.09313E-20 3.32134E-23 1.75192E-16 7.14043E-13 2.54351E-14 3.62886E-21 1.77231E-08 3.95208E-12
 1.80171E-05 6.45337E-13 3.84616E-10 4.71734E-08 1.44908E-08 3.79490E-15 7.44057E-04 1.62361E-03
 7.52686E-06 6.22349E-08 1.59406E-10 6.41178E-09 6.83792E-12 2.11265E-11 8.70918E-15 1.24291E-11
 9.90956E-11 1.86313E-15 7.33260E-16 5.39736E-25 2.66125E-10 3.63289E-15 3.23044E-18 7.50645E-17
 2.43291E-10 1.53953E-17 2.72995E-20 2.01591E-23 1.04230E-16 3.73275E-13 1.31606E-14 1.85581E-21
 1.72933E-08 4.74482E-12 1.73064E-05 7.22827E-13 3.93510E-10 4.45232E-08 1.43405E-08 4.41172E-15
 7.44338E-04 1.61407E-03 7.21321E-06 5.98060E-08 1.64633E-10 5.39305E-09 7.80046E-12 2.25946E-11
 9.62745E-15 1.25626E-11 9.11984E-11 2.02284E-15 7.56382E-16 6.33675E-25 2.46687E-10 4.00370E-15
 4.01779E-18 8.77369E-17 2.62728E-10 1.61139E-17 1.46776E-20 1.22660E-23 6.21000E-17 1.95664E-13
 6.80888E-15 9.51379E-22 1.68336E-08 5.66948E-12 1.66012E-05 8.07996E-13 4.01939E-10 4.19608E-08
 1.41444E-08 5.12533E-15 7.44597E-04 1.60488E-03 6.92552E-06 5.73763E-08 1.69755E-10 4.51069E-09
 8.79090E-12 2.38303E-11 1.04759E-14 1.24972E-11 8.26775E-11 2.15533E-15 7.54703E-16 7.21358E-25
 2.28527E-10 4.34811E-15 4.94220E-18 1.01183E-16 2.80888E-10 1.64226E-17 7.94622E-21 7.51029E-24
 3.71832E-17 1.03204E-13 3.53433E-15 4.90692E-22 1.63486E-08 6.74292E-12 1.59050E-05 9.01452E-13
 4.09833E-10 3.94777E-08 1.39041E-08 5.94959E-15 7.44831E-04 1.59613E-03 6.65910E-06 5.49587E-08
 1.74792E-10 3.75689E-09 9.78077E-12 2.47689E-11 1.12139E-14 1.22268E-11 7.37703E-11 2.25228E-15
 7.27426E-16 7.98863E-25 2.11736E-10 4.65858E-15 6.01931E-18 1.15279E-16 2.97678E-10 1.63047E-17
 4.35110E-21 4.64833E-24 2.24810E-17 5.50229E-14 1.84901E-15 2.55759E-22 1.58402E-08 7.98373E-12
 1.52022E-05 1.00389E-12 4.17087E-10 3.70680E-08 1.36251E-08 6.89936E-15 7.45039E-04 1.58793E-03
 6.41098E-06 5.25555E-08 1.79726E-10 3.12245E-09 1.07383E-11 2.53577E-11 1.18066E-14 1.17607E-11
 6.47459E-11 2.30770E-15 6.76869E-16 8.63791E-25 1.96401E-10 4.93053E-15 7.26698E-18 1.29925E-16
 3.13014E-10 1.57844E-17 2.42244E-21 2.92416E-24 1.38097E-17 2.98232E-14 9.80796E-16 1.35465E-22
 1.53085E-08 9.41305E-12 1.44733E-05 1.11612E-12 4.23562E-10 3.47235E-08 1.33146E-08 7.99018E-15
 7.45221E-04 1.58031E-03 6.17821E-06 5.01642E-08 1.84525E-10 2.59353E-09 1.16275E-11 2.55542E-11
 1.22243E-14 1.11179E-11 5.58546E-11 2.31792E-15 6.07621E-16 9.15882E-25 1.82496E-10 5.16365E-15
 8.70849E-18 1.45106E-16 3.26918E-10 1.49192E-17 1.37509E-21 1.87548E-24 8.65433E-18 1.64933E-14
 5.29580E-16 7.31447E-23 1.47558E-08 1.10562E-11 1.37086E-05 1.23905E-12 4.29143E-10 3.24407E-08
 1.29807E-08 9.23991E-15 7.45379E-04 1.57328E-03 5.95861E-06 4.77875E-08 1.89174E-10 2.15533E-09
 1.24097E-11 2.53318E-11 1.24432E-14 1.03251E-11 4.73238E-11 2.28192E-15 5.25817E-16 9.56082E-25
 1.69943E-10 5.35996E-15 1.03723E-17 1.60867E-16 3.39471E-10 1.37832E-17 7.97062E-22 1.22860E-24
 5.54831E-18 9.32913E-15 2.91843E-16 4.03386E-23 1.41863E-08 1.29433E-11 1.29095E-05 1.37373E-12
 4.33752E-10 3.02198E-08 1.26308E-08 1.06699E-14 7.45514E-04 1.56681E-03 5.75064E-06 4.54342E-08
 1.93684E-10 1.79335E-09 1.30448E-11 2.46831E-11 1.24465E-14 9.41504E-12 3.93457E-11 2.20125E-15
 4.38201E-16 9.85971E-25 1.58626E-10 5.52271E-15 1.22930E-17 1.77297E-16 3.50788E-10 1.24561E-17
 4.71910E-22 8.22408E-25 3.64349E-18 5.40259E-15 1.64352E-16 2.27341E-23 1.36052E-08 1.51110E-11
 1.20826E-05 1.52142E-12 4.37336E-10 2.80638E-08 1.22722E-08 1.23059E-14 7.45627E-04 1.56087E-03
 5.55342E-06 4.31155E-08 1.98085E-10 1.49455E-09 1.34956E-11 2.36233E-11 1.22281E-14 8.42518E-12
 3.20727E-11 2.08016E-15 3.51317E-16 1.00751E-24 1.48414E-10 5.65599E-15 1.45124E-17 1.94530E-16
 3.60999E-10 1.10176E-17 2.85171E-22 5.62178E-25 2.45116E-18 3.20325E-15 9.46003E-17 1.30870E-23
 1.30196E-08 1.76050E-11 1.12437E-05 1.68359E-12 4.39895E-10 2.59791E-08 1.19111E-08 1.41813E-14
 7.45720E-04 1.55540E-03 5.36697E-06 4.08473E-08 2.02439E-10 1.24813E-09 1.37345E-11 2.21977E-11
 1.17960E-14 7.39680E-12 2.56188E-11 1.92577E-15 2.70836E-16 1.02230E-24 1.39197E-10 5.76324E-15
 1.70788E-17 2.12708E-16 3.70217E-10 9.54248E-18 1.75782E-22 3.92210E-25 1.68953E-18 1.94467E-15
 5.56674E-17 7.69209E-24 1.24383E-08 2.04840E-11 1.04169E-05 1.86195E-12 4.41490E-10 2.39742E-08
 1.15535E-08 1.63410E-14 7.45795E-04 1.55038E-03 5.19201E-06 3.86493E-08 2.06853E-10 1.04525E-09
 1.37498E-11 2.04817E-11 1.11738E-14 6.37221E-12 2.00525E-11 1.74759E-15 2.00867E-16 1.03124E-24
 1.30881E-10 5.84640E-15 2.00453E-17 2.31944E-16 3.78532E-10 8.09664E-18 1.10531E-22 2.79247E-25
 1.19375E-18 1.20962E-15 3.35119E-17 4.61739E-24 1.18699E-08 2.38182E-11 9.62543E-06 2.05858E-12
 4.42208E-10 2.20566E-08 1.12024E-08 1.88435E-14 7.45852E-04 1.54577E-03 5.02923E-06 3.65403E-08
 2.11467E-10 8.78193E-10 1.35443E-11 1.85653E-11 1.03962E-14 5.38886E-12 1.53844E-11 1.55562E-15
 1.43445E-16 1.03462E-24 1.23370E-10 5.90600E-15 2.34729E-17 2.52314E-16 3.86043E-10 6.73258E-18
 7.08624E-23 2.02770E-25 8.64396E-19 7.70913E-16 2.06393E-17 2.83006E-24 1.13221E-08 2.76958E-11
 8.88962E-06 2.27582E-12 4.42138E-10 2.02311E-08 1.08605E-08 2.17635E-14 7.45893E-04 1.54153E-03
 4.87918E-06 3.45347E-08 2.16440E-10 7.40382E-10 1.31352E-11 1.65441E-11 9.50596E-15 4.47663E-12
 1.15753E-11 1.35968E-15 9.87808E-17 1.03243E-24 1.16565E-10 5.94157E-15 2.74295E-17 2.73868E-16
 3.92848E-10 5.48910E-18 4.62650E-23 1.49963E-25 6.40976E-19 5.03141E-16 1.29968E-17 1.76978E-24
 1.08012E-08 3.22216E-11 8.22428E-06 2.51647E-12 4.41375E-10 1.85011E-08 1.05288E-08 2.51972E-14
 7.45919E-04 1.53759E-03 4.74233E-06 3.26429E-08 2.21948E-10 6.26443E-10 1.25537E-11 1.45112E-11
 8.55028E-15 3.65700E-12 8.54954E-12 1.16841E-15 6.57385E-17 1.02412E-24 1.10381E-10 5.95130E-15
 3.19918E-17 2.96583E-16 3.99032E-10 4.39079E-18 3.07216E-23 1.12806E-25 4.86340E-19 3.36081E-16
 8.36261E-18 1.12849E-24 1.03117E-08 3.75264E-11 7.64077E-06 2.78367E-12 4.39994E-10 1.68671E-08
 1.02080E-08 2.92671E-14 7.45931E-04 1.53394E-03 4.61904E-06 3.08696E-08 2.28175E-10 5.32014E-10
 1.18417E-11 1.25488E-11 7.57597E-15 2.94210E-12 6.20762E-12 9.88900E-16 4.24119E-17 1.00896E-24
 1.04741E-10 5.93236E-15 3.72424E-17 3.20368E-16 4.04673E-10 3.44922E-18 2.07195E-23 8.61791E-26
 3.77305E-19 2.29635E-16 5.49448E-18 7.33364E-25 9.85604E-09 4.37790E-11 7.14927E-06 3.08077E-12
 4.38030E-10 1.53270E-08 9.90003E-09 3.41278E-14 7.45929E-04 1.53052E-03 4.50952E-06 2.92135E-08
 2.35306E-10 4.53518E-10 1.10457E-11 1.07201E-11 6.62381E-15 2.33499E-12 4.43792E-12 8.26172E-16
 2.66286E-17 9.86186E-25 9.95764E-11 5.88110E-15 4.32654E-17 3.45077E-16 4.09837E-10 2.66405E-18
 1.41681E-23 6.67449E-26 2.99074E-19 1.60398E-16 3.68308E-18 4.85431E-25 9.44143E-09 5.11399E-11
 6.76493E-06 3.41216E-12 4.35759E-10 1.38894E-08 9.59478E-09 3.99972E-14 7.45914E-04 1.52731E-03
 4.41375E-06 2.76899E-08 2.43658E-10 3.88007E-10 1.02067E-11 9.06795E-12 5.72335E-15 1.83170E-12
 3.13114E-12 6.82298E-16 1.63245E-17 9.52347E-25 9.48246E-11 5.78837E-15 5.01421E-17 3.69997E-16
 4.14589E-10 2.02290E-18 9.82109E-24 5.23793E-26 2.41863E-19 1.14432E-16 2.51590E-18 3.27462E-25
 9.07342E-09 5.97974E-11 6.50237E-06 3.78256E-12 4.33470E-10 1.25597E-08 9.28361E-09 4.71629E-14
 7.45887E-04 1.52426E-03 4.33155E-06 2.63087E-08 2.53589E-10 3.33111E-10 9.36220E-12 7.61526E-12
 4.89515E-15 1.42326E-12 2.18582E-12 5.57997E-16 9.80939E-18 9.04437E-25 9.04306E-11 5.64520E-15
 5.79371E-17 3.94156E-16 4.18983E-10 1.51009E-18 6.90114E-24 4.16320E-26 1.99263E-19 8.33131E-17
 1.74913E-18 2.25282E-25 8.74957E-09 6.99709E-11 6.35250E-06 4.19776E-12 4.31233E-10 1.13367E-08
 8.96569E-09 5.59634E-14 7.45847E-04 1.52136E-03 4.26238E-06 2.50570E-08 2.65247E-10 2.86918E-10
 8.54389E-12 6.36544E-12 4.15490E-15 1.09831E-12 1.51389E-12 4.52993E-16 5.80628E-18 8.43821E-25
 8.63472E-11 5.45317E-15 6.67595E-17 4.16948E-16 4.23066E-10 1.11045E-18 4.90949E-24 3.34662E-26
 1.67070E-19 6.18405E-17 1.23655E-18 1.58116E-25 8.46551E-09 8.19034E-11 6.30312E-06 4.66475E-12
 4.29080E-10 1.02184E-08 8.64188E-09 6.68182E-14 7.45797E-04 1.51857E-03 4.20563E-06 2.39169E-08
 2.78686E-10 2.47917E-10 7.77606E-12 5.30978E-12 3.51020E-15 8.44292E-13 1.04337E-12 3.66022E-16
 3.40402E-18 7.73465E-25 8.25372E-11 5.21838E-15 7.67594E-17 4.37887E-16 4.26877E-10 8.06605E-19
 3.53177E-24 2.71746E-26 1.42455E-19 4.67621E-17 8.88490E-19 1.13308E-25 8.22405E-09 9.58543E-11
 6.37533E-06 5.19083E-12 4.27368E-10 9.20788E-09 8.30521E-09 8.03321E-14 7.45734E-04 1.51589E-03
 4.16089E-06 2.28926E-08 2.94229E-10 2.14980E-10 7.07688E-12 4.43475E-12 2.95840E-15 6.48417E-13
 7.18155E-13 2.95071E-16 1.98721E-18 6.93391E-25 7.89796E-11 4.93878E-15 8.80087E-17 4.55684E-16
 4.30434E-10 5.79219E-19 2.57350E-24 2.23144E-26 1.23453E-19 3.60286E-17 6.48744E-19 8.31118E-26
 8.02912E-09 1.12074E-10 6.60277E-06 5.78421E-12 4.26588E-10 8.30905E-09 7.94716E-09 9.73291E-14
 7.45662E-04 1.51330E-03 4.12750E-06 2.19918E-08 3.12277E-10 1.87123E-10 6.45431E-12 3.71984E-12
 2.49141E-15 4.98760E-13 4.95429E-13 2.37752E-16 1.16023E-18 6.04677E-25 7.56511E-11 4.61446E-15
 1.00536E-16 4.68804E-16 4.33763E-10 4.11207E-19 1.90425E-24 1.85598E-26 1.08608E-19 2.82797E-17
 4.81072E-19 6.25558E-26 7.88055E-09 1.30783E-10 7.01210E-06 6.45497E-12 4.27166E-10 7.52226E-09
 7.56377E-09 1.18868E-13 7.45578E-04 1.51077E-03 4.10445E-06 2.12117E-08 3.33048E-10 1.63416E-10
 5.90634E-12 3.13970E-12 2.09923E-15 3.84955E-13 3.43523E-13 1.91667E-16 6.79435E-19 5.11667E-25
 7.25161E-11 4.25493E-15 1.14413E-16 4.76239E-16 4.36899E-10 2.88792E-19 1.43259E-24 1.56416E-26
 9.67852E-20 2.25837E-17 3.61775E-19 4.83640E-26 7.77549E-09 1.52134E-10 7.62522E-06 7.21616E-12
 4.29514E-10 6.84745E-09 7.15477E-09 1.46315E-13 7.45483E-04 1.50829E-03 4.09066E-06 2.05435E-08
 3.56519E-10 1.43124E-10 5.42844E-12 2.67077E-12 1.77276E-15 2.98775E-13 2.40111E-13 1.54741E-16
 4.00216E-19 4.20271E-25 6.95454E-11 3.87674E-15 1.29803E-16 4.77663E-16 4.39870E-10 2.01030E-19
 1.09733E-24 1.33643E-26 8.71881E-20 1.83245E-17 2.75668E-19 3.84364E-26 7.71468E-09 1.76151E-10
 8.49116E-06 8.08310E-12 4.34335E-10 6.28655E-09 6.71672E-09 1.81575E-13 7.45377E-04 1.50584E-03
 4.08500E-06 1.99905E-08 3.82773E-10 1.25655E-10 5.01377E-12 2.29282E-12 1.50172E-15 2.33573E-13
 1.69680E-13 1.25126E-16 2.37501E-19 3.34607E-25 6.67132E-11 3.49303E-15 1.46825E-16 4.72683E-16
 4.42702E-10 1.38806E-19 8.58295E-25 1.15955E-26 7.91824E-20 1.50855E-17 2.12616E-19 3.14133E-26
 7.69887E-09 2.02627E-10 9.67225E-06 9.07581E-12 4.42537E-10 5.84356E-09 6.24756E-09 2.27252E-13
 7.45259E-04 1.50340E-03 4.08630E-06 1.95585E-08 4.11700E-10 1.10533E-10 4.65499E-12 1.98885E-12
 1.27736E-15 1.84247E-13 1.21622E-13 1.01311E-16 1.42144E-19 2.58258E-25 6.39982E-11 3.11856E-15
 1.65682E-16 4.61451E-16 4.45418E-10 9.51939E-20 6.88360E-25 1.02429E-26 7.22854E-20 1.25822E-17
 1.65870E-19 2.64027E-26 7.72945E-09 2.31036E-10 1.12396E-05 1.02213E-11 4.55307E-10 5.52603E-09
 5.74733E-09 2.86954E-13 7.45130E-04 1.50097E-03 4.09330E-06 1.92578E-08 4.42986E-10 9.74684E-11
 4.34764E-12 1.74604E-12 1.09304E-15 1.47068E-13 8.88040E-14 8.21417E-17 8.59850E-20 1.93561E-25
 6.14012E-11 2.76763E-15 1.86693E-16 4.44658E-16 4.48015E-10 6.50253E-20 5.69814E-25 9.25454E-27
 6.62061E-20 1.06303E-17 1.31057E-19 2.28403E-26 7.80915E-09 2.60449E-10 1.32776E-05 1.15555E-11
 4.74214E-10 5.34480E-09 5.21828E-09 3.65779E-13 7.44990E-04 1.49855E-03 4.10466E-06 1.91048E-08
 4.76184E-10 8.61957E-11 4.08591E-12 1.55344E-12 9.42422E-16 1.19108E-13 6.63354E-14 6.66595E-17
 5.26373E-20 1.41249E-25 5.89215E-11 2.45131E-15 2.10312E-16 4.23369E-16 4.50495E-10 4.43726E-20
 4.90404E-25 8.59662E-27 6.06967E-20 9.09424E-18 1.05051E-19 2.03402E-26 7.94132E-09 2.89550E-10
 1.58714E-05 1.31258E-11 5.01214E-10 5.31396E-09 4.66701E-09 4.70978E-13 7.44840E-04 1.49615E-03
 4.11913E-06 1.91190E-08 5.10727E-10 7.64301E-11 3.86211E-12 1.40147E-12 8.19609E-16 9.80620E-14
 5.08704E-14 5.40860E-17 3.26051E-20 1.00779E-25 5.65460E-11 2.17708E-15 2.37199E-16 3.98978E-16
 4.52871E-10 3.03388E-20 4.41517E-25 8.24513E-27 5.55250E-20 7.86850E-18 8.55571E-20 1.86257E-26
 8.12733E-09 3.17009E-10 1.90375E-05 1.49901E-11 5.38221E-10 5.44363E-09 4.10879E-09 6.12571E-13
 7.44679E-04 1.49374E-03 4.13559E-06 1.93099E-08 5.46059E-10 6.79384E-11 3.66991E-12 1.28220E-12
 7.19710E-16 8.21841E-14 4.01261E-14 4.38626E-17 2.04425E-20 7.07842E-26 5.42637E-11 1.94821E-15
 2.68245E-16 3.73233E-16 4.55153E-10 2.08657E-20 4.16823E-25 8.18082E-27 5.05827E-20 6.87763E-18
 7.10045E-20 1.75010E-26 8.36249E-09 3.42580E-10 2.24795E-05 1.71971E-11 5.85460E-10 5.71951E-09
 3.57220E-09 8.02631E-13 7.44507E-04 1.49133E-03 4.15320E-06 1.96541E-08 5.82164E-10 6.05155E-11
 3.50518E-12 1.18778E-12 6.38069E-16 7.00392E-14 3.24484E-14 3.56125E-17 1.29824E-20 4.94450E-26
 5.20619E-11 1.76109E-15 3.04308E-16 3.48156E-16 4.57355E-10 1.44932E-20 4.09560E-25 8.34997E-27
 4.59461E-20 6.06564E-18 6.03494E-20 1.67908E-26 8.63626E-09 3.66848E-10 2.58660E-05 1.97965E-11
 6.42099E-10 6.11899E-09 3.08224E-09 1.05573E-12 7.44324E-04 1.48890E-03 4.17128E-06 2.01051E-08
 6.18990E-10 5.39949E-11 3.36495E-12 1.11149E-12 5.71150E-16 6.05826E-14 2.67521E-14 2.90213E-17
 8.35977E-21 3.47697E-26 4.99300E-11 1.61110E-15 3.46486E-16 3.25570E-16 4.59487E-10 1.02106E-20
 4.14020E-25 8.69190E-27 4.17298E-20 5.39196E-18 5.30079E-20 1.63620E-26 8.94251E-09 3.89932E-10
 2.91855E-05 2.28705E-11 7.08736E-10 6.64240E-09 2.64562E-09 1.39286E-12 7.44130E-04 1.48645E-03
 4.18917E-06 2.06382E-08 6.56199E-10 4.82657E-11 3.24607E-12 1.04950E-12 5.16518E-16 5.31589E-14
 2.24336E-14 2.37721E-17 5.46293E-21 2.48274E-26 4.78685E-11 1.49567E-15 3.96388E-16 3.06390E-16
 4.61549E-10 7.32218E-21 4.28224E-25 9.19700E-27 3.79362E-20 4.82938E-18 4.87626E-20 1.61568E-26
 9.28961E-09 4.12020E-10 3.24240E-05 2.65052E-11 7.86747E-10 7.29857E-09 2.26045E-09 1.84406E-12
 7.43927E-04 1.48400E-03 4.20652E-06 2.12642E-08 6.94852E-10 4.32327E-11 3.14516E-12 9.99437E-13
 4.71106E-16 4.72410E-14 1.90940E-14 1.95800E-17 3.61951E-21 1.80155E-26 4.58785E-11 1.40819E-15
 4.55018E-16 2.90450E-16 4.63539E-10 5.34238E-21 4.52019E-25 9.87678E-27 3.45288E-20 4.35729E-18
 4.80149E-20 1.61402E-26 9.69153E-09 4.33405E-10 3.55731E-05 3.07952E-11 8.77957E-10 8.09993E-09
 1.92283E-09 2.45194E-12 7.43714E-04 1.48154E-03 4.22305E-06 2.20064E-08 7.36717E-10 3.88029E-11
 3.05897E-12 9.59495E-13 4.32297E-16 4.24275E-14 1.64593E-14 1.62153E-17 2.42719E-21 1.32774E-26
 4.39570E-11 1.34319E-15 5.23023E-16 2.77507E-16 4.65460E-10 3.96055E-21 4.85893E-25 1.07503E-26
 3.14628E-20 3.95881E-18 5.21274E-20 1.62876E-26 1.01490E-08 4.54612E-10 3.86232E-05 3.58711E-11
 9.83517E-10 9.05504E-09 1.63145E-09 3.27311E-12 7.43492E-04 1.47908E-03 4.23816E-06 2.28526E-08
 7.82311E-10 3.48952E-11 2.98532E-12 9.27594E-13 3.99047E-16 3.84700E-14 1.43355E-14 1.35158E-17
 1.64713E-21 1.00149E-26 4.21009E-11 1.30113E-15 6.02188E-16 2.68215E-16 4.67316E-10 2.99140E-21
 5.29581E-25 1.18237E-26 2.87239E-20 3.62051E-18 6.29391E-20 1.65754E-26 1.06512E-08 4.76422E-10
 4.15569E-05 4.19091E-11 1.10375E-09 1.01651E-08 1.38474E-09 4.38187E-12 7.43262E-04 1.47662E-03
 4.25089E-06 2.37583E-08 8.31095E-10 3.14472E-11 2.92293E-12 9.01678E-13 3.71053E-16 3.52105E-14
 1.25838E-14 1.13595E-17 1.13249E-21 7.81989E-27 4.03114E-11 1.28510E-15 6.95688E-16 2.63561E-16
 4.69106E-10 2.31272E-21 5.81911E-25 1.30903E-26 2.63115E-20 3.33225E-18 8.32120E-20 1.69814E-26
 1.11897E-08 4.99700E-10 4.43542E-05 4.91244E-11 1.23900E-09 1.14281E-08 1.17839E-09 5.87948E-12
 7.43026E-04 1.47417E-03 4.26020E-06 2.46828E-08 8.82864E-10 2.84060E-11 2.87062E-12 8.80200E-13
 3.47764E-16 3.25161E-14 1.11064E-14 9.64051E-18 7.89434E-22 6.36666E-27 3.85904E-11 1.29707E-15
 8.07193E-16 2.64173E-16 4.70827E-10 1.83506E-21 6.41543E-25 1.45420E-26 2.42080E-20 3.08594E-18
 1.16273E-19 1.74877E-26 1.17622E-08 5.25338E-10 4.69956E-05 5.77725E-11 1.38995E-09 1.28397E-08
 1.00665E-09 7.90656E-12 7.42784E-04 1.47175E-03 4.26511E-06 2.55981E-08 9.38135E-10 2.57235E-11
 2.82717E-12 8.62076E-13 3.28382E-16 3.02688E-14 9.83489E-15 8.26810E-18 5.57768E-22 5.41596E-27
 3.69390E-11 1.33801E-15 9.40497E-16 2.70402E-16 4.72478E-10 1.49446E-21 7.07073E-25 1.61721E-26
 2.23811E-20 2.87474E-18 1.65810E-19 1.80795E-26 1.23591E-08 5.54364E-10 4.94618E-05 6.81865E-11
 1.55671E-09 1.43873E-08 8.64638E-10 1.06524E-11 7.42538E-04 1.46936E-03 4.26464E-06 2.64548E-08
 9.96682E-10 2.33578E-11 2.79174E-12 8.46214E-13 3.12519E-16 2.83910E-14 8.72045E-15 7.17434E-18
 3.99618E-22 4.82285E-27 3.53587E-11 1.41069E-15 1.10111E-15 2.82866E-16 4.74058E-10 1.24924E-21
 7.75913E-25 1.79564E-26 2.08014E-20 2.69281E-18 2.31816E-19 1.87373E-26 1.29548E-08 5.87932E-10
 5.17423E-05 8.08428E-11 1.73803E-09 1.60511E-08 7.48670E-10 1.43625E-11 7.42290E-04 1.46700E-03
 4.25788E-06 2.71616E-08 1.05610E-09 2.12639E-11 2.76375E-12 8.31344E-13 3.00441E-16 2.68468E-14
 7.72917E-15 6.31276E-18 2.90972E-22 4.51277E-27 3.38444E-11 1.52147E-15 1.29889E-15 3.02708E-16
 4.75572E-10 1.07305E-21 8.43738E-25 1.98393E-26 1.94389E-20 2.53436E-18 3.01791E-19 1.94273E-26
 1.35274E-08 6.27363E-10 5.38271E-05 9.63549E-11 1.93252E-09 1.78052E-08 6.54703E-10 1.93680E-11
 7.42038E-04 1.46468E-03 4.24438E-06 2.76346E-08 1.11411E-09 1.94023E-11 2.74265E-12 8.16513E-13
 2.92176E-16 2.55962E-14 6.83644E-15 5.64398E-18 2.15697E-22 4.43199E-27 3.23908E-11 1.67649E-15
 1.54659E-15 3.31028E-16 4.77025E-10 9.45907E-22 9.05749E-25 2.17536E-26 1.82592E-20 2.39454E-18
 3.51479E-19 2.01125E-26 1.40725E-08 6.74230E-10 5.56994E-05 1.15452E-10 2.13959E-09 1.96165E-08
 5.78428E-10 2.61329E-11 7.41785E-04 1.46239E-03 4.22448E-06 2.78325E-08 1.17028E-09 1.77448E-11
 2.72784E-12 8.01213E-13 2.87204E-16 2.45764E-14 6.02381E-15 5.13082E-18 1.62747E-22 4.53448E-27
 3.09968E-11 1.87970E-15 1.85789E-15 3.68680E-16 4.78419E-10 8.51782E-22 9.57858E-25 2.36391E-26
 1.72305E-20 2.27006E-18 3.81178E-19 2.07665E-26 1.45935E-08 7.30486E-10 5.73396E-05 1.39033E-10
 2.35852E-09 2.14398E-08 5.16338E-10 3.52972E-11 7.41532E-04 1.46015E-03 4.19931E-06 2.77328E-08
 1.22460E-09 1.62687E-11 2.71888E-12 7.85009E-13 2.85009E-16 2.37219E-14 5.27782E-15 4.74338E-18
 1.24844E-22 4.79231E-27 2.96631E-11 2.13465E-15 2.24929E-15 4.16659E-16 4.79752E-10 7.79394E-22
 9.96382E-25 2.54330E-26 1.63293E-20 2.15862E-18 3.93156E-19 2.13686E-26 1.50951E-08 7.98653E-10
 5.87291E-05 1.68225E-10 2.58771E-09 2.32142E-08 4.65812E-10 4.77330E-11 7.41281E-04 1.45797E-03
 4.17065E-06 2.73187E-08 1.27677E-09 1.49537E-11 2.71552E-12 7.67381E-13 2.85217E-16 2.29712E-14
 4.58868E-15 4.45862E-18 9.72078E-23 5.19076E-27 2.83902E-11 2.44433E-15 2.74176E-15 4.76152E-16
 4.81024E-10 7.20950E-22 1.01785E-24 2.70625E-26 1.55398E-20 2.05851E-18 3.89050E-19 2.18997E-26
 1.55883E-08 8.82037E-10 5.98490E-05 2.04397E-10 2.82485E-09 2.48600E-08 4.24731E-10 6.46359E-11
 7.41033E-04 1.45584E-03 4.14086E-06 2.65928E-08 1.32700E-09 1.37818E-11 2.71766E-12 7.47803E-13
 2.87395E-16 2.22601E-14 3.94969E-15 4.25601E-18 7.66038E-23 5.71399E-27 2.71783E-11 2.80832E-15
 3.35990E-15 5.48248E-16 4.82234E-10 6.70436E-22 1.01956E-24 2.84522E-26 1.48518E-20 1.96854E-18
 3.70947E-19 2.23473E-26 1.60942E-08 9.84964E-10 6.06817E-05 2.49163E-10 3.06720E-09 2.62837E-08
 3.91297E-10 8.76563E-11 7.40790E-04 1.45378E-03 4.11260E-06 2.55859E-08 1.37657E-09 1.27349E-11
 2.72520E-12 7.25803E-13 2.90945E-16 2.15198E-14 3.35720E-15 4.11442E-18 6.07974E-23 6.33364E-27
 2.60252E-11 3.21987E-15 4.12994E-15 6.33623E-16 4.83386E-10 6.22905E-22 1.00016E-24 2.95315E-26
 1.42571E-20 1.88775E-18 3.54741E-19 2.27058E-26 1.66410E-08 1.11316E-09 6.12073E-05 3.04398E-10
 3.31116E-09 2.73810E-08 3.64065E-10 1.19056E-10 7.40552E-04 1.45178E-03 4.08872E-06 2.43467E-08
 1.42761E-09 1.17961E-11 2.73812E-12 7.00926E-13 2.95174E-16 2.06846E-14 2.81036E-15 4.01172E-18
 4.82799E-23 7.00251E-27 2.49275E-11 3.66344E-15 5.07832E-15 7.32217E-16 4.84483E-10 5.74501E-22
 9.59540E-25 3.02331E-26 1.37495E-20 1.81520E-18 3.52484E-19 2.29734E-26 1.72534E-08 1.27426E-09
 6.13997E-05 3.72284E-10 3.55122E-09 2.80417E-08 3.42039E-10 1.61869E-10 7.40321E-04 1.44985E-03
 4.07193E-06 2.29212E-08 1.48188E-09 1.09524E-11 2.75652E-12 6.72686E-13 2.99503E-16 1.97052E-14
 2.31072E-15 3.92685E-18 3.80981E-23 7.65528E-27 2.38840E-11 4.11349E-15 6.23282E-15 8.42916E-16
 4.85524E-10 5.22784E-22 8.98679E-25 3.04897E-26 1.33253E-20 1.75004E-18 3.67482E-19 2.31472E-26
 1.79481E-08 1.47851E-09 6.12279E-05 4.55343E-10 3.77971E-09 2.81650E-08 3.24555E-10 2.20087E-10
 7.40099E-04 1.44799E-03 4.06466E-06 2.13472E-08 1.54034E-09 1.01938E-11 2.78054E-12 6.40629E-13
 3.03501E-16 1.85537E-14 1.86124E-15 3.84064E-18 2.96769E-23 8.20949E-27 2.28957E-11 4.53430E-15
 7.62342E-15 9.63075E-16 4.86511E-10 4.66725E-22 8.19794E-25 3.02404E-26 1.29808E-20 1.69132E-18
 3.77984E-19 2.32199E-26 1.87345E-08 1.73957E-09 6.06567E-05 5.56384E-10 3.98746E-09 2.76793E-08
 3.11114E-10 2.98910E-10 7.39889E-04 1.44622E-03 4.06881E-06 1.96601E-08 1.60344E-09 9.51203E-12
 2.81019E-12 6.04468E-13 3.06773E-16 1.72232E-14 1.46507E-15 3.73561E-18 2.26751E-23 8.56761E-27
 2.19649E-11 4.88094E-15 9.28007E-15 1.08788E-15 4.87439E-10 4.06525E-22 7.26717E-25 2.94498E-26
 1.27124E-20 1.63819E-18 3.80300E-19 2.31839E-26 1.96063E-08 2.07575E-09 5.96489E-05 6.78463E-10
 4.16371E-09 2.65582E-08 3.01410E-10 4.04939E-10 7.39692E-04 1.44456E-03 4.08567E-06 1.78873E-08
 1.67018E-09 8.90084E-12 2.84532E-12 5.64128E-13 3.09053E-16 1.57309E-14 1.12453E-15 3.59874E-18
 1.69053E-23 8.63609E-27 2.10953E-11 5.10509E-15 1.12357E-14 1.21006E-15 4.88307E-10 3.43678E-22
 6.24615E-25 2.81165E-26 1.25164E-20 1.58999E-18 3.75075E-19 2.30308E-26 2.05310E-08 2.51167E-09
 5.81648E-05 8.24791E-10 4.29608E-09 2.48292E-08 2.95364E-10 5.46289E-10 7.39514E-04 1.44301E-03
 4.11604E-06 1.60457E-08 1.73693E-09 8.35421E-12 2.88553E-12 5.19761E-13 3.10271E-16 1.41145E-14
 8.40001E-16 3.42346E-18 1.22532E-23 8.35129E-27 2.02900E-11 5.16400E-15 1.35330E-14 1.32001E-15
 4.89109E-10 2.80705E-22 5.19268E-25 2.62719E-26 1.23891E-20 1.54610E-18 3.62885E-19 2.27484E-26
 2.14490E-08 3.08062E-09 5.61638E-05 9.98382E-10 4.37201E-09 2.25765E-08 2.93034E-10 7.32755E-10
 7.39356E-04 1.44161E-03 4.16059E-06 1.41541E-08 1.79790E-09 7.86684E-12 2.93017E-12 4.71838E-13
 3.10379E-16 1.24246E-14 6.09556E-16 3.20837E-18 8.61259E-24 7.69631E-27 1.95524E-11 5.02902E-15
 1.62242E-14 1.40622E-15 4.89844E-10 2.20535E-22 4.16575E-25 2.39873E-26 1.23263E-20 1.50597E-18
 3.44226E-19 2.23269E-26 2.22576E-08 3.82859E-09 5.36008E-05 1.20165E-09 4.37845E-09 1.99251E-08
 2.94787E-10 9.75733E-10 7.39221E-04 1.44035E-03 4.22066E-06 1.22280E-08 1.84370E-09 7.43311E-12
 2.97833E-12 4.21052E-13 3.09465E-16 1.07175E-14 4.28868E-16 2.95782E-18 5.86334E-24 6.71951E-27
 1.88841E-11 4.69492E-15 1.93838E-14 1.45672E-15 4.90510E-10 1.65994E-22 3.21509E-25 2.13564E-26
 1.23254E-20 1.46909E-18 3.19451E-19 2.17555E-26 2.27784E-08 4.82167E-09 5.04197E-05 1.43604E-09
 4.30023E-09 1.70173E-08 3.01693E-10 1.28767E-09 7.39112E-04 1.43925E-03 4.29968E-06 1.02701E-08
 1.85827E-09 7.04702E-12 3.02912E-12 3.68143E-13 3.08019E-16 9.04855E-15 2.91662E-16 2.68250E-18
 3.86851E-24 5.53566E-27 1.82849E-11 4.18495E-15 2.31477E-14 1.46125E-15 4.91106E-10 1.19292E-22
 2.37386E-25 1.84719E-26 1.23862E-20 1.43496E-18 2.88678E-19 2.10175E-26 2.27201E-08 6.15824E-09
 4.65729E-05 1.70168E-09 4.12009E-09 1.40098E-08 3.16099E-10 1.68120E-09 7.39031E-04 1.43833E-03
 4.40504E-06 8.27931E-09 1.81597E-09 6.70476E-12 3.08165E-12 3.13834E-13 3.07258E-16 7.47075E-15
 1.90851E-16 2.39961E-18 2.48401E-24 4.30402E-27 1.77565E-11 3.55216E-15 2.77992E-14 1.41438E-15
 4.91630E-10 8.17141E-23 1.66201E-25 1.54280E-26 1.25110E-20 1.40332E-18 2.51908E-19 2.00887E-26
 2.16769E-08 7.98740E-09 4.20443E-05 1.99605E-09 3.82310E-09 1.10820E-08 3.42571E-10 2.16728E-09
 7.38980E-04 1.43760E-03 4.55163E-06 6.28438E-09 1.68231E-09 6.40482E-12 3.13495E-12 2.59028E-13
 3.09307E-16 6.02828E-15 1.19502E-16 2.12971E-18 1.56637E-24 3.18636E-27 1.73025E-11 2.87418E-15
 3.39298E-14 1.31906E-15 4.92079E-10 5.34735E-23 1.09112E-25 1.23400E-26 1.27012E-20 1.37427E-18
 2.09158E-19 1.89444E-26 1.93302E-08 1.05330E-08 3.68570E-05 2.30562E-09 3.41567E-09 8.43444E-09
 3.88329E-10 2.75400E-09 7.38957E-04 1.43705E-03 4.76741E-06 4.41050E-09 1.43757E-09 6.14640E-12
 3.18706E-12 2.05617E-13 3.15491E-16 4.74201E-15 7.14579E-17 1.88246E-18 9.78469E-25 2.28465E-27
 1.69249E-11 2.23289E-15 4.24946E-14 1.18767E-15 4.92449E-10 3.36620E-23 6.67496E-26 9.39545E-27
 1.29709E-20 1.34813E-18 1.60373E-19 1.76174E-26 1.58156E-08 1.41382E-08 3.10922E-05 2.59017E-09
 2.94266E-09 6.24447E-09 4.63565E-10 3.44587E-09 7.38958E-04 1.43667E-03 5.09717E-06 2.85783E-09
 1.11035E-09 5.92936E-12 3.23469E-12 1.56872E-13 3.23388E-16 3.61250E-15 4.12161E-17 1.64848E-18
 6.05995E-25 1.61709E-27 1.66233E-11 1.68817E-15 5.45455E-14 1.03864E-15 4.92739E-10 2.06036E-23
 3.84530E-26 6.83274E-27 1.33996E-20 1.32544E-18 1.05503E-19 1.62694E-26 1.19259E-08 1.94670E-08
 2.48578E-05 2.77562E-09 2.46919E-09 4.55804E-09 5.82451E-10 4.25992E-09 7.38975E-04 1.43644E-03
 5.60005E-06 1.76047E-09 7.82589E-10 5.75272E-12 3.27495E-12 1.15694E-13 3.23606E-16 2.62431E-15
 2.33298E-17 1.39771E-18 3.63148E-25 1.11684E-27 1.63926E-11 1.24377E-15 7.00408E-14 8.81921E-16
 4.92955E-10 1.21990E-23 2.13947E-26 4.79650E-27 1.42238E-20 1.30667E-18 5.16200E-20 1.51613E-26
 8.61792E-09 2.82714E-08 1.82160E-05 2.77981E-09 2.02153E-09 3.25318E-09 7.70184E-10 5.29116E-09
 7.38998E-04 1.43630E-03 6.33903E-06 1.08050E-09 5.31855E-10 5.61398E-12 3.30837E-12 8.15638E-14
 3.01355E-16 1.75988E-15 1.27521E-17 1.09674E-18 1.95884E-25 6.82340E-28 1.62228E-11 8.49293E-16
 8.55159E-14 7.04302E-16 4.93110E-10 6.55059E-24 1.15800E-26 3.23338E-27 1.59394E-20 1.29171E-18
 2.71306E-20 1.44636E-26 6.00960E-09 4.54976E-08 1.12266E-05 2.51373E-09 1.54669E-09 2.20659E-09
 1.11971E-09 6.63382E-09 7.39022E-04 1.43623E-03 7.35712E-06 6.55980E-10 3.47719E-10 5.51101E-12
 3.33782E-12 5.15925E-14 2.51793E-16 1.04959E-15 6.25181E-18 7.80811E-19 8.89878E-26 3.40451E-28
 1.61043E-11 5.04789E-16 9.59420E-14 5.09012E-16 4.93218E-10 2.93288E-24 5.86903E-27 1.96871E-27
 1.96008E-20 1.27921E-18 1.56952E-20 1.40050E-26 4.17957E-09 7.74879E-08 6.72169E-06 2.22452E-09
 1.19492E-09 1.50116E-09 1.70733E-09 9.02746E-09 7.39041E-04 1.43619E-03 8.64952E-06 3.91608E-10
 2.17173E-10 5.44276E-12 3.35857E-12 3.04433E-14 2.03749E-16 5.81218E-16 2.86127E-18 5.52701E-19
 3.65774E-26 1.89362E-28 1.60292E-11 3.10609E-16 1.06605E-13 3.91135E-16 4.93283E-10 1.24219E-24
 3.00686E-27 1.24932E-27 2.45581E-20 1.26905E-18 1.02481E-20 1.37979E-26 3.16134E-09 1.96982E-07
 4.60616E-06 1.96401E-09 8.87280E-10 1.08707E-09 3.64584E-09 1.77185E-08 7.39053E-04 1.43618E-03
 1.01980E-05 2.22119E-10 1.16222E-10 5.40866E-12 3.37646E-12 1.23582E-14 1.63622E-16 3.25789E-16
 1.02386E-18 3.83646E-19 1.27622E-26 1.02112E-28 1.59928E-11 1.91860E-16 1.19157E-13 2.95719E-16
 4.93307E-10 4.17307E-25 1.59343E-27 6.97548E-28 3.07516E-20 1.26055E-18 7.94748E-21 1.29608E-26
 2.90261E+02 2.87568E+02 2.84807E+02 2.81942E+02 2.78972E+02 2.75894E+02 2.72784E+02 2.69664E+02
 2.66416E+02 2.62942E+02 2.59214E+02 2.55208E+02 2.50907E+02 2.46310E+02 2.41432E+02 2.36307E+02
 2.31406E+02 2.27800E+02 2.25675E+02 2.24223E+02 2.23038E+02 2.22084E+02 2.21322E+02 2.20688E+02
 2.20120E+02 2.19585E+02 2.19040E+02 2.18434E+02 2.17789E+02 2.17123E+02 2.16369E+02 2.15537E+02
 2.14679E+02 2.13785E+02 2.12849E+02 2.11882E+02 2.10901E+02 2.09917E+02 2.08932E+02 2.07935E+02
 2.06918E+02 2.05871E+02 2.04791E+02 2.03676E+02 2.02531E+02 2.01365E+02 2.00191E+02 1.99024E+02
 1.97878E+02 1.96768E+02 1.95710E+02 1.94731E+02 1.93859E+02 1.93094E+02 1.92422E+02 1.91866E+02
 1.91457E+02 1.91202E+02 1.91085E+02 1.91110E+02 1.91271E+02 1.91552E+02 1.91937E+02 1.92404E+02
 1.92924E+02 1.93457E+02 1.93953E+02 1.94379E+02 1.94770E+02 1.95182E+02 1.95605E+02 1.95993E+02
 1.96321E+02 1.96598E+02 1.96808E+02 1.96888E+02 1.96796E+02 1.96553E+02 1.96193E+02 1.95744E+02
 1.95242E+02 1.94743E+02 1.94308E+02 1.93981E+02 1.93784E+02 1.93728E+02 1.93802E+02 1.93967E+02
 1.94164E+02 1.94306E+02 1.94247E+02 1.93733E+02 1.92360E+02 1.89684E+02 1.85478E+02 1.80126E+02
 1.74773E+02 1.69578E+02 1.64539E+02 1.59649E+02 1.00000E+05 1.00000E+05 1.00000E+05 1.00000E+05
 1.00000E+05 1.00000E+05 1.00000E+05 1.00000E+05 1.00000E+05 1.00000E+05 1.00000E+05 1.00000E+05
 1.00000E+05 1.00000E+05 1.00000E+05 1.00000E+05 1.00000E+05 9.96137E+04 9.44624E+04 8.89467E+04
 6.92150E+04 4.94833E+04 3.64291E+04 2.35462E+04 1.76527E+04 1.23259E+04 9.59073E+03 7.22585E+03
 6.14918E+03 5.34577E+03 4.83421E+03 4.40738E+03 4.16976E+03 4.00390E+03 3.93354E+03 3.90915E+03
 3.93018E+03 3.97848E+03 4.09549E+03 4.26329E+03 4.47130E+03 4.71570E+03 4.98187E+03 5.27211E+03
 5.59407E+03 5.95895E+03 6.34230E+03 6.75645E+03 7.18629E+03 7.64873E+03 8.11841E+03 8.60720E+03
 9.10059E+03 9.60985E+03 1.01367E+04 1.07465E+04 1.13538E+04 1.19440E+04 1.25317E+04 1.30878E+04
 1.36483E+04 1.43800E+04 1.51117E+04 1.58720E+04 1.66329E+04 1.73623E+04 1.80891E+04 1.89483E+04
 1.98263E+04 2.07849E+04 2.17605E+04 2.29138E+04 2.41187E+04 2.55145E+04 2.69828E+04 2.84478E+04
 2.99112E+04 3.15210E+04 3.32185E+04 3.50648E+04 3.70209E+04 3.89744E+04 4.09256E+04 4.29880E+04
 4.51734E+04 4.75661E+04 5.02393E+04 5.30972E+04 5.62630E+04 5.93591E+04 6.23104E+04 6.53770E+04
 6.87477E+04 7.22973E+04 7.64632E+04 8.05838E+04 8.44911E+04 8.84563E+04 9.28271E+04 9.72370E+04
 2.44247E+19 2.30034E+19 2.16578E+19 2.03865E+19 1.91852E+19 1.80500E+19 1.69725E+19 1.59489E+19
 1.49833E+19 1.40772E+19 1.32276E+19 1.24312E+19 1.16847E+19 1.09841E+19 1.03251E+19 9.70331E+18
 9.09822E+18 8.47294E+18 7.83232E+18 7.21413E+18 6.63368E+18 6.09126E+18 5.58661E+18 5.11950E+18
 4.68898E+18 4.29316E+18 3.93014E+18 3.59803E+18 3.29383E+18 3.01487E+18 2.75990E+18 2.52664E+18
 2.31260E+18 2.11633E+18 1.93639E+18 1.77133E+18 1.61981E+18 1.48069E+18 1.35298E+18 1.23583E+18
 1.12847E+18 1.03014E+18 9.40096E+17 8.57662E+17 7.82190E+17 7.13070E+17 6.49745E+17 5.91712E+17
 5.38523E+17 4.89770E+17 4.45086E+17 4.04122E+17 3.66565E+17 3.32185E+17 3.00779E+17 2.72095E+17
 2.45902E+17 2.22017E+17 2.00291E+17 1.80555E+17 1.62661E+17 1.46468E+17 1.31842E+17 1.18656E+17
 1.06790E+17 9.61344E+16 8.65841E+16 7.80315E+16 7.03528E+16 6.34379E+16 5.72130E+16 5.16202E+16
 4.65979E+16 4.20829E+16 3.80234E+16 3.43817E+16 3.11165E+16 2.81810E+16 2.55342E+16 2.31424E+16
 2.09756E+16 1.90069E+16 1.72136E+16 1.55781E+16 1.40870E+16 1.27286E+16 1.14938E+16 1.03748E+16
 9.36431E+15 8.45548E+15 7.64312E+15 6.92409E+15 6.29777E+15 5.76163E+15 5.30573E+15 4.90618E+15
 4.52612E+15 4.16145E+15 3.81289E+15 3.48103E+15 2.92012E-11 3.18601E-11 3.73832E-11 4.62886E-11
 5.78435E-11 7.17272E-11 8.77359E-11 1.05694E-10 1.25415E-10 1.46681E-10 1.69235E-10 1.92778E-10
 2.16961E-10 2.41384E-10 2.65612E-10 2.89240E-10 3.11831E-10 3.33063E-10 3.53184E-10 3.72394E-10
 3.92115E-10 4.14640E-10 4.39305E-10 4.66409E-10 4.94302E-10 5.20047E-10 5.41214E-10 5.55496E-10
 5.61673E-10 5.59911E-10 5.51455E-10 5.37603E-10 5.19519E-10 4.98303E-10 4.74804E-10 4.49742E-10
 4.23639E-10 3.96923E-10 3.70067E-10 3.43574E-10 3.17777E-10 2.92898E-10 2.69060E-10 2.46322E-10
 2.24742E-10 2.04381E-10 1.85248E-10 1.67319E-10 1.50563E-10 1.34946E-10 1.20157E-10 1.06455E-10
 9.37856E-11 8.21193E-11 7.14283E-11 6.17395E-11 5.29848E-11 4.50990E-11 3.80379E-11 3.17475E-11
 2.61968E-11 2.14012E-11 1.72912E-11 1.38073E-11 1.08839E-11 8.45407E-12 6.46073E-12 4.86007E-12
 3.59406E-12 2.61150E-12 1.86187E-12 1.30376E-12 8.95774E-13 6.04506E-13 4.00333E-13 2.59651E-13
 1.64605E-13 1.02006E-13 6.17316E-14 3.64730E-14 2.10149E-14 1.17720E-14 6.38967E-15 3.35378E-15
 1.69862E-15 8.29246E-16 3.90124E-16 1.76553E-16 7.68881E-17 3.20489E-17 1.27025E-17 4.77614E-18
 1.70591E-18 5.78957E-19 1.88254E-19 5.85592E-20 1.72565E-20 4.76523E-21 1.23517E-21 3.06630E-22
 6.55407E+01 5.79147E+01 5.64269E+01 5.92942E+01 6.32138E+01 7.09068E+01 7.78003E+01 8.34492E+01
 8.92323E+01 9.44263E+01 9.86887E+01 1.02490E+02 1.05847E+02 1.08151E+02 1.09383E+02 1.09764E+02
 1.08336E+02 1.06297E+02 1.03138E+02 9.87706E+01 9.44113E+01 8.99154E+01 8.63719E+01 8.35721E+01
 8.09625E+01 7.79675E+01 7.42970E+01 6.98433E+01 6.46731E+01 5.90221E+01 5.32281E+01 4.75157E+01
 4.20400E+01 3.69245E+01 3.22097E+01 2.79211E+01 2.40583E+01 2.06095E+01 1.75718E+01 1.49112E+01
 1.26000E+01 1.06055E+01 8.89431E+00 7.43617E+00 6.19285E+00 5.13742E+00 4.24477E+00 3.49537E+00
 2.86555E+00 2.33764E+00 1.89261E+00 1.52338E+00 1.21851E+00 9.67526E-01 7.62441E-01 5.96434E-01
 4.62696E-01 3.55606E-01 2.70590E-01 2.03582E-01 1.51323E-01 1.11294E-01 8.09159E-02 5.81180E-02
 4.11856E-02 2.87124E-02 1.96635E-02 1.32538E-02 8.77743E-03 5.70406E-03 3.63793E-03 2.27990E-03
 1.40295E-03 8.48485E-04 5.04021E-04 2.93857E-04 1.67943E-04 9.40486E-05 5.15189E-05 2.75832E-05
 1.44060E-05 7.31131E-06 3.58964E-06 1.69992E-06 7.74552E-07 3.39139E-07 1.42700E-07 5.76422E-08
 2.24151E-08 8.35150E-09 2.96593E-09 1.00511E-09 3.27280E-10 1.03047E-10 3.18825E-11 9.69348E-12
 2.81335E-12 7.62512E-13 1.97676E-13 5.35774E-14 1.00000E-12 1.00000E-12 1.00000E-12 1.00000E-12
 1.00000E-12 1.00000E-12 1.00000E-12 1.00000E-12 1.00000E-12 1.00000E-12 1.00000E-12 1.00000E-12
 1.00000E-12 1.00000E-12 1.00000E-12 1.00000E-12 1.00000E-12 1.00000E-12 1.00000E-12 1.00000E-12
 1.00000E-12 1.00000E-12 1.00000E-12 1.00000E-12 1.00000E-12 1.00000E-12 1.00000E-12 1.00000E-12
 1.00000E-12 1.00000E-12 1.00000E-12 1.00000E-12 1.00000E-12 1.00000E-12 1.00000E-12 1.00000E-12
 1.00000E-12 1.00000E-12 1.00000E-12 1.00000E-12 1.00000E-12 1.00000E-12 1.00000E-12 1.00000E-12
 1.00000E-12 1.00000E-12 1.00000E-12 1.00000E-12 1.00000E-12 1.00000E-12 1.00000E-12 1.00000E-12
 1.00000E-12 1.00000E-12 1.00000E-12 1.00000E-12 1.00000E-12 1.00000E-12 1.00000E-12 1.00000E-12
 1.00000E-12 1.00000E-12 1.00000E-12 1.00000E-12 1.00000E-12 1.00000E-12 1.00000E-12 1.00000E-12
 1.00000E-12 1.00000E-12 1.00000E-12 1.00000E-12 1.00000E-12 1.00000E-12 1.00000E-12 1.00000E-12
 1.00000E-12 1.00000E-12 1.00000E-12 1.00000E-12 1.00000E-12 1.00000E-12 1.00000E-12 1.00000E-12
 1.00000E-12 1.00000E-12 1.00000E-12 1.00000E-12 1.00000E-12 1.00000E-12 1.00000E-12 1.00000E-12
 1.00000E-12 1.00000E-12 1.00000E-12 1.00000E-12 1.00000E-12 1.00000E-12 1.00000E-12 1.00000E-12
 1.00000E-12 1.00000E-12 1.00000E-12 1.00000E-12 1.00000E-12 1.00000E-12 1.00000E-12 1.00000E-12
 1.00000E-12 1.00000E-12 1.00000E-12 1.00000E-12 1.00000E-12 1.00000E-12 1.00000E-12 1.00000E-12
 1.00000E-12 1.00000E-12 1.00000E-12 1.00000E-12 1.00000E-12 1.00000E-12 1.00000E-12 1.00000E-12
 1.00000E-12 1.00000E-12 1.00000E-12 1.00000E-12 1.00000E-12 1.00000E-12 1.00000E-12 1.00000E-12
 1.00000E-12 1.00000E-12 1.00000E-12 1.00000E-12 1.00000E-12 1.00000E-12 1.00000E-12 1.00000E-12
 1.00000E-12 1.00000E-12 1.00000E-12 1.00000E-12 1.00000E-12 1.00000E-12 1.00000E-12 1.00000E-12
 1.00000E-12 1.00000E-12 1.00000E-12 1.00000E-12 1.00000E-12 1.00000E-12 1.00000E-12 1.00000E-12
 1.00000E-12 1.00000E-12 1.00000E-12 1.00000E-12 1.00000E-12 1.00000E-12 1.00000E-12 1.00000E-12
 1.00000E-12 1.00000E-12 1.00000E-12 1.00000E-12 1.00000E-12 1.00000E-12 1.00000E-12 1.00000E-12
 1.00000E-12 1.00000E-12 1.00000E-12 1.00000E-12 1.00000E-12 1.00000E-12 1.00000E-12 1.00000E-12
 1.00000E-12 1.00000E-12 1.00000E-12 1.00000E-12 1.00000E-12 1.00000E-12 1.00000E-12 1.00000E-12
 1.00000E-12 1.00000E-12 1.00000E-12 1.00000E-12 1.00000E-12 1.00000E-12 1.00000E-12 1.00000E-12
 1.00000E-12 1.00000E-12 1.00000E-12 1.00000E-12 2.72320E-04 2.90283E-04 3.09408E-04 3.29606E-04
 3.51929E-04 3.71665E-04 3.94093E-04 4.19544E-04 4.46261E-04 4.75278E-04 5.07229E-04 5.41670E-04
 5.78798E-04 6.19901E-04 6.65514E-04 7.15856E-04 7.73060E-04 8.33735E-04 8.99404E-04 9.72860E-04
 1.05353E-03 1.14495E-03 1.24277E-03 1.34790E-03 1.46185E-03 1.58620E-03 1.72253E-03 1.87223E-03
 2.03679E-03 2.21784E-03 2.41695E-03 2.63613E-03 2.87740E-03 3.14284E-03 3.43547E-03 3.75831E-03
 4.11469E-03 4.50823E-03 4.94190E-03 5.42126E-03 5.95143E-03 6.53820E-03 7.18768E-03 7.90554E-03
 8.70168E-03 9.58538E-03 1.05670E-02 1.16548E-02 1.28637E-02 1.42086E-02 1.57054E-02 1.73698E-02
 1.92186E-02 2.12760E-02 2.35642E-02 2.61086E-02 2.89369E-02 3.20785E-02 3.55646E-02 3.94307E-02
 4.37148E-02 4.84587E-02 5.37094E-02 5.95194E-02 6.59526E-02 7.31067E-02 8.10710E-02 8.99064E-02
 9.97172E-02 1.10630E-01 1.22709E-01 1.36079E-01 1.50871E-01 1.67238E-01 1.85333E-01 2.05279E-01
 2.27221E-01 2.51389E-01 2.78058E-01 3.07532E-01 3.40185E-01 3.76432E-01 4.16786E-01 4.61831E-01
 5.12170E-01 5.68459E-01 6.31384E-01 7.01630E-01 7.79496E-01 8.65742E-01 9.61099E-01 1.06583E+00
 1.17963E+00 1.30211E+00 1.43170E+00 1.56836E+00 1.72059E+00 1.89716E+00 2.08883E+00 2.25803E+00
 1.00000E+00 1.00000E+00 1.00000E+00 1.00000E+00 1.00000E+00 1.00000E+00 1.00000E+00 1.00000E+00
 1.00000E+00 1.00000E+00 1.00000E+00 1.00000E+00 1.00000E+00 1.00000E+00 1.00000E+00 1.00000E+00
 1.00000E+00 1.00000E+00 1.00000E+00 1.00000E+00 1.00000E+00 1.00000E+00 1.00000E+00 1.00000E+00
 1.00000E+00 1.00000E+00 1.00000E+00 1.00000E+00 1.00000E+00 1.00000E+00 1.00000E+00 1.00000E+00
 1.00000E+00 1.00000E+00 1.00000E+00 1.00000E+00 1.00000E+00 1.00000E+00 1.00000E+00 1.00000E+00
 1.00000E+00 1.00000E+00 1.00000E+00 1.00000E+00 1.00000E+00 1.00000E+00 1.00000E+00 1.00000E+00
 1.00000E+00 1.00000E+00 1.00000E+00 1.00000E+00 1.00000E+00 1.00000E+00 1.00000E+00 1.00000E+00
 1.00000E+00 1.00000E+00 1.00000E+00 1.00000E+00 1.00000E+00 1.00000E+00 1.00000E+00 1.00000E+00
 1.00000E+00 1.00000E+00 1.00000E+00 1.00000E+00 1.00000E+00 1.00000E+00 1.00000E+00 1.00000E+00
 1.00000E+00 1.00000E+00 1.00000E+00 1.00000E+00 1.00000E+00 1.00000E+00 1.00000E+00 1.00000E+00
 1.00000E+00 1.00000E+00 1.00000E+00 1.00000E+00 1.00000E+00 1.00000E+00 1.00000E+00 1.00000E+00
 1.00000E+00 1.00000E+00 1.00000E+00 1.00000E+00 1.00000E+00 1.00000E+00 1.00000E+00 1.00000E+00
 1.00000E+00 1.00000E+00 1.00000E+00 1.00000E+00 1.00000E+00 1.00000E+00 1.00000E+00 1.00000E+00
 1.00000E+00 1.00000E+00 1.00000E+00 1.00000E+00 1.00000E+00 1.00000E+00 1.00000E+00 1.00000E+00
 1.00000E+00 1.00000E+00 1.00000E+00 1.00000E+00 1.00000E+00 1.00000E+00 1.00000E+00 1.00000E+00
 1.00000E+00 1.00000E+00 1.00000E+00 1.00000E+00 1.00000E+00 1.00000E+00 1.00000E+00 1.00000E+00
 1.00000E+00 1.00000E+00 1.00000E+00 1.00000E+00 1.00000E+00 1.00000E+00 1.00000E+00 1.00000E+00
 1.00000E+00 1.00000E+00 1.00000E+00 1.00000E+00 1.00000E+00 1.00000E+00 1.00000E+00 1.00000E+00
 1.00000E+00 1.00000E+00 1.00000E+00 1.00000E+00 1.00000E+00 1.00000E+00 1.00000E+00 1.00000E+00
 1.00000E+00 1.00000E+00 1.00000E+00 1.00000E+00 1.00000E+00 1.00000E+00 1.00000E+00 1.00000E+00
 1.00000E+00 1.00000E+00 1.00000E+00 1.00000E+00 1.00000E+00 1.00000E+00 1.00000E+00 1.00000E+00
 1.00000E+00 1.00000E+00 1.00000E+00 1.00000E+00 1.00000E+00 1.00000E+00 1.00000E+00 1.00000E+00
 1.00000E+00 1.00000E+00 1.00000E+00 1.00000E+00 1.00000E+00 1.00000E+00 1.00000E+00 1.00000E+00
 1.00000E+00 1.00000E+00 1.00000E+00 1.00000E+00 1.00000E+00 1.00000E+00 1.00000E+00 1.00000E+00
 1.00000E+00 1.00000E+00 1.00000E+00 1.00000E+00 1.00000E+00 1.00000E+00 1.00000E+00 1.00000E+00
 1.00000E-05 1.00000E-05 1.00000E-05 1.00000E-05 1.00000E-05 1.00000E-05 1.00000E-05 1.00000E-05
 1.00000E-05 1.00000E-05 1.00000E-05 1.00000E-05 1.00000E-05 1.00000E-05 1.00000E-05 1.00000E-05
 1.00000E-05 1.00000E-05 1.00000E-05 1.00000E-05 1.00000E-05 1.00000E-05 1.00000E-05 1.00000E-05
 1.00000E-05 1.00000E-05 1.00000E-05 1.00000E-05 1.00000E-05 1.00000E-05 1.00000E-05 1.00000E-05
 1.00000E-05 1.00000E-05 1.00000E-05 1.00000E-05 1.00000E-05 1.00000E-05 1.00000E-05 1.00000E-05
 1.00000E-05 1.00000E-05 1.00000E-05 1.00000E-05 1.00000E-05 1.00000E-05 1.00000E-05 1.00000E-05
 1.00000E-05 1.00000E-05 1.00000E-05 1.00000E-05 1.00000E-05 1.00000E-05 1.00000E-05 1.00000E-05
 1.00000E-05 1.00000E-05 1.00000E-05 1.00000E-05 1.00000E-05 1.00000E-05 1.00000E-05 1.00000E-05
 1.00000E-05 1.00000E-05 1.00000E-05 1.00000E-05 1.00000E-05 1.00000E-05 1.00000E-05 1.00000E-05
 1.00000E-05 1.00000E-05 1.00000E-05 1.00000E-05 1.00000E-05 1.00000E-05 1.00000E-05 1.00000E-05
 1.00000E-05 1.00000E-05 1.00000E-05 1.00000E-05 1.00000E-05 1.00000E-05 1.00000E-05 1.00000E-05
 1.00000E-05 1.00000E-05 1.00000E-05 1.00000E-05 1.00000E-05 1.00000E-05 1.00000E-05 1.00000E-05
 1.00000E-05 1.00000E-05 1.00000E-05 1.00000E-05 1.00000E-09 1.00000E-09 1.00000E-09 1.00000E-09
 1.00000E-09 1.00000E-09 1.00000E-09 1.00000E-09 1.00000E-09 1.00000E-09 1.00000E-09 1.00000E-09
 1.00000E-09 1.00000E-09 1.00000E-09 1.00000E-09 1.00000E-09 1.00000E-09 1.00000E-09 1.00000E-09
 1.00000E-09 1.00000E-09 1.00000E-09 1.00000E-09 1.00000E-09 1.00000E-09 1.00000E-09 1.00000E-09
 1.00000E-09 1.00000E-09 1.00000E-09 1.00000E-09 1.00000E-09 1.00000E-09 1.00000E-09 1.00000E-09
 1.00000E-09 1.00000E-09 1.00000E-09 1.00000E-09 1.00000E-09 1.00000E-09 1.00000E-09 1.00000E-09
 1.00000E-09 1.00000E-09 1.00000E-09 1.00000E-09 1.00000E-09 1.00000E-09 1.00000E-09 1.00000E-09
 1.00000E-09 1.00000E-09 1.00000E-09 1.00000E-09 1.00000E-09 1.00000E-09 1.00000E-09 1.00000E-09
 1.00000E-09 1.00000E-09 1.00000E-09 1.00000E-09 1.00000E-09 1.00000E-09 1.00000E-09 1.00000E-09
 1.00000E-09 1.00000E-09 1.00000E-09 1.00000E-09 1.00000E-09 1.00000E-09 1.00000E-09 1.00000E-09
 1.00000E-09 1.00000E-09 1.00000E-09 1.00000E-09 1.00000E-09 1.00000E-09 1.00000E-09 1.00000E-09
 1.00000E-09 1.00000E-09 1.00000E-09 1.00000E-09 1.00000E-09 1.00000E-09 1.00000E-09 1.00000E-09
 1.00000E-09 1.00000E-09 1.00000E-09 1.00000E-09 1.00000E-09 1.00000E-09 1.00000E-09 1.00000E-09
 1.00000E-09 1.00000E-09 1.00000E-09 1.00000E-09 1.00000E-09 1.00000E-09 1.00000E-09 1.00000E-09
 1.00000E-09 1.00000E-09 1.00000E-09 1.00000E-09 1.00000E-09 1.00000E-09 1.00000E-09 1.00000E-09
 1.00000E-09 1.00000E-09 1.00000E-09 1.00000E-09 1.00000E-09 1.00000E-09 1.00000E-09 1.00000E-09
 1.00000E-09 1.00000E-09 1.00000E-09 1.00000E-09 1.00000E-09 1.00000E-09 1.00000E-09 1.00000E-09
 1.00000E-09 1.00000E-09 1.00000E-09 1.00000E-09 1.00000E-09 1.00000E-09 1.00000E-09 1.00000E-09
 1.00000E-09 1.00000E-09 1.00000E-09 1.00000E-09 1.00000E-09 1.00000E-09 1.00000E-09 1.00000E-09
 1.00000E-09 1.00000E-09 1.00000E-09 1.00000E-09 1.00000E-09 1.00000E-09 1.00000E-09 1.00000E-09
 1.00000E-09 1.00000E-09 1.00000E-09 1.00000E-09 1.00000E-09 1.00000E-09 1.00000E-09 1.00000E-09
 1.00000E-09 1.00000E-09 1.00000E-09 1.00000E-09 1.00000E-09 1.00000E-09 1.00000E-09 1.00000E-09
 1.00000E-09 1.00000E-09 1.00000E-09 1.00000E-09 1.00000E-09 1.00000E-09 1.00000E-09 1.00000E-09
 1.00000E-09 1.00000E-09 1.00000E-09 1.00000E-09 1.00000E-09 1.00000E-09 1.00000E-09 1.00000E-09
 1.00000E-09 1.00000E-09 1.00000E-09 1.00000E-09 1.00000E-09 1.00000E-09 1.00000E-09 1.00000E-09
 1.00000E-09 1.00000E-09 1.00000E-09 1.00000E-09
