 6.29220E-09 8.59119E-16 1.14696E-02 9.90562E-18 1.22759E-11 1.59147E-08 5.75649E-09 5.06177E-19
 9.88630E-03 1.98603E-02 2.34254E-04 2.34896E-08 1.11370E-11 4.93176E-08 3.02240E-12 5.35770E-11
 2.23755E-18 8.32345E-12 1.17173E-12 8.32465E-15 2.21962E-16 7.00965E-38 5.52575E-09 1.18947E-19
 1.47019E-24 3.78960E-22 9.59404E-13 3.63041E-19 4.95193E-11 1.95524E-17 4.72221E-18 7.30974E-11
 2.83080E-15 2.05831E-12 7.74288E-09 1.08323E-15 8.97701E-03 1.48081E-17 1.48079E-11 2.01282E-08
 6.22528E-09 7.54332E-19 9.88630E-03 1.98597E-02 2.34254E-04 2.93985E-08 1.27799E-11 4.92273E-08
 3.40504E-12 6.07337E-11 3.43962E-18 1.06912E-11 2.40865E-12 8.21969E-15 3.25692E-16 2.03364E-37
 5.52386E-09 1.82897E-19 2.33285E-24 5.55473E-22 1.45425E-12 4.94482E-19 5.00345E-11 3.05657E-17
 1.38464E-17 1.25431E-10 5.61590E-15 3.36756E-12 9.93835E-09 1.35152E-15 6.98218E-03 2.27129E-17
 1.81291E-11 2.69654E-08 6.66662E-09 1.14898E-18 9.88630E-03 1.98590E-02 2.34254E-04 3.87334E-08
 1.46557E-11 4.91317E-08 3.68226E-12 6.69835E-11 5.21028E-18 1.26405E-11 5.06649E-12 7.80440E-15
 4.50314E-16 6.11741E-37 5.52183E-09 2.81078E-19 3.70752E-24 8.17804E-22 2.18298E-12 6.27123E-19
 5.05268E-11 4.27672E-17 3.16532E-17 1.81065E-10 9.78739E-15 4.50627E-12 1.28647E-08 1.65080E-15
 5.24378E-03 3.50614E-17 2.22644E-11 3.64504E-08 6.99268E-09 1.75257E-18 9.88630E-03 1.98582E-02
 2.34254E-04 5.13819E-08 1.66859E-11 4.90308E-08 3.79776E-12 7.08418E-11 7.57939E-18 1.39255E-11
 1.06942E-11 6.95470E-15 5.79272E-16 1.88804E-36 5.51965E-09 4.30139E-19 5.87676E-24 1.19967E-21
 3.18016E-12 7.51973E-19 5.11478E-11 5.70023E-17 6.41541E-17 2.40529E-10 1.59895E-14 5.43164E-12
 1.64331E-08 1.96212E-15 3.82167E-03 5.35179E-17 2.71992E-11 4.82565E-08 7.11925E-09 2.64218E-18
 9.88630E-03 1.98574E-02 2.34254E-04 6.67371E-08 1.87876E-11 4.89251E-08 3.67033E-12 7.01788E-11
 1.01973E-17 1.42934E-11 2.12934E-11 5.68090E-15 6.56582E-16 5.76693E-36 5.51731E-09 6.50438E-19
 9.20089E-24 1.74234E-21 4.44627E-12 8.50065E-19 5.20270E-11 7.46740E-17 1.20171E-16 3.02950E-10
 2.48961E-14 6.10252E-12 2.06416E-08 2.25453E-15 2.70313E-03 8.04903E-17 3.29801E-11 6.23019E-08
 6.99938E-09 3.92114E-18 9.88630E-03 1.98566E-02 2.34254E-04 8.45330E-08 2.08480E-11 4.88145E-08
 3.21198E-12 6.28232E-11 1.22332E-17 1.38513E-11 3.87861E-11 4.08388E-15 6.08403E-16 1.75998E-35
 5.51479E-09 9.64268E-19 1.42297E-23 2.50838E-21 6.00185E-12 8.97483E-19 5.32614E-11 9.75267E-17
 2.13454E-16 3.67183E-10 3.74300E-14 6.49743E-12 2.55575E-08 2.53365E-15 1.95557E-03 1.19382E-16
 3.98247E-11 7.85873E-08 6.67342E-09 5.78581E-18 9.88631E-03 1.98556E-02 2.34254E-04 1.04663E-07
 2.29725E-11 4.86995E-08 2.53731E-12 5.08621E-11 1.29965E-17 1.29375E-11 6.05407E-11 2.61615E-15
 4.42459E-16 4.89919E-35 5.51209E-09 1.38558E-18 2.16990E-23 3.51444E-21 7.87870E-12 8.79518E-19
 5.48941E-11 1.26345E-16 3.59858E-16 4.31870E-10 5.46985E-14 6.61213E-12 3.12850E-08 2.84868E-15
 1.53015E-03 1.74857E-16 4.79782E-11 9.71456E-08 6.26368E-09 8.57270E-18 9.88631E-03 1.98546E-02
 2.34254E-04 1.27134E-07 2.54282E-11 4.85802E-08 1.91684E-12 3.95977E-11 1.29006E-17 1.18947E-11
 8.05317E-11 1.61696E-15 2.74481E-16 1.11317E-34 5.50918E-09 1.90758E-18 3.25546E-23 4.66009E-21
 1.01195E-11 8.07247E-19 5.68889E-11 1.59605E-16 5.72436E-16 4.95456E-10 7.78195E-14 6.47232E-12
 3.80551E-08 3.24823E-15 1.26480E-03 2.53772E-16 5.76508E-11 1.18511E-07 5.87889E-09 1.27789E-17
 9.88631E-03 1.98535E-02 2.34255E-04 1.52609E-07 2.84214E-11 4.84538E-08 1.44439E-12 3.09568E-11
 1.25355E-17 1.09127E-11 9.63866E-11 1.01800E-15 1.63972E-16 2.10678E-34 5.50596E-09 2.52192E-18
 4.82222E-23 5.88083E-21 1.28411E-11 7.09127E-19 5.91810E-11 1.94700E-16 8.66294E-16 5.57545E-10
 1.08323E-13 6.13134E-12 4.72592E-08 3.76873E-15 9.52791E-04 3.72681E-16 6.98987E-11 1.47000E-07
 5.54965E-09 1.95377E-17 9.88632E-03 1.98521E-02 2.34257E-04 1.86203E-07 3.23838E-11 4.82972E-08
 1.09822E-12 2.48201E-11 1.23352E-17 9.98325E-12 1.08955E-10 6.68796E-16 1.13586E-16 3.51786E-34
 5.50177E-09 3.31152E-18 7.18956E-23 7.22552E-21 1.66969E-11 6.03594E-19 6.20053E-11 2.26421E-16
 1.27052E-15 6.25664E-10 1.53272E-13 5.59240E-12 6.41395E-08 4.43441E-15 5.54344E-04 5.88169E-16
 8.83956E-11 1.98993E-07 5.25438E-09 3.25503E-17 9.88634E-03 1.98495E-02 2.34263E-04 2.47018E-07
 3.87484E-11 4.80302E-08 8.25520E-13 2.06177E-11 1.27910E-17 8.99025E-12 1.21242E-10 4.60641E-16
 1.07234E-16 5.56161E-34 5.49423E-09 4.63312E-18 1.14258E-22 8.96560E-21 2.42373E-11 4.95169E-19
 6.62895E-11 2.40996E-16 1.85784E-15 7.22732E-10 2.41081E-13 4.71116E-12 9.87895E-08 5.27317E-15
 4.16045E-04 1.03203E-15 1.18543E-10 3.04005E-07 4.98505E-09 6.11585E-17 9.88637E-03 1.98437E-02
 2.34284E-04 3.68813E-07 4.98707E-11 4.74638E-08 6.03735E-13 1.77027E-11 1.42437E-17 7.60519E-12
 1.35550E-10 3.29433E-16 8.44723E-17 9.18093E-34 5.47726E-09 7.32501E-18 2.04655E-22 1.17575E-20
 4.12107E-11 4.09284E-19 7.27315E-11 2.26139E-16 2.71592E-15 8.62043E-10 4.33825E-13 3.37392E-12
 1.64064E-07 6.29677E-15 4.07658E-04 1.92575E-15 1.64099E-10 4.98630E-07 4.74457E-09 1.23074E-16
 9.88646E-03 1.98310E-02 2.34353E-04 5.93179E-07 6.77575E-11 4.63090E-08 4.20912E-13 1.50926E-11
 1.60462E-17 6.10491E-12 1.52058E-10 2.32862E-16 5.10926E-17 1.78474E-33 5.44044E-09 1.29662E-17
 4.16115E-22 1.68651E-20 7.80242E-11 3.73652E-19 7.69241E-11 1.85304E-16 3.75680E-15 9.91723E-10
 7.98606E-13 1.99317E-12 2.58176E-07 7.50699E-15 4.25425E-04 3.38012E-15 2.19997E-10 7.72159E-07
 4.52042E-09 2.33684E-16 9.88664E-03 1.98083E-02 2.34516E-04 9.06896E-07 9.09851E-11 4.43579E-08
 2.97624E-13 1.27639E-11 1.72422E-17 4.97333E-12 1.65328E-10 1.63482E-16 2.87795E-17 3.87060E-33
 5.37445E-09 2.33337E-17 8.68984E-22 2.54484E-20 1.44021E-10 3.71870E-19 6.21242E-11 1.20154E-16
 4.10808E-15 9.10325E-10 1.14106E-12 9.39308E-13 3.56993E-07 9.06281E-15 4.49747E-04 5.21366E-15
 2.75811E-10 1.04770E-06 4.37466E-09 3.90259E-16 9.88691E-03 1.97755E-02 2.34782E-04 1.22120E-06
 1.14946E-10 4.16875E-08 2.21650E-13 1.07041E-11 1.71449E-17 4.24089E-12 1.68445E-10 1.17213E-16
 1.62434E-17 8.42392E-33 5.27926E-09 3.92091E-17 1.67752E-21 3.82907E-20 2.39211E-10 3.74021E-19
 4.77885E-11 8.27836E-17 4.28282E-15 7.99458E-10 1.35942E-12 4.68988E-13 4.37707E-07 1.11439E-14
 4.77144E-04 7.17052E-15 3.25493E-10 1.25794E-06 4.32413E-09 5.80659E-16 9.88726E-03 1.97352E-02
 2.35065E-04 1.45941E-06 1.36031E-10 3.85463E-08 1.84073E-13 9.41683E-12 1.69406E-17 3.73624E-12
 1.70515E-10 9.15309E-17 1.04420E-17 1.72900E-32 5.16218E-09 6.01609E-17 2.90480E-21 5.57637E-20
 3.56286E-10 3.82915E-19 3.54039E-11 6.10137E-17 4.30594E-15 6.77827E-10 1.39306E-12 2.65810E-13
 4.93179E-07 1.38687E-14 5.03524E-04 9.12410E-15 3.68258E-10 1.38632E-06 4.33707E-09 7.97871E-16
 9.88763E-03 1.96908E-02 2.35222E-04 1.60341E-06 1.53185E-10 3.52146E-08 1.64754E-13 8.55757E-12
 1.66801E-17 3.31442E-12 1.72014E-10 7.59020E-17 7.39921E-18 3.27577E-32 5.03316E-09 8.49366E-17
 4.56855E-21 7.77612E-20 4.85302E-10 3.89527E-19 2.55142E-11 4.70429E-17 4.23055E-15 5.61927E-10
 1.28970E-12 1.65187E-13 5.27500E-07 1.73738E-14 5.26355E-04 1.10746E-14 4.05841E-10 1.44957E-06
 4.38749E-09 1.04419E-15 9.88799E-03 1.96456E-02 2.35132E-04 1.67316E-06 1.67107E-10 3.19187E-08
 1.54690E-13 7.94462E-12 1.64178E-17 2.93123E-12 1.73153E-10 6.54727E-17 5.61664E-18 5.73495E-32
 4.90113E-09 1.12252E-16 6.67326E-21 1.04012E-19 6.17336E-10 3.89531E-19 1.80286E-11 3.71323E-17
 4.10395E-15 4.60717E-10 1.12476E-12 1.08121E-13 5.47432E-07 2.18255E-14 5.49032E-04 1.30763E-14
 4.40271E-10 1.47070E-06 4.45794E-09 1.32803E-15 9.88831E-03 1.96021E-02 2.34738E-04 1.69533E-06
 1.78905E-10 2.88332E-08 1.49606E-13 7.48017E-12 1.61727E-17 2.58556E-12 1.74029E-10 5.79403E-17
 4.44125E-18 9.34896E-32 4.77364E-09 1.40951E-16 9.22110E-21 1.34074E-19 7.44827E-10 3.81655E-19
 1.26040E-11 2.96862E-17 3.96773E-15 3.77469E-10 9.52241E-13 7.28374E-14 5.58529E-07 2.74285E-14
 5.71753E-04 1.51958E-14 4.73141E-10 1.46783E-06 4.53777E-09 1.66122E-15 9.88856E-03 1.95623E-02
 2.34054E-04 1.69057E-06 1.89511E-10 2.60751E-08 1.47338E-13 7.10846E-12 1.59451E-17 2.28180E-12
 1.74698E-10 5.21452E-17 3.60670E-18 1.43342E-31 4.65634E-09 1.70074E-16 1.22175E-20 1.67420E-19
 8.62124E-10 3.66463E-19 8.81275E-12 2.40162E-17 3.85632E-15 3.11900E-10 7.99268E-13 5.00878E-14
 5.64384E-07 3.44320E-14 5.94317E-04 1.74938E-14 5.05497E-10 1.45234E-06 4.62046E-09 2.05761E-15
 9.88876E-03 1.95268E-02 2.33124E-04 1.67157E-06 1.99524E-10 2.36580E-08 1.46776E-13 6.79839E-12
 1.57316E-17 2.01808E-12 1.75205E-10 4.74785E-17 2.98424E-18 2.09588E-31 4.55071E-09 1.99243E-16
 1.57018E-20 2.03891E-19 9.67761E-10 3.46089E-19 6.19244E-12 1.96295E-17 3.78217E-15 2.60950E-10
 6.72289E-13 3.49559E-14 5.66939E-07 4.31387E-14 6.16274E-04 2.00198E-14 5.37910E-10 1.43041E-06
 4.70221E-09 2.53242E-15 9.88892E-03 1.94955E-02 2.32001E-04 1.64500E-06 2.09261E-10 2.15604E-08
 1.47386E-13 6.53312E-12 1.55316E-17 1.79028E-12 1.75582E-10 4.36110E-17 2.50608E-18 2.95665E-31
 4.45662E-09 2.28290E-16 1.97318E-20 2.43491E-19 1.06185E-09 3.22693E-19 4.38515E-12 1.62051E-17
 3.75029E-15 2.21456E-10 5.69781E-13 2.46947E-14 5.67179E-07 5.39082E-14 6.36648E-04 2.28190E-14
 5.70655E-10 1.40529E-06 4.78086E-09 3.10250E-15 9.88903E-03 1.94680E-02 2.30736E-04 1.61424E-06
 2.18850E-10 1.97490E-08 1.48801E-13 6.29859E-12 1.53376E-17 1.59357E-12 1.75858E-10 4.03164E-17
 2.13046E-18 4.06605E-31 4.37332E-09 2.57190E-16 2.43850E-20 2.86352E-19 1.14515E-09 2.97914E-19
 3.13607E-12 1.35232E-17 3.76365E-15 1.90767E-10 4.87970E-13 1.76504E-14 5.65599E-07 6.71643E-14
 6.54142E-04 2.59366E-14 6.03833E-10 1.37870E-06 4.85529E-09 3.78676E-15 9.88912E-03 1.94440E-02
 2.29369E-04 1.58089E-06 2.28296E-10 1.81798E-08 1.50772E-13 6.08407E-12 1.51434E-17 1.42351E-12
 1.76057E-10 3.74410E-17 1.83073E-18 5.50471E-31 4.29939E-09 2.86114E-16 2.97703E-20 3.32835E-19
 1.21908E-09 2.73036E-19 2.26491E-12 1.14022E-17 3.82194E-15 1.66680E-10 4.22571E-13 1.27477E-14
 5.62545E-07 8.34137E-14 6.68095E-04 2.94189E-14 6.37514E-10 1.35158E-06 4.92474E-09 4.60749E-15
 9.88919E-03 1.94228E-02 2.27928E-04 1.54595E-06 2.37579E-10 1.68105E-08 1.53342E-13 5.89076E-12
 1.49643E-17 1.27794E-12 1.76184E-10 3.49374E-17 1.59219E-18 7.38681E-31 4.23333E-09 3.15242E-16
 3.60227E-20 3.83388E-19 1.28513E-09 2.49259E-19 1.65004E-12 9.70021E-18 3.92330E-15 1.47525E-10
 3.69839E-13 9.28619E-15 5.58431E-07 1.03328E-13 6.81043E-04 3.32984E-14 6.71966E-10 1.32444E-06
 4.98740E-09 5.59488E-15 9.88924E-03 1.94039E-02 2.26438E-04 1.51053E-06 2.46918E-10 1.56072E-08
 1.57721E-13 5.76163E-12 1.49000E-17 1.15766E-12 1.76199E-10 3.30295E-17 1.41744E-18 9.77631E-31
 4.17392E-09 3.44303E-16 4.32439E-20 4.38045E-19 1.34455E-09 2.28246E-19 1.21144E-12 8.31096E-18
 4.06181E-15 1.32108E-10 3.26606E-13 6.80918E-15 5.53552E-07 1.27676E-13 6.93890E-04 3.76193E-14
 7.07367E-10 1.29773E-06 5.04179E-09 6.78455E-15 9.88928E-03 1.93872E-02 2.24925E-04 1.47539E-06
 2.56404E-10 1.45463E-08 1.64468E-13 5.70808E-12 1.49869E-17 1.06114E-12 1.76095E-10 3.17174E-17
 1.29647E-18 1.27577E-30 4.12032E-09 3.73087E-16 5.15633E-20 4.96868E-19 1.39815E-09 2.10348E-19
 8.96651E-13 7.17058E-18 4.23704E-15 1.19606E-10 2.90833E-13 5.02377E-15 5.48043E-07 1.57344E-13
 7.06596E-04 4.24331E-14 7.43774E-10 1.27160E-06 5.08700E-09 8.21749E-15 9.88930E-03 1.93722E-02
 2.23397E-04 1.44072E-06 2.66031E-10 1.36017E-08 1.73924E-13 5.72999E-12 1.52370E-17 9.85181E-13
 1.75875E-10 3.09369E-17 1.21883E-18 1.64623E-30 4.07149E-09 4.01590E-16 6.11567E-20 5.60144E-19
 1.44697E-09 1.95415E-19 6.67961E-13 6.21983E-18 4.44807E-15 1.09332E-10 2.60835E-13 3.72240E-15
 5.42020E-07 1.93430E-13 7.20210E-04 4.77840E-14 7.81310E-10 1.24607E-06 5.12170E-09 9.94532E-15
 9.88932E-03 1.93586E-02 2.21863E-04 1.40671E-06 2.75904E-10 1.27531E-08 1.86946E-13 5.84193E-12
 1.56890E-17 9.27214E-13 1.75527E-10 3.07183E-17 1.18104E-18 2.09630E-30 4.02661E-09 4.29595E-16
 7.21844E-20 6.27890E-19 1.49185E-09 1.83361E-19 4.99989E-13 5.41383E-18 4.69252E-15 1.00787E-10
 2.35285E-13 2.76438E-15 5.35600E-07 2.37154E-13 7.34167E-04 5.37420E-14 8.20056E-10 1.22140E-06
 5.14526E-09 1.20291E-14 9.88933E-03 1.93464E-02 2.20344E-04 1.37359E-06 2.86002E-10 1.19921E-08
 2.03946E-13 6.04107E-12 1.63467E-17 8.84653E-13 1.75060E-10 3.09925E-17 1.17691E-18 2.64155E-30
 3.98544E-09 4.57001E-16 8.48662E-20 7.00226E-19 1.53303E-09 1.73732E-19 3.76565E-13 4.73529E-18
 4.97534E-15 9.36755E-11 2.13500E-13 2.06016E-15 5.28848E-07 2.89959E-13 7.48280E-04 6.03786E-14
 8.60081E-10 1.19767E-06 5.15708E-09 1.45426E-14 9.88933E-03 1.93353E-02 2.18848E-04 1.34140E-06
 2.96328E-10 1.13073E-08 2.25670E-13 6.33230E-12 1.72276E-17 8.55126E-13 1.74470E-10 3.17413E-17
 1.20441E-18 3.29818E-30 3.94753E-09 4.83737E-16 9.94515E-20 7.77277E-19 1.57094E-09 1.66181E-19
 2.85311E-13 4.16160E-18 5.29901E-15 8.77237E-11 1.94785E-13 1.54049E-15 5.21820E-07 3.53529E-13
 7.62655E-04 6.77702E-14 9.01463E-10 1.17485E-06 5.15644E-09 1.75757E-14 9.88932E-03 1.93251E-02
 2.17380E-04 1.31012E-06 3.06900E-10 1.06871E-08 2.53113E-13 6.72411E-12 1.83554E-17 8.36739E-13
 1.73752E-10 3.29666E-17 1.26352E-18 4.08231E-30 3.91241E-09 5.09710E-16 1.16224E-19 8.59126E-19
 1.60606E-09 1.60408E-19 2.17244E-13 3.67121E-18 5.66513E-15 8.27043E-11 1.78537E-13 1.15457E-15
 5.14643E-07 4.29807E-13 7.77533E-04 7.60081E-14 9.44369E-10 1.15310E-06 5.14242E-09 2.12410E-14
 9.88932E-03 1.93159E-02 2.15954E-04 1.27996E-06 3.17776E-10 1.01262E-08 2.87484E-13 7.22694E-12
 1.97554E-17 8.28057E-13 1.72895E-10 3.46764E-17 1.35539E-18 5.00661E-30 3.87991E-09 5.34705E-16
 1.35492E-19 9.45615E-19 1.63856E-09 1.56103E-19 1.66361E-13 3.25286E-18 6.07748E-15 7.84720E-11
 1.64359E-13 8.67844E-16 5.07493E-07 5.21000E-13 7.92982E-04 8.52019E-14 9.89038E-10 1.13262E-06
 5.11401E-09 2.56794E-14 9.88930E-03 1.93076E-02 2.14585E-04 1.25124E-06 3.29032E-10 9.62168E-09
 3.30192E-13 7.85206E-12 2.14529E-17 8.27807E-13 1.71893E-10 3.68770E-17 1.48216E-18 6.07988E-30
 3.84999E-09 5.58461E-16 1.57610E-19 1.03641E-18 1.66847E-09 1.52943E-19 1.28365E-13 2.89967E-18
 6.54110E-15 7.49204E-11 1.51952E-13 6.55294E-16 5.00582E-07 6.29661E-13 8.08083E-04 9.54744E-14
 1.03581E-09 1.11366E-06 5.07009E-09 3.10711E-14 9.88929E-03 1.93001E-02 2.13293E-04 1.22439E-06
 3.40812E-10 9.17183E-09 3.83000E-13 8.61440E-12 2.34752E-17 8.34771E-13 1.70735E-10 3.95844E-17
 1.64902E-18 7.29491E-30 3.82269E-09 5.80568E-16 1.82941E-19 1.13086E-18 1.69577E-09 1.50616E-19
 1.00101E-13 2.60737E-18 7.06081E-15 7.19656E-11 1.41065E-13 4.98372E-16 4.94043E-07 7.58753E-13
 8.21670E-04 1.06945E-13 1.08500E-09 1.09625E-06 5.00944E-09 3.76404E-14 9.88927E-03 1.92933E-02
 2.12079E-04 1.19958E-06 3.53311E-10 8.77069E-09 4.48157E-13 9.53314E-12 2.58492E-17 8.47761E-13
 1.69400E-10 4.28236E-17 1.86343E-18 8.61898E-30 3.79777E-09 6.00608E-16 2.11850E-19 1.22812E-18
 1.72069E-09 1.48825E-19 7.89659E-14 2.36643E-18 7.63775E-15 6.95074E-11 1.31393E-13 3.82020E-16
 4.87945E-07 9.11437E-13 8.33963E-04 1.19760E-13 1.13684E-09 1.08036E-06 4.93131E-09 4.56593E-14
 9.88925E-03 1.92872E-02 2.10941E-04 1.17684E-06 3.66619E-10 8.41138E-09 5.28057E-13 1.06234E-11
 2.85941E-17 8.65658E-13 1.67874E-10 4.65831E-17 2.12946E-18 1.00245E-29 3.77492E-09 6.18365E-16
 2.44818E-19 1.32754E-18 1.74355E-09 1.47293E-19 6.30065E-14 2.16731E-18 8.27377E-15 6.74542E-11
 1.22686E-13 2.95104E-16 4.82383E-07 1.09123E-12 8.45074E-04 1.34092E-13 1.19165E-09 1.06605E-06
 4.83539E-09 5.54720E-14 9.88922E-03 1.92817E-02 2.09881E-04 1.15631E-06 3.80868E-10 8.09016E-09
 6.25495E-13 1.19022E-11 3.17268E-17 8.87350E-13 1.66138E-10 5.08452E-17 2.45106E-18 1.14693E-29
 3.75399E-09 6.33605E-16 2.82374E-19 1.42834E-18 1.76448E-09 1.45775E-19 5.09128E-14 2.00522E-18
 8.97165E-15 6.57438E-11 1.14801E-13 2.30038E-16 4.77394E-07 1.30199E-12 8.55177E-04 1.50130E-13
 1.24969E-09 1.05331E-06 4.72172E-09 6.75047E-14 9.88920E-03 1.92767E-02 2.08893E-04 1.13795E-06
 3.96189E-10 7.80165E-09 7.43794E-13 1.33888E-11 3.52639E-17 9.11923E-13 1.64171E-10 5.55852E-17
 2.83175E-18 1.29032E-29 3.73472E-09 6.46237E-16 3.25116E-19 1.52979E-18 1.78374E-09 1.44079E-19
 4.16553E-14 1.87368E-18 9.73270E-15 6.43137E-11 1.07585E-13 1.80949E-16 4.73005E-07 1.54775E-12
 8.64426E-04 1.68104E-13 1.31121E-09 1.04214E-06 4.59095E-09 8.22834E-14 9.88917E-03 1.92721E-02
 2.07971E-04 1.12171E-06 4.12653E-10 7.54111E-09 8.86685E-13 1.51018E-11 3.92224E-17 9.38614E-13
 1.61949E-10 6.07572E-17 3.27349E-18 1.42913E-29 3.71689E-09 6.56337E-16 3.73803E-19 1.63142E-18
 1.80158E-09 1.42066E-19 3.44906E-14 1.76732E-18 1.05592E-14 6.31125E-11 1.00925E-13 1.43609E-16
 4.69295E-07 1.83291E-12 8.72860E-04 1.88298E-13 1.37658E-09 1.03268E-06 4.44440E-09 1.00476E-13
 9.88914E-03 1.92679E-02 2.07117E-04 1.10773E-06 4.30370E-10 7.30713E-09 1.05826E-12 1.70594E-11
 4.36143E-17 9.66495E-13 1.59455E-10 6.62986E-17 3.77563E-18 1.56006E-29 3.70046E-09 6.64024E-16
 4.29306E-19 1.73280E-18 1.81801E-09 1.39636E-19 2.89445E-14 1.68515E-18 1.14549E-14 6.21106E-11
 9.47805E-14 1.15211E-16 4.66339E-07 2.16227E-12 8.80521E-04 2.11036E-13 1.44618E-09 1.02500E-06
 4.28389E-09 1.22926E-13 9.88910E-03 1.92641E-02 2.06333E-04 1.09610E-06 4.49469E-10 7.09813E-09
 1.26302E-12 1.92784E-11 4.84434E-17 9.94631E-13 1.56669E-10 7.21314E-17 4.33389E-18 1.68004E-29
 3.68540E-09 6.69502E-16 4.92618E-19 1.83366E-18 1.83307E-09 1.36729E-19 2.46515E-14 1.62626E-18
 1.24230E-14 6.12804E-11 8.91217E-14 9.35975E-17 4.64175E-07 2.54069E-12 8.87544E-04 2.36690E-13
 1.52037E-09 1.01910E-06 4.11112E-09 1.50676E-13 9.88907E-03 1.92607E-02 2.05609E-04 1.08681E-06
 4.70032E-10 6.91002E-09 1.50605E-12 2.17770E-11 5.37184E-17 1.02240E-12 1.53568E-10 7.81644E-17
 4.94176E-18 1.78787E-29 3.67148E-09 6.73064E-16 5.64972E-19 1.93403E-18 1.84699E-09 1.33324E-19
 2.12868E-14 1.58694E-18 1.34651E-14 6.05884E-11 8.38775E-14 7.69634E-17 4.62880E-07 2.97337E-12
 8.94027E-04 2.65684E-13 1.59960E-09 1.01496E-06 3.92778E-09 1.85056E-13 9.88904E-03 1.92574E-02
 2.04938E-04 1.07993E-06 4.92216E-10 6.73981E-09 1.79299E-12 2.45734E-11 5.94383E-17 1.04907E-12
 1.50126E-10 8.42950E-17 5.58880E-18 1.88119E-29 3.65854E-09 6.74936E-16 6.47727E-19 2.03388E-18
 1.85993E-09 1.29407E-19 1.86246E-14 1.56464E-18 1.45819E-14 6.00095E-11 7.89986E-14 6.40403E-17
 4.62566E-07 3.46603E-12 9.00004E-04 2.98503E-13 1.68446E-09 1.01260E-06 3.73601E-09 2.27764E-13
 9.88900E-03 1.92545E-02 2.04319E-04 1.07568E-06 5.16237E-10 6.58630E-09 2.12935E-12 2.76780E-11
 6.55726E-17 1.07358E-12 1.46330E-10 9.03906E-17 6.25683E-18 1.95722E-29 3.64654E-09 6.75267E-16
 7.42361E-19 2.13327E-18 1.87193E-09 1.24980E-19 1.65182E-14 1.55901E-18 1.57739E-14 5.95277E-11
 7.44776E-14 5.39686E-17 4.63353E-07 4.02448E-12 9.05552E-04 3.35661E-13 1.77564E-09 1.01196E-06
 3.53706E-09 2.80980E-13 9.88896E-03 1.92517E-02 2.03747E-04 1.07424E-06 5.42434E-10 6.44712E-09
 2.52160E-12 3.11071E-11 7.20812E-17 1.09500E-12 1.42158E-10 9.63180E-17 6.92563E-18 2.01022E-29
 3.63534E-09 6.74063E-16 8.50363E-19 2.23187E-18 1.88312E-09 1.20030E-19 1.48386E-14 1.56821E-18
 1.70384E-14 5.91257E-11 7.02893E-14 4.60356E-17 4.65381E-07 4.65498E-12 9.10740E-04 3.77677E-13
 1.87401E-09 1.01294E-06 3.33176E-09 3.47550E-13 9.88892E-03 1.92491E-02 2.03214E-04 1.07589E-06
 5.71378E-10 6.32024E-09 2.97711E-12 3.48806E-11 7.88891E-17 1.11228E-12 1.37582E-10 1.01937E-16
 7.57062E-18 2.03022E-29 3.62484E-09 6.71180E-16 9.72953E-19 2.32885E-18 1.89363E-09 1.14536E-19
 1.34901E-14 1.59050E-18 1.83690E-14 5.87891E-11 6.64489E-14 3.97163E-17 4.68779E-07 5.36423E-12
 9.15599E-04 4.25075E-13 1.98055E-09 1.01540E-06 3.12119E-09 4.31172E-13 9.88888E-03 1.92467E-02
 2.02718E-04 1.08087E-06 6.03787E-10 6.20460E-09 3.50351E-12 3.90136E-11 8.58733E-17 1.12418E-12
 1.32579E-10 1.07083E-16 8.16066E-18 2.00782E-29 3.61497E-09 6.66507E-16 1.11104E-18 2.42339E-18
 1.90350E-09 1.08507E-19 1.24071E-14 1.62514E-18 1.97579E-14 5.85082E-11 6.30688E-14 3.46452E-17
 4.73630E-07 6.15864E-12 9.20141E-04 4.78424E-13 2.09619E-09 1.01919E-06 2.90700E-09 5.36565E-13
 9.88884E-03 1.92445E-02 2.02258E-04 1.08934E-06 6.40337E-10 6.09954E-09 4.10822E-12 4.35104E-11
 9.28869E-17 1.12955E-12 1.27142E-10 1.11577E-16 8.66026E-18 1.94081E-29 3.60573E-09 6.60136E-16
 1.26550E-18 2.51533E-18 1.91274E-09 1.02002E-19 1.15406E-14 1.67207E-18 2.11990E-14 5.82752E-11
 6.04043E-14 3.05564E-17 4.79928E-07 7.04478E-12 9.24357E-04 5.38334E-13 2.22171E-09 1.02406E-06
 2.69178E-09 6.69701E-13 9.88879E-03 1.92424E-02 2.01833E-04 1.10127E-06 6.81608E-10 6.00492E-09
 4.79660E-12 4.83471E-11 9.97376E-17 1.12749E-12 1.21292E-10 1.15215E-16 9.02981E-18 1.83494E-29
 3.59715E-09 6.52426E-16 1.43724E-18 2.60567E-18 1.92132E-09 9.51484E-20 1.08543E-14 1.73202E-18
 2.26895E-14 5.80840E-11 5.89240E-14 2.72561E-17 4.87628E-07 8.02966E-12 9.28263E-04 6.05408E-13
 2.35790E-09 1.02975E-06 2.47802E-09 8.38228E-13 9.88875E-03 1.92404E-02 2.01442E-04 1.11654E-06
 7.28309E-10 5.92002E-09 5.57270E-12 5.34831E-11 1.06200E-16 1.11753E-12 1.15069E-10 1.17807E-16
 9.23526E-18 1.69810E-29 3.58919E-09 6.43866E-16 1.62683E-18 2.69591E-18 1.92927E-09 8.80990E-20
 1.03142E-14 1.80502E-18 2.42259E-14 5.79281E-11 5.94128E-14 2.45772E-17 4.96728E-07 9.11887E-12
 9.31911E-04 6.80331E-13 2.50558E-09 1.03606E-06 2.26784E-09 1.05190E-12 9.88870E-03 1.92386E-02
 2.01076E-04 1.13510E-06 7.81139E-10 5.84330E-09 6.44046E-12 5.88780E-11 1.12091E-16 1.09958E-12
 1.08506E-10 1.19220E-16 9.25661E-18 1.54142E-29 3.58177E-09 6.35014E-16 1.83500E-18 2.78820E-18
 1.93669E-09 8.09944E-20 9.88787E-15 1.89005E-18 2.58051E-14 5.78002E-11 6.30805E-14 2.23760E-17
 5.07241E-07 1.03164E-11 9.35356E-04 7.63918E-13 2.66552E-09 1.04282E-06 2.06331E-09 1.32302E-12
 9.88866E-03 1.92369E-02 2.00729E-04 1.15692E-06 8.40662E-10 5.77332E-09 7.40300E-12 6.44862E-11
 1.17285E-16 1.07377E-12 1.01645E-10 1.19385E-16 9.08668E-18 1.37809E-29 3.57478E-09 6.26507E-16
 2.06299E-18 2.88562E-18 1.94369E-09 7.39665E-20 9.55014E-15 1.98623E-18 2.74267E-14 5.76945E-11
 7.16856E-14 2.05442E-17 5.19066E-07 1.16274E-11 9.38606E-04 8.57103E-13 2.83820E-09 1.04977E-06
 1.86720E-09 1.66683E-12 9.88861E-03 1.92352E-02 2.00399E-04 1.18177E-06 9.07201E-10 5.70962E-09
 8.45809E-12 7.02142E-11 1.21647E-16 1.04065E-12 9.45802E-11 1.18262E-16 8.72990E-18 1.22080E-29
 3.56819E-09 6.19065E-16 2.31264E-18 2.99265E-18 1.95028E-09 6.71716E-20 9.28492E-15 2.09409E-18
 2.90961E-14 5.76073E-11 8.72984E-14 1.90088E-17 5.32010E-07 1.30606E-11 9.41655E-04 9.60751E-13
 3.02397E-09 1.05660E-06 1.68188E-09 2.10260E-12 9.88856E-03 1.92337E-02 2.00084E-04 1.20922E-06
 9.81340E-10 5.65204E-09 9.59949E-12 7.59383E-11 1.25008E-16 1.00126E-12 8.74442E-11 1.15858E-16
 8.20737E-18 1.07571E-29 3.56202E-09 6.13279E-16 2.58517E-18 3.11379E-18 1.95644E-09 6.07451E-20
 9.07984E-15 2.21451E-18 3.08181E-14 5.75358E-11 1.12068E-13 1.77090E-17 5.46038E-07 1.46227E-11
 9.44537E-04 1.07578E-12 3.22356E-09 1.06312E-06 1.50799E-09 2.65505E-12 9.88851E-03 1.92322E-02
 1.99779E-04 1.23919E-06 1.06398E-09 5.59966E-09 1.08263E-11 8.15919E-11 1.27315E-16 9.56426E-13
 8.03023E-11 1.12287E-16 7.55230E-18 9.44444E-30 3.55622E-09 6.09487E-16 2.88142E-18 3.25270E-18
 1.96225E-09 5.47222E-20 8.92183E-15 2.34697E-18 3.25932E-14 5.74766E-11 1.47023E-13 1.65848E-17
 5.61104E-07 1.63220E-11 9.47280E-04 1.20309E-12 3.43774E-09 1.06909E-06 1.34595E-09 3.35558E-12
 9.88846E-03 1.92308E-02 1.99481E-04 1.27157E-06 1.15628E-09 5.55174E-09 1.21371E-11 8.71065E-11
 1.28528E-16 9.07084E-13 7.32220E-11 1.07701E-16 6.80294E-18 8.26221E-30 3.55071E-09 6.07957E-16
 3.20168E-18 3.41307E-18 1.96776E-09 4.91176E-20 8.80078E-15 2.49107E-18 3.44214E-14 5.74273E-11
 1.88403E-13 1.55886E-17 5.76985E-07 1.81725E-11 9.49878E-04 1.34352E-12 3.66676E-09 1.07424E-06
 1.19661E-09 4.24345E-12 9.88841E-03 1.92295E-02 1.99188E-04 1.30590E-06 1.25946E-09 5.50816E-09
 1.35242E-11 9.23642E-11 1.28586E-16 8.54760E-13 6.63304E-11 1.02247E-16 6.00457E-18 7.21339E-30
 3.54552E-09 6.08921E-16 3.54592E-18 3.59942E-18 1.97295E-09 4.39739E-20 8.70969E-15 2.64744E-18
 3.63076E-14 5.73862E-11 2.21500E-13 1.46872E-17 5.93505E-07 2.01882E-11 9.52338E-04 1.49813E-12
 3.91076E-09 1.07839E-06 1.06021E-09 5.36760E-12 9.88837E-03 1.92283E-02 1.98899E-04 1.34181E-06
 1.37469E-09 5.46859E-09 1.49822E-11 9.72763E-11 1.27545E-16 8.00861E-13 5.97208E-11 9.61299E-17
 5.19992E-18 6.29431E-30 3.54062E-09 6.12555E-16 3.91481E-18 3.81638E-18 1.97785E-09 3.92985E-20
 8.64195E-15 2.81658E-18 3.82587E-14 5.73517E-11 2.47884E-13 1.38534E-17 6.10512E-07 2.23839E-11
 9.54672E-04 1.66837E-12 4.16953E-09 1.08137E-06 9.36763E-10 6.78780E-12 9.88832E-03 1.92271E-02
 1.98611E-04 1.37896E-06 1.50285E-09 5.43263E-09 1.65066E-11 1.01771E-10 1.25566E-16 7.46689E-13
 5.34689E-11 8.95806E-17 4.42578E-18 5.50785E-30 3.53600E-09 6.19010E-16 4.31099E-18 4.06926E-18
 1.98247E-09 3.50847E-20 8.59187E-15 2.99933E-18 4.02869E-14 5.73226E-11 2.68900E-13 1.30682E-17
 6.27803E-07 2.47793E-11 9.56884E-04 1.85621E-12 4.44226E-09 1.08308E-06 8.26337E-10 8.57613E-12
 9.88827E-03 1.92259E-02 1.98324E-04 1.41691E-06 1.64444E-09 5.40002E-09 1.80913E-11 1.05775E-10
 1.22861E-16 6.93580E-13 4.76540E-11 8.28281E-17 3.71232E-18 4.85592E-30 3.53164E-09 6.28354E-16
 4.73930E-18 4.36409E-18 1.98683E-09 3.13288E-20 8.55483E-15 3.19724E-18 4.24110E-14 5.72977E-11
 2.85587E-13 1.23214E-17 6.45348E-07 2.73934E-11 9.58998E-04 2.06417E-12 4.72832E-09 1.08345E-06
 7.28180E-10 1.08207E-11 9.88823E-03 1.92249E-02 1.98035E-04 1.45559E-06 1.80008E-09 5.37024E-09
 1.97373E-11 1.09273E-10 1.19684E-16 6.42192E-13 4.22874E-11 7.60872E-17 3.07397E-18 4.32926E-30
 3.52750E-09 6.40643E-16 5.20613E-18 4.70673E-18 1.99097E-09 2.79875E-20 8.52669E-15 3.41132E-18
 4.46483E-14 5.72761E-11 2.98924E-13 1.16039E-17 6.63149E-07 3.02501E-11 9.61037E-04 2.29520E-12
 5.02707E-09 1.08242E-06 6.41294E-10 1.36294E-11 9.88818E-03 1.92238E-02 1.97739E-04 1.49499E-06
 1.97078E-09 5.34282E-09 2.14484E-11 1.12265E-10 1.16244E-16 5.92943E-13 3.73630E-11 6.95226E-17
 2.51585E-18 3.91183E-30 3.52352E-09 6.55891E-16 5.71838E-18 5.10325E-18 1.99494E-09 2.50130E-20
 8.50415E-15 3.64255E-18 4.70159E-14 5.72568E-11 3.09663E-13 1.09089E-17 6.81075E-07 3.33836E-11
 9.63005E-04 2.55258E-12 5.33733E-09 1.07995E-06 5.64840E-10 1.71341E-11 9.88813E-03 1.92228E-02
 1.97437E-04 1.53485E-06 2.15797E-09 5.31759E-09 2.32261E-11 1.14735E-10 1.12683E-16 5.46441E-13
 3.28965E-11 6.32451E-17 2.03969E-18 3.58570E-30 3.51971E-09 6.73925E-16 6.28320E-18 5.56013E-18
 1.99876E-09 2.23757E-20 8.48469E-15 3.89261E-18 4.95340E-14 5.72395E-11 3.18299E-13 1.02340E-17
 6.99010E-07 3.68348E-11 9.64905E-04 2.84003E-12 5.65789E-09 1.07600E-06 4.97765E-10 2.14979E-11
 9.88809E-03 1.92218E-02 1.97127E-04 1.57489E-06 2.36394E-09 5.29438E-09 2.50745E-11 1.16681E-10
 1.09096E-16 5.03088E-13 2.88860E-11 5.73258E-17 1.64144E-18 3.33167E-30 3.51605E-09 6.94480E-16
 6.90749E-18 6.08416E-18 2.00242E-09 2.00423E-20 8.46624E-15 4.16313E-18 5.22222E-14 5.72237E-11
 3.25234E-13 9.57738E-18 7.16854E-07 4.06546E-11 9.66743E-04 3.16166E-12 5.98751E-09 1.07062E-06
 4.38993E-10 2.69254E-11 9.88805E-03 1.92209E-02 1.96809E-04 1.61489E-06 2.59209E-09 5.27305E-09
 2.69999E-11 1.18108E-10 1.05535E-16 4.63127E-13 2.53192E-11 5.18024E-17 1.31390E-18 3.13080E-30
 3.51253E-09 7.17214E-16 7.59730E-18 6.68270E-18 2.00594E-09 1.79814E-20 8.44710E-15 4.45567E-18
 5.50990E-14 5.72090E-11 3.30791E-13 8.93800E-18 7.34516E-07 4.49054E-11 9.68520E-04 3.52219E-12
 6.32479E-09 1.06386E-06 3.87563E-10 3.36739E-11 9.88800E-03 1.92200E-02 1.96483E-04 1.65460E-06
 2.84697E-09 5.25346E-09 2.90101E-11 1.19027E-10 1.02034E-16 4.26691E-13 2.21784E-11 4.66914E-17
 1.04864E-18 2.96722E-30 3.50914E-09 7.41743E-16 8.35852E-18 7.36411E-18 2.00932E-09 1.61664E-20
 8.42595E-15 4.77185E-18 5.81839E-14 5.71952E-11 3.35233E-13 8.31684E-18 7.51916E-07 4.96627E-11
 9.70240E-04 3.92753E-12 6.66776E-09 1.05584E-06 3.42785E-10 4.20633E-11 9.88796E-03 1.92191E-02
 1.96149E-04 1.69377E-06 3.13343E-09 5.23546E-09 3.11117E-11 1.19449E-10 9.86425E-17 3.93837E-13
 1.94450E-11 4.20011E-17 8.37272E-19 2.83063E-30 3.50589E-09 7.67653E-16 9.19928E-18 8.13718E-18
 2.01258E-09 1.45780E-20 8.40174E-15 5.11377E-18 6.15004E-14 5.71820E-11 3.38773E-13 7.71871E-18
 7.69406E-07 5.50024E-11 9.71949E-04 4.38497E-12 7.01568E-09 1.04648E-06 3.03621E-10 5.24983E-11
 9.88792E-03 1.92182E-02 1.95798E-04 1.73311E-06 3.45760E-09 5.21852E-09 3.33196E-11 1.19433E-10
 9.54172E-17 3.63841E-13 1.70426E-11 3.77279E-17 6.68007E-19 2.71348E-30 3.50267E-09 7.95202E-16
 1.01294E-17 9.01262E-18 2.01579E-09 1.31698E-20 8.37301E-15 5.48109E-18 6.50647E-14 5.71691E-11
 3.41654E-13 7.14248E-18 7.87740E-07 6.10044E-11 9.73727E-04 4.90280E-12 7.36926E-09 1.03543E-06
 2.68862E-10 6.54982E-11 9.88788E-03 1.92173E-02 1.95412E-04 1.77417E-06 3.82832E-09 5.20183E-09
 3.56553E-11 1.19049E-10 9.23860E-17 3.35525E-13 1.48685E-11 3.38512E-17 5.29205E-19 2.60989E-30
 3.49935E-09 8.25436E-16 1.11581E-17 1.00064E-17 2.01912E-09 1.18830E-20 8.33739E-15 5.87019E-18
 6.88864E-14 5.71558E-11 3.44097E-13 6.58117E-18 8.07336E-07 6.77724E-11 9.75624E-04 5.49196E-12
 7.72695E-09 1.02240E-06 2.38024E-10 8.16922E-11 9.88783E-03 1.92163E-02 1.94979E-04 1.81773E-06
 4.25398E-09 5.18500E-09 3.81279E-11 1.18319E-10 8.96054E-17 3.08481E-13 1.28855E-11 3.03539E-17
 4.15077E-19 2.52254E-30 3.49582E-09 8.59113E-16 1.23024E-17 1.11373E-17 2.02265E-09 1.06969E-20
 8.29257E-15 6.27945E-18 7.29947E-14 5.71419E-11 3.46207E-13 6.03774E-18 8.28236E-07 7.54295E-11
 9.77654E-04 6.16854E-12 8.08438E-09 1.00732E-06 2.10977E-10 1.01798E-10 9.88778E-03 1.92153E-02
 1.94490E-04 1.86363E-06 4.74010E-09 5.16799E-09 4.07335E-11 1.17242E-10 8.71980E-17 2.82875E-13
 1.10972E-11 2.72296E-17 3.22729E-19 2.46589E-30 3.49206E-09 8.96584E-16 1.35970E-17 1.24277E-17
 2.02640E-09 9.61463E-21 8.23669E-15 6.71097E-18 7.74491E-14 5.71271E-11 3.48019E-13 5.52219E-18
 8.50434E-07 8.41224E-11 9.79825E-04 6.95207E-12 8.43697E-09 9.90165E-07 1.87437E-10 1.26681E-10
 9.88773E-03 1.92142E-02 1.93941E-04 1.91156E-06 5.29319E-09 5.15082E-09 4.34668E-11 1.15823E-10
 8.52479E-17 2.58869E-13 9.50373E-12 2.44588E-17 2.49171E-19 2.45208E-30 3.48807E-09 9.38255E-16
 1.50836E-17 1.39049E-17 2.03040E-09 8.63714E-21 8.16791E-15 7.16709E-18 8.23179E-14 5.71113E-11
 3.49557E-13 5.04179E-18 8.73920E-07 9.40299E-11 9.82148E-04 7.86489E-12 8.78045E-09 9.70944E-07
 1.67019E-10 1.57404E-10 9.88768E-03 1.92130E-02 1.93325E-04 1.96112E-06 5.92220E-09 5.13349E-09
 4.63228E-11 1.14073E-10 8.37792E-17 2.36554E-13 8.09825E-12 2.20096E-17 1.91345E-19 2.48765E-30
 3.48382E-09 9.84642E-16 1.68058E-17 1.55999E-17 2.03465E-09 7.76087E-21 8.08439E-15 7.64933E-18
 8.76711E-14 5.70943E-11 3.50840E-13 4.60052E-18 8.98686E-07 1.05365E-10 9.84633E-04 8.93397E-12
 9.11059E-09 9.49683E-07 1.49333E-10 1.95254E-10 9.88763E-03 1.92117E-02 1.92634E-04 2.01185E-06
 6.63723E-09 5.11604E-09 4.92942E-11 1.12010E-10 8.28001E-17 2.15965E-13 6.86937E-12 1.98503E-17
 1.46373E-19 2.57978E-30 3.47929E-09 1.03641E-15 1.88162E-17 1.75482E-17 2.03917E-09 6.97947E-21
 7.98431E-15 8.15881E-18 9.35865E-14 5.70759E-11 3.51884E-13 4.20042E-18 9.24730E-07 1.18383E-10
 9.87291E-04 1.01917E-11 9.42350E-09 9.26444E-07 1.34009E-10 2.41795E-10 9.88757E-03 1.92104E-02
 1.91860E-04 2.06321E-06 7.44993E-09 5.09847E-09 5.23711E-11 1.09658E-10 8.23034E-17 1.97092E-13
 5.80289E-12 1.79498E-17 1.11693E-19 2.73689E-30 3.47448E-09 1.09440E-15 2.11776E-17 1.97906E-17
 2.04399E-09 6.28493E-21 7.86585E-15 8.69594E-18 1.00149E-13 5.70559E-11 3.52698E-13 3.84192E-18
 9.52061E-07 1.33403E-10 9.90133E-04 1.16755E-11 9.71619E-09 9.01317E-07 1.20694E-10 2.98996E-10
 9.88751E-03 1.92089E-02 1.90995E-04 2.11458E-06 8.37572E-09 5.08080E-09 5.55442E-11 1.07043E-10
 8.22466E-17 1.79888E-13 4.88312E-12 1.62743E-17 8.51134E-20 2.96521E-30 3.46935E-09 1.15977E-15
 2.39568E-17 2.23726E-17 2.04912E-09 5.66830E-21 7.72731E-15 9.25964E-18 1.07443E-13 5.70341E-11
 3.53290E-13 3.52383E-18 9.80697E-07 1.50805E-10 9.93171E-04 1.34307E-11 9.98632E-09 8.74422E-07
 1.09078E-10 3.69292E-10 9.88745E-03 1.92074E-02 1.90030E-04 2.16524E-06 9.43230E-09 5.06306E-09
 5.88016E-11 1.04193E-10 8.25914E-17 1.64284E-13 4.09409E-12 1.47950E-17 6.48252E-20 3.27404E-30
 3.46389E-09 1.23411E-15 2.72347E-17 2.53467E-17 2.05458E-09 5.12069E-21 7.56708E-15 9.84782E-18
 1.15561E-13 5.70104E-11 3.53663E-13 3.24434E-18 1.01066E-06 1.71056E-10 9.96418E-04 1.55128E-11
 1.02325E-08 8.45911E-07 9.88932E-11 4.55748E-10 9.88738E-03 1.92057E-02 1.88954E-04 2.21441E-06
 1.06405E-08 5.04527E-09 6.21299E-11 1.01137E-10 8.33012E-17 1.50200E-13 3.42034E-12 1.34861E-17
 4.93766E-20 3.67505E-30 3.45807E-09 1.31972E-15 3.11080E-17 2.87734E-17 2.06039E-09 4.63370E-21
 7.38368E-15 1.04570E-17 1.24597E-13 5.69845E-11 3.53817E-13 3.00123E-18 1.04197E-06 1.94716E-10
 9.99889E-04 1.79909E-11 1.04544E-08 8.15959E-07 8.99083E-11 5.62232E-10 9.88732E-03 1.92040E-02
 1.87756E-04 2.26118E-06 1.20243E-08 5.02745E-09 6.55152E-11 9.79050E-11 8.43497E-17 1.37549E-13
 2.84740E-12 1.23248E-17 3.76255E-20 4.18326E-30 3.45188E-09 1.41996E-15 3.56949E-17 3.27239E-17
 2.06658E-09 4.19985E-21 7.17580E-15 1.10823E-17 1.34650E-13 5.69561E-11 3.53748E-13 2.79208E-18
 1.07465E-06 2.22455E-10 1.00360E-03 2.09525E-11 1.06528E-08 7.84764E-07 8.19256E-11 6.93670E-10
 9.88725E-03 1.92021E-02 1.86424E-04 2.30453E-06 1.36116E-08 5.00962E-09 6.89429E-11 9.45253E-11
 8.57283E-17 1.26253E-13 2.36202E-12 1.12916E-17 2.86871E-20 4.81801E-30 3.44529E-09 1.53973E-15
 4.11447E-17 3.72833E-17 2.07317E-09 3.81271E-21 6.94235E-15 1.17172E-17 1.45817E-13 5.69250E-11
 3.53453E-13 2.61449E-18 1.10868E-06 2.55080E-10 1.00756E-03 2.45091E-11 1.08299E-08 7.52536E-07
 7.47632E-11 8.56497E-10 9.88719E-03 1.92001E-02 1.84944E-04 2.34328E-06 1.54374E-08 4.99181E-09
 7.24011E-11 9.10235E-11 8.74307E-17 1.16238E-13 1.95227E-12 1.03676E-17 2.18828E-20 5.59818E-30
 3.43827E-09 1.68619E-15 4.76388E-17 4.25546E-17 2.08020E-09 3.46696E-21 6.68247E-15 1.23537E-17
 1.58192E-13 5.68910E-11 3.52922E-13 2.46581E-18 1.14401E-06 2.93560E-10 1.01179E-03 2.88016E-11
 1.09894E-08 7.19485E-07 6.82491E-11 1.05939E-09 9.88712E-03 1.91980E-02 1.83300E-04 2.37607E-06
 1.75481E-08 4.97404E-09 7.58854E-11 8.74165E-11 8.94439E-17 1.07448E-13 1.60751E-12 9.53297E-18
 1.66962E-20 6.53743E-30 3.43078E-09 1.86978E-15 5.53846E-17 4.86651E-17 2.08768E-09 3.15851E-21
 6.39552E-15 1.29816E-17 1.71843E-13 5.68537E-11 3.52145E-13 2.34310E-18 1.18048E-06 3.39009E-10
 1.01632E-03 3.40291E-11 1.11358E-08 6.85820E-07 6.22568E-11 1.31365E-09 9.88705E-03 1.91958E-02
 1.81476E-04 2.40130E-06 1.99940E-08 4.95633E-09 7.93877E-11 8.37240E-11 9.18480E-17 9.98496E-14
 1.31840E-12 8.77588E-18 1.27381E-20 7.67045E-30 3.42281E-09 2.10573E-15 6.46970E-17 5.57881E-17
 2.09566E-09 2.88490E-21 6.08117E-15 1.35908E-17 1.86837E-13 5.68130E-11 3.51108E-13 2.24404E-18
 1.21780E-06 3.92768E-10 1.02115E-03 4.04635E-11 1.12756E-08 6.51734E-07 5.66663E-11 1.63505E-09
 9.88698E-03 1.91934E-02 1.79452E-04 2.41706E-06 2.28439E-08 4.93871E-09 8.29112E-11 7.99531E-11
 9.47463E-17 9.34346E-14 1.07678E-12 8.08297E-18 9.71539E-21 9.04015E-30 3.41430E-09 2.41614E-15
 7.59787E-17 6.41622E-17 2.10416E-09 2.64531E-21 5.73937E-15 1.41707E-17 2.03195E-13 5.67686E-11
 3.49793E-13 2.16589E-18 1.25542E-06 4.56442E-10 1.02631E-03 4.84930E-11 1.14170E-08 6.17395E-07
 5.13749E-11 2.04612E-09 9.88692E-03 1.91908E-02 1.77208E-04 2.42100E-06 2.61882E-08 4.92120E-09
 8.64712E-11 7.60983E-11 9.83128E-17 8.82293E-14 8.75498E-13 7.44170E-18 7.40692E-21 1.07320E-29
 3.40523E-09 2.83299E-15 8.97799E-17 7.41387E-17 2.11323E-09 2.44086E-21 5.37036E-15 1.47118E-17
 2.20885E-13 5.67203E-11 3.48182E-13 2.10561E-18 1.29237E-06 5.31938E-10 1.03182E-03 5.87208E-11
 1.15692E-08 5.82941E-07 4.63470E-11 2.57872E-09 9.88685E-03 1.91881E-02 1.74720E-04 2.41020E-06
 3.01229E-08 4.90385E-09 9.00913E-11 7.21450E-11 1.02977E-16 8.43029E-14 7.08388E-13 6.84718E-18
 5.64718E-21 1.30326E-29 3.39556E-09 3.40234E-15 1.07017E-16 8.62868E-17 2.12291E-09 2.27534E-21
 4.97470E-15 1.52089E-17 2.39827E-13 5.66679E-11 3.46248E-13 2.06075E-18 1.32710E-06 6.21597E-10
 1.03771E-03 7.21774E-11 1.17402E-08 5.48480E-07 4.16702E-11 3.27711E-09 9.88680E-03 1.91852E-02
 1.71964E-04 2.38104E-06 3.47020E-08 4.88669E-09 9.37957E-11 6.80773E-11 1.09779E-16 8.17748E-14
 5.70153E-13 6.31065E-18 4.31219E-21 1.69245E-29 3.38524E-09 4.18988E-15 1.29523E-16 1.01602E-16
 2.13322E-09 2.15576E-21 4.55346E-15 1.56639E-17 2.59953E-13 5.66111E-11 3.43963E-13 2.03065E-18
 1.35717E-06 7.28698E-10 1.04397E-03 9.07366E-11 1.19348E-08 5.14097E-07 3.75706E-11 4.20262E-09
 9.88675E-03 1.91821E-02 1.68915E-04 2.32909E-06 3.98682E-08 4.86978E-09 9.76120E-11 6.38768E-11
 1.20910E-16 8.08113E-14 4.56236E-13 5.86299E-18 3.30769E-21 2.56246E-29 3.37426E-09 5.28732E-15
 1.61138E-16 1.21883E-16 2.14420E-09 2.09217E-21 4.10865E-15 1.60865E-17 2.81225E-13 5.65499E-11
 3.41294E-13 2.01682E-18 1.37926E-06 8.58564E-10 1.05061E-03 1.17951E-10 1.21561E-08 4.79862E-07
 3.43985E-11 5.44059E-09 9.88671E-03 1.91789E-02 1.65554E-04 2.24933E-06 4.53465E-08 4.85324E-09
 1.01574E-10 5.95208E-11 1.40811E-16 8.16006E-14 3.62660E-13 5.55686E-18 2.55988E-21 4.94991E-29
 3.36263E-09 6.81873E-15 2.10090E-16 1.50412E-16 2.15584E-09 2.09644E-21 3.64388E-15 1.64870E-17
 3.03476E-13 5.64841E-11 3.38200E-13 2.02249E-18 1.38941E-06 1.02004E-09 1.05758E-03 1.61231E-10
 1.24189E-08 4.45847E-07 3.26377E-11 7.09626E-09 9.88669E-03 1.91756E-02 1.61877E-04 2.13672E-06
 5.04748E-08 4.83722E-09 1.05614E-10 5.50923E-11 1.79025E-16 8.42923E-14 2.85965E-13 5.50556E-18
 2.00973E-21 1.18853E-28 3.35038E-09 8.94317E-15 2.96707E-16 1.93173E-16 2.16808E-09 2.17915E-21
 3.16563E-15 1.68591E-17 3.25616E-13 5.64148E-11 3.34629E-13 2.05236E-18 1.38427E-06 1.22591E-09
 1.06484E-03 2.32764E-10 1.28069E-08 4.11987E-07 3.18862E-11 9.40635E-09 9.88669E-03 1.91721E-02
 1.57887E-04 1.98695E-06 5.51505E-08 4.82192E-09 1.09948E-10 5.03985E-11 2.48203E-16 8.88464E-14
 2.22845E-13 5.68820E-18 1.60644E-21 2.99818E-28 3.33762E-09 1.18553E-14 4.54505E-16 2.59948E-16
 2.18084E-09 2.34039E-21 2.68291E-15 1.71646E-17 3.43910E-13 5.63459E-11 3.30494E-13 2.08584E-18
 1.36160E-06 1.49200E-09 1.07234E-03 3.55423E-10 1.34496E-08 3.77919E-07 3.14465E-11 1.27838E-08
 9.88671E-03 1.91685E-02 1.53586E-04 1.79654E-06 5.94939E-08 4.80751E-09 1.14778E-10 4.52621E-11
 3.70634E-16 9.49641E-14 1.70323E-13 6.09399E-18 1.31003E-21 7.25251E-28 3.32442E-09 1.57894E-14
 7.50030E-16 3.68358E-16 2.19403E-09 2.56725E-21 2.20554E-15 1.73241E-17 3.53115E-13 5.62827E-11
 3.25623E-13 2.09301E-18 1.31995E-06 1.83882E-09 1.08004E-03 5.74862E-10 1.44945E-08 3.42914E-07
 3.06406E-11 1.79261E-08 9.88677E-03 1.91649E-02 1.48967E-04 1.56312E-06 6.34668E-08 4.79410E-09
 1.20266E-10 3.95381E-11 5.89045E-16 1.01989E-13 1.26009E-13 6.79191E-18 1.09043E-21 1.67217E-27
 3.31085E-09 2.10001E-14 1.32318E-15 5.51655E-16 2.20759E-09 2.82903E-21 1.74370E-15 1.72170E-17
 3.48552E-13 5.62298E-11 3.19710E-13 2.04568E-18 1.25772E-06 2.29747E-09 1.08787E-03 9.88548E-10
 1.60589E-08 3.05825E-07 2.91873E-11 2.60077E-08 9.88688E-03 1.91613E-02 1.44027E-04 1.28660E-06
 6.62005E-08 4.78181E-09 1.26504E-10 3.31356E-11 9.94829E-16 1.08758E-13 8.83283E-14 8.09641E-18
 9.25687E-22 3.71569E-27 3.29700E-09 2.76759E-14 2.49973E-15 8.72761E-16 2.22144E-09 3.06901E-21
 1.30804E-15 1.66936E-17 3.28021E-13 5.61895E-11 3.12219E-13 1.92931E-18 1.17223E-06 2.93555E-09
 1.09572E-03 1.81396E-09 1.80477E-08 2.65057E-07 2.70636E-11 3.94745E-08 9.88703E-03 1.91577E-02
 1.38782E-04 9.72762E-07 6.59527E-08 4.77078E-09 1.33671E-10 2.58668E-11 1.79075E-15 1.13357E-13
 5.66462E-14 1.07745E-17 7.98757E-22 7.89045E-27 3.28303E-09 3.56822E-14 5.08575E-15 1.44029E-15
 2.23539E-09 3.19238E-21 9.10035E-16 1.56131E-17 2.93701E-13 5.61600E-11 3.02208E-13 1.74181E-18
 1.05905E-06 3.94691E-09 1.10335E-03 3.55849E-09 1.95692E-08 2.18844E-07 2.41396E-11 6.54170E-08
 9.88726E-03 1.91541E-02 1.33299E-04 6.40922E-07 6.07175E-08 4.76120E-09 1.42008E-10 1.74738E-11
 3.42868E-15 1.13034E-13 3.13343E-14 1.63850E-17 6.94252E-22 1.54130E-26 3.26928E-09 4.39908E-14
 1.11927E-14 2.38297E-15 2.24913E-09 3.07294E-21 5.62779E-16 1.37833E-17 2.52213E-13 5.61356E-11
 2.87931E-13 1.48138E-18 9.11545E-07 5.84825E-09 1.11031E-03 7.39788E-09 1.83557E-08 1.67426E-07
 2.00195E-11 1.28705E-07 9.88756E-03 1.91509E-02 1.27770E-04 3.36047E-07 4.90559E-08 4.75332E-09
 1.50703E-10 8.75561E-12 6.81377E-15 1.05268E-13 1.36452E-14 2.75929E-17 6.00383E-22 2.55920E-26
 3.25637E-09 5.00265E-14 2.65286E-14 3.60470E-15 2.26202E-09 2.64593E-21 2.85850E-16 1.06989E-17
 2.07915E-13 5.61146E-11 2.85371E-13 1.12977E-18 7.32220E-07 9.55191E-09 1.11585E-03 1.55459E-08
 1.39055E-08 1.18563E-07 1.53004E-11 3.01202E-07 9.88792E-03 1.91482E-02 1.22683E-04 1.26898E-07
 3.25962E-08 4.74750E-09 1.56495E-10 2.95697E-12 1.30952E-14 9.16276E-14 4.30409E-15 4.76202E-17
 5.20484E-22 3.23534E-26 3.24547E-09 5.11741E-14 6.48833E-14 4.35807E-15 2.27288E-09 2.09438E-21
 1.08445E-16 6.38705E-18 1.55712E-13 5.61080E-11 2.95867E-13 7.16677E-19 5.75509E-07 2.14455E-08
 1.11897E-03 3.01949E-08 1.00512E-08 8.69849E-08 1.64596E-11 6.63441E-07 9.88821E-03 1.91466E-02
 1.19189E-04 3.91247E-08 1.80018E-08 4.74424E-09 1.58543E-10 9.05523E-13 2.18051E-14 7.99508E-14
 1.11666E-15 7.83729E-17 4.73150E-22 3.07167E-26 3.23860E-09 4.91908E-14 1.48011E-13 3.83172E-15
 2.27966E-09 1.73033E-21 3.52066E-17 3.00750E-18 1.07008E-13 5.61168E-11 3.09917E-13 4.14767E-19
 2.86228E+02 2.82642E+02 2.78890E+02 2.74939E+02 2.71004E+02 2.67032E+02 2.63462E+02 2.60698E+02
 2.58627E+02 2.57127E+02 2.56200E+02 2.55784E+02 2.55487E+02 2.55129E+02 2.54703E+02 2.54227E+02
 2.53701E+02 2.53144E+02 2.52569E+02 2.51978E+02 2.51370E+02 2.50738E+02 2.50070E+02 2.49347E+02
 2.48560E+02 2.47758E+02 2.46955E+02 2.46147E+02 2.45353E+02 2.44562E+02 2.43771E+02 2.42981E+02
 2.42196E+02 2.41420E+02 2.40664E+02 2.39944E+02 2.39264E+02 2.38626E+02 2.38034E+02 2.37482E+02
 2.36964E+02 2.36478E+02 2.36016E+02 2.35578E+02 2.35166E+02 2.34792E+02 2.34483E+02 2.34268E+02
 2.34167E+02 2.34190E+02 2.34347E+02 2.34642E+02 2.35065E+02 2.35595E+02 2.36223E+02 2.36951E+02
 2.37786E+02 2.38731E+02 2.39780E+02 2.40912E+02 2.42089E+02 2.43279E+02 2.44458E+02 2.45610E+02
 2.46733E+02 2.47838E+02 2.48940E+02 2.50047E+02 2.51167E+02 2.52315E+02 2.53480E+02 2.54603E+02
 2.55636E+02 2.56554E+02 2.57338E+02 2.57973E+02 2.58471E+02 2.58840E+02 2.59097E+02 2.59256E+02
 2.59332E+02 2.59345E+02 2.59341E+02 2.59323E+02 2.59317E+02 2.59359E+02 2.59429E+02 2.59358E+02
 2.58757E+02 2.56987E+02 2.52898E+02 2.46999E+02 2.40182E+02 2.33287E+02 2.26591E+02 2.20087E+02
 2.13769E+02 2.07633E+02 2.01673E+02 1.95884E+02 1.00000E+05 1.00000E+05 1.00000E+05 1.00000E+05
 1.00000E+05 1.00000E+05 1.00000E+05 1.00000E+05 9.52758E+04 6.92150E+04 3.43950E+04 1.59705E+04
 8.47053E+03 5.64176E+03 4.49724E+03 4.01263E+03 3.90658E+03 3.99118E+03 4.33395E+03 4.85966E+03
 5.49805E+03 6.29871E+03 7.21063E+03 8.22132E+03 9.28821E+03 1.04576E+04 1.17576E+04 1.30000E+04
 1.43800E+04 1.59921E+04 1.75918E+04 1.93642E+04 2.14011E+04 2.38650E+04 2.69055E+04 3.00653E+04
 3.36653E+04 3.78445E+04 4.20679E+04 4.68626E+04 5.27639E+04 5.95145E+04 6.60866E+04 7.38321E+04
 8.26403E+04 9.14468E+04 1.01357E+05 1.12350E+05 1.25537E+05 1.41787E+05 1.59813E+05 1.78234E+05
 1.97418E+05 2.21216E+05 2.48700E+05 2.75226E+05 3.06216E+05 3.43084E+05 3.82847E+05 4.28453E+05
 4.80118E+05 5.29242E+05 5.83321E+05 6.42995E+05 7.08692E+05 7.81134E+05 8.60950E+05 9.48889E+05
 9.95224E+05 1.00000E+06 1.00000E+06 1.00000E+06 1.00000E+06 1.00000E+06 1.00000E+06 1.00000E+06
 1.00000E+06 1.00000E+06 1.00000E+06 1.00000E+06 1.00000E+06 1.00000E+06 1.00000E+06 1.00000E+06
 1.00000E+06 1.00000E+06 1.00000E+06 1.00000E+06 1.00000E+06 1.00000E+06 1.00000E+06 1.00000E+06
 1.00000E+06 1.00000E+06 1.00000E+06 1.00000E+06 1.00000E+06 1.00000E+06 1.00000E+06 1.00000E+06
 2.45570E+19 2.28014E+19 2.11638E+19 1.96381E+19 1.82018E+19 1.68546E+19 1.55667E+19 1.43195E+19
 1.31274E+19 1.20008E+19 1.09421E+19 9.95472E+18 9.05122E+18 8.23086E+18 7.48595E+18 6.80878E+18
 6.19305E+18 5.63269E+18 5.12244E+18 4.65777E+18 4.23469E+18 3.84958E+18 3.49922E+18 3.18066E+18
 2.89108E+18 2.62728E+18 2.38687E+18 2.16788E+18 1.96830E+18 1.78655E+18 1.62111E+18 1.47056E+18
 1.33356E+18 1.20894E+18 1.09555E+18 9.92374E+17 8.98525E+17 8.13203E+17 7.35671E+17 6.65275E+17
 6.01405E+17 5.43492E+17 4.91017E+17 4.43488E+17 4.00451E+17 3.61479E+17 3.26170E+17 2.94164E+17
 2.65157E+17 2.38886E+17 2.15109E+17 1.93608E+17 1.74194E+17 1.56693E+17 1.40931E+17 1.26743E+17
 1.13974E+17 1.02488E+17 9.21613E+16 8.28892E+16 7.45752E+16 6.71278E+16 6.04593E+16 5.44874E+16
 4.91359E+16 4.43350E+16 4.00227E+16 3.61464E+16 3.26593E+16 2.95196E+16 2.66927E+16 2.41520E+16
 2.18706E+16 1.98215E+16 1.79801E+16 1.63238E+16 1.48315E+16 1.34847E+16 1.22673E+16 1.11650E+16
 1.01658E+16 9.25848E+15 8.43296E+15 7.68158E+15 6.99693E+15 6.37232E+15 5.80307E+15 5.28766E+15
 4.82743E+15 4.42551E+15 4.09013E+15 3.80174E+15 3.54035E+15 3.29129E+15 3.05060E+15 2.81882E+15
 2.59641E+15 2.38375E+15 2.18117E+15 1.98892E+15 3.28767E-12 3.75525E-12 4.77171E-12 6.33585E-12
 8.40599E-12 1.09975E-11 1.41512E-11 1.79267E-11 2.25057E-11 2.89626E-11 4.14829E-11 6.91164E-11
 1.26733E-10 2.22131E-10 3.44024E-10 4.71689E-10 5.87879E-10 6.84016E-10 7.57952E-10 8.11444E-10
 8.48726E-10 8.73791E-10 8.89838E-10 8.99336E-10 9.04055E-10 9.05220E-10 9.03702E-10 9.00116E-10
 8.94888E-10 8.88381E-10 8.80850E-10 8.72468E-10 8.63421E-10 8.53905E-10 8.44130E-10 8.34199E-10
 8.24149E-10 8.14067E-10 8.03960E-10 7.93819E-10 7.83738E-10 7.73802E-10 7.63958E-10 7.54172E-10
 7.44496E-10 7.34892E-10 7.25320E-10 7.15793E-10 7.06353E-10 6.97087E-10 6.88090E-10 6.79222E-10
 6.70418E-10 6.61784E-10 6.53343E-10 6.44958E-10 6.36677E-10 6.28555E-10 6.20561E-10 6.12722E-10
 6.05047E-10 5.97411E-10 5.89818E-10 5.82278E-10 5.74793E-10 5.67372E-10 5.60016E-10 5.52730E-10
 5.45153E-10 5.36939E-10 5.28010E-10 5.18322E-10 5.07839E-10 4.96526E-10 4.84352E-10 4.71290E-10
 4.57319E-10 4.42426E-10 4.26605E-10 4.09861E-10 3.92214E-10 3.73692E-10 3.54345E-10 3.34236E-10
 3.13452E-10 2.92096E-10 2.70300E-10 2.48223E-10 2.26063E-10 2.04054E-10 1.82475E-10 1.61551E-10
 1.41447E-10 1.22307E-10 1.04258E-10 8.74559E-11 7.20562E-11 5.81838E-11 4.59415E-11 3.53946E-11
 7.33564E+00 6.47746E+00 6.68289E+00 7.19954E+00 8.24857E+00 9.30747E+00 1.04465E+01 1.16791E+01
 1.29309E+01 1.42665E+01 1.67201E+01 2.41724E+01 3.98409E+01 6.33349E+01 8.92081E+01 1.11365E+02
 1.26367E+02 1.33743E+02 1.34780E+02 1.31203E+02 1.24760E+02 1.16753E+02 1.08059E+02 9.92841E+01
 9.07362E+01 8.25725E+01 7.48930E+01 6.77512E+01 6.11496E+01 5.51039E+01 4.95881E+01 4.45619E+01
 3.99953E+01 3.58576E+01 3.21102E+01 2.87113E+01 2.56442E+01 2.28728E+01 2.03728E+01 1.81271E+01
 1.61196E+01 1.43238E+01 1.27196E+01 1.12876E+01 1.00105E+01 8.87156E+00 7.85295E+00 6.93971E+00
 6.12136E+00 5.39634E+00 4.74981E+00 4.17365E+00 3.66174E+00 3.21638E+00 2.82342E+00 2.47638E+00
 2.17173E+00 1.90345E+00 1.66980E+00 1.46682E+00 1.28888E+00 1.13293E+00 9.96627E-01 8.78757E-01
 7.75430E-01 6.85312E-01 6.05975E-01 5.36285E-01 4.74624E-01 4.19568E-01 3.70424E-01 3.26708E-01
 2.87944E-01 2.53695E-01 2.23325E-01 1.96362E-01 1.72391E-01 1.51057E-01 1.32053E-01 1.15116E-01
 1.00022E-01 8.65728E-02 7.45868E-02 6.39314E-02 5.44790E-02 4.61159E-02 3.87588E-02 3.23619E-02
 2.69002E-02 2.23451E-02 1.86900E-02 1.56600E-02 1.30391E-02 1.07250E-02 8.67194E-03 6.90833E-03
 5.42522E-03 4.19066E-03 3.18830E-03 2.39624E-03 1.00000E-12 1.00000E-12 1.00000E-12 1.00000E-12
 1.00000E-12 1.00000E-12 1.00000E-12 1.00000E-12 1.00000E-12 1.00000E-12 1.00000E-12 1.00000E-12
 1.00000E-12 1.00000E-12 1.00000E-12 1.00000E-12 1.00000E-12 1.00000E-12 1.00000E-12 1.00000E-12
 1.00000E-12 1.00000E-12 1.00000E-12 1.00000E-12 1.00000E-12 1.00000E-12 1.00000E-12 1.00000E-12
 1.00000E-12 1.00000E-12 1.00000E-12 1.00000E-12 1.00000E-12 1.00000E-12 1.00000E-12 1.00000E-12
 1.00000E-12 1.00000E-12 1.00000E-12 1.00000E-12 1.00000E-12 1.00000E-12 1.00000E-12 1.00000E-12
 1.00000E-12 1.00000E-12 1.00000E-12 1.00000E-12 1.00000E-12 1.00000E-12 1.00000E-12 1.00000E-12
 1.00000E-12 1.00000E-12 1.00000E-12 1.00000E-12 1.00000E-12 1.00000E-12 1.00000E-12 1.00000E-12
 1.00000E-12 1.00000E-12 1.00000E-12 1.00000E-12 1.00000E-12 1.00000E-12 1.00000E-12 1.00000E-12
 1.00000E-12 1.00000E-12 1.00000E-12 1.00000E-12 1.00000E-12 1.00000E-12 1.00000E-12 1.00000E-12
 1.00000E-12 1.00000E-12 1.00000E-12 1.00000E-12 1.00000E-12 1.00000E-12 1.00000E-12 1.00000E-12
 1.00000E-12 1.00000E-12 1.00000E-12 1.00000E-12 1.00000E-12 1.00000E-12 1.00000E-12 1.00000E-12
 1.00000E-12 1.00000E-12 1.00000E-12 1.00000E-12 1.00000E-12 1.00000E-12 1.00000E-12 1.00000E-12
 1.00000E-12 1.00000E-12 1.00000E-12 1.00000E-12 1.00000E-12 1.00000E-12 1.00000E-12 1.00000E-12
 1.00000E-12 1.00000E-12 1.00000E-12 1.00000E-12 1.00000E-12 1.00000E-12 1.00000E-12 1.00000E-12
 1.00000E-12 1.00000E-12 1.00000E-12 1.00000E-12 1.00000E-12 1.00000E-12 1.00000E-12 1.00000E-12
 1.00000E-12 1.00000E-12 1.00000E-12 1.00000E-12 1.00000E-12 1.00000E-12 1.00000E-12 1.00000E-12
 1.00000E-12 1.00000E-12 1.00000E-12 1.00000E-12 1.00000E-12 1.00000E-12 1.00000E-12 1.00000E-12
 1.00000E-12 1.00000E-12 1.00000E-12 1.00000E-12 1.00000E-12 1.00000E-12 1.00000E-12 1.00000E-12
 1.00000E-12 1.00000E-12 1.00000E-12 1.00000E-12 1.00000E-12 1.00000E-12 1.00000E-12 1.00000E-12
 1.00000E-12 1.00000E-12 1.00000E-12 1.00000E-12 1.00000E-12 1.00000E-12 1.00000E-12 1.00000E-12
 1.00000E-12 1.00000E-12 1.00000E-12 1.00000E-12 1.00000E-12 1.00000E-12 1.00000E-12 1.00000E-12
 1.00000E-12 1.00000E-12 1.00000E-12 1.00000E-12 1.00000E-12 1.00000E-12 1.00000E-12 1.00000E-12
 1.00000E-12 1.00000E-12 1.00000E-12 1.00000E-12 1.00000E-12 1.00000E-12 1.00000E-12 1.00000E-12
 1.00000E-12 1.00000E-12 1.00000E-12 1.00000E-12 1.00000E-12 1.00000E-12 1.00000E-12 1.00000E-12
 1.00000E-12 1.00000E-12 1.00000E-12 1.00000E-12 2.74849E-04 2.97790E-04 3.21778E-04 3.49740E-04
 3.76381E-04 4.06612E-04 4.39198E-04 4.73730E-04 5.11949E-04 5.58883E-04 6.20554E-04 6.78134E-04
 7.33997E-04 7.93680E-04 8.59032E-04 9.31001E-04 1.01063E-03 1.09899E-03 1.19675E-03 1.30488E-03
 1.42450E-03 1.55683E-03 1.70325E-03 1.86506E-03 2.04408E-03 2.24234E-03 2.46199E-03 2.70535E-03
 2.97512E-03 3.27392E-03 3.60500E-03 3.97220E-03 4.37960E-03 4.83179E-03 5.33436E-03 5.89382E-03
 6.51606E-03 7.20925E-03 7.98174E-03 8.84190E-03 9.79888E-03 1.08648E-02 1.20518E-02 1.33739E-02
 1.48468E-02 1.64881E-02 1.83193E-02 2.03657E-02 2.26544E-02 2.52044E-02 2.80556E-02 3.12432E-02
 3.48047E-02 3.87497E-02 4.31442E-02 4.80388E-02 5.34764E-02 5.95262E-02 6.62184E-02 7.36044E-02
 8.17850E-02 9.08355E-02 1.00830E-01 1.11798E-01 1.23892E-01 1.37179E-01 1.51822E-01 1.67928E-01
 1.85643E-01 2.05154E-01 2.26630E-01 2.50232E-01 2.76122E-01 3.04446E-01 3.35465E-01 3.69437E-01
 4.06647E-01 4.47413E-01 4.92088E-01 5.41061E-01 5.94767E-01 6.53692E-01 7.18408E-01 7.89494E-01
 8.67618E-01 9.53540E-01 1.04799E+00 1.15141E+00 1.26373E+00 1.38414E+00 1.51040E+00 1.64586E+00
 1.79586E+00 1.96481E+00 2.15766E+00 2.37474E+00 2.61742E+00 2.88971E+00 3.19240E+00 3.52448E+00
 1.00000E+00 1.00000E+00 1.00000E+00 1.00000E+00 1.00000E+00 1.00000E+00 1.00000E+00 1.00000E+00
 1.00000E+00 1.00000E+00 1.00000E+00 1.00000E+00 1.00000E+00 1.00000E+00 1.00000E+00 1.00000E+00
 1.00000E+00 1.00000E+00 1.00000E+00 1.00000E+00 1.00000E+00 1.00000E+00 1.00000E+00 1.00000E+00
 1.00000E+00 1.00000E+00 1.00000E+00 1.00000E+00 1.00000E+00 1.00000E+00 1.00000E+00 1.00000E+00
 1.00000E+00 1.00000E+00 1.00000E+00 1.00000E+00 1.00000E+00 1.00000E+00 1.00000E+00 1.00000E+00
 1.00000E+00 1.00000E+00 1.00000E+00 1.00000E+00 1.00000E+00 1.00000E+00 1.00000E+00 1.00000E+00
 1.00000E+00 1.00000E+00 1.00000E+00 1.00000E+00 1.00000E+00 1.00000E+00 1.00000E+00 1.00000E+00
 1.00000E+00 1.00000E+00 1.00000E+00 1.00000E+00 1.00000E+00 1.00000E+00 1.00000E+00 1.00000E+00
 1.00000E+00 1.00000E+00 1.00000E+00 1.00000E+00 1.00000E+00 1.00000E+00 1.00000E+00 1.00000E+00
 1.00000E+00 1.00000E+00 1.00000E+00 1.00000E+00 1.00000E+00 1.00000E+00 1.00000E+00 1.00000E+00
 1.00000E+00 1.00000E+00 1.00000E+00 1.00000E+00 1.00000E+00 1.00000E+00 1.00000E+00 1.00000E+00
 1.00000E+00 1.00000E+00 1.00000E+00 1.00000E+00 1.00000E+00 1.00000E+00 1.00000E+00 1.00000E+00
 1.00000E+00 1.00000E+00 1.00000E+00 1.00000E+00 1.00000E+00 1.00000E+00 1.00000E+00 1.00000E+00
 1.00000E+00 1.00000E+00 1.00000E+00 1.00000E+00 1.00000E+00 1.00000E+00 1.00000E+00 1.00000E+00
 1.00000E+00 1.00000E+00 1.00000E+00 1.00000E+00 1.00000E+00 1.00000E+00 1.00000E+00 1.00000E+00
 1.00000E+00 1.00000E+00 1.00000E+00 1.00000E+00 1.00000E+00 1.00000E+00 1.00000E+00 1.00000E+00
 1.00000E+00 1.00000E+00 1.00000E+00 1.00000E+00 1.00000E+00 1.00000E+00 1.00000E+00 1.00000E+00
 1.00000E+00 1.00000E+00 1.00000E+00 1.00000E+00 1.00000E+00 1.00000E+00 1.00000E+00 1.00000E+00
 1.00000E+00 1.00000E+00 1.00000E+00 1.00000E+00 1.00000E+00 1.00000E+00 1.00000E+00 1.00000E+00
 1.00000E+00 1.00000E+00 1.00000E+00 1.00000E+00 1.00000E+00 1.00000E+00 1.00000E+00 1.00000E+00
 1.00000E+00 1.00000E+00 1.00000E+00 1.00000E+00 1.00000E+00 1.00000E+00 1.00000E+00 1.00000E+00
 1.00000E+00 1.00000E+00 1.00000E+00 1.00000E+00 1.00000E+00 1.00000E+00 1.00000E+00 1.00000E+00
 1.00000E+00 1.00000E+00 1.00000E+00 1.00000E+00 1.00000E+00 1.00000E+00 1.00000E+00 1.00000E+00
 1.00000E+00 1.00000E+00 1.00000E+00 1.00000E+00 1.00000E+00 1.00000E+00 1.00000E+00 1.00000E+00
 1.00000E+00 1.00000E+00 1.00000E+00 1.00000E+00 1.00000E+00 1.00000E+00 1.00000E+00 1.00000E+00
 1.00000E-05 1.00000E-05 1.00000E-05 1.00000E-05 1.00000E-05 1.00000E-05 1.00000E-05 1.00000E-05
 1.00000E-05 1.00000E-05 1.00000E-05 1.00000E-05 1.00000E-05 1.00000E-05 1.00000E-05 1.00000E-05
 1.00000E-05 1.00000E-05 1.00000E-05 1.00000E-05 1.00000E-05 1.00000E-05 1.00000E-05 1.00000E-05
 1.00000E-05 1.00000E-05 1.00000E-05 1.00000E-05 1.00000E-05 1.00000E-05 1.00000E-05 1.00000E-05
 1.00000E-05 1.00000E-05 1.00000E-05 1.00000E-05 1.00000E-05 1.00000E-05 1.00000E-05 1.00000E-05
 1.00000E-05 1.00000E-05 1.00000E-05 1.00000E-05 1.00000E-05 1.00000E-05 1.00000E-05 1.00000E-05
 1.00000E-05 1.00000E-05 1.00000E-05 1.00000E-05 1.00000E-05 1.00000E-05 1.00000E-05 1.00000E-05
 1.00000E-05 1.00000E-05 1.00000E-05 1.00000E-05 1.00000E-05 1.00000E-05 1.00000E-05 1.00000E-05
 1.00000E-05 1.00000E-05 1.00000E-05 1.00000E-05 1.00000E-05 1.00000E-05 1.00000E-05 1.00000E-05
 1.00000E-05 1.00000E-05 1.00000E-05 1.00000E-05 1.00000E-05 1.00000E-05 1.00000E-05 1.00000E-05
 1.00000E-05 1.00000E-05 1.00000E-05 1.00000E-05 1.00000E-05 1.00000E-05 1.00000E-05 1.00000E-05
 1.00000E-05 1.00000E-05 1.00000E-05 1.00000E-05 1.00000E-05 1.00000E-05 1.00000E-05 1.00000E-05
 1.00000E-05 1.00000E-05 1.00000E-05 1.00000E-05 1.00000E-09 1.00000E-09 1.00000E-09 1.00000E-09
 1.00000E-09 1.00000E-09 1.00000E-09 1.00000E-09 1.00000E-09 1.00000E-09 1.00000E-09 1.00000E-09
 1.00000E-09 1.00000E-09 1.00000E-09 1.00000E-09 1.00000E-09 1.00000E-09 1.00000E-09 1.00000E-09
 1.00000E-09 1.00000E-09 1.00000E-09 1.00000E-09 1.00000E-09 1.00000E-09 1.00000E-09 1.00000E-09
 1.00000E-09 1.00000E-09 1.00000E-09 1.00000E-09 1.00000E-09 1.00000E-09 1.00000E-09 1.00000E-09
 1.00000E-09 1.00000E-09 1.00000E-09 1.00000E-09 1.00000E-09 1.00000E-09 1.00000E-09 1.00000E-09
 1.00000E-09 1.00000E-09 1.00000E-09 1.00000E-09 1.00000E-09 1.00000E-09 1.00000E-09 1.00000E-09
 1.00000E-09 1.00000E-09 1.00000E-09 1.00000E-09 1.00000E-09 1.00000E-09 1.00000E-09 1.00000E-09
 1.00000E-09 1.00000E-09 1.00000E-09 1.00000E-09 1.00000E-09 1.00000E-09 1.00000E-09 1.00000E-09
 1.00000E-09 1.00000E-09 1.00000E-09 1.00000E-09 1.00000E-09 1.00000E-09 1.00000E-09 1.00000E-09
 1.00000E-09 1.00000E-09 1.00000E-09 1.00000E-09 1.00000E-09 1.00000E-09 1.00000E-09 1.00000E-09
 1.00000E-09 1.00000E-09 1.00000E-09 1.00000E-09 1.00000E-09 1.00000E-09 1.00000E-09 1.00000E-09
 1.00000E-09 1.00000E-09 1.00000E-09 1.00000E-09 1.00000E-09 1.00000E-09 1.00000E-09 1.00000E-09
 1.00000E-09 1.00000E-09 1.00000E-09 1.00000E-09 1.00000E-09 1.00000E-09 1.00000E-09 1.00000E-09
 1.00000E-09 1.00000E-09 1.00000E-09 1.00000E-09 1.00000E-09 1.00000E-09 1.00000E-09 1.00000E-09
 1.00000E-09 1.00000E-09 1.00000E-09 1.00000E-09 1.00000E-09 1.00000E-09 1.00000E-09 1.00000E-09
 1.00000E-09 1.00000E-09 1.00000E-09 1.00000E-09 1.00000E-09 1.00000E-09 1.00000E-09 1.00000E-09
 1.00000E-09 1.00000E-09 1.00000E-09 1.00000E-09 1.00000E-09 1.00000E-09 1.00000E-09 1.00000E-09
 1.00000E-09 1.00000E-09 1.00000E-09 1.00000E-09 1.00000E-09 1.00000E-09 1.00000E-09 1.00000E-09
 1.00000E-09 1.00000E-09 1.00000E-09 1.00000E-09 1.00000E-09 1.00000E-09 1.00000E-09 1.00000E-09
 1.00000E-09 1.00000E-09 1.00000E-09 1.00000E-09 1.00000E-09 1.00000E-09 1.00000E-09 1.00000E-09
 1.00000E-09 1.00000E-09 1.00000E-09 1.00000E-09 1.00000E-09 1.00000E-09 1.00000E-09 1.00000E-09
 1.00000E-09 1.00000E-09 1.00000E-09 1.00000E-09 1.00000E-09 1.00000E-09 1.00000E-09 1.00000E-09
 1.00000E-09 1.00000E-09 1.00000E-09 1.00000E-09 1.00000E-09 1.00000E-09 1.00000E-09 1.00000E-09
 1.00000E-09 1.00000E-09 1.00000E-09 1.00000E-09 1.00000E-09 1.00000E-09 1.00000E-09 1.00000E-09
 1.00000E-09 1.00000E-09 1.00000E-09 1.00000E-09
