 1.78364E-10 1.39857E-19 3.04881E-02 1.67839E-19 3.13476E-13 2.35834E-11 1.34029E-09 1.95807E-24
 1.74590E-06 5.58495E-03 8.44950E-06 1.46801E-10 4.90982E-13 7.78858E-07 1.45296E-12 3.59226E-10
 1.55075E-20 9.54369E-11 2.42857E-14 1.63049E-14 8.21508E-16 1.19500E-42 1.33053E-08 1.83509E-18
 1.74400E-25 3.57469E-24 3.42752E-14 1.60866E-17 6.86661E-10 4.83816E-21 2.03124E-23 6.84397E-11
 5.05156E-17 1.59490E-14 2.13367E-10 1.71852E-19 2.66257E-02 2.25059E-19 3.68121E-13 2.91452E-11
 1.44597E-09 2.74084E-24 1.74622E-06 5.58430E-03 8.45035E-06 1.81942E-10 5.57972E-13 7.78784E-07
 1.67605E-12 4.04784E-10 2.19249E-20 1.28189E-10 4.00389E-14 1.66779E-14 1.11407E-15 2.39090E-42
 1.33034E-08 2.47822E-18 2.35419E-25 4.67734E-24 4.98326E-14 2.16783E-17 6.95486E-10 6.35796E-21
 2.84421E-23 1.12432E-10 9.74438E-17 2.76274E-14 2.64129E-10 2.12178E-19 2.28259E-02 2.87870E-19
 4.04849E-13 3.80006E-11 1.57128E-09 3.74898E-24 1.74658E-06 5.58365E-03 8.45141E-06 2.38480E-10
 5.95171E-13 7.78710E-07 1.92573E-12 4.49419E-10 2.94670E-20 1.65705E-10 6.15358E-14 1.69873E-14
 1.50443E-15 4.58123E-42 1.33016E-08 3.17706E-18 3.03210E-25 5.96594E-24 7.19851E-14 2.76884E-17
 7.04188E-10 7.97139E-21 3.80903E-23 1.58488E-10 1.68709E-16 4.14126E-14 3.31503E-10 2.62959E-19
 1.97575E-02 3.66204E-19 4.43374E-13 5.06357E-11 1.71737E-09 5.14593E-24 1.74700E-06 5.58301E-03
 8.45270E-06 3.19749E-10 6.35296E-13 7.78636E-07 2.18315E-12 4.92936E-10 3.88366E-20 2.08525E-10
 9.37995E-14 1.72195E-14 1.98519E-15 9.05975E-42 1.32998E-08 3.93972E-18 3.88472E-25 7.70658E-24
 1.02354E-13 3.41583E-17 7.12712E-10 9.94009E-21 5.08407E-23 2.07406E-10 2.58404E-16 5.77782E-14
 4.12173E-10 3.26680E-19 1.67369E-02 4.60952E-19 4.83299E-13 6.66830E-11 1.88546E-09 7.01348E-24
 1.74747E-06 5.58237E-03 8.45423E-06 4.24043E-10 6.76137E-13 7.78561E-07 2.44773E-12 5.34896E-10
 5.00709E-20 2.52777E-10 1.42516E-13 1.73913E-14 2.62826E-15 1.82480E-41 1.32979E-08 4.77558E-18
 4.92619E-25 9.99981E-24 1.40726E-13 4.11338E-17 7.20990E-10 1.22662E-20 6.73548E-23 2.58612E-10
 3.49510E-16 7.69203E-14 5.04517E-10 4.06485E-19 1.43123E-02 5.79246E-19 5.27134E-13 8.61790E-11
 2.07681E-09 9.51764E-24 1.74801E-06 5.58174E-03 8.45602E-06 5.52045E-10 7.22740E-13 7.78486E-07
 2.71387E-12 5.74522E-10 6.36838E-20 2.96303E-10 2.16705E-13 1.74546E-14 3.40159E-15 3.79394E-41
 1.32961E-08 5.69546E-18 6.23804E-25 1.31304E-23 1.87563E-13 4.86656E-17 7.28948E-10 1.51176E-20
 8.93550E-23 3.11354E-10 4.41532E-16 9.90073E-14 6.07575E-10 5.05972E-19 1.19649E-02 7.21921E-19
 5.73085E-13 1.09327E-10 2.29273E-09 1.27890E-23 1.74860E-06 5.58112E-03 8.45809E-06 7.05496E-10
 7.70838E-13 7.78410E-07 2.98148E-12 6.10686E-10 7.95905E-20 3.37596E-10 3.29952E-13 1.74058E-14
 4.41328E-15 8.04409E-41 1.32943E-08 6.71184E-18 7.83727E-25 1.73104E-23 2.43642E-13 5.68102E-17
 7.36501E-10 1.84930E-20 1.18089E-22 3.64702E-10 5.40692E-16 1.24177E-13 7.20718E-10 6.29664E-19
 1.00634E-02 8.98185E-19 6.23489E-13 1.36431E-10 2.53458E-09 1.70761E-23 1.74927E-06 5.58050E-03
 8.46046E-06 8.86799E-10 8.25004E-13 7.78334E-07 3.24204E-12 6.41767E-10 9.82299E-20 3.75615E-10
 5.03864E-13 1.71926E-14 5.58662E-15 1.76095E-40 1.32925E-08 7.83909E-18 9.83279E-25 2.30676E-23
 3.09957E-13 6.56296E-17 7.43550E-10 2.26138E-20 1.56534E-22 4.17530E-10 6.30200E-16 1.52530E-13
 8.43399E-10 7.82574E-19 8.28212E-03 1.10909E-18 6.76845E-13 1.67863E-10 2.80379E-09 2.25757E-23
 1.75001E-06 5.57988E-03 8.46315E-06 1.09883E-09 8.82045E-13 7.78257E-07 3.48761E-12 6.65601E-10
 1.18947E-19 4.09657E-10 7.72258E-13 1.67925E-14 7.03665E-15 3.95491E-40 1.32907E-08 9.09372E-18
 1.22494E-24 3.09080E-23 3.87676E-13 7.51926E-17 7.49986E-10 2.75039E-20 2.07321E-22 4.68485E-10
 7.16133E-16 1.84121E-13 9.75077E-10 9.70987E-19 6.81043E-03 1.33267E-18 7.34241E-13 2.04052E-10
 3.10183E-09 2.92759E-23 1.75083E-06 5.57927E-03 8.46619E-06 1.34484E-09 9.48783E-13 7.78180E-07
 3.58973E-12 6.79436E-10 1.34207E-19 4.39419E-10 1.18572E-12 1.61815E-14 8.62339E-15 8.82228E-40
 1.32889E-08 1.04947E-17 1.48564E-24 4.09829E-23 4.78129E-13 8.55747E-17 7.55683E-10 3.26575E-20
 2.69282E-22 5.15976E-10 7.92443E-16 2.18952E-13 1.11553E-09 1.20128E-18 5.48897E-03 1.57072E-18
 7.95067E-13 2.45459E-10 3.42754E-09 3.74327E-23 1.75174E-06 5.57866E-03 8.46960E-06 1.62828E-09
 1.02159E-12 7.78102E-07 3.58633E-12 6.83538E-10 1.44262E-19 4.64956E-10 1.83581E-12 1.53520E-14
 1.04494E-14 1.98168E-39 1.32871E-08 1.20638E-17 1.76849E-24 5.40132E-23 5.82781E-13 9.68589E-17
 7.60499E-10 3.81438E-20 3.46088E-22 5.58159E-10 8.63080E-16 2.56995E-13 1.26474E-09 1.48319E-18
 4.35703E-03 1.85818E-18 8.63263E-13 2.92560E-10 3.77798E-09 4.77995E-23 1.75274E-06 5.57806E-03
 8.47342E-06 1.95266E-09 1.10047E-12 7.78023E-07 3.57965E-12 6.80244E-10 1.55271E-19 4.86629E-10
 2.85396E-12 1.43755E-14 1.25210E-14 4.59917E-39 1.32853E-08 1.38262E-17 2.11370E-24 7.20260E-23
 7.03192E-13 1.09139E-16 7.64276E-10 4.47927E-20 4.48627E-22 5.92957E-10 9.28206E-16 2.98208E-13
 1.42245E-09 1.82964E-18 3.39110E-03 2.21371E-18 9.47385E-13 3.45809E-10 4.15079E-09 6.11027E-23
 1.75384E-06 5.57747E-03 8.47767E-06 2.32134E-09 1.19049E-12 7.77943E-07 3.56563E-12 6.71079E-10
 1.67603E-19 5.04942E-10 4.43715E-12 1.33374E-14 1.49579E-14 1.09432E-38 1.32836E-08 1.58118E-17
 2.54407E-24 9.73590E-23 8.40953E-13 1.22523E-16 7.66833E-10 5.30225E-20 5.86235E-22 6.18072E-10
 9.97060E-16 3.42526E-13 1.58828E-09 2.24822E-18 2.60269E-03 2.65536E-18 1.04117E-12 4.05655E-10
 4.54399E-09 7.80099E-23 1.75505E-06 5.57688E-03 8.48240E-06 2.73771E-09 1.28544E-12 7.77863E-07
 3.55401E-12 6.56673E-10 1.82231E-19 5.20551E-10 7.03281E-12 1.21678E-14 1.76808E-14 2.70832E-38
 1.32818E-08 1.80544E-17 3.08506E-24 1.32896E-22 9.97786E-13 1.37130E-16 7.67967E-10 6.32088E-20
 7.76136E-22 6.30992E-10 1.05652E-15 3.89866E-13 1.76155E-09 2.74725E-18 1.94860E-03 3.15287E-18
 1.11720E-12 4.72394E-10 4.95584E-09 9.86321E-23 1.75637E-06 5.57629E-03 8.48763E-06 3.20428E-09
 1.36662E-12 7.77781E-07 3.55467E-12 6.37026E-10 1.96769E-19 5.34034E-10 1.12502E-11 1.08637E-14
 2.08096E-14 6.81442E-38 1.32800E-08 2.05923E-17 3.70717E-24 1.79876E-22 1.17514E-12 1.53081E-16
 7.67446E-10 7.45836E-20 1.02723E-21 6.28974E-10 1.10065E-15 4.40103E-13 1.94161E-09 3.35657E-18
 1.43245E-03 3.51924E-18 1.17242E-12 5.46207E-10 5.38526E-09 1.21455E-22 1.75783E-06 5.57572E-03
 8.49342E-06 3.72278E-09 1.44692E-12 7.77697E-07 3.32326E-12 6.12422E-10 1.87081E-19 5.45802E-10
 1.73001E-11 9.61326E-15 2.43851E-14 1.54220E-37 1.32783E-08 2.34704E-17 4.18780E-24 2.31524E-22
 1.37407E-12 1.70520E-16 7.66889E-10 8.29559E-20 1.28170E-21 6.27855E-10 1.13147E-15 4.93154E-13
 2.12930E-09 4.13749E-18 1.14791E-03 4.17962E-18 1.26410E-12 6.27333E-10 5.82823E-09 1.54283E-22
 1.75942E-06 5.57514E-03 8.49982E-06 4.29537E-09 1.55221E-12 7.77612E-07 3.34294E-12 5.89846E-10
 2.00747E-19 5.56159E-10 2.48971E-11 8.61798E-15 2.65029E-14 3.65271E-37 1.32765E-08 2.67459E-17
 5.02273E-24 3.16615E-22 1.59566E-12 1.89641E-16 7.66292E-10 9.81812E-20 1.66736E-21 6.27351E-10
 1.17293E-15 5.49160E-13 2.32460E-09 5.13400E-18 9.52297E-04 5.00111E-18 1.39573E-12 7.15989E-10
 6.28648E-09 1.97289E-22 1.76117E-06 5.57457E-03 8.50689E-06 4.92454E-09 1.68726E-12 7.77525E-07
 3.34807E-12 5.68708E-10 2.14802E-19 5.65235E-10 3.41348E-11 7.81450E-15 2.80065E-14 8.32263E-37
 1.32747E-08 3.04880E-17 6.05933E-24 4.37458E-22 1.84108E-12 2.10674E-16 7.65651E-10 1.17108E-19
 2.15295E-21 6.27265E-10 1.23182E-15 6.08246E-13 2.52748E-09 6.36539E-18 7.82880E-04 5.90613E-18
 1.51066E-12 8.12273E-10 6.76159E-09 2.50607E-22 1.76309E-06 5.57401E-03 8.51471E-06 5.61246E-09
 1.81644E-12 7.77436E-07 3.36785E-12 5.47699E-10 2.27451E-19 5.73100E-10 4.57044E-11 7.04317E-15
 2.95982E-14 1.84104E-36 1.32730E-08 3.47732E-17 7.21536E-24 5.95761E-22 2.11140E-12 2.33851E-16
 7.64961E-10 1.37955E-19 2.74958E-21 6.27464E-10 1.29545E-15 6.70493E-13 2.73807E-09 7.88665E-18
 6.38835E-04 6.88883E-18 1.60384E-12 9.16345E-10 7.25512E-09 3.16408E-22 1.76520E-06 5.57344E-03
 8.52335E-06 6.36158E-09 1.93870E-12 7.77344E-07 3.39847E-12 5.26137E-10 2.38217E-19 5.79854E-10
 5.97999E-11 6.30217E-15 3.11601E-14 3.97691E-36 1.32712E-08 3.96866E-17 8.48723E-24 8.01411E-22
 2.40773E-12 2.59416E-16 7.64218E-10 1.60819E-19 3.48474E-21 6.27862E-10 1.35099E-15 7.35982E-13
 2.96435E-09 9.80025E-18 5.29718E-04 7.99627E-18 1.69449E-12 1.03237E-09 7.78655E-09 3.99359E-22
 1.76759E-06 5.57286E-03 8.53320E-06 7.20304E-09 2.06903E-12 7.77246E-07 3.41534E-12 5.03257E-10
 2.46619E-19 5.85842E-10 7.65868E-11 5.61865E-15 3.20461E-14 8.52930E-36 1.32693E-08 4.55187E-17
 9.93428E-24 1.07876E-21 2.74253E-12 2.88603E-16 7.63389E-10 1.87280E-19 4.42169E-21 6.28423E-10
 1.39720E-15 8.07191E-13 3.21443E-09 1.22083E-17 4.32707E-04 9.16582E-18 1.75040E-12 1.16494E-09
 8.37546E-09 5.02434E-22 1.77037E-06 5.57224E-03 8.54471E-06 8.17162E-09 2.19900E-12 7.77139E-07
 3.42447E-12 4.78647E-10 2.51354E-19 5.91317E-10 9.60635E-11 4.96946E-15 3.29589E-14 1.82810E-35
 1.32673E-08 5.26310E-17 1.14892E-23 1.44388E-21 3.12991E-12 3.22827E-16 7.62441E-10 2.16912E-19
 5.64401E-21 6.29140E-10 1.43311E-15 8.86637E-13 3.51837E-09 1.53752E-17 3.49769E-04 1.05122E-17
 1.80922E-12 1.33101E-09 9.09307E-09 6.37227E-22 1.77392E-06 5.57153E-03 8.55946E-06 9.39297E-09
 2.36311E-12 7.77009E-07 3.37669E-12 4.51334E-10 2.51551E-19 5.96890E-10 1.18620E-10 4.39474E-15
 3.37455E-14 4.06673E-35 1.32650E-08 6.21503E-17 1.32995E-23 1.97063E-21 3.62051E-12 3.66853E-16
 7.61252E-10 2.54438E-19 7.39863E-21 6.30093E-10 1.46403E-15 9.83808E-13 3.93888E-09 1.98832E-17
 3.32726E-04 1.23412E-17 1.94536E-12 1.56704E-09 1.00879E-08 8.30612E-22 1.77905E-06 5.57059E-03
 8.58086E-06 1.11388E-08 2.63262E-12 7.76832E-07 3.19270E-12 4.20095E-10 2.45901E-19 6.03485E-10
 1.44818E-10 3.94676E-15 2.99377E-14 9.95931E-35 1.32618E-08 7.66281E-17 1.57553E-23 2.86564E-21
 4.32441E-12 4.31127E-16 7.59560E-10 3.10648E-19 1.02213E-20 6.31492E-10 1.46876E-15 1.11855E-12
 4.57987E-09 2.69058E-17 3.21070E-04 1.50701E-17 2.24273E-12 1.93480E-09 1.16075E-08 1.13373E-21
 1.78717E-06 5.56924E-03 8.61488E-06 1.38740E-08 3.08326E-12 7.76565E-07 2.82948E-12 3.85023E-10
 2.32442E-19 6.12089E-10 1.73801E-10 3.68107E-15 2.63590E-14 2.79623E-34 1.32572E-08 1.00902E-16
 1.93990E-23 4.61219E-21 5.43095E-12 5.34263E-16 7.56917E-10 4.00906E-19 1.50238E-20 6.33681E-10
 1.52311E-15 1.32322E-12 5.52094E-09 3.80375E-17 3.18690E-04 1.90780E-17 2.68448E-12 2.48274E-09
 1.38397E-08 1.61547E-21 1.79949E-06 5.56737E-03 8.66663E-06 1.79738E-08 3.72730E-12 7.76180E-07
 2.39004E-12 3.49962E-10 2.15471E-19 6.23187E-10 2.01437E-10 3.57616E-15 2.31897E-14 8.81082E-34
 1.32508E-08 1.40193E-16 2.47586E-23 8.10071E-21 7.09632E-12 6.93058E-16 7.52969E-10 5.42340E-19
 2.32973E-20 6.36960E-10 1.65609E-15 1.61969E-12 7.01370E-09 5.66866E-17 3.14840E-04 2.53107E-17
 3.22886E-12 3.35678E-09 1.73763E-08 2.42685E-21 1.81950E-06 5.56461E-03 8.75102E-06 2.45601E-08
 4.65710E-12 7.75582E-07 1.90288E-12 3.11880E-10 1.96921E-19 6.38989E-10 2.29424E-10 3.58359E-15
 2.06765E-14 3.51028E-33 1.32411E-08 2.09313E-16 3.32032E-23 1.60156E-20 9.78601E-12 9.56313E-16
 7.46650E-10 7.61650E-19 3.82915E-20 6.42225E-10 1.89992E-15 2.07695E-12 9.20300E-09 8.72642E-17
 3.09127E-04 3.50922E-17 3.85112E-12 4.63247E-09 2.25475E-08 3.78117E-21 1.84931E-06 5.56084E-03
 8.87714E-06 3.42513E-08 5.92254E-12 7.74728E-07 1.44636E-12 2.71114E-10 1.79519E-19 6.60174E-10
 2.57200E-10 3.59921E-15 1.81419E-14 1.71324E-32 1.32276E-08 3.23116E-16 4.67052E-23 3.47806E-20
 1.37714E-11 1.35880E-15 7.37392E-10 1.08867E-18 6.54290E-20 6.49967E-10 2.28003E-15 2.71510E-12
 1.21717E-08 1.33889E-16 3.01354E-04 4.95678E-17 4.33740E-12 6.33565E-09 2.95222E-08 5.90608E-21
 1.89001E-06 5.55614E-03 9.04989E-06 4.73005E-08 7.53105E-12 7.73609E-07 1.06633E-12 2.26088E-10
 1.63364E-19 6.86906E-10 2.86397E-10 3.38801E-15 1.46225E-14 1.03155E-31 1.32104E-08 4.99266E-16
 6.74301E-23 7.90839E-20 1.91864E-11 1.92671E-15 7.24999E-10 1.54360E-18 1.16256E-19 6.60380E-10
 2.81946E-15 3.51303E-12 1.64181E-08 2.16342E-16 3.02422E-04 7.20246E-17 5.14055E-12 8.71672E-09
 3.94018E-08 9.67967E-21 1.94812E-06 5.55000E-03 9.29734E-06 6.56608E-08 9.78595E-12 7.72069E-07
 8.49923E-13 2.12666E-10 1.60765E-19 7.23239E-10 2.78670E-10 3.89610E-15 1.54653E-14 4.38077E-31
 1.31874E-08 7.91956E-16 9.97867E-23 1.71996E-19 2.68864E-11 2.77097E-15 7.07727E-10 2.10930E-18
 1.93290E-19 6.74984E-10 4.06971E-15 4.51852E-12 2.22541E-08 3.81826E-16 3.03877E-04 1.01384E-16
 6.61012E-12 1.18943E-08 5.28053E-08 1.68447E-20 2.02734E-06 5.54233E-03 9.63590E-06 9.02851E-08
 1.33285E-11 7.70041E-07 8.66817E-13 2.75906E-10 1.82063E-19 7.70726E-10 1.88250E-10 7.38267E-15
 3.36022E-14 5.80716E-31 1.31581E-08 1.26932E-15 1.40228E-22 2.97574E-19 3.73499E-11 3.97822E-15
 6.84875E-10 2.65419E-18 2.63724E-19 6.94468E-10 1.07469E-14 5.65575E-12 3.01824E-08 6.73583E-16
 3.05838E-04 1.38500E-16 8.02397E-12 1.60753E-08 7.08826E-08 2.91440E-20 2.13429E-06 5.53280E-03
 1.00946E-05 1.22844E-07 1.84346E-11 7.67386E-07 8.16116E-13 3.31569E-10 1.84365E-19 8.29126E-10
 1.01641E-10 1.30590E-14 5.92115E-14 8.44382E-31 1.31208E-08 2.06298E-15 1.92062E-22 5.39335E-19
 5.14372E-11 5.69705E-15 6.55126E-10 3.16482E-18 3.57546E-19 7.20089E-10 5.83040E-14 6.81877E-12
 4.00102E-08 1.09027E-15 3.08265E-04 1.92907E-16 9.30051E-12 2.11211E-08 9.33671E-08 4.74592E-20
 2.26659E-06 5.52191E-03 1.06644E-05 1.62134E-07 2.38302E-11 7.64190E-07 6.71242E-13 3.25843E-10
 1.76027E-19 8.90726E-10 7.98710E-11 1.62725E-14 6.54680E-14 2.55868E-30 1.30771E-08 3.30969E-15
 2.74431E-22 1.08312E-18 6.88332E-11 7.95284E-15 6.19869E-10 3.74274E-18 5.45526E-19 7.50768E-10
 1.30173E-13 7.78544E-12 5.24225E-08 1.70481E-15 3.11328E-04 2.72559E-16 1.08183E-11 2.73379E-08
 1.22002E-07 7.55686E-20 2.43328E-06 5.50921E-03 1.13854E-05 2.10262E-07 2.96829E-11 7.60259E-07
 5.38189E-13 3.03723E-10 1.69996E-19 9.56213E-10 7.94898E-11 1.80764E-14 6.48204E-14 9.75367E-30
 1.30249E-08 5.34261E-15 4.03472E-22 2.19588E-18 9.07266E-11 1.09767E-14 5.77708E-10 4.29146E-18
 8.59457E-19 7.87804E-10 1.69015E-13 8.43509E-12 6.72598E-08 2.63900E-15 3.14975E-04 3.75342E-16
 1.25970E-11 3.45666E-08 1.56599E-07 1.18645E-19 2.63123E-06 5.49521E-03 1.22461E-05 2.65646E-07
 3.65319E-11 7.55691E-07 4.48408E-13 2.91378E-10 1.64956E-19 1.02256E-09 7.65904E-11 2.06039E-14
 6.60928E-14 3.02823E-29 1.29659E-08 8.50026E-15 5.79642E-22 4.14221E-18 1.16722E-10 1.47977E-14
 5.30716E-10 4.74050E-18 1.29433E-18 8.29391E-10 2.49484E-13 8.62601E-12 8.45292E-08 4.02305E-15
 3.19198E-04 5.04917E-16 1.45930E-11 4.27379E-08 1.97452E-07 1.83020E-19 2.85948E-06 5.48019E-03
 1.32441E-05 3.27324E-07 4.43699E-11 7.50522E-07 3.89789E-13 2.87608E-10 1.62588E-19 1.08847E-09
 7.35426E-11 2.38524E-14 6.95439E-14 8.04718E-29 1.29010E-08 1.32727E-14 8.15928E-22 7.30591E-18
 1.46718E-10 1.94824E-14 4.80481E-10 5.07673E-18 1.87941E-18 8.74016E-10 3.88469E-13 8.35313E-12
 1.04445E-07 6.02650E-15 3.24038E-04 6.68599E-16 1.68133E-11 5.18882E-08 2.45430E-07 2.77494E-19
 3.11970E-06 5.46421E-03 1.43892E-05 3.95056E-07 5.31143E-11 7.44723E-07 3.51372E-13 2.89731E-10
 1.63915E-19 1.15376E-09 7.37996E-11 2.75985E-14 7.50193E-14 1.98189E-28 1.28300E-08 2.03848E-14
 1.13594E-21 1.22523E-17 1.80971E-10 2.51585E-14 4.28068E-10 5.28627E-18 2.66911E-18 9.20535E-10
 5.66069E-13 7.70099E-12 1.26821E-07 8.88206E-15 3.29433E-04 8.70731E-16 1.92770E-11 6.18660E-08
 3.00454E-07 4.13774E-19 3.40788E-06 5.44767E-03 1.56663E-05 4.67182E-07 6.28029E-11 7.38388E-07
 3.29743E-13 2.99216E-10 1.69215E-19 1.21715E-09 7.63133E-11 3.21705E-14 8.35530E-14 4.45464E-28
 1.27546E-08 3.06250E-14 1.55951E-21 1.95524E-17 2.19004E-10 3.18333E-14 3.75670E-10 5.37874E-18
 3.70628E-18 9.66764E-10 8.01558E-13 6.81275E-12 1.51917E-07 1.29522E-14 3.35424E-04 1.11886E-15
 2.20343E-11 7.27212E-08 3.63484E-07 6.10036E-19 3.72534E-06 5.43058E-03 1.70840E-05 5.43532E-07
 7.37101E-11 7.31487E-07 3.21531E-13 3.17615E-10 1.78741E-19 1.27883E-09 7.98746E-11 3.81839E-14
 9.66212E-14 9.15880E-28 1.26745E-08 4.51879E-14 2.11543E-21 2.99919E-17 2.61055E-10 3.96329E-14
 3.24306E-10 5.34343E-18 5.03512E-18 1.01158E-09 1.11811E-12 5.81250E-12 1.79670E-07 1.86942E-14
 3.41967E-04 1.42109E-15 2.51194E-11 8.43672E-08 4.34691E-07 8.89909E-19 4.06898E-06 5.41318E-03
 1.86316E-05 6.22970E-07 8.59468E-11 7.24086E-07 3.24655E-13 3.45333E-10 1.92873E-19 1.33803E-09
 8.42673E-11 4.60138E-14 1.15201E-13 1.74099E-27 1.25906E-08 6.54127E-14 2.83716E-21 4.44697E-17
 3.06788E-10 4.85681E-14 2.75550E-10 5.19932E-18 6.71577E-18 1.05343E-09 1.59900E-12 4.81304E-12
 2.10314E-07 2.67572E-14 3.49090E-04 1.78987E-15 2.85894E-11 9.68561E-08 5.15003E-07 1.28771E-18
 4.43918E-06 5.39551E-03 2.03142E-05 7.05345E-07 9.97254E-11 7.16167E-07 3.37595E-13 3.82967E-10
 2.12193E-19 1.39449E-09 8.95044E-11 5.61611E-14 1.40708E-13 3.11553E-27 1.25031E-08 9.32152E-14
 3.77340E-21 6.42561E-17 3.56341E-10 5.87174E-14 2.30164E-10 4.95397E-18 8.82434E-18 1.09153E-09
 2.34001E-12 3.87976E-12 2.43919E-07 3.80135E-14 3.56776E-04 2.23965E-15 3.25063E-11 1.10184E-07
 6.04952E-07 1.85054E-18 4.83411E-06 5.37769E-03 2.21268E-05 7.90134E-07 1.15264E-10 7.07762E-07
 3.59985E-13 4.31446E-10 2.37431E-19 1.44731E-09 9.53157E-11 6.92220E-14 1.74665E-13 5.29138E-27
 1.24122E-08 1.30888E-13 4.98271E-21 9.08830E-17 4.09566E-10 7.00620E-14 1.88942E-10 4.62798E-18
 1.14457E-17 1.12513E-09 3.51117E-12 3.05359E-12 2.80854E-07 5.37046E-14 3.65076E-04 2.79134E-15
 3.69577E-11 1.24482E-07 7.05919E-07 2.64714E-18 5.25530E-06 5.35967E-03 2.40803E-05 8.77682E-07
 1.32905E-10 6.98827E-07 3.92082E-13 4.92308E-10 2.69874E-19 1.49572E-09 1.01642E-10 8.60616E-14
 2.19329E-13 8.63082E-27 1.23177E-08 1.81709E-13 6.54918E-21 1.26532E-16 4.66782E-10 8.26225E-14
 1.52054E-10 4.23058E-18 1.46826E-17 1.15405E-09 5.39415E-12 2.34538E-12 3.20496E-07 7.52705E-14
 3.73821E-04 3.46385E-15 4.20031E-11 1.39524E-07 8.16644E-07 3.76113E-18 5.69305E-06 5.34185E-03
 2.61333E-05 9.66157E-07 1.52703E-10 6.89554E-07 4.34843E-13 5.65750E-10 3.10677E-19 1.53727E-09
 1.08360E-10 1.07013E-13 2.75131E-13 1.35222E-26 1.22216E-08 2.48274E-13 8.55574E-21 1.73127E-16
 5.26781E-10 9.59855E-14 1.20330E-10 3.80944E-18 1.86725E-17 1.17771E-09 8.36845E-12 1.76979E-12
 3.62521E-07 1.04604E-13 3.82918E-04 4.28383E-15 4.77313E-11 1.55238E-07 9.36550E-07 5.30726E-18
 6.14183E-06 5.32444E-03 2.82628E-05 1.05481E-06 1.74810E-10 6.80047E-07 4.89581E-13 6.52111E-10
 3.61689E-19 1.57009E-09 1.15692E-10 1.32391E-13 3.42485E-13 2.04900E-26 1.21249E-08 3.33840E-13
 1.11171E-20 2.33084E-16 5.88907E-10 1.09759E-13 9.37830E-11 3.39014E-18 2.35993E-17 1.19621E-09
 1.29574E-11 1.31738E-12 4.07047E-07 1.44264E-13 3.92381E-04 5.28923E-15 5.42740E-11 1.71751E-07
 1.06611E-06 7.44850E-18 6.60143E-06 5.30738E-03 3.04708E-05 1.14408E-06 1.99527E-10 6.70297E-07
 5.58354E-13 7.52360E-10 4.25889E-19 1.59286E-09 1.24164E-10 1.62659E-13 4.22606E-13 3.03328E-26
 1.20275E-08 4.42973E-13 1.43988E-20 3.09709E-16 6.53229E-10 1.23630E-13 7.18978E-11 2.97912E-18
 2.97012E-17 1.21011E-09 1.97144E-11 9.67206E-13 4.53878E-07 1.97400E-13 4.02160E-04 6.52458E-15
 6.17790E-11 1.89099E-07 1.20460E-06 1.04008E-17 7.06864E-06 5.29074E-03 3.27442E-05 1.23388E-06
 2.27076E-10 6.60360E-07 6.43955E-13 8.66737E-10 5.06954E-19 1.60416E-09 1.34245E-10 1.97823E-13
 5.15534E-13 4.40618E-26 1.19299E-08 5.80020E-13 1.86041E-20 4.06379E-16 7.19392E-10 1.37104E-13
 5.42422E-11 2.58901E-18 3.72870E-17 1.21993E-09 2.78820E-11 7.01581E-13 5.03105E-07 2.68112E-13
 4.12269E-04 8.04903E-15 7.04448E-11 2.07446E-07 1.35168E-06 1.44667E-17 7.54341E-06 5.27448E-03
 3.50854E-05 1.32485E-06 2.57801E-10 6.50227E-07 7.50247E-13 9.95842E-10 6.10175E-19 1.60298E-09
 1.46530E-10 2.37855E-13 6.21717E-13 6.30818E-26 1.18318E-08 7.50390E-13 2.40097E-20 5.27162E-16
 7.87477E-10 1.49701E-13 4.02155E-11 2.22263E-18 4.67459E-17 1.22630E-09 3.57939E-11 5.02319E-13
 5.54658E-07 3.61471E-13 4.22692E-04 9.93479E-15 8.05115E-11 2.26918E-07 1.50597E-06 2.00573E-17
 8.02417E-06 5.25860E-03 3.74887E-05 1.41739E-06 2.92046E-10 6.39923E-07 8.82168E-13 1.13969E-09
 7.42307E-19 1.58858E-09 1.61462E-10 2.82279E-13 7.40105E-13 8.90321E-26 1.17334E-08 9.59073E-13
 3.09634E-20 6.75958E-16 8.57347E-10 1.60822E-13 2.92831E-11 1.88463E-18 5.85568E-17 1.22977E-09
 4.34364E-11 3.54900E-13 6.08404E-07 4.83764E-13 4.33398E-04 1.22713E-14 9.22751E-11 2.47633E-07
 1.66519E-06 2.77360E-17 8.50882E-06 5.24312E-03 3.99457E-05 1.51187E-06 3.30218E-10 6.29487E-07
 1.04596E-12 1.29785E-09 9.12028E-19 1.56074E-09 1.79239E-10 3.30242E-13 8.67609E-13 1.23552E-25
 1.16349E-08 1.21028E-12 3.99020E-20 8.56124E-16 9.28781E-10 1.69816E-13 2.09379E-11 1.57868E-18
 7.32853E-17 1.23092E-09 5.07795E-11 2.47396E-13 6.64168E-07 6.42795E-13 4.44347E-04 1.51696E-14
 1.06103E-10 2.69703E-07 1.82614E-06 3.82787E-17 8.99500E-06 5.22805E-03 4.24460E-05 1.60866E-06
 3.72829E-10 6.18965E-07 1.24944E-12 1.46951E-09 1.13041E-18 1.51989E-09 1.99641E-10 3.80597E-13
 9.98357E-13 1.67757E-25 1.15365E-08 1.50678E-12 5.13711E-20 1.06991E-15 1.00151E-09 1.76060E-13
 1.47068E-11 1.30717E-18 9.15665E-17 1.23025E-09 5.77921E-11 1.70161E-13 7.22138E-07 8.48855E-13
 4.55575E-04 1.87769E-14 1.22483E-10 2.93400E-07 1.98591E-06 5.28005E-17 9.48375E-06 5.21332E-03
 4.49964E-05 1.70883E-06 4.20707E-10 6.08334E-07 1.50319E-12 1.65498E-09 1.41276E-18 1.46690E-09
 2.21919E-10 4.32720E-13 1.12520E-12 2.21668E-25 1.14379E-08 1.85168E-12 6.60871E-20 1.31904E-15
 1.07577E-09 1.79070E-13 1.01290E-11 1.06741E-18 1.14047E-16 1.22821E-09 6.44943E-11 1.15128E-13
 7.82066E-07 1.11494E-12 4.67039E-04 2.32737E-14 1.42009E-10 3.18842E-07 2.13973E-06 7.28529E-17
 9.97259E-06 5.19895E-03 4.75852E-05 1.81272E-06 4.74848E-10 5.97646E-07 1.82028E-12 1.85387E-09
 1.77767E-18 1.40353E-09 2.44019E-10 4.85847E-13 1.23515E-12 2.82222E-25 1.13393E-08 2.24358E-12
 8.49021E-20 1.60228E-15 1.15125E-09 1.78463E-13 6.84533E-12 8.60209E-19 1.41280E-16 1.22520E-09
 7.08582E-11 7.65884E-14 8.43785E-07 1.45786E-12 4.78727E-04 2.88926E-14 1.65409E-10 3.46211E-07
 2.28282E-06 1.00633E-16 1.04606E-05 5.18492E-03 5.02081E-05 1.92084E-06 5.36435E-10 5.86924E-07
 2.21761E-12 2.06581E-09 2.25004E-18 1.33195E-09 2.63870E-10 5.39179E-13 1.31488E-12 3.43917E-25
 1.12408E-08 2.67911E-12 1.08904E-19 1.91647E-15 1.22790E-09 1.74112E-13 4.53982E-12 6.83979E-19
 1.73748E-16 1.22154E-09 7.68799E-11 5.00285E-14 9.07087E-07 1.89805E-12 4.90644E-04 3.59224E-14
 1.93502E-10 3.75712E-07 2.41033E-06 1.39160E-16 1.09474E-05 5.17120E-03 5.28642E-05 2.03369E-06
 6.06421E-10 5.76177E-07 2.71618E-12 2.28863E-09 2.86371E-18 1.25455E-09 2.81132E-10 5.90457E-13
 1.35624E-12 4.01739E-25 1.11423E-08 3.15225E-12 1.39504E-19 2.25610E-15 1.30574E-09 1.66165E-13
 2.95385E-12 5.36258E-19 2.12119E-16 1.21748E-09 8.25658E-11 3.20421E-14 9.71528E-07 2.46065E-12
 5.02778E-04 4.47169E-14 2.27195E-10 4.07482E-07 2.51731E-06 1.92555E-16 1.14321E-05 5.15776E-03
 5.55484E-05 2.15129E-06 6.85625E-10 5.65429E-07 3.34242E-12 2.51897E-09 3.66366E-18 1.17388E-09
 2.96204E-10 6.36553E-13 1.35605E-12 4.51471E-25 1.10437E-08 3.65283E-12 1.78484E-19 2.61300E-15
 1.38471E-09 1.55056E-13 1.88664E-12 4.14701E-19 2.57200E-16 1.21323E-09 8.79153E-11 2.01117E-14
 1.03666E-06 3.17942E-12 5.15145E-04 5.57234E-14 2.67582E-10 4.41688E-07 2.59938E-06 2.66624E-16
 1.19147E-05 5.14456E-03 5.82619E-05 2.27362E-06 7.75188E-10 5.54677E-07 4.13218E-12 2.75508E-09
 4.71054E-18 1.09209E-09 3.08565E-10 6.75490E-13 1.31380E-12 4.88013E-25 1.09448E-08 4.16831E-12
 2.28099E-19 2.97748E-15 1.46493E-09 1.41426E-13 1.18257E-12 3.16141E-19 3.09568E-16 1.20894E-09
 9.29415E-11 1.23487E-14 1.10172E-06 4.09762E-12 5.27741E-04 6.94847E-14 3.15839E-10 4.78369E-07
 2.65266E-06 3.69305E-16 1.23946E-05 5.13157E-03 6.10004E-05 2.39998E-06 8.76069E-10 5.43935E-07
 5.13222E-12 2.99476E-09 6.08554E-18 1.01103E-09 3.18056E-10 7.05146E-13 1.23397E-12 5.08093E-25
 1.08455E-08 4.68216E-12 2.91168E-19 3.33833E-15 1.54641E-09 1.26093E-13 7.27796E-13 2.37657E-19
 3.69820E-16 1.20471E-09 9.76484E-11 7.41081E-15 1.16577E-06 5.27025E-12 5.40566E-04 8.66452E-14
 3.73161E-10 5.17477E-07 2.67440E-06 5.11354E-16 1.28710E-05 5.11876E-03 6.37604E-05 2.52921E-06
 9.88876E-10 5.33214E-07 6.40386E-12 3.23585E-09 7.89739E-18 9.31961E-10 3.25042E-10 7.23570E-13
 1.12576E-12 5.11127E-25 1.07459E-08 5.17573E-12 3.71206E-19 3.68393E-15 1.62917E-09 1.09937E-13
 4.39951E-13 1.76206E-19 4.38644E-16 1.20062E-09 1.02042E-10 4.34362E-15 1.22759E-06 6.76652E-12
 5.53607E-04 1.07946E-13 4.40660E-10 5.58791E-07 2.66333E-06 7.07130E-16 1.33429E-05 5.10614E-03
 6.65350E-05 2.65938E-06 1.11377E-09 5.22530E-07 8.02598E-12 3.47641E-09 1.02867E-17 8.55605E-10
 3.29881E-10 7.29498E-13 9.99944E-13 4.98418E-25 1.06457E-08 5.62887E-12 4.72480E-19 4.00318E-15
 1.71320E-09 9.38136E-14 2.61409E-13 1.28912E-19 5.16756E-16 1.19674E-09 1.06125E-10 2.48638E-15
 1.28586E-06 8.67018E-12 5.66860E-04 1.34194E-13 5.19245E-10 6.01948E-07 2.61993E-06 9.75487E-16
 1.38093E-05 5.09367E-03 6.93185E-05 2.78807E-06 1.25026E-09 5.11889E-07 1.00973E-11 3.71519E-09
 1.34272E-17 7.82142E-10 3.32790E-10 7.22665E-13 8.67053E-13 4.72574E-25 1.05451E-08 6.02244E-12
 6.00015E-19 4.28644E-15 1.79851E-09 7.84429E-14 1.52660E-13 9.30184E-20 6.04881E-16 1.19309E-09
 1.09901E-10 1.38969E-15 1.33872E-06 1.10786E-11 5.80207E-04 1.66231E-13 6.09263E-10 6.46023E-07
 2.54716E-06 1.34020E-15 1.42653E-05 5.08144E-03 7.20806E-05 2.91130E-06 1.39724E-09 5.01385E-07
 1.27290E-11 3.94944E-09 1.75111E-17 7.12001E-10 3.33712E-10 7.03556E-13 7.35679E-13 4.37349E-25
 1.04447E-08 6.33740E-12 7.59376E-19 4.52776E-15 1.88443E-09 6.44627E-14 8.79889E-14 6.64256E-20
 7.03825E-16 1.18972E-09 1.13348E-10 7.62008E-16 1.38469E-06 1.40970E-11 5.93577E-04 2.04868E-13
 7.10522E-10 6.90053E-07 2.44994E-06 1.83090E-15 1.47080E-05 5.06949E-03 7.48013E-05 3.02540E-06
 1.55294E-09 4.91066E-07 1.60424E-11 4.17733E-09 2.27349E-17 6.45253E-10 3.32672E-10 6.73770E-13
 6.12773E-13 3.96806E-25 1.03449E-08 6.56215E-12 9.56648E-19 4.72502E-15 1.97055E-09 5.22371E-14
 5.02293E-14 4.70609E-20 8.14497E-16 1.18666E-09 1.16459E-10 4.11890E-16 1.42293E-06 1.78265E-11
 6.07018E-04 2.50790E-13 8.22377E-10 7.33322E-07 2.33370E-06 2.48404E-15 1.51385E-05 5.05775E-03
 7.74843E-05 3.12779E-06 1.71486E-09 4.80884E-07 2.01643E-11 4.39904E-09 2.92679E-17 5.81521E-10
 3.29605E-10 6.35754E-13 5.02630E-13 3.54052E-25 1.02453E-08 6.69335E-12 1.19823E-18 4.87788E-15
 2.05728E-09 4.18385E-14 2.83781E-14 3.30171E-20 9.37758E-16 1.18389E-09 1.19259E-10 2.19748E-16
 1.45272E-06 2.23628E-11 6.20516E-04 3.04571E-13 9.43567E-10 7.74812E-07 2.20480E-06 3.34333E-15
 1.55559E-05 5.04622E-03 8.01202E-05 3.21572E-06 1.88071E-09 4.70839E-07 2.52071E-11 4.61398E-09
 3.72063E-17 5.20904E-10 3.24051E-10 5.92306E-13 4.06807E-13 3.11498E-25 1.01457E-08 6.73265E-12
 1.49053E-18 4.99022E-15 2.14461E-09 3.32335E-14 1.58858E-14 2.29359E-20 1.07427E-15 1.18142E-09
 1.21757E-10 1.16090E-16 1.47371E-06 2.77894E-11 6.34061E-04 3.66658E-13 1.07238E-09 8.13483E-07
 2.06948E-06 4.46065E-15 1.59595E-05 5.03488E-03 8.26999E-05 3.28715E-06 2.04850E-09 4.60927E-07
 3.12608E-11 4.82139E-09 4.65486E-17 4.63606E-10 3.15818E-10 5.46014E-13 3.25567E-13 2.71130E-25
 1.00461E-08 6.68762E-12 1.83998E-18 5.06861E-15 2.23253E-09 2.62683E-14 8.81835E-15 1.57686E-20
 1.22478E-15 1.17923E-09 1.23965E-10 6.08950E-17 1.48602E-06 3.41788E-11 6.47639E-04 4.37418E-13
 1.20682E-09 8.48351E-07 1.93318E-06 5.89711E-15 1.63487E-05 5.02372E-03 8.52141E-05 3.34095E-06
 2.21684E-09 4.51144E-07 3.83893E-11 5.02025E-09 5.71904E-17 4.09882E-10 3.05035E-10 4.99016E-13
 2.58219E-13 2.34350E-25 9.94640E-09 6.57020E-12 2.25324E-18 5.12112E-15 2.32106E-09 2.07209E-14
 4.85447E-15 1.07188E-20 1.39020E-15 1.17731E-09 1.25892E-10 3.17671E-17 1.49002E-06 4.16203E-11
 6.61130E-04 5.17356E-13 1.34479E-09 8.78324E-07 1.80110E-06 7.72532E-15 1.67202E-05 5.01283E-03
 8.76344E-05 3.37664E-06 2.38578E-09 4.41564E-07 4.66275E-11 5.20818E-09 6.89531E-17 3.60339E-10
 2.92004E-10 4.53063E-13 2.03432E-13 2.02081E-25 9.84741E-09 6.39627E-12 2.73754E-18 5.15861E-15
 2.40946E-09 1.63745E-14 2.66068E-15 7.22574E-21 1.57161E-15 1.17568E-09 1.27538E-10 1.65602E-17
 1.48652E-06 5.02191E-11 6.74440E-04 6.07103E-13 1.48444E-09 9.02669E-07 1.67667E-06 1.00324E-14
 1.70717E-05 5.00225E-03 8.99397E-05 3.39496E-06 2.55606E-09 4.32240E-07 5.59990E-11 5.38338E-09
 8.16242E-17 3.15347E-10 2.77267E-10 4.09355E-13 1.59559E-13 1.74530E-25 9.74967E-09 6.18261E-12
 3.30107E-18 5.19025E-15 2.49718E-09 1.29997E-14 1.45752E-15 4.84830E-21 1.77035E-15 1.17431E-09
 1.28912E-10 8.66647E-18 1.47655E-06 6.00829E-11 6.87568E-04 7.07306E-13 1.62425E-09 9.21111E-07
 1.56126E-06 1.29224E-14 1.74040E-05 4.99197E-03 9.21266E-05 3.39749E-06 2.72828E-09 4.23162E-07
 6.65279E-11 5.54538E-09 9.49768E-17 2.74853E-10 2.61518E-10 3.68516E-13 1.24855E-13 1.51356E-25
 9.65309E-09 5.94332E-12 3.95319E-18 5.22127E-15 2.58425E-09 1.03782E-14 7.98565E-16 3.24352E-21
 1.98803E-15 1.17320E-09 1.30036E-10 4.56233E-18 1.46119E-06 7.13389E-11 7.00487E-04 8.18760E-13
 1.76283E-09 9.33555E-07 1.45557E-06 1.65185E-14 1.77171E-05 4.98199E-03 9.41883E-05 3.38605E-06
 2.90319E-09 4.14339E-07 7.82365E-11 5.69350E-09 1.08807E-16 2.38787E-10 2.45563E-10 3.30790E-13
 9.77194E-14 1.32184E-25 9.55779E-09 5.69051E-12 4.70472E-18 5.25590E-15 2.67052E-09 8.33906E-15
 4.38536E-16 2.17332E-21 2.22702E-15 1.17231E-09 1.30928E-10 2.42676E-18 1.44150E-06 8.41399E-11
 7.13181E-04 9.42447E-13 1.89923E-09 9.40131E-07 1.35947E-06 2.09694E-14 1.80114E-05 4.97231E-03
 9.61212E-05 3.36258E-06 3.08176E-09 4.05773E-07 9.11573E-11 5.82765E-09 1.22940E-16 2.06954E-10
 2.29918E-10 2.96266E-13 7.66179E-14 1.16407E-25 9.46381E-09 5.43336E-12 5.56816E-18 5.29654E-15
 2.75591E-09 6.74627E-15 2.42027E-16 1.46918E-21 2.48970E-15 1.17164E-09 1.31609E-10 1.31319E-18
 1.41840E-06 9.86435E-11 7.25676E-04 1.07940E-12 2.03258E-09 9.41138E-07 1.27224E-06 2.64509E-14
 1.82885E-05 4.96290E-03 9.79284E-05 3.32886E-06 3.26450E-09 3.97441E-07 1.05334E-10 5.94828E-09
 1.37238E-16 1.78999E-10 2.15067E-10 2.64804E-13 6.02826E-14 1.03486E-25 9.37093E-09 5.17770E-12
 6.55806E-18 5.34363E-15 2.84060E-09 5.49227E-15 1.34566E-16 1.01243E-21 2.77923E-15 1.17115E-09
 1.32100E-10 7.30001E-19 1.39275E-06 1.15029E-10 7.37979E-04 1.23084E-12 2.16226E-09 9.36959E-07
 1.19303E-06 3.31733E-14 1.85492E-05 4.95373E-03 9.96111E-05 3.28649E-06 3.45193E-09 3.89335E-07
 1.20817E-10 6.05593E-09 1.51592E-16 1.54574E-10 2.01244E-10 2.36242E-13 4.76434E-14 9.28978E-26
 9.27903E-09 4.92756E-12 7.69098E-18 5.39693E-15 2.92466E-09 4.49685E-15 7.57612E-17 7.23260E-22
 3.09899E-15 1.17084E-09 1.32420E-10 4.23660E-19 1.36538E-06 1.33534E-10 7.50024E-04 1.39842E-12
 2.28800E-09 9.28095E-07 1.12128E-06 4.13922E-14 1.87930E-05 4.94486E-03 1.01161E-04 3.23720E-06
 3.64533E-09 3.81494E-07 1.37664E-10 6.15071E-09 1.65943E-16 1.33437E-10 1.88521E-10 2.10442E-13
 3.78455E-14 8.42080E-26 9.18862E-09 4.68681E-12 8.98575E-18 5.45674E-15 3.00763E-09 3.70305E-15
 4.37385E-17 5.49309E-22 3.45257E-15 1.17068E-09 1.32586E-10 2.63066E-19 1.33700E-06 1.54421E-10
 7.61775E-04 1.58404E-12 2.40965E-09 9.15127E-07 1.05624E-06 5.14159E-14 1.90202E-05 4.93630E-03
 1.02575E-04 3.18245E-06 3.84577E-09 3.73941E-07 1.55944E-10 6.23309E-09 1.80261E-16 1.15259E-10
 1.76933E-10 1.87216E-13 3.02259E-14 7.70479E-26 9.09993E-09 4.45746E-12 1.04641E-17 5.52251E-15
 3.08925E-09 3.06565E-15 2.63569E-17 4.54311E-22 3.84399E-15 1.17065E-09 1.32616E-10 1.78902E-19
 1.30816E-06 1.77931E-10 7.73232E-04 1.78957E-12 2.52667E-09 8.98631E-07 9.97123E-07 6.35973E-14
 1.92316E-05 4.92803E-03 1.03858E-04 3.12338E-06 4.05300E-09 3.66675E-07 1.75724E-10 6.30361E-09
 1.94557E-16 9.96631E-11 1.66735E-10 1.66255E-13 2.43257E-14 7.12965E-26 9.01299E-09 4.24007E-12
 1.21521E-17 5.59358E-15 3.16950E-09 2.54979E-15 1.69513E-17 4.13937E-22 4.28018E-15 1.17074E-09
 1.32528E-10 1.34754E-19 1.27926E-06 2.04402E-10 7.84386E-04 2.01760E-12 2.63937E-09 8.79200E-07
 9.43197E-07 7.83921E-14 1.94280E-05 4.92007E-03 1.05010E-04 3.06103E-06 4.26852E-09 3.59699E-07
 1.97091E-10 6.36323E-09 2.08829E-16 8.63247E-11 1.57607E-10 1.47445E-13 1.97027E-14 6.65798E-26
 8.92786E-09 4.03488E-12 1.40791E-17 5.66889E-15 3.24829E-09 2.12913E-15 1.19081E-17 4.12759E-22
 4.76535E-15 1.17094E-09 1.32339E-10 1.11615E-19 1.25055E-06 2.34195E-10 7.95257E-04 2.27097E-12
 2.74813E-09 8.57359E-07 8.93652E-07 9.63587E-14 1.96105E-05 4.91238E-03 1.06038E-04 2.99617E-06
 4.49365E-09 3.53002E-07 2.20133E-10 6.41306E-09 2.23048E-16 7.49144E-11 1.49201E-10 1.30629E-13
 1.60328E-14 6.25906E-26 8.84442E-09 3.84142E-12 1.62786E-17 5.74665E-15 3.32573E-09 1.78273E-15
 9.24913E-18 4.41082E-22 5.30366E-15 1.17121E-09 1.32065E-10 9.94877E-20 1.22243E-06 2.67802E-10
 8.05775E-04 2.55366E-12 2.85370E-09 8.33787E-07 8.48110E-07 1.18206E-13 1.97787E-05 4.90502E-03
 1.06940E-04 2.92998E-06 4.73110E-09 3.46627E-07 2.44933E-10 6.45358E-09 2.37244E-16 6.52198E-11
 1.41254E-10 1.15679E-13 1.30882E-14 5.91155E-26 8.76322E-09 3.66092E-12 1.87895E-17 5.82651E-15
 3.40130E-09 1.49672E-15 7.90885E-18 4.93375E-22 5.89908E-15 1.17156E-09 1.31722E-10 9.31514E-20
 1.19514E-06 3.05791E-10 8.15922E-04 2.87033E-12 2.95684E-09 8.09049E-07 8.06179E-07 1.44830E-13
 1.99334E-05 4.89798E-03 1.07719E-04 2.86318E-06 4.98363E-09 3.40585E-07 2.71583E-10 6.48539E-09
 2.51455E-16 5.69995E-11 1.33655E-10 1.02444E-13 1.07050E-14 5.59950E-26 8.68444E-09 3.49403E-12
 2.16583E-17 5.90838E-15 3.47482E-09 1.25951E-15 7.29056E-18 5.66481E-22 6.55548E-15 1.17196E-09
 1.31326E-10 8.97948E-20 1.16890E-06 3.48671E-10 8.25690E-04 3.22573E-12 3.05686E-09 7.83650E-07
 7.67769E-07 1.77227E-13 2.00751E-05 4.89128E-03 1.08380E-04 2.79624E-06 5.25064E-09 3.34877E-07
 3.00188E-10 6.50852E-09 2.65918E-16 5.00346E-11 1.26865E-10 9.06502E-14 8.81354E-15 5.35036E-26
 8.60817E-09 3.34170E-12 2.49470E-17 5.99486E-15 3.54619E-09 1.06260E-15 7.06449E-18 6.58683E-22
 7.28796E-15 1.17240E-09 1.30890E-10 8.79139E-20 1.14391E-06 3.97157E-10 8.35067E-04 3.62641E-12
 3.15383E-09 7.58094E-07 7.32819E-07 2.16703E-13 2.02045E-05 4.88492E-03 1.08928E-04 2.72966E-06
 5.53340E-09 3.29509E-07 3.30889E-10 6.52321E-09 2.80897E-16 4.41469E-11 1.21015E-10 8.01471E-14
 7.32128E-15 5.17239E-26 8.53453E-09 3.20536E-12 2.87321E-17 6.08915E-15 3.61527E-09 8.99273E-16
 7.04840E-18 7.69425E-22 8.11058E-15 1.17286E-09 1.30428E-10 8.66980E-20 1.12011E-06 4.52099E-10
 8.44112E-04 4.08021E-12 3.24836E-09 7.32687E-07 7.00986E-07 2.64953E-13 2.03231E-05 4.87884E-03
 1.09371E-04 2.66346E-06 5.83422E-09 3.24446E-07 3.63840E-10 6.53022E-09 2.96576E-16 3.91496E-11
 1.15918E-10 7.08253E-14 6.13181E-15 5.05679E-26 8.46310E-09 3.08581E-12 3.31060E-17 6.19296E-15
 3.68246E-09 7.63046E-16 7.14154E-18 8.99168E-22 9.03466E-15 1.17334E-09 1.29949E-10 8.57249E-20
 1.09754E-06 5.14534E-10 8.52850E-04 4.59707E-12 3.34126E-09 7.07814E-07 6.72028E-07 3.24172E-13
 2.04319E-05 4.87304E-03 1.09716E-04 2.59789E-06 6.15619E-09 3.19673E-07 3.99195E-10 6.53009E-09
 3.13172E-16 3.49070E-11 1.11389E-10 6.25802E-14 5.17416E-15 4.99796E-26 8.39373E-09 2.98497E-12
 3.81822E-17 6.30847E-15 3.74789E-09 6.49077E-16 7.28833E-18 1.04898E-21 1.00728E-14 1.17383E-09
 1.29460E-10 8.47720E-20 1.07631E-06 5.85756E-10 8.61269E-04 5.18977E-12 3.43366E-09 6.83966E-07
 6.45819E-07 3.97236E-13 2.05314E-05 4.86750E-03 1.09966E-04 2.53346E-06 6.50345E-09 3.15196E-07
 4.37103E-10 6.52311E-09 3.30968E-16 3.13210E-11 1.07324E-10 5.53135E-14 4.39785E-15 4.99436E-26
 8.32651E-09 2.90598E-12 4.41022E-17 6.43882E-15 3.81144E-09 5.53755E-16 7.45686E-18 1.22030E-21
 1.12396E-14 1.17432E-09 1.28972E-10 8.37176E-20 1.05655E-06 6.67087E-10 8.69364E-04 5.87299E-12
 3.52571E-09 6.61635E-07 6.22332E-07 4.87669E-13 2.06220E-05 4.86225E-03 1.10127E-04 2.47062E-06
 6.87714E-09 3.11015E-07 4.77734E-10 6.50936E-09 3.50437E-16 2.83072E-11 1.03790E-10 4.88857E-14
 3.77638E-15 5.07134E-26 8.26153E-09 2.85290E-12 5.10509E-17 6.58906E-15 3.87303E-09 4.74130E-16
 7.62839E-18 1.41448E-21 1.25646E-14 1.17480E-09 1.28493E-10 8.24987E-20 1.03828E-06 7.60321E-10
 8.77157E-04 6.66668E-12 3.61907E-09 6.41273E-07 6.01372E-07 6.00413E-13 2.07045E-05 4.85724E-03
 1.10202E-04 2.40968E-06 7.28263E-09 3.07116E-07 5.21226E-10 6.48923E-09 3.71948E-16 2.57886E-11
 1.00623E-10 4.32221E-14 3.27266E-15 5.23017E-26 8.19863E-09 2.83086E-12 5.92587E-17 6.76336E-15
 3.93280E-09 4.07413E-16 7.79333E-18 1.63372E-21 1.40687E-14 1.17526E-09 1.28030E-10 8.10966E-20
 1.02166E-06 8.67623E-10 8.84620E-04 7.59671E-12 3.71561E-09 6.23520E-07 5.82893E-07 7.42101E-13
 2.07791E-05 4.85251E-03 1.10196E-04 2.35146E-06 7.72592E-09 3.03511E-07 5.67687E-10 6.46290E-09
 3.96031E-16 2.37224E-11 9.77105E-11 3.82430E-14 2.86282E-15 5.48686E-26 8.13807E-09 2.84688E-12
 6.90238E-17 6.96786E-15 3.99048E-09 3.51684E-16 7.94587E-18 1.88031E-21 1.57815E-14 1.17570E-09
 1.27590E-10 7.95080E-20 1.00681E-06 9.91621E-10 8.91748E-04 8.69704E-12 3.81769E-09 6.09017E-07
 5.66864E-07 9.21903E-13 2.08462E-05 4.84804E-03 1.10113E-04 2.29667E-06 8.21441E-09 3.00201E-07
 6.17186E-10 6.43063E-09 4.23342E-16 2.20751E-11 9.49604E-11 3.38752E-14 2.52846E-15 5.86628E-26
 8.07990E-09 2.90989E-12 8.07412E-17 7.21077E-15 4.04600E-09 3.05261E-16 8.08370E-18 2.15704E-21
 1.77381E-14 1.17611E-09 1.27179E-10 7.77489E-20 9.93770E-07 1.13553E-09 8.98574E-04 1.00136E-11
 3.92808E-09 5.98427E-07 5.53298E-07 1.15277E-12 2.09065E-05 4.84381E-03 1.09957E-04 2.24586E-06
 8.75634E-09 2.97164E-07 6.69783E-10 6.39268E-09 4.54859E-16 2.08266E-11 9.23214E-11 3.00447E-14
 2.25688E-15 6.41750E-26 8.02387E-09 3.03211E-12 9.49624E-17 7.50429E-15 4.09959E-09 2.66673E-16
 8.20716E-18 2.46729E-21 1.99874E-14 1.17649E-09 1.26802E-10 7.58449E-20 9.82627E-07 1.30327E-09
 9.05105E-04 1.16108E-11 4.05062E-09 5.92626E-07 5.42364E-07 1.45368E-12 2.09605E-05 4.83982E-03
 1.09731E-04 2.20000E-06 9.36147E-09 2.94395E-07 7.25456E-10 6.34926E-09 4.92075E-16 1.99893E-11
 8.97742E-11 2.66813E-14 2.03978E-15 7.23625E-26 7.96993E-09 3.22969E-12 1.12479E-16 7.86720E-15
 4.15125E-09 2.34955E-16 8.31812E-18 2.81509E-21 2.26024E-14 1.17683E-09 1.26462E-10 7.38360E-20
 9.73478E-07 1.50046E-09 9.11320E-04 1.35909E-11 4.19386E-09 5.92689E-07 5.34225E-07 1.85608E-12
 2.10083E-05 4.83607E-03 1.09439E-04 2.16055E-06 1.00518E-08 2.91901E-07 7.83845E-10 6.30087E-09
 5.36907E-16 1.96089E-11 8.72491E-11 2.37508E-14 1.86555E-15 8.43714E-26 7.91826E-09 3.52263E-12
 1.34459E-16 8.32555E-15 4.20081E-09 2.09488E-16 8.42103E-18 3.20774E-21 2.56486E-14 1.17712E-09
 1.26165E-10 7.17943E-20 9.66340E-07 1.73454E-09 9.17202E-04 1.61226E-11 4.37227E-09 5.99853E-07
 5.29232E-07 2.41500E-12 2.10503E-05 4.83256E-03 1.09086E-04 2.12918E-06 1.08602E-08 2.89682E-07
 8.44096E-10 6.24843E-09 5.92673E-16 1.97682E-11 8.47628E-11 2.12156E-14 1.72730E-15 1.02571E-25
 7.86899E-09 3.93622E-12 1.62825E-16 8.92537E-15 4.24807E-09 1.90045E-16 8.52263E-18 3.65752E-21
 2.92193E-14 1.17737E-09 1.25916E-10 6.98438E-20 9.61136E-07 2.01664E-09 9.22717E-04 1.95262E-11
 4.61468E-09 6.15483E-07 5.28198E-07 3.23990E-12 2.10864E-05 4.82932E-03 1.08677E-04 2.10780E-06
 1.18461E-08 2.87746E-07 9.04395E-10 6.19365E-09 6.65729E-16 2.05970E-11 8.24263E-11 1.90556E-14
 1.62280E-15 1.31958E-25 7.82241E-09 4.50035E-12 2.01136E-16 9.75693E-15 4.29275E-09 1.77014E-16
 8.63037E-18 4.18784E-21 3.34338E-14 1.17756E-09 1.25719E-10 6.82004E-20 9.57660E-07 2.36520E-09
 9.27827E-04 2.44927E-11 4.98098E-09 6.40928E-07 5.33116E-07 4.57582E-12 2.11168E-05 4.82634E-03
 1.08220E-04 2.09813E-06 1.31206E-08 2.86100E-07 9.61377E-10 6.13968E-09 7.70477E-16 2.22772E-11
 8.04097E-11 1.72686E-14 1.55622E-15 1.85884E-25 7.77886E-09 5.24878E-12 2.57026E-16 1.10218E-14
 4.33445E-09 1.71560E-16 8.74879E-18 4.84526E-21 3.84919E-14 1.17770E-09 1.25578E-10 6.72527E-20
 9.55666E-07 2.82061E-09 9.32502E-04 3.27732E-11 5.60851E-09 6.77377E-07 5.48860E-07 7.05613E-12
 2.11417E-05 4.82365E-03 1.07723E-04 2.10094E-06 1.49374E-08 2.84743E-07 1.00974E-09 6.09174E-09
 9.43278E-16 2.50471E-11 7.87455E-11 1.59312E-14 1.53442E-15 3.05078E-25 7.73857E-09 6.21976E-12
 3.49556E-16 1.32150E-14 4.37289E-09 1.75643E-16 8.87197E-18 5.73043E-21 4.46505E-14 1.17778E-09
 1.25496E-10 6.76772E-20 9.55436E-07 3.49499E-09 9.36647E-04 4.95424E-11 6.81921E-09 7.24573E-07
 5.87496E-07 1.25640E-11 2.11611E-05 4.82130E-03 1.07206E-04 2.11401E-06 1.78994E-08 2.83687E-07
 1.04629E-09 6.05332E-09 1.29326E-15 2.91164E-11 7.70898E-11 1.52744E-14 1.56481E-15 6.53179E-25
 7.70245E-09 7.43134E-12 5.34722E-16 1.76727E-14 4.40715E-09 1.91473E-16 8.96327E-18 7.05686E-21
 5.22149E-14 1.17779E-09 1.25472E-10 7.03602E-20 9.59334E-07 4.75545E-09 9.40116E-04 9.31786E-11
 9.37313E-09 7.78742E-07 6.75696E-07 2.76941E-11 2.11749E-05 4.81935E-03 1.06706E-04 2.12742E-06
 2.34936E-08 2.82946E-07 1.08822E-09 6.00849E-09 2.23474E-15 3.44671E-11 7.43687E-11 1.58151E-14
 1.64583E-15 2.12799E-24 7.67193E-09 8.84488E-12 1.01243E-15 2.83322E-14 4.43582E-09 2.18851E-16
 8.92845E-18 9.25195E-21 6.16023E-14 1.17775E-09 1.25504E-10 7.51445E-20 9.73836E-07 8.59238E-09
 9.42568E-04 2.59447E-10 1.50411E-08 8.25922E-07 8.52880E-07 8.43427E-11 2.11828E-05 4.81802E-03
 1.06308E-04 2.11623E-06 3.63422E-08 2.82539E-07 1.26697E-09 5.82856E-09 6.27777E-15 4.01079E-11
 6.91042E-11 1.90247E-14 1.74455E-15 9.54582E-24 7.65035E-09 1.01984E-11 2.82754E-15 5.63502E-14
 4.45581E-09 2.46954E-16 8.62943E-18 1.30294E-20 7.35625E-14 1.17767E-09 1.25570E-10 7.12122E-20
 3.02649E+02 3.00243E+02 2.97789E+02 2.95306E+02 2.92765E+02 2.90183E+02 2.87529E+02 2.84819E+02
 2.82018E+02 2.79138E+02 2.76140E+02 2.73119E+02 2.70174E+02 2.67121E+02 2.63860E+02 2.60710E+02
 2.58204E+02 2.56187E+02 2.54200E+02 2.52232E+02 2.50350E+02 2.48415E+02 2.46517E+02 2.44855E+02
 2.43663E+02 2.42881E+02 2.42118E+02 2.41255E+02 2.39611E+02 2.39693E+02 2.44554E+02 2.49629E+02
 2.51034E+02 2.50923E+02 2.51256E+02 2.51744E+02 2.52055E+02 2.52309E+02 2.52638E+02 2.53047E+02
 2.53523E+02 2.54073E+02 2.54693E+02 2.55359E+02 2.56038E+02 2.56700E+02 2.57320E+02 2.57881E+02
 2.58378E+02 2.58818E+02 2.59222E+02 2.59630E+02 2.60098E+02 2.60670E+02 2.61328E+02 2.62040E+02
 2.62807E+02 2.63623E+02 2.64466E+02 2.65320E+02 2.66170E+02 2.67003E+02 2.67807E+02 2.68578E+02
 2.69321E+02 2.70040E+02 2.70735E+02 2.71404E+02 2.72045E+02 2.72653E+02 2.73216E+02 2.73730E+02
 2.74186E+02 2.74579E+02 2.74909E+02 2.75177E+02 2.75361E+02 2.75476E+02 2.75539E+02 2.75564E+02
 2.75566E+02 2.75503E+02 2.75356E+02 2.75134E+02 2.74844E+02 2.74493E+02 2.74049E+02 2.73523E+02
 2.72913E+02 2.72219E+02 2.71426E+02 2.70503E+02 2.69459E+02 2.68286E+02 2.66974E+02 2.65471E+02
 2.63734E+02 2.61745E+02 2.59472E+02 2.56891E+02 1.00000E+05 1.00000E+05 1.00000E+05 1.00000E+05
 1.00000E+05 1.00000E+05 1.00000E+05 1.00000E+05 1.00000E+05 1.00000E+05 1.00000E+05 1.00000E+05
 1.00000E+05 1.00000E+05 1.00000E+05 1.00000E+05 1.00000E+05 1.00000E+05 1.00000E+05 1.00000E+05
 9.35467E+04 8.88533E+04 6.92150E+04 5.12372E+04 3.32594E+04 2.69817E+04 1.52439E+04 1.46933E+04
 9.84000E+03 8.69733E+03 6.54267E+03 5.98850E+03 5.25650E+03 4.52450E+03 4.43583E+03 4.04694E+03
 4.04444E+03 3.89333E+03 3.91944E+03 3.89722E+03 3.94950E+03 3.99350E+03 4.03750E+03 4.28567E+03
 4.43856E+03 4.70483E+03 4.92750E+03 5.20761E+03 5.47206E+03 5.81300E+03 6.14544E+03 6.47789E+03
 6.89450E+03 7.27183E+03 7.72067E+03 8.14200E+03 8.59633E+03 9.04167E+03 9.50800E+03 9.97200E+03
 1.04360E+04 1.10717E+04 1.16272E+04 1.21539E+04 1.26917E+04 1.31867E+04 1.36933E+04 1.43800E+04
 1.50467E+04 1.57133E+04 1.64300E+04 1.71233E+04 1.77661E+04 1.84283E+04 1.92800E+04 2.00800E+04
 2.09800E+04 2.18689E+04 2.27578E+04 2.40383E+04 2.51361E+04 2.66239E+04 2.79617E+04 2.92933E+04
 3.06267E+04 3.22000E+04 3.37467E+04 3.52933E+04 3.72817E+04 3.90639E+04 4.08389E+04 4.26167E+04
 4.46878E+04 4.66789E+04 4.91700E+04 5.16056E+04 5.40411E+04 5.73183E+04 6.02028E+04 6.27694E+04
 2.33469E+19 2.18136E+19 2.03733E+19 1.90195E+19 1.77490E+19 1.65558E+19 1.54373E+19 1.43880E+19
 1.34053E+19 1.24846E+19 1.16234E+19 1.08143E+19 1.00509E+19 9.33773E+18 8.67450E+18 8.04784E+18
 7.44200E+18 6.86412E+18 6.32645E+18 5.82686E+18 5.36161E+18 4.93151E+18 4.53239E+18 4.15911E+18
 3.80740E+18 3.47837E+18 3.17669E+18 2.90153E+18 2.65764E+18 2.41612E+18 2.15578E+18 1.92626E+18
 1.74917E+18 1.59842E+18 1.45817E+18 1.32963E+18 1.21347E+18 1.10784E+18 1.01124E+18 9.22902E+17
 8.42212E+17 7.68509E+17 7.01224E+17 6.39874E+17 5.84013E+17 5.33200E+17 4.87009E+17 4.45021E+17
 4.06838E+17 3.72080E+17 3.40393E+17 3.11451E+17 2.84950E+17 2.60652E+17 2.38401E+17 2.18060E+17
 1.99466E+17 1.82476E+17 1.66966E+17 1.52814E+17 1.39905E+17 1.28133E+17 1.17398E+17 1.07606E+17
 9.86661E+16 9.05000E+16 8.30375E+16 7.62153E+16 6.99765E+16 6.42700E+16 5.90502E+16 5.42741E+16
 4.99032E+16 4.59015E+16 4.22359E+16 3.88760E+16 3.57972E+16 3.29725E+16 3.03779E+16 2.79921E+16
 2.57963E+16 2.37787E+16 2.19251E+16 2.02209E+16 1.86526E+16 1.72085E+16 1.58800E+16 1.46565E+16
 1.35295E+16 1.24908E+16 1.15337E+16 1.06526E+16 9.84054E+15 9.09192E+15 8.40166E+15 7.76629E+15
 7.18198E+15 6.64444E+15 6.15001E+15 5.69515E+15 1.88503E-14 2.10438E-14 2.57368E-14 3.31564E-14
 4.30118E-14 5.53130E-14 7.01888E-14 8.78606E-14 1.08574E-13 1.32623E-13 1.60323E-13 1.92013E-13
 2.28020E-13 2.68724E-13 3.14411E-13 3.65260E-13 4.21450E-13 4.83166E-13 5.50578E-13 6.23863E-13
 7.05982E-13 8.00212E-13 9.18571E-13 1.08700E-12 1.34935E-12 1.74015E-12 2.36369E-12 3.27350E-12
 4.48568E-12 6.16539E-12 8.36811E-12 1.11759E-11 1.44612E-11 1.83976E-11 2.26925E-11 2.71652E-11
 3.17203E-11 3.61213E-11 4.02389E-11 4.38396E-11 4.67570E-11 4.87625E-11 4.95920E-11 4.88793E-11
 4.62357E-11 4.13397E-11 3.51720E-11 2.97330E-11 2.49763E-11 2.08537E-11 1.72694E-11 1.42033E-11
 1.16212E-11 9.44025E-12 7.62262E-12 6.10797E-12 4.85699E-12 3.82843E-12 2.99025E-12 2.31210E-12
 1.76815E-12 1.34189E-12 1.00763E-12 7.47365E-13 5.47122E-13 3.94485E-13 2.79903E-13 1.96093E-13
 1.35409E-13 9.20505E-14 6.15988E-14 4.05006E-14 2.60949E-14 1.64601E-14 1.01974E-14 6.18722E-15
 3.67990E-15 2.14121E-15 1.21673E-15 6.80467E-16 3.72123E-16 2.00433E-16 1.05729E-16 5.44961E-17
 2.73877E-17 1.34614E-17 6.45161E-18 3.00762E-18 1.37317E-18 6.09646E-19 2.62432E-19 1.09231E-19
 4.40950E-20 1.71830E-20 6.50718E-21 2.38388E-21 8.41952E-22 2.90215E-22 9.65194E-23 3.06705E-23
 3.71007E-02 3.35543E-02 3.32810E-02 3.64796E-02 4.18733E-02 4.81507E-02 5.43661E-02 6.14480E-02
 6.85008E-02 7.57715E-02 8.28332E-02 9.00744E-02 9.67636E-02 1.03324E-01 1.09543E-01 1.15385E-01
 1.21237E-01 1.26142E-01 1.30215E-01 1.33901E-01 1.37673E-01 1.41705E-01 1.47402E-01 1.60593E-01
 1.82456E-01 2.14525E-01 2.65367E-01 3.34888E-01 4.23229E-01 5.22697E-01 5.96765E-01 6.78600E-01
 7.85208E-01 9.08862E-01 1.01562E+00 1.10008E+00 1.16488E+00 1.20406E+00 1.21850E+00 1.20548E+00
 1.16719E+00 1.10474E+00 1.01947E+00 9.11856E-01 7.83036E-01 6.36007E-01 4.91618E-01 3.77853E-01
 2.88793E-01 2.19567E-01 1.65702E-01 1.24213E-01 9.26037E-02 6.85071E-02 5.03741E-02 3.67522E-02
 2.66052E-02 1.90896E-02 1.35733E-02 9.55639E-03 6.65700E-03 4.60381E-03 3.15261E-03 2.13371E-03
 1.42596E-03 9.38959E-04 6.08729E-04 3.89818E-04 2.46152E-04 1.53083E-04 9.37635E-05 5.64551E-05
 3.33287E-05 1.92737E-05 1.09530E-05 6.09950E-06 3.33175E-06 1.78140E-06 9.30539E-07 4.78526E-07
 2.40665E-07 1.19268E-07 5.79175E-08 2.74954E-08 1.27329E-08 5.76883E-09 2.54993E-09 1.09680E-09
 4.62228E-10 1.89499E-10 7.53606E-11 2.89972E-11 1.08280E-11 3.90581E-12 1.37000E-12 4.65296E-13
 1.52553E-13 4.88756E-14 1.51297E-14 4.48224E-15 1.00000E-12 1.00000E-12 1.00000E-12 1.00000E-12
 1.00000E-12 1.00000E-12 1.00000E-12 1.00000E-12 1.00000E-12 1.00000E-12 1.00000E-12 1.00000E-12
 1.00000E-12 1.00000E-12 1.00000E-12 1.00000E-12 1.00000E-12 1.00000E-12 1.00000E-12 1.00000E-12
 1.00000E-12 1.00000E-12 1.00000E-12 1.00000E-12 1.00000E-12 1.00000E-12 1.00000E-12 1.00000E-12
 1.00000E-12 1.00000E-12 1.00000E-12 1.00000E-12 1.00000E-12 1.00000E-12 1.00000E-12 1.00000E-12
 1.00000E-12 1.00000E-12 1.00000E-12 1.00000E-12 1.00000E-12 1.00000E-12 1.00000E-12 1.00000E-12
 1.00000E-12 1.00000E-12 1.00000E-12 1.00000E-12 1.00000E-12 1.00000E-12 1.00000E-12 1.00000E-12
 1.00000E-12 1.00000E-12 1.00000E-12 1.00000E-12 1.00000E-12 1.00000E-12 1.00000E-12 1.00000E-12
 1.00000E-12 1.00000E-12 1.00000E-12 1.00000E-12 1.00000E-12 1.00000E-12 1.00000E-12 1.00000E-12
 1.00000E-12 1.00000E-12 1.00000E-12 1.00000E-12 1.00000E-12 1.00000E-12 1.00000E-12 1.00000E-12
 1.00000E-12 1.00000E-12 1.00000E-12 1.00000E-12 1.00000E-12 1.00000E-12 1.00000E-12 1.00000E-12
 1.00000E-12 1.00000E-12 1.00000E-12 1.00000E-12 1.00000E-12 1.00000E-12 1.00000E-12 1.00000E-12
 1.00000E-12 1.00000E-12 1.00000E-12 1.00000E-12 1.00000E-12 1.00000E-12 1.00000E-12 1.00000E-12
 1.00000E-12 1.00000E-12 1.00000E-12 1.00000E-12 1.00000E-12 1.00000E-12 1.00000E-12 1.00000E-12
 1.00000E-12 1.00000E-12 1.00000E-12 1.00000E-12 1.00000E-12 1.00000E-12 1.00000E-12 1.00000E-12
 1.00000E-12 1.00000E-12 1.00000E-12 1.00000E-12 1.00000E-12 1.00000E-12 1.00000E-12 1.00000E-12
 1.00000E-12 1.00000E-12 1.00000E-12 1.00000E-12 1.00000E-12 1.00000E-12 1.00000E-12 1.00000E-12
 1.00000E-12 1.00000E-12 1.00000E-12 1.00000E-12 1.00000E-12 1.00000E-12 1.00000E-12 1.00000E-12
 1.00000E-12 1.00000E-12 1.00000E-12 1.00000E-12 1.00000E-12 1.00000E-12 1.00000E-12 1.00000E-12
 1.00000E-12 1.00000E-12 1.00000E-12 1.00000E-12 1.00000E-12 1.00000E-12 1.00000E-12 1.00000E-12
 1.00000E-12 1.00000E-12 1.00000E-12 1.00000E-12 1.00000E-12 1.00000E-12 1.00000E-12 1.00000E-12
 1.00000E-12 1.00000E-12 1.00000E-12 1.00000E-12 1.00000E-12 1.00000E-12 1.00000E-12 1.00000E-12
 1.00000E-12 1.00000E-12 1.00000E-12 1.00000E-12 1.00000E-12 1.00000E-12 1.00000E-12 1.00000E-12
 1.00000E-12 1.00000E-12 1.00000E-12 1.00000E-12 1.00000E-12 1.00000E-12 1.00000E-12 1.00000E-12
 1.00000E-12 1.00000E-12 1.00000E-12 1.00000E-12 1.00000E-12 1.00000E-12 1.00000E-12 1.00000E-12
 1.00000E-12 1.00000E-12 1.00000E-12 1.00000E-12 2.75450E-04 2.94984E-04 3.17425E-04 3.39457E-04
 3.60742E-04 3.83260E-04 4.08623E-04 4.34958E-04 4.64093E-04 4.95699E-04 5.30786E-04 5.68838E-04
 6.11397E-04 6.58178E-04 7.10056E-04 7.67229E-04 8.28718E-04 8.97017E-04 9.72978E-04 1.05631E-03
 1.14785E-03 1.24933E-03 1.36246E-03 1.47938E-03 1.61036E-03 1.75600E-03 1.91713E-03 2.09453E-03
 2.28316E-03 2.50730E-03 2.80157E-03 3.11834E-03 3.42398E-03 3.74248E-03 4.09635E-03 4.48604E-03
 4.91050E-03 5.37449E-03 5.88105E-03 6.43672E-03 7.04590E-03 7.71371E-03 8.44549E-03 9.24643E-03
 1.01221E-02 1.10776E-02 1.21170E-02 1.32504E-02 1.44860E-02 1.58322E-02 1.72982E-02 1.88984E-02
 2.06470E-02 2.25587E-02 2.46442E-02 2.69204E-02 2.94041E-02 3.21132E-02 3.50658E-02 3.82808E-02
 4.17789E-02 4.55843E-02 4.97158E-02 5.42030E-02 5.90791E-02 6.43769E-02 7.01295E-02 7.63759E-02
 8.31581E-02 9.05192E-02 9.85054E-02 1.07168E-01 1.16561E-01 1.26743E-01 1.37781E-01 1.49745E-01
 1.62705E-01 1.76751E-01 1.91982E-01 2.08503E-01 2.26434E-01 2.45870E-01 2.66932E-01 2.89762E-01
 3.14511E-01 3.41354E-01 3.70454E-01 4.02018E-01 4.36265E-01 4.73431E-01 5.13769E-01 5.57532E-01
 6.05031E-01 6.56589E-01 7.12609E-01 7.73448E-01 8.39462E-01 9.11190E-01 9.89194E-01 1.07405E+00
 1.00000E+00 1.00000E+00 1.00000E+00 1.00000E+00 1.00000E+00 1.00000E+00 1.00000E+00 1.00000E+00
 1.00000E+00 1.00000E+00 1.00000E+00 1.00000E+00 1.00000E+00 1.00000E+00 1.00000E+00 1.00000E+00
 1.00000E+00 1.00000E+00 1.00000E+00 1.00000E+00 1.00000E+00 1.00000E+00 1.00000E+00 1.00000E+00
 1.00000E+00 1.00000E+00 1.00000E+00 1.00000E+00 1.00000E+00 1.00000E+00 1.00000E+00 1.00000E+00
 1.00000E+00 1.00000E+00 1.00000E+00 1.00000E+00 1.00000E+00 1.00000E+00 1.00000E+00 1.00000E+00
 1.00000E+00 1.00000E+00 1.00000E+00 1.00000E+00 1.00000E+00 1.00000E+00 1.00000E+00 1.00000E+00
 1.00000E+00 1.00000E+00 1.00000E+00 1.00000E+00 1.00000E+00 1.00000E+00 1.00000E+00 1.00000E+00
 1.00000E+00 1.00000E+00 1.00000E+00 1.00000E+00 1.00000E+00 1.00000E+00 1.00000E+00 1.00000E+00
 1.00000E+00 1.00000E+00 1.00000E+00 1.00000E+00 1.00000E+00 1.00000E+00 1.00000E+00 1.00000E+00
 1.00000E+00 1.00000E+00 1.00000E+00 1.00000E+00 1.00000E+00 1.00000E+00 1.00000E+00 1.00000E+00
 1.00000E+00 1.00000E+00 1.00000E+00 1.00000E+00 1.00000E+00 1.00000E+00 1.00000E+00 1.00000E+00
 1.00000E+00 1.00000E+00 1.00000E+00 1.00000E+00 1.00000E+00 1.00000E+00 1.00000E+00 1.00000E+00
 1.00000E+00 1.00000E+00 1.00000E+00 1.00000E+00 1.00000E+00 1.00000E+00 1.00000E+00 1.00000E+00
 1.00000E+00 1.00000E+00 1.00000E+00 1.00000E+00 1.00000E+00 1.00000E+00 1.00000E+00 1.00000E+00
 1.00000E+00 1.00000E+00 1.00000E+00 1.00000E+00 1.00000E+00 1.00000E+00 1.00000E+00 1.00000E+00
 1.00000E+00 1.00000E+00 1.00000E+00 1.00000E+00 1.00000E+00 1.00000E+00 1.00000E+00 1.00000E+00
 1.00000E+00 1.00000E+00 1.00000E+00 1.00000E+00 1.00000E+00 1.00000E+00 1.00000E+00 1.00000E+00
 1.00000E+00 1.00000E+00 1.00000E+00 1.00000E+00 1.00000E+00 1.00000E+00 1.00000E+00 1.00000E+00
 1.00000E+00 1.00000E+00 1.00000E+00 1.00000E+00 1.00000E+00 1.00000E+00 1.00000E+00 1.00000E+00
 1.00000E+00 1.00000E+00 1.00000E+00 1.00000E+00 1.00000E+00 1.00000E+00 1.00000E+00 1.00000E+00
 1.00000E+00 1.00000E+00 1.00000E+00 1.00000E+00 1.00000E+00 1.00000E+00 1.00000E+00 1.00000E+00
 1.00000E+00 1.00000E+00 1.00000E+00 1.00000E+00 1.00000E+00 1.00000E+00 1.00000E+00 1.00000E+00
 1.00000E+00 1.00000E+00 1.00000E+00 1.00000E+00 1.00000E+00 1.00000E+00 1.00000E+00 1.00000E+00
 1.00000E+00 1.00000E+00 1.00000E+00 1.00000E+00 1.00000E+00 1.00000E+00 1.00000E+00 1.00000E+00
 1.00000E+00 1.00000E+00 1.00000E+00 1.00000E+00 1.00000E+00 1.00000E+00 1.00000E+00 1.00000E+00
 1.00000E-05 1.00000E-05 1.00000E-05 1.00000E-05 1.00000E-05 1.00000E-05 1.00000E-05 1.00000E-05
 1.00000E-05 1.00000E-05 1.00000E-05 1.00000E-05 1.00000E-05 1.00000E-05 1.00000E-05 1.00000E-05
 1.00000E-05 1.00000E-05 1.00000E-05 1.00000E-05 1.00000E-05 1.00000E-05 1.00000E-05 1.00000E-05
 1.00000E-05 1.00000E-05 1.00000E-05 1.00000E-05 1.00000E-05 1.00000E-05 1.00000E-05 1.00000E-05
 1.00000E-05 1.00000E-05 1.00000E-05 1.00000E-05 1.00000E-05 1.00000E-05 1.00000E-05 1.00000E-05
 1.00000E-05 1.00000E-05 1.00000E-05 1.00000E-05 1.00000E-05 1.00000E-05 1.00000E-05 1.00000E-05
 1.00000E-05 1.00000E-05 1.00000E-05 1.00000E-05 1.00000E-05 1.00000E-05 1.00000E-05 1.00000E-05
 1.00000E-05 1.00000E-05 1.00000E-05 1.00000E-05 1.00000E-05 1.00000E-05 1.00000E-05 1.00000E-05
 1.00000E-05 1.00000E-05 1.00000E-05 1.00000E-05 1.00000E-05 1.00000E-05 1.00000E-05 1.00000E-05
 1.00000E-05 1.00000E-05 1.00000E-05 1.00000E-05 1.00000E-05 1.00000E-05 1.00000E-05 1.00000E-05
 1.00000E-05 1.00000E-05 1.00000E-05 1.00000E-05 1.00000E-05 1.00000E-05 1.00000E-05 1.00000E-05
 1.00000E-05 1.00000E-05 1.00000E-05 1.00000E-05 1.00000E-05 1.00000E-05 1.00000E-05 1.00000E-05
 1.00000E-05 1.00000E-05 1.00000E-05 1.00000E-05 1.00000E-09 1.00000E-09 1.00000E-09 1.00000E-09
 1.00000E-09 1.00000E-09 1.00000E-09 1.00000E-09 1.00000E-09 1.00000E-09 1.00000E-09 1.00000E-09
 1.00000E-09 1.00000E-09 1.00000E-09 1.00000E-09 1.00000E-09 1.00000E-09 1.00000E-09 1.00000E-09
 1.00000E-09 1.00000E-09 1.00000E-09 1.00000E-09 1.00000E-09 1.00000E-09 1.00000E-09 1.00000E-09
 1.00000E-09 1.00000E-09 1.00000E-09 1.00000E-09 1.00000E-09 1.00000E-09 1.00000E-09 1.00000E-09
 1.00000E-09 1.00000E-09 1.00000E-09 1.00000E-09 1.00000E-09 1.00000E-09 1.00000E-09 1.00000E-09
 1.00000E-09 1.00000E-09 1.00000E-09 1.00000E-09 1.00000E-09 1.00000E-09 1.00000E-09 1.00000E-09
 1.00000E-09 1.00000E-09 1.00000E-09 1.00000E-09 1.00000E-09 1.00000E-09 1.00000E-09 1.00000E-09
 1.00000E-09 1.00000E-09 1.00000E-09 1.00000E-09 1.00000E-09 1.00000E-09 1.00000E-09 1.00000E-09
 1.00000E-09 1.00000E-09 1.00000E-09 1.00000E-09 1.00000E-09 1.00000E-09 1.00000E-09 1.00000E-09
 1.00000E-09 1.00000E-09 1.00000E-09 1.00000E-09 1.00000E-09 1.00000E-09 1.00000E-09 1.00000E-09
 1.00000E-09 1.00000E-09 1.00000E-09 1.00000E-09 1.00000E-09 1.00000E-09 1.00000E-09 1.00000E-09
 1.00000E-09 1.00000E-09 1.00000E-09 1.00000E-09 1.00000E-09 1.00000E-09 1.00000E-09 1.00000E-09
 1.00000E-09 1.00000E-09 1.00000E-09 1.00000E-09 1.00000E-09 1.00000E-09 1.00000E-09 1.00000E-09
 1.00000E-09 1.00000E-09 1.00000E-09 1.00000E-09 1.00000E-09 1.00000E-09 1.00000E-09 1.00000E-09
 1.00000E-09 1.00000E-09 1.00000E-09 1.00000E-09 1.00000E-09 1.00000E-09 1.00000E-09 1.00000E-09
 1.00000E-09 1.00000E-09 1.00000E-09 1.00000E-09 1.00000E-09 1.00000E-09 1.00000E-09 1.00000E-09
 1.00000E-09 1.00000E-09 1.00000E-09 1.00000E-09 1.00000E-09 1.00000E-09 1.00000E-09 1.00000E-09
 1.00000E-09 1.00000E-09 1.00000E-09 1.00000E-09 1.00000E-09 1.00000E-09 1.00000E-09 1.00000E-09
 1.00000E-09 1.00000E-09 1.00000E-09 1.00000E-09 1.00000E-09 1.00000E-09 1.00000E-09 1.00000E-09
 1.00000E-09 1.00000E-09 1.00000E-09 1.00000E-09 1.00000E-09 1.00000E-09 1.00000E-09 1.00000E-09
 1.00000E-09 1.00000E-09 1.00000E-09 1.00000E-09 1.00000E-09 1.00000E-09 1.00000E-09 1.00000E-09
 1.00000E-09 1.00000E-09 1.00000E-09 1.00000E-09 1.00000E-09 1.00000E-09 1.00000E-09 1.00000E-09
 1.00000E-09 1.00000E-09 1.00000E-09 1.00000E-09 1.00000E-09 1.00000E-09 1.00000E-09 1.00000E-09
 1.00000E-09 1.00000E-09 1.00000E-09 1.00000E-09 1.00000E-09 1.00000E-09 1.00000E-09 1.00000E-09
 1.00000E-09 1.00000E-09 1.00000E-09 1.00000E-09
