 8.65219E-09 2.36397E-15 1.44598E-02 1.47005E-15 5.04610E-11 3.80559E-08 6.98994E-09 5.97359E-18
 7.61869E-04 1.65170E-03 1.56944E-05 5.44226E-08 3.79102E-11 8.37348E-09 3.66305E-12 3.22483E-11
 3.92270E-16 1.23120E-11 1.80406E-12 5.84900E-15 7.10874E-17 5.15275E-34 5.01116E-10 3.37129E-18
 1.95764E-22 3.90811E-20 8.81580E-13 3.32901E-18 9.59362E-12 1.29621E-17 1.37378E-17 5.51420E-11
 1.43430E-13 4.98447E-13 9.87251E-09 3.09205E-15 1.21131E-02 1.98340E-15 5.77903E-11 4.38467E-08
 7.86404E-09 8.06716E-18 7.61871E-04 1.65119E-03 1.56912E-05 6.22643E-08 4.19338E-11 8.30017E-09
 3.96701E-12 3.55555E-11 5.31809E-16 1.56296E-11 3.06002E-12 6.12629E-15 1.00167E-16 1.15769E-33
 4.99614E-10 4.73034E-18 2.69999E-22 5.25768E-20 1.20517E-12 4.35124E-18 9.46386E-12 1.76484E-17
 3.44198E-17 8.60371E-11 2.60841E-13 6.92273E-13 1.13759E-08 4.10332E-15 1.00383E-02 2.69251E-15
 6.62117E-11 5.13076E-08 9.02002E-09 1.09398E-17 7.61874E-04 1.65066E-03 1.56839E-05 7.20606E-08
 4.65834E-11 8.22308E-09 4.17812E-12 3.84358E-11 7.05353E-16 1.88157E-11 5.17535E-12 6.41728E-15
 1.39792E-16 2.81834E-33 4.98051E-10 6.81499E-18 3.76187E-22 7.31641E-20 1.62474E-12 5.56213E-18
 9.14645E-12 2.14676E-17 6.97675E-17 1.16852E-10 4.28538E-13 7.99940E-13 1.31865E-08 5.41633E-15
 8.29093E-03 3.66819E-15 7.58673E-11 6.07517E-08 1.03296E-08 1.48521E-17 7.61879E-04 1.65011E-03
 1.56714E-05 8.41503E-08 5.18913E-11 8.14220E-09 4.28254E-12 4.06090E-11 9.14051E-16 2.19189E-11
 8.73443E-12 6.55882E-15 1.86795E-16 7.13219E-33 4.96431E-10 9.92671E-18 5.29104E-22 1.02973E-19
 2.17464E-12 6.96016E-18 8.69240E-12 2.45584E-17 1.27068E-16 1.48173E-10 6.66810E-13 8.37931E-13
 1.50447E-08 7.04954E-15 6.70714E-03 4.90418E-15 8.59508E-11 7.07298E-08 1.16982E-08 1.97438E-17
 7.61886E-04 1.64955E-03 1.56523E-05 9.65358E-08 5.71678E-11 8.05753E-09 4.27974E-12 4.14957E-11
 1.13355E-15 2.42658E-11 1.44404E-11 6.42423E-15 2.35888E-16 1.79197E-32 4.94759E-10 1.42367E-17
 7.34449E-22 1.43044E-19 2.82866E-12 8.38701E-18 8.14739E-12 2.72301E-17 2.16374E-16 1.79499E-10
 9.78583E-13 8.26385E-13 1.67794E-08 8.99737E-15 5.37141E-03 6.41001E-15 9.60297E-11 8.04000E-08
 1.30260E-08 2.55912E-17 7.61895E-04 1.64898E-03 1.56253E-05 1.08058E-07 6.21549E-11 7.96910E-09
 4.12973E-12 4.04867E-11 1.32749E-15 2.54506E-11 2.30365E-11 5.92954E-15 2.70693E-16 4.41560E-32
 4.93041E-10 1.98984E-17 1.00233E-21 1.94885E-19 3.57451E-12 9.58456E-18 7.55134E-12 2.98080E-17
 3.51880E-16 2.10265E-10 1.36500E-12 7.86174E-13 1.82810E-08 1.12824E-14 4.20081E-03 8.17533E-15
 1.05887E-10 8.91981E-08 1.42598E-08 3.23749E-17 7.61907E-04 1.64840E-03 1.55889E-05 1.17972E-07
 6.67131E-11 7.87694E-09 3.82205E-12 3.74571E-11 1.45359E-15 2.52886E-11 3.46223E-11 5.13984E-15
 2.82277E-16 1.04741E-31 4.91283E-10 2.70243E-17 1.34160E-21 2.59759E-19 4.40516E-12 1.02721E-17
 6.93694E-12 3.24873E-17 5.51593E-16 2.39873E-10 1.82243E-12 7.33500E-13 1.94832E-08 1.39113E-14
 3.21835E-03 1.02126E-14 1.15335E-10 9.67589E-08 1.53826E-08 4.00710E-17 7.61921E-04 1.64782E-03
 1.55417E-05 1.25818E-07 7.07410E-11 7.78110E-09 3.35400E-12 3.25185E-11 1.47746E-15 2.38108E-11
 4.88663E-11 4.14412E-15 2.61743E-16 2.42363E-31 4.89492E-10 3.58232E-17 1.76825E-21 3.40037E-19
 5.31645E-12 1.02472E-17 6.32786E-12 3.53970E-17 8.40819E-16 2.67692E-10 2.34480E-12 6.78112E-13
 2.03532E-08 1.69495E-14 2.41602E-03 1.25617E-14 1.24171E-10 1.02877E-07 1.64420E-08 4.86216E-17
 7.61937E-04 1.64723E-03 1.54824E-05 1.31348E-07 7.40981E-11 7.68168E-09 2.73882E-12 2.60307E-11
 1.37764E-15 2.12493E-11 6.49684E-11 3.05892E-15 2.09112E-16 5.65314E-31 4.87674E-10 4.67659E-17
 2.30934E-21 4.40624E-19 6.30582E-12 9.45683E-18 5.73869E-12 3.85443E-17 1.25694E-15 2.93027E-10
 2.92519E-12 6.24298E-13 2.08893E-08 2.05907E-14 1.76318E-03 1.52785E-14 1.32254E-10 1.07474E-07
 1.75809E-08 5.79925E-17 7.61956E-04 1.64665E-03 1.54103E-05 1.34482E-07 7.66850E-11 7.57891E-09
 2.05350E-12 1.89858E-11 1.16877E-15 1.80003E-11 8.12438E-11 2.05660E-15 1.42672E-16 1.36708E-30
 4.85835E-10 6.07252E-17 3.00347E-21 5.70273E-19 7.37178E-12 8.05897E-18 5.17626E-12 4.17011E-17
 1.85143E-15 3.15116E-10 3.55521E-12 5.73142E-13 2.11133E-08 2.51996E-14 1.24526E-03 1.84448E-14
 1.39507E-10 1.10583E-07 1.89980E-08 6.82091E-17 7.61977E-04 1.64606E-03 1.53248E-05 1.35288E-07
 7.84704E-11 7.47305E-09 1.41023E-12 1.26070E-11 9.03677E-16 1.45281E-11 9.56279E-11 1.26998E-15
 8.41180E-17 3.51015E-30 4.83982E-10 7.91743E-17 3.90712E-21 7.43722E-19 8.51372E-12 6.37934E-18
 4.64197E-12 4.44418E-17 2.69308E-15 3.33127E-10 4.22417E-12 5.23945E-13 2.10570E-08 3.12705E-14
 8.47133E-04 2.21674E-14 1.45888E-10 1.12319E-07 2.08786E-08 7.93250E-17 7.61999E-04 1.64547E-03
 1.52260E-05 1.33942E-07 7.94297E-11 7.36448E-09 9.00693E-13 7.74723E-12 6.48563E-16 1.12468E-11
 1.06830E-10 7.37725E-16 4.47934E-17 9.74929E-30 4.82120E-10 1.04357E-16 5.10227E-21 9.83415E-19
 9.73157E-12 4.77523E-18 4.13380E-12 4.63064E-17 3.87267E-15 3.46158E-10 4.91707E-12 4.75151E-13
 2.07554E-08 3.93431E-14 5.52653E-04 2.65760E-14 1.51406E-10 1.12867E-07 2.33307E-08 9.14201E-17
 7.62022E-04 1.64489E-03 1.51147E-05 1.30709E-07 7.95448E-11 7.25365E-09 5.58195E-13 4.59842E-12
 4.51622E-16 8.43748E-12 1.14696E-10 4.22170E-16 2.35820E-17 2.98827E-29 4.80256E-10 1.39389E-16
 6.70684E-21 1.32034E-18 1.10251E-11 3.50670E-18 3.64573E-12 4.69706E-17 5.50506E-15 3.53243E-10
 5.61161E-12 4.24807E-13 2.02499E-08 4.99236E-14 3.44525E-04 3.18276E-14 1.56144E-10 1.12458E-07
 2.63593E-08 1.04634E-16 7.62046E-04 1.64431E-03 1.49921E-05 1.25936E-07 7.88156E-11 7.14109E-09
 3.62719E-13 2.85029E-12 3.30005E-16 6.22553E-12 1.19678E-10 2.56420E-16 1.42403E-17 9.74150E-29
 4.78395E-10 1.88345E-16 8.89131E-21 1.79433E-18 1.23931E-11 2.69366E-18 3.16173E-12 4.61955E-17
 7.72388E-15 3.53358E-10 6.27503E-12 3.70369E-13 1.95979E-08 6.34466E-14 2.04789E-04 3.81194E-14
 1.60290E-10 1.11359E-07 2.98766E-08 1.19238E-16 7.62071E-04 1.64373E-03 1.48605E-05 1.20071E-07
 7.72811E-11 7.02746E-09 2.72520E-13 2.03692E-12 2.79165E-16 4.61084E-12 1.22455E-10 1.80164E-16
 1.17367E-17 3.44762E-28 4.76540E-10 2.56342E-16 1.19058E-20 2.45401E-18 1.38339E-11 2.34866E-18
 2.64117E-12 4.33962E-17 1.06567E-14 3.45423E-10 6.86266E-12 3.07418E-13 1.88856E-08 8.02689E-14
 1.15992E-04 4.57058E-14 1.64166E-10 1.09845E-07 3.37234E-08 1.35732E-16 7.62095E-04 1.64315E-03
 1.47227E-05 1.13704E-07 7.50361E-11 6.91347E-09 2.47466E-13 1.75710E-12 2.86039E-16 3.51700E-12
 1.23675E-10 1.51508E-16 1.39700E-17 1.29757E-27 4.74696E-10 3.49130E-16 1.61219E-20 3.35535E-18
 1.53467E-11 2.42222E-18 1.98698E-12 3.66545E-17 1.43580E-14 3.28310E-10 7.31982E-12 2.27419E-13
 1.82391E-08 1.01596E-13 6.26745E-05 5.46546E-14 1.68673E-10 1.08088E-07 3.76869E-08 1.55714E-16
 7.62119E-04 1.64257E-03 1.45820E-05 1.07601E-07 7.29369E-11 6.79984E-09 2.60749E-13 1.76110E-12
 3.37226E-16 2.83332E-12 1.23776E-10 1.48416E-16 2.08183E-17 4.58607E-27 4.72864E-10 4.68623E-16
 2.18444E-20 4.53244E-18 1.69277E-11 2.82328E-18 9.69431E-13 2.04946E-17 1.83812E-14 3.00816E-10
 7.58814E-12 1.21245E-13 1.77952E-08 1.31037E-13 4.22284E-05 6.46982E-14 1.75410E-10 1.06141E-07
 4.15378E-08 1.82858E-16 7.62142E-04 1.64198E-03 1.44415E-05 1.02563E-07 7.28449E-11 6.68679E-09
 2.93728E-13 1.90324E-12 4.12653E-16 2.44410E-12 1.23032E-10 1.61121E-16 2.94229E-17 1.22296E-26
 4.71033E-10 6.06821E-16 2.88920E-20 5.95580E-18 1.85777E-11 3.40430E-18 4.54704E-13 1.09367E-17
 2.24164E-14 2.75795E-10 7.67935E-12 5.75538E-14 1.76027E-08 1.72650E-13 3.39639E-05 7.58734E-14
 1.84805E-10 1.04058E-07 4.51836E-08 2.19966E-16 7.62163E-04 1.64137E-03 1.42999E-05 9.88389E-08
 7.51286E-11 6.57155E-09 3.44623E-13 2.14658E-12 5.09964E-16 2.25160E-12 1.22371E-10 1.87767E-16
 3.98334E-17 2.42999E-26 4.69145E-10 7.58163E-16 3.71913E-20 7.61530E-18 2.03416E-11 4.07692E-18
 2.03176E-13 5.55638E-18 2.59645E-14 2.52821E-10 7.61457E-12 2.53143E-14 1.76330E-08 2.28625E-13
 2.84374E-05 8.88146E-14 1.96113E-10 1.01990E-07 4.85470E-08 2.68025E-16 7.62185E-04 1.64070E-03
 1.41550E-05 9.62445E-08 7.86761E-11 6.45143E-09 4.07304E-13 2.44902E-12 6.27765E-16 2.19107E-12
 1.21803E-10 2.24756E-16 5.27972E-17 4.23328E-26 4.67139E-10 9.27962E-16 4.74958E-20 9.57400E-18
 2.22709E-11 4.80308E-18 8.60849E-14 2.68599E-18 2.93222E-14 2.31515E-10 7.43845E-12 1.04078E-14
 1.78479E-08 3.03486E-13 2.44372E-05 1.04071E-13 2.08966E-10 9.99324E-08 5.17098E-08 3.29147E-16
 7.62208E-04 1.63991E-03 1.39940E-05 9.44686E-08 8.31399E-11 6.31459E-09 4.82485E-13 2.80915E-12
 7.71686E-16 2.22251E-12 1.21303E-10 2.73604E-16 6.91440E-17 6.90071E-26 4.64787E-10 1.13135E-15
 6.09413E-20 1.19935E-17 2.45827E-11 5.62652E-18 3.29569E-14 1.17558E-18 3.23727E-14 2.10222E-10
 7.15733E-12 3.82219E-15 1.82501E-08 4.04842E-13 2.02581E-05 1.22153E-13 2.23339E-10 9.77973E-08
 5.47461E-08 4.06786E-16 7.62236E-04 1.63881E-03 1.37922E-05 9.33782E-08 8.86843E-11 6.13805E-09
 5.72956E-13 3.23910E-12 9.48792E-16 2.33415E-12 1.20880E-10 3.38801E-16 9.12007E-17 1.10431E-25
 4.61632E-10 1.39447E-15 7.94247E-20 1.51821E-17 2.77368E-11 6.64865E-18 1.02890E-14 4.19836E-19
 3.44755E-14 1.86553E-10 6.72402E-12 1.13169E-15 1.88274E-08 5.39589E-13 1.83347E-05 1.43668E-13
 2.39251E-10 9.55560E-08 5.73000E-08 5.05173E-16 7.62270E-04 1.63727E-03 1.35372E-05 9.28953E-08
 9.53816E-11 5.90758E-09 6.81073E-13 3.74603E-12 1.16569E-15 2.51287E-12 1.20346E-10 4.22871E-16
 1.17546E-16 1.73557E-25 4.57301E-10 1.73363E-15 1.05567E-19 1.93932E-17 3.20681E-11 7.90265E-18
 2.50486E-15 1.18103E-19 3.51867E-14 1.60451E-10 6.10859E-12 2.60099E-16 1.95677E-08 7.14829E-13
 1.77177E-05 1.69408E-13 2.56573E-10 9.32091E-08 5.90633E-08 6.28796E-16 7.62314E-04 1.63499E-03
 1.32056E-05 9.29006E-08 1.03244E-10 5.59705E-09 8.10853E-13 4.34366E-12 1.43414E-15 2.75354E-12
 1.19700E-10 5.28866E-16 1.49013E-16 2.73670E-25 4.51077E-10 2.18546E-15 1.44450E-19 2.51364E-17
 3.82908E-11 9.50675E-18 4.42745E-16 2.50420E-20 3.39391E-14 1.31551E-10 5.28572E-12 4.43647E-17
 2.04109E-08 9.36573E-13 1.77742E-05 2.00135E-13 2.74961E-10 9.07037E-08 5.97746E-08 7.81909E-16
 7.62368E-04 1.63165E-03 1.27878E-05 9.31078E-08 1.12146E-10 5.19145E-09 9.67994E-13 5.04810E-12
 1.76891E-15 3.04654E-12 1.18910E-10 6.59229E-16 1.86546E-16 4.35087E-25 4.42276E-10 2.78656E-15
 2.03686E-19 3.30112E-17 4.70916E-11 1.15721E-17 5.67166E-17 4.63891E-21 3.06198E-14 1.01521E-10
 4.29920E-12 6.51029E-18 2.12726E-08 1.21278E-12 1.81019E-05 2.36424E-13 2.93928E-10 8.78968E-08
 5.94823E-08 9.68483E-16 7.62426E-04 1.62696E-03 1.22933E-05 9.31639E-08 1.21893E-10 4.69417E-09
 1.15996E-12 5.87731E-12 2.18637E-15 3.38287E-12 1.17897E-10 8.17851E-16 2.31557E-16 6.92288E-25
 4.30392E-10 3.56886E-15 2.93544E-19 4.36788E-17 5.89752E-11 1.41894E-17 6.58329E-18 1.43696E-21
 2.57121E-14 7.32779E-11 3.26146E-12 1.58524E-18 2.20803E-08 1.55491E-12 1.84807E-05 2.78794E-13
 3.12899E-10 8.46275E-08 5.84574E-08 1.19184E-15 7.62481E-04 1.62053E-03 1.17321E-05 9.28053E-08
 1.32277E-10 4.11178E-09 1.39548E-12 6.84787E-12 2.70496E-15 3.76124E-12 1.16543E-10 1.01057E-15
 2.85980E-16 1.10247E-24 4.14773E-10 4.57929E-15 4.29360E-19 5.81279E-17 7.45925E-11 1.75092E-17
 1.62695E-18 9.36775E-22 1.98948E-14 4.89148E-11 2.28007E-12 8.13379E-19 2.27773E-08 1.97710E-12
 1.87699E-05 3.27865E-13 3.31436E-10 8.09128E-08 5.69909E-08 1.45586E-15 7.62521E-04 1.61206E-03
 1.11317E-05 9.18945E-08 1.43032E-10 3.47368E-09 1.68262E-12 7.96666E-12 3.34302E-15 4.17714E-12
 1.14691E-10 1.24295E-15 3.51157E-16 1.74219E-24 3.95190E-10 5.85126E-15 6.30805E-19 7.73326E-17
 9.41744E-11 2.16030E-17 9.21110E-19 7.08747E-22 1.41332E-14 3.00524E-11 1.46124E-12 4.83613E-19
 2.33436E-08 2.49656E-12 1.89619E-05 3.84254E-13 3.49474E-10 7.69010E-08 5.52731E-08 1.76730E-15
 7.62527E-04 1.60146E-03 1.05269E-05 9.04599E-08 1.54025E-10 2.82392E-09 2.02811E-12 9.23107E-12
 4.11254E-15 4.62005E-12 1.12184E-10 1.51862E-15 4.26957E-16 2.67970E-24 3.71917E-10 7.38193E-15
 9.20315E-19 1.01944E-16 1.17446E-10 2.63625E-17 5.69915E-19 5.04319E-22 9.21478E-15 1.69939E-11
 8.58006E-13 2.70335E-19 2.37718E-08 3.13196E-12 1.90540E-05 4.48596E-13 3.67179E-10 7.28301E-08
 5.34204E-08 2.13664E-15 7.62483E-04 1.58914E-03 9.96232E-06 8.85841E-08 1.65055E-10 2.22397E-09
 2.43602E-12 1.06245E-11 5.01707E-15 5.07185E-12 1.08929E-10 1.83716E-15 5.11132E-16 3.91270E-24
 3.46380E-10 9.09122E-15 1.31595E-18 1.31529E-16 1.42982E-10 3.13594E-17 3.34348E-19 3.36445E-22
 5.62864E-15 9.03175E-12 4.71126E-13 1.41888E-19 2.40191E-08 3.89984E-12 1.88873E-05 5.21718E-13
 3.84091E-10 6.87460E-08 5.15374E-08 2.56989E-15 7.62375E-04 1.57531E-03 9.44749E-06 8.62000E-08
 1.75650E-10 1.69994E-09 2.91091E-12 1.21203E-11 6.06729E-15 5.52183E-12 1.04868E-10 2.19576E-15
 6.00907E-16 5.46542E-24 3.19407E-10 1.09506E-14 1.84479E-18 1.66286E-16 1.69953E-10 3.64049E-17
 1.84471E-19 2.11282E-22 3.25320E-15 4.54707E-12 2.44102E-13 7.03426E-20 2.40916E-08 4.82207E-12
 1.85017E-05 6.04372E-13 4.00115E-10 6.46927E-08 4.96668E-08 3.07690E-15 7.62192E-04 1.56021E-03
 8.98196E-06 8.34064E-08 1.85755E-10 1.26338E-09 3.45627E-12 1.36886E-11 7.26098E-15 5.95187E-12
 9.99873E-11 2.58861E-15 6.91631E-16 7.30083E-24 2.91783E-10 1.29094E-14 2.53536E-18 2.06159E-16
 1.97574E-10 4.12181E-17 9.63288E-20 1.25741E-22 1.79136E-15 2.18403E-12 1.20181E-13 3.31861E-20
 2.40242E-08 5.92543E-12 1.80356E-05 6.97268E-13 4.15404E-10 6.07227E-08 4.78118E-08 3.67231E-15
 7.61929E-04 1.54414E-03 8.56151E-06 8.03749E-08 1.95565E-10 9.15188E-10 4.07307E-12 1.52944E-11
 8.57930E-15 6.33878E-12 9.43220E-11 3.00548E-15 7.76807E-16 9.29766E-24 2.64285E-10 1.48871E-14
 3.41427E-18 2.50615E-16 2.25070E-10 4.54180E-17 4.80905E-20 7.15548E-23 9.46268E-16 1.00889E-12
 5.66323E-14 1.50326E-20 2.38238E-08 7.23619E-12 1.74768E-05 8.01346E-13 4.29744E-10 5.68508E-08
 4.60000E-08 4.36838E-15 7.61586E-04 1.52753E-03 8.18066E-06 7.71624E-08 2.05014E-10 6.49305E-10
 4.76003E-12 1.68914E-11 1.00043E-14 6.66550E-12 8.79662E-11 3.43324E-15 8.50097E-16 1.13486E-23
 2.37735E-10 1.68231E-14 4.51092E-18 2.99203E-16 2.51619E-10 4.87604E-17 2.32117E-20 3.93775E-23
 4.85518E-16 4.53518E-13 2.58511E-14 6.61550E-21 2.35030E-08 8.78481E-12 1.68302E-05 9.17613E-13
 4.42940E-10 5.30755E-08 4.42475E-08 5.17870E-15 7.61168E-04 1.51071E-03 7.83176E-06 7.38271E-08
 2.14116E-10 4.52973E-10 5.51273E-12 1.84271E-11 1.15081E-14 6.91580E-12 8.10348E-11 3.85606E-15
 9.05257E-16 1.33547E-23 2.12667E-10 1.86698E-14 5.85830E-18 3.51611E-16 2.76685E-10 5.10852E-17
 1.09264E-20 2.11403E-23 2.44281E-16 2.00189E-13 1.15382E-14 2.85387E-21 2.30843E-08 1.06071E-11
 1.61367E-05 1.04714E-12 4.54935E-10 4.94085E-08 4.25548E-08 6.12102E-15 7.60683E-04 1.49402E-03
 7.50917E-06 7.04462E-08 2.22994E-10 3.12125E-10 6.32193E-12 1.98446E-11 1.30474E-14 7.07360E-12
 7.36705E-11 4.25523E-15 9.36559E-16 1.52088E-23 1.89459E-10 2.03775E-14 7.48962E-18 4.07369E-16
 2.99891E-10 5.22560E-17 5.06592E-21 1.11791E-23 1.21662E-16 8.75896E-14 5.08309E-15 1.21833E-21
 2.25898E-08 1.27442E-11 1.54341E-05 1.19111E-12 4.65690E-10 4.58587E-08 4.09191E-08 7.21637E-15
 7.60141E-04 1.47766E-03 7.20802E-06 6.70818E-08 2.31791E-10 2.13133E-10 7.17163E-12 2.10796E-11
 1.45639E-14 7.12443E-12 6.60210E-11 4.60965E-15 9.39502E-16 1.68323E-23 1.68251E-10 2.19099E-14
 9.44222E-18 4.66123E-16 3.21097E-10 5.22119E-17 2.33000E-21 5.86326E-24 6.03815E-17 3.82382E-14
 2.22496E-15 5.18159E-22 2.20356E-08 1.52432E-11 1.47377E-05 1.35086E-12 4.75128E-10 4.24301E-08
 3.93407E-08 8.48834E-15 7.59550E-04 1.46179E-03 6.92456E-06 6.37719E-08 2.40620E-10 1.44620E-10
 8.03808E-12 2.20623E-11 1.59888E-14 7.05802E-12 5.82445E-11 4.89760E-15 9.11878E-16 1.81862E-23
 1.49056E-10 2.32466E-14 1.17594E-17 5.27698E-16 3.40290E-10 5.09785E-17 1.06839E-21 3.06517E-24
 3.00163E-17 1.67372E-14 9.72520E-16 2.20595E-22 2.14331E-08 1.81575E-11 1.40403E-05 1.52796E-12
 4.83138E-10 3.91271E-08 3.78250E-08 9.96328E-15 7.58924E-04 1.44660E-03 6.65673E-06 6.05358E-08
 2.49546E-10 9.78965E-11 8.89165E-12 2.27291E-11 1.72519E-14 6.87211E-12 5.05245E-11 5.10025E-15
 8.54931E-16 1.92652E-23 1.31883E-10 2.43801E-14 1.44910E-17 5.92043E-16 3.57462E-10 4.86679E-17
 4.91138E-22 1.60638E-24 1.50406E-17 7.38855E-15 4.27142E-16 9.45413E-23 2.07909E-08 2.15493E-11
 1.33252E-05 1.72431E-12 4.89598E-10 3.59547E-08 3.63798E-08 1.16712E-14 7.58275E-04 1.43226E-03
 6.40370E-06 5.73838E-08 2.58604E-10 6.64605E-11 9.69964E-12 2.30323E-11 1.82911E-14 6.57376E-12
 4.30587E-11 5.20470E-15 7.73539E-16 2.00906E-23 1.16714E-10 2.53152E-14 1.76964E-17 6.59276E-16
 3.72630E-10 4.54688E-17 2.27890E-22 8.49919E-25 7.65680E-18 3.31378E-15 1.90005E-16 4.10776E-23
 2.01168E-08 2.54940E-11 1.25805E-05 1.94215E-12 4.94379E-10 3.29138E-08 3.50140E-08 1.36465E-14
 7.57615E-04 1.41885E-03 6.16421E-06 5.43206E-08 2.67840E-10 4.54421E-11 1.04262E-11 2.29400E-11
 1.90512E-14 6.17591E-12 3.60185E-11 5.20398E-15 6.74844E-16 2.07104E-23 1.03420E-10 2.60706E-14
 2.14511E-17 7.29902E-16 3.85924E-10 4.16124E-17 1.07158E-22 4.55935E-25 3.98076E-18 1.51718E-15
 8.60548E-17 1.81728E-23 1.94198E-08 3.00828E-11 1.18062E-05 2.18420E-12 4.97407E-10 3.00078E-08
 3.37324E-08 1.59313E-14 7.56952E-04 1.40639E-03 5.93732E-06 5.13542E-08 2.77340E-10 3.14067E-11
 1.10351E-11 2.24424E-11 1.94887E-14 5.69659E-12 2.95476E-11 5.09761E-15 5.67184E-16 2.11733E-23
 9.18215E-11 2.66670E-14 2.58486E-17 8.04580E-16 3.97521E-10 3.73307E-17 5.11963E-23 2.48687E-25
 2.12112E-18 7.11366E-16 3.98297E-17 8.20969E-24 1.87094E-08 3.54272E-11 1.10090E-05 2.45373E-12
 4.98639E-10 2.72406E-08 3.25378E-08 1.85770E-14 7.56290E-04 1.39486E-03 5.72225E-06 4.84924E-08
 2.87218E-10 2.20015E-11 1.14924E-11 2.15539E-11 1.95764E-14 5.15764E-12 2.37521E-11 4.89184E-15
 4.58909E-16 2.15248E-23 8.17167E-11 2.71248E-14 3.10043E-17 8.84117E-16 4.07626E-10 3.28437E-17
 2.48762E-23 1.38077E-25 1.16043E-18 3.42108E-16 1.88763E-17 3.79200E-24 1.79941E-08 4.16644E-11
 1.01984E-05 2.75468E-12 4.98050E-10 2.46152E-08 3.14331E-08 2.16470E-14 7.55632E-04 1.38418E-03
 5.51849E-06 4.57397E-08 2.97603E-10 1.56537E-11 1.17717E-11 2.03145E-11 1.93094E-14 4.58339E-12
 1.86981E-11 4.59967E-15 3.57321E-16 2.18070E-23 7.29069E-11 2.74634E-14 3.70614E-17 9.69474E-16
 4.16435E-10 2.83523E-17 1.22871E-23 7.80153E-26 6.52086E-19 1.68788E-16 9.16614E-18 1.79076E-24
 1.72835E-08 4.89683E-11 9.39328E-06 3.09169E-12 4.95681E-10 2.21363E-08 3.04191E-08 2.52231E-14
 7.54980E-04 1.37430E-03 5.32609E-06 4.31019E-08 3.08669E-10 1.13326E-11 1.18598E-11 1.87929E-11
 1.87081E-14 3.99915E-12 1.44130E-11 4.24036E-15 2.67892E-16 2.20379E-23 6.52230E-11 2.76899E-14
 4.41867E-17 1.06142E-15 4.24119E-10 2.40231E-17 6.16722E-24 4.48449E-26 3.76493E-19 8.54554E-17
 4.56302E-18 8.64762E-25 1.65894E-08 5.75459E-11 8.61901E-06 3.47030E-12 4.91694E-10 1.98127E-08
 2.94867E-08 2.94161E-14 7.54336E-04 1.36518E-03 5.14562E-06 4.05910E-08 3.20662E-10 8.36315E-12
 1.17599E-11 1.70799E-11 1.78169E-14 3.42908E-12 1.08856E-11 3.83654E-15 1.93688E-16 2.21966E-23
 5.85247E-11 2.77925E-14 5.25678E-17 1.16000E-15 4.30817E-10 1.99812E-17 3.14856E-24 2.62470E-26
 2.23507E-19 4.44395E-17 2.33122E-18 4.27572E-25 1.59205E-08 6.76552E-11 7.89480E-06 3.89702E-12
 4.86238E-10 1.76486E-08 2.86294E-08 3.43656E-14 7.53699E-04 1.35675E-03 4.97733E-06 3.82098E-08
 3.33820E-10 6.29598E-12 1.14891E-11 1.52703E-11 1.66984E-14 2.89309E-12 8.06369E-12 3.41164E-15
 1.35369E-16 2.22575E-23 5.26781E-11 2.77567E-14 6.24252E-17 1.26504E-15 4.36663E-10 1.63212E-17
 1.63480E-24 1.56386E-26 1.36427E-19 2.37410E-17 1.22250E-18 2.16578E-25 1.52828E-08 7.96063E-11
 7.23251E-06 4.37963E-12 4.79471E-10 1.56462E-08 2.78394E-08 4.02481E-14 7.53070E-04 1.34894E-03
 4.82117E-06 3.59558E-08 3.48377E-10 4.83389E-12 1.10748E-11 1.34525E-11 1.54244E-14 2.40561E-12
 5.86699E-12 2.98685E-15 9.17342E-17 2.21877E-23 4.75608E-11 2.75656E-14 7.40209E-17 1.37591E-15
 4.41781E-10 1.31010E-17 8.62553E-25 9.47714E-27 8.55584E-20 1.30226E-17 6.57760E-19 1.12397E-25
 1.46784E-08 9.38018E-11 6.64020E-06 4.92694E-12 4.71487E-10 1.38020E-08 2.71155E-08 4.72834E-14
 7.52446E-04 1.34168E-03 4.67699E-06 3.38167E-08 3.64527E-10 3.78145E-12 1.05538E-11 1.17015E-11
 1.40695E-14 1.97517E-12 4.19984E-12 2.58042E-15 6.05174E-17 2.19562E-23 4.30680E-11 2.72007E-14
 8.76533E-17 1.49171E-15 4.46274E-10 1.03449E-17 4.61761E-25 5.83304E-27 5.50884E-20 7.32969E-18
 3.62881E-19 5.97581E-26 1.41098E-08 1.10719E-10 6.12497E-06 5.54927E-12 4.62473E-10 1.21156E-08
 2.64479E-08 5.57572E-14 7.51826E-04 1.33491E-03 4.54472E-06 3.17836E-08 3.82468E-10 3.00964E-12
 9.96518E-12 1.00745E-11 1.27001E-14 1.60493E-12 2.96444E-12 2.20501E-15 3.90372E-17 2.15106E-23
 3.91111E-11 2.66362E-14 1.03656E-16 1.61033E-15 4.50231E-10 8.04209E-18 2.50614E-25 3.64301E-27
 3.63871E-20 4.23095E-18 2.05152E-19 3.25680E-26 1.35848E-08 1.30816E-10 5.69374E-06 6.25944E-12
 4.52927E-10 1.05975E-08 2.58008E-08 6.60584E-14 7.51208E-04 1.32857E-03 4.42430E-06 2.98646E-08
 4.02412E-10 2.43247E-12 9.34223E-12 8.60874E-12 1.13674E-14 1.29386E-12 2.06978E-12 1.86680E-15
 2.47217E-17 2.07623E-23 3.56133E-11 2.58415E-14 1.22400E-16 1.72716E-15 4.53730E-10 6.15527E-18
 1.38084E-25 2.31037E-27 2.46209E-20 2.50316E-18 1.18746E-19 1.82289E-26 1.31081E-08 1.54659E-10
 5.35764E-06 7.07084E-12 4.43296E-10 9.24717E-09 2.51465E-08 7.86943E-14 7.50589E-04 1.32259E-03
 4.31558E-06 2.80601E-08 4.24573E-10 1.99187E-12 8.71543E-12 7.32143E-12 1.01057E-14 1.03705E-12
 1.43370E-12 1.56878E-15 1.54324E-17 1.96399E-23 3.25074E-11 2.47886E-14 1.44230E-16 1.83645E-15
 4.56836E-10 4.63705E-18 7.73050E-26 1.48808E-27 1.70369E-20 1.51662E-18 7.02927E-20 1.04923E-26
 1.26815E-08 1.82883E-10 5.12223E-06 7.99819E-12 4.33987E-10 8.05915E-09 2.44611E-08 9.43192E-14
 7.49966E-04 1.31693E-03 4.21825E-06 2.63665E-08 4.49098E-10 1.64869E-12 8.10899E-12 6.21360E-12
 8.93800E-15 8.28039E-13 9.88177E-13 1.31088E-15 9.53349E-18 1.81217E-23 2.97371E-11 2.34716E-14
 1.69478E-16 1.93190E-15 4.59608E-10 3.43829E-18 4.40138E-26 9.73604E-28 1.20372E-20 9.40341E-19
 4.25114E-20 6.21829E-27 1.22988E-08 2.16174E-10 4.97581E-06 9.05915E-12 4.25206E-10 7.02287E-09
 2.37372E-08 1.13718E-13 7.49338E-04 1.31153E-03 4.13176E-06 2.47660E-08 4.75751E-10 1.37619E-12
 7.54043E-12 5.27393E-12 7.88258E-15 6.60121E-13 6.79656E-13 1.09125E-15 5.85237E-18 1.62966E-23
 2.72554E-11 2.19397E-14 1.98633E-16 2.00967E-15 4.62091E-10 2.51386E-18 2.54790E-26 6.46700E-28
 8.67262E-21 5.96133E-19 2.62491E-20 3.79750E-27 1.19561E-08 2.55265E-10 4.91489E-06 1.02729E-11
 4.17209E-10 6.12676E-09 2.29636E-08 1.37917E-13 7.48702E-04 1.30637E-03 4.05572E-06 2.32487E-08
 5.04292E-10 1.15609E-12 7.02105E-12 4.48581E-12 6.94436E-15 5.26391E-13 4.67710E-13 9.06322E-16
 3.58237E-18 1.42645E-23 2.50244E-11 2.02444E-14 2.32178E-16 2.06593E-15 4.64324E-10 1.81473E-18
 1.50062E-26 4.36181E-28 6.36471E-21 3.86204E-19 1.65424E-20 2.39199E-27 1.16539E-08 3.00888E-10
 4.94969E-06 1.16595E-11 4.10376E-10 5.36009E-09 2.21224E-08 1.68296E-13 7.48059E-04 1.30141E-03
 3.99010E-06 2.18171E-08 5.34592E-10 9.76074E-13 6.55829E-12 3.83162E-12 6.11917E-15 4.20494E-13
 3.22946E-13 7.51884E-16 2.19325E-18 1.21199E-23 2.30185E-11 1.84309E-14 2.70471E-16 2.09633E-15
 4.66331E-10 1.29423E-18 9.02150E-27 2.99458E-28 4.75799E-21 2.55926E-19 1.06529E-20 1.55749E-27
 1.13947E-08 3.53725E-10 5.09924E-06 1.32394E-11 4.05127E-10 4.71147E-09 2.11949E-08 2.06702E-13
 7.47409E-04 1.29664E-03 3.93484E-06 2.04797E-08 5.66629E-10 8.27119E-13 6.15330E-12 3.29207E-12
 5.39591E-15 3.36771E-13 2.24285E-13 6.23374E-16 1.34544E-18 9.96756E-24 2.12122E-11 1.65484E-14
 3.13727E-16 2.09732E-15 4.68139E-10 9.11867E-19 5.55709E-27 2.09853E-28 3.62240E-21 1.73616E-19
 7.01845E-21 1.05008E-27 1.11788E-08 4.14348E-10 5.38288E-06 1.50358E-11 4.01805E-10 4.16831E-09
 2.01734E-08 2.55532E-13 7.46747E-04 1.29201E-03 3.88944E-06 1.92414E-08 6.00281E-10 7.02173E-13
 5.80132E-12 2.84720E-12 4.76165E-15 2.70487E-13 1.56924E-13 5.16423E-16 8.27368E-19 7.92960E-24
 1.95761E-11 1.46617E-14 3.62169E-16 2.06837E-15 4.69777E-10 6.34918E-19 3.51423E-27 1.50270E-28
 2.80420E-21 1.20479E-19 4.73762E-21 7.32723E-28 1.10045E-08 4.83114E-10 5.82188E-06 1.70757E-11
 4.00733E-10 3.71916E-09 1.90590E-08 3.17906E-13 7.46071E-04 1.28749E-03 3.85331E-06 1.81053E-08
 6.35276E-10 5.96236E-13 5.49691E-12 2.47990E-12 4.20605E-15 2.17972E-13 1.10793E-13 4.27398E-16
 5.10246E-19 6.11085E-24 1.80857E-11 1.28395E-14 4.16106E-16 2.01190E-15 4.71270E-10 4.37451E-19
 2.28642E-27 1.10099E-28 2.20440E-21 8.54670E-20 3.28933E-21 5.28748E-28 1.08733E-08 5.59980E-10
 6.45369E-06 1.93896E-11 4.02396E-10 3.35498E-09 1.78510E-08 3.98047E-13 7.45378E-04 1.28305E-03
 3.82565E-06 1.70807E-08 6.71495E-10 5.05631E-13 5.23394E-12 2.17631E-12 3.71835E-15 1.76304E-13
 7.90743E-14 3.53177E-16 3.15567E-19 4.56591E-24 1.67205E-11 1.11321E-14 4.75743E-16 1.93102E-15
 4.72637E-10 2.98523E-19 1.53529E-27 8.27060E-29 1.75685E-21 6.19358E-20 2.36680E-21 3.94211E-28
 1.07874E-08 6.44237E-10 7.33145E-06 2.20151E-11 4.07479E-10 3.06957E-09 1.65508E-08 5.01682E-13
 7.44664E-04 1.27865E-03 3.80540E-06 1.61794E-08 7.08831E-10 4.27648E-13 5.00643E-12 1.92542E-12
 3.28961E-15 1.43227E-13 5.71792E-14 2.91195E-16 1.95704E-19 3.31226E-24 1.54633E-11 9.57764E-15
 5.41301E-16 1.82996E-15 4.73895E-10 2.02038E-19 1.06862E-27 6.38887E-29 1.41707E-21 4.58213E-20
 1.78982E-21 3.03382E-28 1.07479E-08 7.34242E-10 8.51244E-06 2.50027E-11 4.16865E-10 2.85978E-09
 1.51675E-08 6.36521E-13 7.43931E-04 1.27431E-03 3.79120E-06 1.54123E-08 7.46946E-10 3.60698E-13
 4.81121E-12 1.71914E-12 2.91506E-15 1.17086E-13 4.20293E-14 2.39516E-16 1.21857E-19 2.34061E-24
 1.43085E-11 8.20651E-15 6.13325E-16 1.71466E-15 4.75052E-10 1.36018E-19 7.76636E-28 5.10418E-29
 1.15724E-21 3.46623E-20 1.45617E-21 2.41332E-28 1.07543E-08 8.27276E-10 1.00512E-05 2.84216E-11
 4.31657E-10 2.72450E-09 1.37191E-08 8.12973E-13 7.43183E-04 1.27001E-03 3.78113E-06 1.47867E-08
 7.85292E-10 3.03437E-13 4.64458E-12 1.55052E-12 2.59057E-15 9.65350E-14 3.15104E-14 1.96489E-16
 7.62702E-20 1.61931E-24 1.32494E-11 7.03552E-15 6.92897E-16 1.59184E-15 4.76112E-10 9.14398E-20
 5.93804E-28 4.24268E-29 9.57172E-22 2.68527E-20 1.30620E-21 1.98700E-28 1.08012E-08 9.19823E-10
 1.19733E-05 3.23670E-11 4.53014E-10 2.66341E-09 1.22391E-08 1.04476E-12 7.42418E-04 1.26576E-03
 3.77291E-06 1.42988E-08 8.22846E-10 2.54488E-13 4.50204E-12 1.41297E-12 2.31258E-15 8.04555E-14
 2.41581E-14 1.60735E-16 4.80287E-20 1.10562E-24 1.22750E-11 6.06964E-15 7.82143E-16 1.46905E-15
 4.77087E-10 6.16830E-20 4.80002E-28 3.68349E-29 8.01517E-22 2.13115E-20 1.29709E-21 1.69322E-28
 1.08763E-08 1.00856E-09 1.42386E-05 3.69641E-11 4.81786E-10 2.67488E-09 1.07786E-08 1.34923E-12
 7.41635E-04 1.26153E-03 3.76427E-06 1.39276E-08 8.58024E-10 2.12750E-13 4.38056E-12 1.30048E-12
 2.07872E-15 6.79395E-14 1.89597E-14 1.31201E-16 3.04759E-20 7.53379E-25 1.13757E-11 5.30158E-15
 8.84692E-16 1.35379E-15 4.77987E-10 4.20077E-20 4.10826E-28 3.34565E-29 6.80102E-22 1.73385E-20
 1.40241E-21 1.49274E-28 1.09670E-08 1.09092E-09 1.67701E-05 4.23668E-11 5.18654E-10 2.75867E-09
 9.38723E-09 1.74846E-12 7.40832E-04 1.25731E-03 3.75348E-06 1.36464E-08 8.89173E-10 1.77232E-13
 4.27757E-12 1.20786E-12 1.88543E-15 5.82202E-14 1.52247E-14 1.06973E-16 1.95128E-20 5.17799E-25
 1.05423E-11 4.71075E-15 1.00540E-15 1.25119E-15 4.78821E-10 2.90335E-20 3.71891E-28 3.17778E-29
 5.85550E-22 1.44679E-20 1.58558E-21 1.36015E-28 1.10861E-08 1.16269E-09 1.96302E-05 4.87597E-11
 5.66204E-10 2.93160E-09 8.07101E-09 2.27620E-12 7.40008E-04 1.25307E-03 3.73983E-06 1.34772E-08
 9.16607E-10 1.47073E-13 4.18873E-12 1.13311E-12 1.72436E-15 5.06788E-14 1.25354E-14 8.70852E-17
 1.26058E-20 3.58652E-25 9.76671E-12 4.26338E-15 1.14784E-15 1.15958E-15 4.79597E-10 2.03696E-20
 3.58459E-28 3.17143E-29 5.11205E-22 1.23918E-20 1.84072E-21 1.28179E-28 1.12781E-08 1.21614E-09
 2.31000E-05 5.63792E-11 6.30726E-10 3.23805E-09 6.80616E-09 2.99019E-12 7.39163E-04 1.24883E-03
 3.72335E-06 1.35038E-08 9.43362E-10 1.21627E-13 4.10782E-12 1.07774E-12 1.58493E-15 4.48787E-14
 1.06570E-14 7.06453E-17 8.21178E-21 2.47288E-25 9.04505E-12 3.92669E-15 1.31288E-15 1.07284E-15
 4.80319E-10 1.44541E-20 3.74450E-28 3.36748E-29 4.50994E-22 1.09074E-20 2.23596E-21 1.25332E-28
 1.15563E-08 1.24797E-09 2.72957E-05 6.55465E-11 7.17452E-10 3.71958E-09 5.62782E-09 3.96904E-12
 7.38302E-04 1.24459E-03 3.70374E-06 1.37422E-08 9.70327E-10 1.00311E-13 4.03196E-12 1.04039E-12
 1.46453E-15 4.05027E-14 9.37010E-15 5.71837E-17 5.40606E-21 1.70333E-25 8.37382E-12 3.68958E-15
 1.50552E-15 9.92605E-16 4.80991E-10 1.04024E-20 4.24526E-28 3.80766E-29 4.01507E-22 9.86016E-21
 2.80355E-21 1.27032E-28 1.18939E-08 1.26395E-09 3.20264E-05 7.66450E-11 8.27251E-10 4.39220E-09
 4.60069E-09 5.30736E-12 7.37424E-04 1.24034E-03 3.68026E-06 1.41127E-08 9.96055E-10 8.25673E-14
 3.96241E-12 1.01598E-12 1.36462E-15 3.72369E-14 8.45157E-15 4.64261E-17 3.61047E-21 1.19344E-25
 7.74890E-12 3.54575E-15 1.73657E-15 9.25317E-16 4.81615E-10 7.64478E-21 5.10809E-28 4.50954E-29
 3.61273E-22 9.12279E-21 3.43155E-21 1.32464E-28 1.22793E-08 1.27069E-09 3.71650E-05 9.01151E-11
 9.61379E-10 5.27157E-09 3.74074E-09 7.14179E-12 7.36533E-04 1.23610E-03 3.65247E-06 1.45578E-08
 1.02131E-09 6.78836E-14 3.89934E-12 1.00111E-12 1.28246E-15 3.47910E-14 7.75768E-15 3.79543E-17
 2.45025E-21 8.58136E-26 7.16674E-12 3.48142E-15 2.01562E-15 8.72768E-16 4.82197E-10 5.74890E-21
 6.38630E-28 5.50568E-29 3.28188E-22 8.59468E-21 3.83427E-21 1.40930E-28 1.27031E-08 1.27488E-09
 4.25667E-05 1.06477E-10 1.12040E-09 6.36226E-09 3.04102E-09 9.66252E-12 7.35633E-04 1.23188E-03
 3.62026E-06 1.50221E-08 1.04712E-09 5.58098E-14 3.84312E-12 9.92798E-13 1.21506E-15 3.29245E-14
 7.18955E-15 3.13451E-17 1.69066E-21 6.38091E-26 6.62521E-12 3.48788E-15 2.35333E-15 8.36151E-16
 4.82739E-10 4.42870E-21 8.13707E-28 6.83127E-29 3.00792E-22 8.20865E-21 4.08027E-21 1.51885E-28
 1.31468E-08 1.28542E-09 4.78282E-05 1.26240E-10 1.30019E-09 7.62466E-09 2.48933E-09 1.31032E-11
 7.34730E-04 1.22769E-03 3.58376E-06 1.54246E-08 1.07407E-09 4.59367E-14 3.79585E-12 9.86788E-13
 1.15973E-15 3.13963E-14 6.65581E-15 2.62335E-17 1.18512E-21 4.94595E-26 6.12253E-12 3.55523E-15
 2.76145E-15 8.16841E-16 4.83241E-10 3.49465E-21 1.03263E-27 8.46789E-29 2.78626E-22 7.91806E-21
 4.21670E-21 1.64582E-28 1.36078E-08 1.30598E-09 5.27840E-05 1.50077E-10 1.49950E-09 9.02955E-09
 2.05586E-09 1.78018E-11 7.33828E-04 1.22355E-03 3.54295E-06 1.57326E-08 1.10315E-09 3.78918E-14
 3.75746E-12 9.81245E-13 1.11363E-15 3.00692E-14 6.12655E-15 2.22625E-17 8.42380E-22 4.00439E-26
 5.65675E-12 3.68267E-15 3.25243E-15 8.14883E-16 4.83706E-10 2.82132E-21 1.29296E-27 1.04125E-28
 2.60535E-22 7.69102E-21 4.27665E-21 1.78576E-28 1.40712E-08 1.33814E-09 5.73970E-05 1.78990E-10
 1.71780E-09 1.05518E-08 1.71464E-09 2.42290E-11 7.32933E-04 1.21948E-03 3.49732E-06 1.59073E-08
 1.13326E-09 3.13522E-14 3.72756E-12 9.74918E-13 1.07654E-15 2.89038E-14 5.59648E-15 1.91695E-17
 6.06918E-22 3.40220E-26 5.22595E-12 3.88386E-15 3.84802E-15 8.31983E-16 4.84136E-10 2.33303E-21
 1.58986E-27 1.26568E-28 2.45423E-22 7.50501E-21 4.28380E-21 1.93461E-28 1.44891E-08 1.38380E-09
 6.16463E-05 2.14506E-10 1.95194E-09 1.21521E-08 1.44796E-09 3.29994E-11 7.32048E-04 1.21548E-03
 3.44583E-06 1.58644E-08 1.15927E-09 2.60248E-14 3.70642E-12 9.65984E-13 1.05158E-15 2.79251E-14
 5.06358E-15 1.67907E-17 4.44370E-22 3.06223E-26 4.82680E-12 4.18657E-15 4.59177E-15 8.72367E-16
 4.84534E-10 1.98356E-21 1.90863E-27 1.51439E-28 2.32534E-22 7.34328E-21 4.25504E-21 2.08602E-28
 1.48377E-08 1.44506E-09 6.55119E-05 2.58525E-10 2.19921E-09 1.37839E-08 1.23914E-09 4.49777E-11
 7.31175E-04 1.21155E-03 3.38830E-06 1.55632E-08 1.17857E-09 2.16688E-14 3.69373E-12 9.53544E-13
 1.03916E-15 2.71177E-14 4.53071E-15 1.49871E-17 3.31065E-22 2.91567E-26 4.45607E-12 4.60841E-15
 5.53456E-15 9.38461E-16 4.84903E-10 1.73129E-21 2.23064E-27 1.77990E-28 2.21240E-22 7.19457E-21
 4.20133E-21 2.23400E-28 1.51280E-08 1.52456E-09 6.89611E-05 3.13260E-10 2.45836E-09 1.53953E-08
 1.07371E-09 6.14174E-11 7.30316E-04 1.20769E-03 3.32602E-06 1.50229E-08 1.19209E-09 1.81013E-14
 3.68876E-12 9.37457E-13 1.03703E-15 2.64184E-14 4.00366E-15 1.36334E-17 2.50659E-22 2.90569E-26
 4.11183E-12 5.15409E-15 6.72780E-15 1.03115E-15 4.85246E-10 1.54167E-21 2.53732E-27 2.05446E-28
 2.11061E-22 7.05220E-21 4.12939E-21 2.37411E-28 1.53685E-08 1.62607E-09 7.19557E-05 3.81540E-10
 2.72676E-09 1.69190E-08 9.41834E-10 8.40711E-11 7.29479E-04 1.20393E-03 3.26125E-06 1.42659E-08
 1.20009E-09 1.51770E-14 3.69126E-12 9.17301E-13 1.04396E-15 2.57696E-14 3.48807E-15 1.26398E-17
 1.92600E-22 3.00191E-26 3.79273E-12 5.82752E-15 8.23979E-15 1.15227E-15 4.85563E-10 1.39230E-21
 2.80628E-27 2.32734E-28 2.01700E-22 6.91235E-21 4.04316E-21 2.50178E-28 1.55697E-08 1.75476E-09
 7.44584E-05 4.66908E-10 3.00062E-09 1.82757E-08 8.36296E-10 1.15405E-10 7.28667E-04 1.20027E-03
 3.19694E-06 1.33258E-08 1.20305E-09 1.27763E-14 3.70119E-12 8.92560E-13 1.05884E-15 2.51107E-14
 2.98980E-15 1.19337E-17 1.49822E-22 3.18297E-26 3.49743E-12 6.62489E-15 1.01556E-14 1.30365E-15
 4.85855E-10 1.26717E-21 3.01403E-27 2.58547E-28 1.92964E-22 6.77300E-21 3.94456E-21 2.61266E-28
 1.57548E-08 1.91746E-09 7.64300E-05 5.73598E-10 3.27586E-09 1.93870E-08 7.51372E-10 1.58915E-10
 7.27887E-04 1.19674E-03 3.13660E-06 1.22572E-08 1.20279E-09 1.08022E-14 3.71849E-12 8.62844E-13
 1.07977E-15 2.43718E-14 2.51598E-15 1.14448E-17 1.17449E-22 3.42416E-26 3.22469E-12 7.52640E-15
 1.25698E-14 1.48586E-15 4.86124E-10 1.15387E-21 3.14193E-27 2.81563E-28 1.84724E-22 6.63348E-21
 3.83407E-21 2.70349E-28 1.59614E-08 2.11989E-09 7.80729E-05 7.07410E-10 3.55451E-09 2.02230E-08
 6.81506E-10 2.19972E-10 7.27141E-04 1.19332E-03 3.08388E-06 1.11326E-08 1.20208E-09 9.17218E-15
 3.74207E-12 8.28819E-13 1.10520E-15 2.35188E-14 2.07903E-15 1.11128E-17 9.23511E-23 3.70727E-26
 2.97281E-12 8.51924E-15 1.55965E-14 1.70076E-15 4.86372E-10 1.04622E-21 3.19082E-27 3.01481E-28
 1.76627E-22 6.49381E-21 3.71099E-21 2.77386E-28 1.62263E-08 2.37269E-09 7.93732E-05 8.74925E-10
 3.83353E-09 2.07189E-08 6.23519E-10 3.06118E-10 7.26433E-04 1.19004E-03 3.04249E-06 1.00079E-08
 1.20414E-09 7.81896E-15 3.77191E-12 7.90194E-13 1.13274E-15 2.24844E-14 1.68340E-15 1.08669E-17
 7.22647E-23 3.99861E-26 2.74002E-12 9.55346E-15 1.93494E-14 1.94679E-15 4.86600E-10 9.38049E-22
 3.15619E-27 3.17385E-28 1.68627E-22 6.35403E-21 3.57379E-21 2.82207E-28 1.65726E-08 2.69432E-09
 8.00264E-05 1.08233E-09 4.10001E-09 2.07654E-08 5.76124E-10 4.27019E-10 7.25768E-04 1.18689E-03
 3.01605E-06 8.91627E-09 1.21140E-09 6.69109E-15 3.80909E-12 7.45668E-13 1.15879E-15 2.11759E-14
 1.32938E-15 1.06144E-17 5.56180E-23 4.23599E-26 2.52523E-12 1.05138E-14 2.39170E-14 2.21390E-15
 4.86809E-10 8.23300E-22 3.02528E-27 3.27274E-28 1.61004E-22 6.21425E-21 3.42071E-21 2.84498E-28
 1.70150E-08 3.10504E-09 7.99623E-05 1.33677E-09 4.34461E-09 2.03196E-08 5.37512E-10 5.95984E-10
 7.25152E-04 1.18390E-03 3.00748E-06 7.88345E-09 1.22521E-09 5.74882E-15 3.85354E-12 6.95121E-13
 1.18062E-15 1.95708E-14 1.02157E-15 1.02773E-17 4.16876E-23 4.36359E-26 2.32789E-12 1.12859E-14
 2.93877E-14 2.48936E-15 4.86999E-10 7.02314E-22 2.80576E-27 3.30261E-28 1.53805E-22 6.07481E-21
 3.25036E-21 2.84196E-28 1.75323E-08 3.63147E-09 7.91007E-05 1.64543E-09 4.55391E-09 1.93791E-08
 5.06709E-10 8.29865E-10 7.24595E-04 1.18111E-03 3.01893E-06 6.91186E-09 1.24371E-09 4.96071E-15
 3.90489E-12 6.38709E-13 1.19673E-15 1.76985E-14 7.62414E-16 9.80493E-18 3.02091E-23 4.33749E-26
 2.14777E-12 1.17557E-14 3.58697E-14 2.75541E-15 4.87172E-10 5.79065E-22 2.51221E-27 3.25675E-28
 1.47094E-22 5.93581E-21 3.06179E-21 2.81216E-28 1.80760E-08 4.30787E-09 7.73578E-05 2.01405E-09
 4.71290E-09 1.79934E-08 4.83062E-10 1.14904E-09 7.24104E-04 1.17853E-03 3.05243E-06 5.99884E-09
 1.26282E-09 4.30216E-15 3.96210E-12 5.77253E-13 1.20576E-15 1.56253E-14 5.51991E-16 9.17216E-18
 2.10548E-23 4.13262E-26 1.98496E-12 1.18283E-14 4.34809E-14 2.98920E-15 4.87327E-10 4.59387E-22
 2.16784E-27 3.13430E-28 1.40949E-22 5.79737E-21 2.85457E-21 2.75615E-28 1.86090E-08 5.17771E-09
 7.46493E-05 2.44373E-09 4.81141E-09 1.62698E-08 4.65527E-10 1.57773E-09 7.23688E-04 1.17622E-03
 3.11136E-06 5.15718E-09 1.28015E-09 3.75259E-15 4.02321E-12 5.12539E-13 1.20405E-15 1.34308E-14
 3.87919E-16 8.36203E-18 1.40288E-23 3.74177E-26 1.83945E-12 1.14426E-14 5.22368E-14 3.16304E-15
 4.87464E-10 3.48948E-22 1.80465E-27 2.94497E-28 1.35502E-22 5.65949E-21 2.62829E-21 2.67872E-28
 1.90473E-08 6.29763E-09 7.08968E-05 2.92904E-09 4.83844E-09 1.43371E-08 4.53823E-10 2.14153E-09
 7.23355E-04 1.17419E-03 3.20165E-06 4.38581E-09 1.28961E-09 3.29519E-15 4.08593E-12 4.46651E-13
 1.18916E-15 1.12219E-14 2.65027E-16 7.40185E-18 8.91595E-24 3.20054E-26 1.71115E-12 1.06062E-14
 6.21418E-14 3.25088E-15 4.87583E-10 2.53104E-22 1.45009E-27 2.70118E-28 1.30943E-22 5.52209E-21
 2.38256E-21 2.58562E-28 1.92108E-08 7.74422E-09 6.60262E-05 3.45543E-09 4.77901E-09 1.23188E-08
 4.49063E-10 2.86225E-09 7.23109E-04 1.17248E-03 3.33466E-06 3.66687E-09 1.27786E-09 2.91552E-15
 4.14804E-12 3.81617E-13 1.16154E-15 9.11484E-15 1.76371E-16 6.36424E-18 5.42718E-24 2.58283E-26
 1.59964E-12 9.40403E-15 7.33438E-14 3.23431E-15 4.87685E-10 1.75407E-22 1.12240E-27 2.41367E-28
 1.27513E-22 5.38500E-21 2.11639E-21 2.48180E-28 1.88428E-08 9.62688E-09 5.99660E-05 3.99317E-09
 4.61878E-09 1.03285E-08 4.53808E-10 3.75143E-09 7.22950E-04 1.17110E-03 3.53386E-06 2.98575E-09
 1.22722E-09 2.60125E-15 4.20745E-12 3.19360E-13 1.12274E-15 7.20179E-15 1.14656E-16 5.33011E-18
 3.19094E-24 1.96860E-26 1.50407E-12 7.97156E-15 8.61720E-14 3.10480E-15 4.87769E-10 1.16462E-22
 8.33605E-28 2.09372E-28 1.25568E-22 5.24817E-21 1.82729E-21 2.37325E-28 1.76216E-08 1.21115E-08
 5.26935E-05 4.49008E-09 4.34755E-09 8.47188E-09 4.73287E-10 4.79912E-09 7.22874E-04 1.17006E-03
 3.84368E-06 2.33654E-09 1.11732E-09 2.34373E-15 4.26235E-12 2.61588E-13 1.07534E-15 5.54311E-15
 7.31970E-17 4.37480E-18 1.83960E-24 1.42535E-26 1.42381E-12 6.47352E-15 1.01346E-13 2.86821E-15
 4.87836E-10 7.45781E-23 5.91079E-28 1.75418E-28 1.25698E-22 5.11294E-21 1.51241E-21 2.26806E-28
 1.53418E-08 1.54774E-08 4.42851E-05 4.85860E-09 3.97110E-09 6.84088E-09 5.16655E-10 5.96339E-09
 7.22869E-04 1.16933E-03 4.34026E-06 1.73832E-09 9.39626E-10 2.13727E-15 4.31116E-12 2.09862E-13
 1.01834E-15 4.15368E-15 4.63706E-17 3.53702E-18 1.05724E-24 9.86276E-27 1.35818E-12 5.05446E-15
 1.19765E-13 2.54201E-15 4.87885E-10 4.64510E-23 3.99251E-28 1.41260E-28 1.29073E-22 4.98242E-21
 1.16905E-21 2.18101E-28 1.22149E-08 2.03021E-08 3.49085E-05 4.96728E-09 3.51251E-09 5.46194E-09
 5.99844E-10 7.17025E-09 7.22914E-04 1.16887E-03 5.13726E-06 1.23167E-09 7.17143E-10 1.97713E-15
 4.35316E-12 1.64971E-13 9.39860E-16 2.99474E-15 2.94712E-17 2.79756E-18 6.05231E-25 6.42569E-27
 1.30601E-12 3.76880E-15 1.41139E-13 2.13925E-15 4.87917E-10 2.80028E-23 2.56598E-28 1.08626E-28
 1.38269E-22 4.86009E-21 7.93670E-22 2.13527E-28 8.89097E-09 2.80746E-08 2.48020E-05 4.67385E-09
 2.97461E-09 4.22743E-09 7.56506E-10 8.33740E-09 7.22983E-04 1.16861E-03 6.36724E-06 8.40567E-10
 4.97872E-10 1.85899E-15 4.39028E-12 1.25110E-13 8.18625E-16 1.99790E-15 1.84446E-17 2.10729E-18
 3.29648E-25 3.67763E-27 1.26558E-12 2.56845E-15 1.61661E-13 1.65726E-15 4.87939E-10 1.55240E-23
 1.52891E-28 7.78447E-29 1.58932E-22 4.74732E-21 3.82628E-22 2.14703E-28 6.11398E-09 4.31737E-08
 1.46239E-05 3.91833E-09 2.31516E-09 2.97940E-09 1.06507E-09 9.51480E-09 7.23053E-04 1.16848E-03
 8.13552E-06 5.56352E-10 3.26933E-10 1.77783E-15 4.42743E-12 8.54578E-14 6.37496E-16 1.13546E-15
 1.02214E-17 1.44905E-18 1.51672E-25 1.59658E-27 1.23477E-12 1.44687E-15 1.71058E-13 1.11348E-15
 4.87962E-10 6.90227E-24 7.78834E-29 4.88547E-29 2.03804E-22 4.63745E-21 1.88171E-22 2.19420E-28
 4.10144E-09 7.09804E-08 7.97577E-06 3.13279E-09 1.72515E-09 1.94179E-09 1.58516E-09 1.13912E-08
 7.23113E-04 1.16841E-03 1.04579E-05 3.52306E-10 2.05859E-10 1.72778E-15 4.45788E-12 5.25699E-14
 4.69214E-16 5.61260E-16 4.94542E-18 9.93284E-19 6.21421E-26 6.96889E-28 1.21155E-12 7.75852E-16
 1.77081E-13 7.54226E-16 4.87980E-10 2.74227E-24 3.64819E-29 2.96423E-29 2.74276E-22 4.52476E-21
 9.86279E-23 2.23126E-28 2.76825E-09 1.22389E-07 4.22682E-06 2.46098E-09 1.25881E-09 1.20284E-09
 2.44192E-09 1.45111E-08 7.23160E-04 1.16837E-03 1.32960E-05 2.13262E-10 1.24762E-10 1.70310E-15
 4.47885E-12 2.93532E-14 3.36160E-16 2.48135E-16 2.11235E-18 6.91546E-19 2.32949E-26 3.55983E-28
 1.19469E-12 4.36591E-16 1.85349E-13 5.55343E-16 4.87989E-10 1.05336E-24 1.66448E-29 1.83477E-29
 3.75139E-22 4.39851E-21 5.54901E-23 2.24179E-28 2.03061E-09 2.18406E-07 2.31360E-06 1.99998E-09
 9.46798E-10 7.43445E-10 3.83803E-09 2.03655E-08 7.23192E-04 1.16835E-03 1.65716E-05 1.27139E-10
 7.49817E-11 1.69768E-15 4.49091E-12 1.54959E-14 2.46225E-16 1.02818E-16 8.39782E-19 4.84900E-19
 8.15784E-27 2.28288E-28 1.18360E-12 2.76872E-16 2.04524E-13 4.60531E-16 4.87982E-10 4.16249E-25
 7.99805E-30 1.24646E-29 4.98365E-22 4.26172E-21 3.43947E-23 2.24609E-28 1.87515E-09 6.12011E-07
 1.50957E-06 1.45139E-09 6.07677E-10 4.51754E-10 8.82457E-09 3.85517E-08 7.23210E-04 1.16835E-03
 2.02151E-05 7.59291E-11 4.39639E-11 1.70431E-15 4.50057E-12 4.78124E-15 1.61265E-16 3.59429E-17
 2.13339E-19 2.54691E-19 1.71403E-27 1.23741E-28 1.17806E-12 1.53294E-16 2.16224E-13 3.50418E-16
 4.87976E-10 1.03307E-25 3.19981E-30 6.64452E-30 7.09116E-22 4.04587E-21 2.50341E-23 2.05280E-28
 2.89815E+02 2.87096E+02 2.84303E+02 2.81410E+02 2.78401E+02 2.75278E+02 2.72167E+02 2.69024E+02
 2.65715E+02 2.62172E+02 2.58369E+02 2.54282E+02 2.49900E+02 2.45224E+02 2.40275E+02 2.35091E+02
 2.30207E+02 2.26738E+02 2.24745E+02 2.23345E+02 2.22202E+02 2.21283E+02 2.20547E+02 2.19927E+02
 2.19364E+02 2.18826E+02 2.18280E+02 2.17683E+02 2.17049E+02 2.16383E+02 2.15607E+02 2.14743E+02
 2.13853E+02 2.12922E+02 2.11950E+02 2.10951E+02 2.09942E+02 2.08929E+02 2.07907E+02 2.06864E+02
 2.05792E+02 2.04685E+02 2.03543E+02 2.02364E+02 2.01156E+02 1.99932E+02 1.98708E+02 1.97495E+02
 1.96306E+02 1.95157E+02 1.94065E+02 1.93058E+02 1.92160E+02 1.91364E+02 1.90672E+02 1.90099E+02
 1.89665E+02 1.89378E+02 1.89234E+02 1.89234E+02 1.89379E+02 1.89657E+02 1.90041E+02 1.90488E+02
 1.90928E+02 1.91293E+02 1.91601E+02 1.91962E+02 1.92375E+02 1.92738E+02 1.93033E+02 1.93261E+02
 1.93411E+02 1.93514E+02 1.93559E+02 1.93456E+02 1.93183E+02 1.92791E+02 1.92312E+02 1.91777E+02
 1.91235E+02 1.90746E+02 1.90368E+02 1.90141E+02 1.90084E+02 1.90166E+02 1.90324E+02 1.90528E+02
 1.90696E+02 1.90648E+02 1.90127E+02 1.88755E+02 1.86124E+02 1.82062E+02 1.76850E+02 1.71467E+02
 1.66248E+02 1.61188E+02 1.56282E+02 1.51525E+02 1.00000E+05 1.00000E+05 1.00000E+05 1.00000E+05
 1.00000E+05 1.00000E+05 1.00000E+05 1.00000E+05 1.00000E+05 1.00000E+05 1.00000E+05 1.00000E+05
 1.00000E+05 1.00000E+05 1.00000E+05 1.00000E+05 1.00000E+05 9.96137E+04 9.44624E+04 8.89467E+04
 6.92150E+04 4.94833E+04 3.64291E+04 2.35462E+04 1.76527E+04 1.23259E+04 9.59073E+03 7.22585E+03
 6.14918E+03 5.34577E+03 4.83421E+03 4.40738E+03 4.16976E+03 4.00390E+03 3.93354E+03 3.90915E+03
 3.93018E+03 3.97848E+03 4.09549E+03 4.26329E+03 4.47130E+03 4.71570E+03 4.98187E+03 5.27211E+03
 5.59407E+03 5.95895E+03 6.34230E+03 6.75645E+03 7.18629E+03 7.64873E+03 8.11841E+03 8.60720E+03
 9.10059E+03 9.60985E+03 1.01367E+04 1.07465E+04 1.13538E+04 1.19440E+04 1.25317E+04 1.30878E+04
 1.36483E+04 1.43800E+04 1.51117E+04 1.58720E+04 1.66329E+04 1.73623E+04 1.80891E+04 1.89483E+04
 1.98263E+04 2.07849E+04 2.17605E+04 2.29138E+04 2.41187E+04 2.55145E+04 2.69828E+04 2.84478E+04
 2.99112E+04 3.15210E+04 3.32185E+04 3.50648E+04 3.70209E+04 3.89744E+04 4.09256E+04 4.29880E+04
 4.51734E+04 4.75661E+04 5.02393E+04 5.30972E+04 5.62630E+04 5.93591E+04 6.23104E+04 6.53770E+04
 6.87477E+04 7.22973E+04 7.64632E+04 8.05838E+04 8.44911E+04 8.84563E+04 9.28271E+04 9.72370E+04
 2.44610E+19 2.30375E+19 2.16901E+19 2.04166E+19 1.92140E+19 1.80776E+19 1.69962E+19 1.59702E+19
 1.50044E+19 1.40982E+19 1.32486E+19 1.24522E+19 1.17054E+19 1.10042E+19 1.03441E+19 9.72057E+18
 9.11072E+18 8.47647E+18 7.82830E+18 7.20637E+18 6.62316E+18 6.07873E+18 5.57273E+18 5.10489E+18
 4.67409E+18 4.27827E+18 3.91532E+18 3.58323E+18 3.27911E+18 3.00049E+18 2.74617E+18 2.51364E+18
 2.30029E+18 2.10468E+18 1.92535E+18 1.76082E+18 1.60977E+18 1.47110E+18 1.34386E+18 1.22722E+18
 1.12037E+18 1.02251E+18 9.32910E+17 8.50884E+17 7.75776E+17 7.06968E+17 6.43910E+17 5.86117E+17
 5.33149E+17 4.84606E+17 4.40119E+17 3.99340E+17 3.61966E+17 3.27780E+17 2.96553E+17 2.68049E+17
 2.42048E+17 2.18361E+17 1.96824E+17 1.77272E+17 1.59550E+17 1.43519E+17 1.29053E+17 1.16035E+17
 1.04363E+17 9.39243E+16 8.45721E+16 7.61453E+16 6.85555E+16 6.17526E+16 5.56555E+16 5.01857E+16
 4.52769E+16 4.08620E+16 3.68908E+16 3.33311E+16 3.01389E+16 2.72651E+16 2.46713E+16 2.23254E+16
 2.01979E+16 1.82635E+16 1.65013E+16 1.48952E+16 1.34326E+16 1.21052E+16 1.09054E+16 9.82341E+15
 8.85147E+15 7.98516E+15 7.22060E+15 6.55545E+15 5.98562E+15 5.49899E+15 5.07338E+15 4.67395E+15
 4.29082E+15 3.92481E+15 3.57660E+15 3.24672E+15 2.80493E-11 3.06078E-11 3.59268E-11 4.45114E-11
 5.56684E-11 6.91028E-11 8.46366E-11 1.02121E-10 1.21396E-10 1.42270E-10 1.64515E-10 1.87854E-10
 2.11958E-10 2.36439E-10 2.60864E-10 2.84821E-10 3.07862E-10 3.29653E-10 3.50445E-10 3.70424E-10
 3.91055E-10 4.14724E-10 4.40725E-10 4.69237E-10 4.98247E-10 5.24348E-10 5.44791E-10 5.57298E-10
 5.61067E-10 5.56895E-10 5.46417E-10 5.31086E-10 5.12053E-10 4.90317E-10 4.66600E-10 4.41517E-10
 4.15517E-10 3.88981E-10 3.62352E-10 3.36109E-10 3.10575E-10 2.85964E-10 2.62400E-10 2.39939E-10
 2.18634E-10 1.98545E-10 1.79683E-10 1.62026E-10 1.45538E-10 1.30186E-10 1.15663E-10 1.02227E-10
 8.98234E-11 7.84216E-11 6.79939E-11 5.85654E-11 5.00688E-11 4.24388E-11 3.56296E-11 2.95864E-11
 2.42763E-11 1.97102E-11 1.58175E-11 1.25376E-11 9.80390E-12 7.54994E-12 5.71793E-12 4.26108E-12
 3.12060E-12 2.24521E-12 1.58476E-12 1.09853E-12 7.46964E-13 4.98687E-13 3.26540E-13 2.09270E-13
 1.30984E-13 8.00668E-14 4.77404E-14 2.77525E-14 1.57065E-14 8.62382E-15 4.57591E-15 2.34035E-15
 1.15053E-15 5.42785E-16 2.45746E-16 1.06553E-16 4.42355E-17 1.74869E-17 6.54154E-18 2.31280E-18
 7.74942E-19 2.46651E-19 7.51601E-20 2.16868E-20 5.85580E-21 1.47604E-21 3.52146E-22 8.56228E-23
 6.29799E+01 5.59893E+01 5.42099E+01 5.71274E+01 6.11093E+01 6.84114E+01 7.49879E+01 8.05543E+01
 8.62912E+01 9.15359E+01 9.59224E+01 9.99179E+01 1.03412E+02 1.05947E+02 1.07448E+02 1.08143E+02
 1.06857E+02 1.05240E+02 1.02236E+02 9.80970E+01 9.39522E+01 8.97173E+01 8.64264E+01 8.38503E+01
 8.14024E+01 7.84015E+01 7.45655E+01 6.98348E+01 6.43606E+01 5.84642E+01 5.25148E+01 4.67375E+01
 4.12658E+01 3.61755E+01 3.15082E+01 2.72767E+01 2.34744E+01 2.00997E+01 1.71166E+01 1.45071E+01
 1.22429E+01 1.02936E+01 8.62695E+00 7.20138E+00 5.98695E+00 4.95731E+00 4.09185E+00 3.36234E+00
 2.74962E+00 2.23697E+00 1.80732E+00 1.45099E+00 1.15649E+00 9.14804E-01 7.17854E-01 5.58995E-01
 4.31710E-01 3.30181E-01 2.49867E-01 1.86843E-01 1.37930E-01 1.00674E-01 7.25872E-02 5.16985E-02
 3.63353E-02 2.51754E-02 1.71700E-02 1.15171E-02 7.58792E-03 4.91481E-03 3.12506E-03 1.95211E-03
 1.19605E-03 7.19025E-04 4.23893E-04 2.45114E-04 1.38814E-04 7.68978E-05 4.15894E-05 2.19334E-05
 1.12502E-05 5.58688E-06 2.67231E-06 1.22645E-06 5.38387E-07 2.25875E-07 9.08991E-08 3.49722E-08
 1.28790E-08 4.53362E-09 1.52151E-09 4.89101E-10 1.51969E-10 4.60983E-11 1.37421E-11 3.88566E-12
 1.03541E-12 2.63896E-13 6.76773E-14 2.47500E-14 1.00000E-12 1.00000E-12 1.00000E-12 1.00000E-12
 1.00000E-12 1.00000E-12 1.00000E-12 1.00000E-12 1.00000E-12 1.00000E-12 1.00000E-12 1.00000E-12
 1.00000E-12 1.00000E-12 1.00000E-12 1.00000E-12 1.00000E-12 1.00000E-12 1.00000E-12 1.00000E-12
 1.00000E-12 1.00000E-12 1.00000E-12 1.00000E-12 1.00000E-12 1.00000E-12 1.00000E-12 1.00000E-12
 1.00000E-12 1.00000E-12 1.00000E-12 1.00000E-12 1.00000E-12 1.00000E-12 1.00000E-12 1.00000E-12
 1.00000E-12 1.00000E-12 1.00000E-12 1.00000E-12 1.00000E-12 1.00000E-12 1.00000E-12 1.00000E-12
 1.00000E-12 1.00000E-12 1.00000E-12 1.00000E-12 1.00000E-12 1.00000E-12 1.00000E-12 1.00000E-12
 1.00000E-12 1.00000E-12 1.00000E-12 1.00000E-12 1.00000E-12 1.00000E-12 1.00000E-12 1.00000E-12
 1.00000E-12 1.00000E-12 1.00000E-12 1.00000E-12 1.00000E-12 1.00000E-12 1.00000E-12 1.00000E-12
 1.00000E-12 1.00000E-12 1.00000E-12 1.00000E-12 1.00000E-12 1.00000E-12 1.00000E-12 1.00000E-12
 1.00000E-12 1.00000E-12 1.00000E-12 1.00000E-12 1.00000E-12 1.00000E-12 1.00000E-12 1.00000E-12
 1.00000E-12 1.00000E-12 1.00000E-12 1.00000E-12 1.00000E-12 1.00000E-12 1.00000E-12 1.00000E-12
 1.00000E-12 1.00000E-12 1.00000E-12 1.00000E-12 1.00000E-12 1.00000E-12 1.00000E-12 1.00000E-12
 1.00000E-12 1.00000E-12 1.00000E-12 1.00000E-12 1.00000E-12 1.00000E-12 1.00000E-12 1.00000E-12
 1.00000E-12 1.00000E-12 1.00000E-12 1.00000E-12 1.00000E-12 1.00000E-12 1.00000E-12 1.00000E-12
 1.00000E-12 1.00000E-12 1.00000E-12 1.00000E-12 1.00000E-12 1.00000E-12 1.00000E-12 1.00000E-12
 1.00000E-12 1.00000E-12 1.00000E-12 1.00000E-12 1.00000E-12 1.00000E-12 1.00000E-12 1.00000E-12
 1.00000E-12 1.00000E-12 1.00000E-12 1.00000E-12 1.00000E-12 1.00000E-12 1.00000E-12 1.00000E-12
 1.00000E-12 1.00000E-12 1.00000E-12 1.00000E-12 1.00000E-12 1.00000E-12 1.00000E-12 1.00000E-12
 1.00000E-12 1.00000E-12 1.00000E-12 1.00000E-12 1.00000E-12 1.00000E-12 1.00000E-12 1.00000E-12
 1.00000E-12 1.00000E-12 1.00000E-12 1.00000E-12 1.00000E-12 1.00000E-12 1.00000E-12 1.00000E-12
 1.00000E-12 1.00000E-12 1.00000E-12 1.00000E-12 1.00000E-12 1.00000E-12 1.00000E-12 1.00000E-12
 1.00000E-12 1.00000E-12 1.00000E-12 1.00000E-12 1.00000E-12 1.00000E-12 1.00000E-12 1.00000E-12
 1.00000E-12 1.00000E-12 1.00000E-12 1.00000E-12 1.00000E-12 1.00000E-12 1.00000E-12 1.00000E-12
 1.00000E-12 1.00000E-12 1.00000E-12 1.00000E-12 1.00000E-12 1.00000E-12 1.00000E-12 1.00000E-12
 1.00000E-12 1.00000E-12 1.00000E-12 1.00000E-12 2.72463E-04 2.90152E-04 3.09673E-04 3.29763E-04
 3.51921E-04 3.71965E-04 3.94664E-04 4.20214E-04 4.47066E-04 4.76193E-04 5.08278E-04 5.42855E-04
 5.80322E-04 6.21747E-04 6.67739E-04 7.18473E-04 7.76468E-04 8.37108E-04 9.03402E-04 9.77479E-04
 1.05890E-03 1.15105E-03 1.24967E-03 1.35570E-03 1.47052E-03 1.59604E-03 1.73378E-03 1.88509E-03
 2.05148E-03 2.23459E-03 2.43605E-03 2.65776E-03 2.90172E-03 3.17068E-03 3.46740E-03 3.79496E-03
 4.15674E-03 4.55543E-03 4.99621E-03 5.48380E-03 6.02355E-03 6.62091E-03 7.28146E-03 8.01422E-03
 8.82781E-03 9.73177E-03 1.07333E-02 1.18477E-02 1.30883E-02 1.44701E-02 1.60049E-02 1.77143E-02
 1.96194E-02 2.17417E-02 2.41052E-02 2.67363E-02 2.96607E-02 3.29129E-02 3.65274E-02 4.05418E-02
 4.49970E-02 4.99382E-02 5.54148E-02 6.14739E-02 6.81806E-02 7.55957E-02 8.37929E-02 9.28731E-02
 1.02931E-01 1.14048E-01 1.26343E-01 1.39952E-01 1.55046E-01 1.71814E-01 1.90420E-01 2.10954E-01
 2.33580E-01 2.58586E-01 2.86279E-01 3.17015E-01 3.51238E-01 3.89448E-01 4.32258E-01 4.80396E-01
 5.34606E-01 5.95582E-01 6.63506E-01 7.39516E-01 8.24361E-01 9.18162E-01 1.02114E+00 1.13289E+00
 1.25284E+00 1.37945E+00 1.51442E+00 1.66932E+00 1.84369E+00 2.03165E+00 2.21714E+00 2.29170E+00
 1.00000E+00 1.00000E+00 1.00000E+00 1.00000E+00 1.00000E+00 1.00000E+00 1.00000E+00 1.00000E+00
 1.00000E+00 1.00000E+00 1.00000E+00 1.00000E+00 1.00000E+00 1.00000E+00 1.00000E+00 1.00000E+00
 1.00000E+00 1.00000E+00 1.00000E+00 1.00000E+00 1.00000E+00 1.00000E+00 1.00000E+00 1.00000E+00
 1.00000E+00 1.00000E+00 1.00000E+00 1.00000E+00 1.00000E+00 1.00000E+00 1.00000E+00 1.00000E+00
 1.00000E+00 1.00000E+00 1.00000E+00 1.00000E+00 1.00000E+00 1.00000E+00 1.00000E+00 1.00000E+00
 1.00000E+00 1.00000E+00 1.00000E+00 1.00000E+00 1.00000E+00 1.00000E+00 1.00000E+00 1.00000E+00
 1.00000E+00 1.00000E+00 1.00000E+00 1.00000E+00 1.00000E+00 1.00000E+00 1.00000E+00 1.00000E+00
 1.00000E+00 1.00000E+00 1.00000E+00 1.00000E+00 1.00000E+00 1.00000E+00 1.00000E+00 1.00000E+00
 1.00000E+00 1.00000E+00 1.00000E+00 1.00000E+00 1.00000E+00 1.00000E+00 1.00000E+00 1.00000E+00
 1.00000E+00 1.00000E+00 1.00000E+00 1.00000E+00 1.00000E+00 1.00000E+00 1.00000E+00 1.00000E+00
 1.00000E+00 1.00000E+00 1.00000E+00 1.00000E+00 1.00000E+00 1.00000E+00 1.00000E+00 1.00000E+00
 1.00000E+00 1.00000E+00 1.00000E+00 1.00000E+00 1.00000E+00 1.00000E+00 1.00000E+00 1.00000E+00
 1.00000E+00 1.00000E+00 1.00000E+00 1.00000E+00 1.00000E+00 1.00000E+00 1.00000E+00 1.00000E+00
 1.00000E+00 1.00000E+00 1.00000E+00 1.00000E+00 1.00000E+00 1.00000E+00 1.00000E+00 1.00000E+00
 1.00000E+00 1.00000E+00 1.00000E+00 1.00000E+00 1.00000E+00 1.00000E+00 1.00000E+00 1.00000E+00
 1.00000E+00 1.00000E+00 1.00000E+00 1.00000E+00 1.00000E+00 1.00000E+00 1.00000E+00 1.00000E+00
 1.00000E+00 1.00000E+00 1.00000E+00 1.00000E+00 1.00000E+00 1.00000E+00 1.00000E+00 1.00000E+00
 1.00000E+00 1.00000E+00 1.00000E+00 1.00000E+00 1.00000E+00 1.00000E+00 1.00000E+00 1.00000E+00
 1.00000E+00 1.00000E+00 1.00000E+00 1.00000E+00 1.00000E+00 1.00000E+00 1.00000E+00 1.00000E+00
 1.00000E+00 1.00000E+00 1.00000E+00 1.00000E+00 1.00000E+00 1.00000E+00 1.00000E+00 1.00000E+00
 1.00000E+00 1.00000E+00 1.00000E+00 1.00000E+00 1.00000E+00 1.00000E+00 1.00000E+00 1.00000E+00
 1.00000E+00 1.00000E+00 1.00000E+00 1.00000E+00 1.00000E+00 1.00000E+00 1.00000E+00 1.00000E+00
 1.00000E+00 1.00000E+00 1.00000E+00 1.00000E+00 1.00000E+00 1.00000E+00 1.00000E+00 1.00000E+00
 1.00000E+00 1.00000E+00 1.00000E+00 1.00000E+00 1.00000E+00 1.00000E+00 1.00000E+00 1.00000E+00
 1.00000E+00 1.00000E+00 1.00000E+00 1.00000E+00 1.00000E+00 1.00000E+00 1.00000E+00 1.00000E+00
 1.00000E-05 1.00000E-05 1.00000E-05 1.00000E-05 1.00000E-05 1.00000E-05 1.00000E-05 1.00000E-05
 1.00000E-05 1.00000E-05 1.00000E-05 1.00000E-05 1.00000E-05 1.00000E-05 1.00000E-05 1.00000E-05
 1.00000E-05 1.00000E-05 1.00000E-05 1.00000E-05 1.00000E-05 1.00000E-05 1.00000E-05 1.00000E-05
 1.00000E-05 1.00000E-05 1.00000E-05 1.00000E-05 1.00000E-05 1.00000E-05 1.00000E-05 1.00000E-05
 1.00000E-05 1.00000E-05 1.00000E-05 1.00000E-05 1.00000E-05 1.00000E-05 1.00000E-05 1.00000E-05
 1.00000E-05 1.00000E-05 1.00000E-05 1.00000E-05 1.00000E-05 1.00000E-05 1.00000E-05 1.00000E-05
 1.00000E-05 1.00000E-05 1.00000E-05 1.00000E-05 1.00000E-05 1.00000E-05 1.00000E-05 1.00000E-05
 1.00000E-05 1.00000E-05 1.00000E-05 1.00000E-05 1.00000E-05 1.00000E-05 1.00000E-05 1.00000E-05
 1.00000E-05 1.00000E-05 1.00000E-05 1.00000E-05 1.00000E-05 1.00000E-05 1.00000E-05 1.00000E-05
 1.00000E-05 1.00000E-05 1.00000E-05 1.00000E-05 1.00000E-05 1.00000E-05 1.00000E-05 1.00000E-05
 1.00000E-05 1.00000E-05 1.00000E-05 1.00000E-05 1.00000E-05 1.00000E-05 1.00000E-05 1.00000E-05
 1.00000E-05 1.00000E-05 1.00000E-05 1.00000E-05 1.00000E-05 1.00000E-05 1.00000E-05 1.00000E-05
 1.00000E-05 1.00000E-05 1.00000E-05 1.00000E-05 1.00000E-09 1.00000E-09 1.00000E-09 1.00000E-09
 1.00000E-09 1.00000E-09 1.00000E-09 1.00000E-09 1.00000E-09 1.00000E-09 1.00000E-09 1.00000E-09
 1.00000E-09 1.00000E-09 1.00000E-09 1.00000E-09 1.00000E-09 1.00000E-09 1.00000E-09 1.00000E-09
 1.00000E-09 1.00000E-09 1.00000E-09 1.00000E-09 1.00000E-09 1.00000E-09 1.00000E-09 1.00000E-09
 1.00000E-09 1.00000E-09 1.00000E-09 1.00000E-09 1.00000E-09 1.00000E-09 1.00000E-09 1.00000E-09
 1.00000E-09 1.00000E-09 1.00000E-09 1.00000E-09 1.00000E-09 1.00000E-09 1.00000E-09 1.00000E-09
 1.00000E-09 1.00000E-09 1.00000E-09 1.00000E-09 1.00000E-09 1.00000E-09 1.00000E-09 1.00000E-09
 1.00000E-09 1.00000E-09 1.00000E-09 1.00000E-09 1.00000E-09 1.00000E-09 1.00000E-09 1.00000E-09
 1.00000E-09 1.00000E-09 1.00000E-09 1.00000E-09 1.00000E-09 1.00000E-09 1.00000E-09 1.00000E-09
 1.00000E-09 1.00000E-09 1.00000E-09 1.00000E-09 1.00000E-09 1.00000E-09 1.00000E-09 1.00000E-09
 1.00000E-09 1.00000E-09 1.00000E-09 1.00000E-09 1.00000E-09 1.00000E-09 1.00000E-09 1.00000E-09
 1.00000E-09 1.00000E-09 1.00000E-09 1.00000E-09 1.00000E-09 1.00000E-09 1.00000E-09 1.00000E-09
 1.00000E-09 1.00000E-09 1.00000E-09 1.00000E-09 1.00000E-09 1.00000E-09 1.00000E-09 1.00000E-09
 1.00000E-09 1.00000E-09 1.00000E-09 1.00000E-09 1.00000E-09 1.00000E-09 1.00000E-09 1.00000E-09
 1.00000E-09 1.00000E-09 1.00000E-09 1.00000E-09 1.00000E-09 1.00000E-09 1.00000E-09 1.00000E-09
 1.00000E-09 1.00000E-09 1.00000E-09 1.00000E-09 1.00000E-09 1.00000E-09 1.00000E-09 1.00000E-09
 1.00000E-09 1.00000E-09 1.00000E-09 1.00000E-09 1.00000E-09 1.00000E-09 1.00000E-09 1.00000E-09
 1.00000E-09 1.00000E-09 1.00000E-09 1.00000E-09 1.00000E-09 1.00000E-09 1.00000E-09 1.00000E-09
 1.00000E-09 1.00000E-09 1.00000E-09 1.00000E-09 1.00000E-09 1.00000E-09 1.00000E-09 1.00000E-09
 1.00000E-09 1.00000E-09 1.00000E-09 1.00000E-09 1.00000E-09 1.00000E-09 1.00000E-09 1.00000E-09
 1.00000E-09 1.00000E-09 1.00000E-09 1.00000E-09 1.00000E-09 1.00000E-09 1.00000E-09 1.00000E-09
 1.00000E-09 1.00000E-09 1.00000E-09 1.00000E-09 1.00000E-09 1.00000E-09 1.00000E-09 1.00000E-09
 1.00000E-09 1.00000E-09 1.00000E-09 1.00000E-09 1.00000E-09 1.00000E-09 1.00000E-09 1.00000E-09
 1.00000E-09 1.00000E-09 1.00000E-09 1.00000E-09 1.00000E-09 1.00000E-09 1.00000E-09 1.00000E-09
 1.00000E-09 1.00000E-09 1.00000E-09 1.00000E-09 1.00000E-09 1.00000E-09 1.00000E-09 1.00000E-09
 1.00000E-09 1.00000E-09 1.00000E-09 1.00000E-09
