 1.15182E-08 1.36118E-15 1.69831E-02 3.66969E-16 4.04183E-11 3.98993E-08 4.00011E-09 3.90108E-18
 1.81045E-03 4.11565E-03 3.96027E-05 6.01698E-08 3.09101E-11 3.47223E-08 3.67019E-12 5.07492E-11
 9.51299E-17 1.11595E-11 1.60337E-12 5.72673E-15 8.95147E-17 7.69986E-36 1.19666E-09 8.18917E-19
 4.55830E-23 5.47945E-21 8.46108E-13 1.21746E-18 3.47385E-11 2.04893E-17 4.01140E-18 6.36868E-11
 4.50411E-14 8.53352E-13 1.35686E-08 1.80553E-15 1.43183E-02 5.18765E-16 4.74263E-11 4.74911E-08
 4.44573E-09 5.53793E-18 1.81045E-03 4.11508E-03 3.96005E-05 7.11611E-08 3.49866E-11 3.46418E-08
 3.95838E-12 5.65626E-11 1.33564E-16 1.44531E-11 2.79920E-12 5.94807E-15 1.25956E-16 1.79581E-35
 1.19500E-09 1.19075E-18 6.54386E-23 7.53342E-21 1.19894E-12 1.61070E-18 3.49127E-11 2.82494E-17
 1.02859E-17 1.03036E-10 8.76232E-14 1.25312E-12 1.63863E-08 2.40544E-15 1.18842E-02 7.44282E-16
 5.60506E-11 5.83388E-08 4.98212E-09 7.96975E-18 1.81045E-03 4.11448E-03 3.95952E-05 8.64938E-08
 3.98082E-11 3.45570E-08 4.12834E-12 6.16784E-11 1.84053E-16 1.77047E-11 4.91083E-12 6.09204E-15
 1.73502E-16 4.49742E-35 1.19325E-09 1.76292E-18 9.55444E-23 1.06519E-20 1.67844E-12 2.04823E-18
 3.48770E-11 3.53325E-17 2.12118E-17 1.43507E-10 1.53573E-13 1.51937E-12 1.99596E-08 3.16797E-15
 9.75236E-03 1.07231E-15 6.63228E-11 7.25620E-08 5.52865E-09 1.14972E-17 1.81045E-03 4.11386E-03
 3.95859E-05 1.06161E-07 4.53348E-11 3.44676E-08 4.18346E-12 6.56548E-11 2.47461E-16 2.08250E-11
 8.57182E-12 6.03461E-15 2.28050E-16 1.14493E-34 1.19142E-09 2.60968E-18 1.40499E-22 1.50806E-20
 2.31468E-12 2.51675E-18 3.46768E-11 4.20368E-17 3.90906E-17 1.85717E-10 2.53652E-13 1.66199E-12
 2.39503E-08 4.07848E-15 7.97168E-03 1.52107E-15 7.76377E-11 8.86554E-08 6.00552E-09 1.62823E-17
 1.81046E-03 4.11322E-03 3.95713E-05 1.27861E-07 5.11195E-11 3.43739E-08 4.13120E-12 6.76372E-11
 3.19221E-16 2.32041E-11 1.46656E-11 5.67297E-15 2.76620E-16 2.83307E-34 1.18950E-09 3.77073E-18
 2.04085E-22 2.08577E-20 3.08668E-12 2.95026E-18 3.43484E-11 4.90963E-17 6.70580E-17 2.29019E-10
 3.94834E-13 1.70012E-12 2.81066E-08 5.10371E-15 6.32893E-03 2.10832E-15 8.96133E-11 1.05674E-07
 6.34551E-09 2.24703E-17 1.81047E-03 4.11256E-03 3.95499E-05 1.50068E-07 5.67967E-11 3.42757E-08
 3.94037E-12 6.65642E-11 3.88782E-16 2.44951E-11 2.42758E-11 4.97261E-15 3.07047E-16 6.69631E-34
 1.18750E-09 5.25034E-18 2.90720E-22 2.79000E-20 3.98650E-12 3.24643E-18 3.39214E-11 5.72242E-17
 1.09501E-16 2.72622E-10 5.84111E-13 1.66139E-12 3.22289E-08 6.15501E-15 5.02823E-03 2.86169E-15
 1.02034E-10 1.22889E-07 6.46971E-09 3.02727E-17 1.81048E-03 4.11188E-03 3.95202E-05 1.71618E-07
 6.22809E-11 3.41731E-08 3.56906E-12 6.15446E-11 4.40462E-16 2.45603E-11 3.82054E-11 3.97132E-15
 2.91819E-16 1.49680E-33 1.18543E-09 7.00526E-18 4.07087E-22 3.59245E-20 5.01049E-12 3.30009E-18
 3.34170E-11 6.72613E-17 1.72415E-16 3.15624E-10 8.27364E-13 1.57177E-12 3.61569E-08 7.17974E-15
 3.82455E-03 3.79736E-15 1.14755E-10 1.39705E-07 6.37818E-09 3.98852E-17 1.81050E-03 4.11118E-03
 3.94804E-05 1.91561E-07 6.74350E-11 3.40663E-08 3.04071E-12 5.29817E-11 4.58431E-16 2.34726E-11
 5.57313E-11 2.87896E-15 2.43512E-16 3.10298E-33 1.18329E-09 8.93687E-18 5.59228E-22 4.43983E-20
 6.15699E-12 3.06053E-18 3.28391E-11 7.97624E-17 2.63104E-16 3.57034E-10 1.12797E-12 1.45145E-12
 3.97638E-08 8.09765E-15 2.87958E-03 4.95442E-15 1.27616E-10 1.55660E-07 6.08795E-09 5.15921E-17
 1.81052E-03 4.11048E-03 3.94291E-05 2.09176E-07 7.22535E-11 3.39552E-08 2.40703E-12 4.20237E-11
 4.35652E-16 2.14601E-11 7.51945E-11 1.87283E-15 1.69603E-16 6.02201E-33 1.18110E-09 1.09388E-17
 7.58312E-22 5.27439E-20 7.42550E-12 2.56767E-18 3.21661E-11 9.53297E-17 3.91651E-16 3.95758E-10
 1.48865E-12 1.31401E-12 4.29398E-08 8.89031E-15 2.10684E-03 6.38542E-15 1.40310E-10 1.70416E-07
 5.68261E-09 6.55430E-17 1.81054E-03 4.10976E-03 3.93650E-05 2.23899E-07 7.64510E-11 3.38401E-08
 1.72935E-12 3.00221E-11 3.71977E-16 1.88367E-11 9.45832E-11 1.07433E-15 9.66630E-17 1.14471E-32
 1.17885E-09 1.29830E-17 1.02117E-21 6.08143E-20 8.81535E-12 1.93866E-18 3.13445E-11 1.14329E-16
 5.73817E-16 4.30573E-10 1.91110E-12 1.16984E-12 4.56081E-08 9.67722E-15 1.48998E-03 8.15532E-15
 1.52634E-10 1.83740E-07 5.28616E-09 8.19881E-17 1.81056E-03 4.10905E-03 3.92872E-05 2.35357E-07
 7.99241E-11 3.37213E-08 1.12140E-12 1.92380E-11 2.84789E-16 1.59530E-11 1.11100E-10 5.52339E-16
 4.58895E-17 2.21681E-32 1.17657E-09 1.51792E-17 1.37088E-21 6.91558E-20 1.03251E-11 1.32498E-18
 3.02890E-11 1.36340E-16 8.29814E-16 4.60135E-10 2.39361E-12 1.02946E-12 4.77196E-08 1.06702E-14
 1.01254E-03 1.03445E-14 1.64412E-10 1.95504E-07 5.00808E-09 1.01183E-16 1.81059E-03 4.10833E-03
 3.91956E-05 2.43381E-07 8.25477E-11 3.35990E-08 6.64175E-13 1.11931E-11 1.98325E-16 1.31213E-11
 1.23378E-10 2.65486E-16 1.92734E-17 4.59884E-32 1.17425E-09 1.78160E-17 1.84008E-21 7.92141E-20
 1.19521E-11 8.35002E-19 2.88950E-11 1.60174E-16 1.18631E-15 4.83000E-10 2.92839E-12 9.02537E-13
 4.92589E-08 1.20826E-14 6.57238E-04 1.30470E-14 1.75534E-10 2.05657E-07 4.90027E-09 1.23371E-16
 1.81062E-03 4.10762E-03 3.90910E-05 2.48025E-07 8.41599E-11 3.34739E-08 3.69830E-13 6.08735E-12
 1.29481E-16 1.05662E-11 1.31358E-10 1.27015E-16 7.88527E-18 1.06409E-31 1.17193E-09 2.12947E-17
 2.47444E-21 9.28858E-20 1.36913E-11 5.00096E-19 2.70558E-11 1.84017E-16 1.67700E-15 4.97628E-10
 3.49701E-12 7.93184E-13 5.02759E-08 1.40561E-14 4.05303E-04 1.63715E-14 1.86009E-10 2.14205E-07
 4.95433E-09 1.48843E-16 1.81065E-03 4.10691E-03 3.89753E-05 2.49675E-07 8.45946E-11 3.33464E-08
 2.06061E-13 3.29462E-12 8.43950E-17 8.41453E-12 1.35815E-10 6.61862E-17 3.66298E-18 2.78370E-31
 1.16960E-09 2.59806E-17 3.33817E-21 1.11880E-19 1.55354E-11 2.99331E-19 2.46723E-11 2.05284E-16
 2.34083E-15 5.02399E-10 4.06397E-12 6.97172E-13 5.09303E-08 1.67491E-14 2.36638E-04 2.03498E-14
 1.96404E-10 2.21137E-07 5.12184E-09 1.78759E-16 1.81068E-03 4.10621E-03 3.88515E-05 2.49234E-07
 8.43985E-11 3.32172E-08 1.32546E-13 2.05233E-12 6.26592E-17 6.70845E-12 1.37677E-10 4.26470E-17
 2.48298E-18 7.59786E-31 1.16728E-09 3.19081E-17 4.48550E-21 1.36788E-19 1.74790E-11 1.95609E-19
 2.16436E-11 2.19115E-16 3.17305E-15 4.95607E-10 4.56727E-12 6.04298E-13 5.14617E-08 2.05915E-14
 1.64166E-04 2.47520E-14 2.08290E-10 2.26311E-07 5.33487E-09 2.16752E-16 1.81072E-03 4.10551E-03
 3.87232E-05 2.47974E-07 8.56616E-11 3.30863E-08 1.09725E-13 1.66268E-12 5.74487E-17 5.41915E-12
 1.37744E-10 3.50618E-17 2.29971E-18 1.71064E-30 1.16497E-09 3.84606E-17 5.85979E-21 1.65897E-19
 1.95156E-11 1.51743E-19 1.78197E-11 2.16389E-16 3.99409E-15 4.75318E-10 4.92957E-12 5.06355E-13
 5.20250E-08 2.60082E-14 1.35868E-04 2.94497E-14 2.22277E-10 2.29830E-07 5.55563E-09 2.66049E-16
 1.81075E-03 4.10480E-03 3.85902E-05 2.46723E-07 8.90534E-11 3.29506E-08 1.10859E-13 1.62797E-12
 6.15647E-17 4.46035E-12 1.37755E-10 3.31812E-17 2.47812E-18 2.99667E-30 1.16261E-09 4.51788E-17
 7.41042E-21 1.98159E-19 2.16873E-11 1.38083E-19 1.46040E-11 2.08760E-16 4.77312E-15 4.56156E-10
 5.15439E-12 4.17730E-13 5.26212E-08 3.30641E-14 1.14889E-04 3.46492E-14 2.37504E-10 2.32018E-07
 5.77036E-09 3.27258E-16 1.81079E-03 4.10404E-03 3.84501E-05 2.45583E-07 9.31744E-11 3.28057E-08
 1.19250E-13 1.69517E-12 6.89679E-17 3.75574E-12 1.37885E-10 3.31043E-17 2.89477E-18 4.76387E-30
 1.16013E-09 5.22395E-17 9.25018E-21 2.34747E-19 2.40572E-11 1.37274E-19 1.19031E-11 1.98403E-16
 5.57571E-15 4.37639E-10 5.26970E-12 3.40676E-13 5.32510E-08 4.21105E-14 9.90310E-05 4.04693E-14
 2.53739E-10 2.33219E-07 5.98067E-09 4.02473E-16 1.81083E-03 4.10315E-03 3.82881E-05 2.44496E-07
 9.77068E-11 3.26340E-08 1.32277E-13 1.81833E-12 7.87278E-17 3.21758E-12 1.38151E-10 3.41370E-17
 3.51563E-18 7.26429E-30 1.15721E-09 6.01811E-17 1.15178E-20 2.78057E-19 2.69105E-11 1.42878E-19
 9.49396E-12 1.83257E-16 6.39392E-15 4.17993E-10 5.29017E-12 2.70647E-13 5.39385E-08 5.38356E-14
 7.88884E-05 4.69364E-14 2.71066E-10 2.33557E-07 6.19410E-09 4.95089E-16 1.81089E-03 4.10193E-03
 3.80731E-05 2.43464E-07 1.02870E-10 3.23984E-08 1.50218E-13 1.99496E-12 9.08941E-17 2.78931E-12
 1.38631E-10 3.62697E-17 4.62759E-18 1.07809E-29 1.15324E-09 6.99127E-17 1.44290E-20 3.32888E-19
 3.08790E-11 1.54055E-19 7.15388E-12 1.58721E-16 7.13312E-15 3.94198E-10 5.19430E-12 2.02234E-13
 5.45533E-08 6.87372E-14 7.09601E-05 5.40227E-14 2.89065E-10 2.32407E-07 6.39104E-09 6.07102E-16
 1.81097E-03 4.10018E-03 3.77780E-05 2.41962E-07 1.08397E-10 3.20616E-08 1.73169E-13 2.21688E-12
 1.05291E-16 2.48099E-12 1.39030E-10 3.94894E-17 5.76604E-18 1.58904E-29 1.14760E-09 8.20367E-17
 1.82884E-20 4.03869E-19 3.65200E-11 1.70817E-19 4.97169E-12 1.26245E-16 7.71957E-15 3.64594E-10
 4.94213E-12 1.38835E-13 5.49802E-08 8.72809E-14 6.90087E-05 6.18185E-14 3.07141E-10 2.29658E-07
 6.56626E-09 7.39572E-16 1.81109E-03 4.09755E-03 3.73592E-05 2.39625E-07 1.13867E-10 3.15614E-08
 2.01476E-13 2.47886E-12 1.22220E-16 2.30579E-12 1.39387E-10 4.38667E-17 6.94335E-18 2.44967E-29
 1.13924E-09 9.82912E-17 2.37558E-20 5.01889E-19 4.48809E-11 1.95624E-19 3.06571E-12 8.90073E-17
 8.07327E-15 3.27301E-10 4.51729E-12 8.43732E-14 5.51093E-08 1.10090E-13 6.90609E-05 7.04131E-14
 3.24780E-10 2.25332E-07 6.72103E-09 8.93394E-16 1.81126E-03 4.09368E-03 3.67801E-05 2.36142E-07
 1.19068E-10 3.08353E-08 2.36294E-13 2.78416E-12 1.42324E-16 2.26712E-12 1.39721E-10 4.95819E-17
 8.34196E-18 4.04604E-29 1.12708E-09 1.20874E-16 3.17909E-20 6.42211E-19 5.70442E-11 2.32270E-19
 1.62802E-12 5.41016E-17 8.11755E-15 2.82754E-10 3.94120E-12 4.41428E-14 5.49646E-08 1.38213E-13
 6.95915E-05 7.98689E-14 3.41953E-10 2.19692E-07 6.85931E-09 1.07145E-15 1.81149E-03 4.08826E-03
 3.60270E-05 2.31725E-07 1.24209E-10 2.98401E-08 2.79579E-13 3.14444E-12 1.66315E-16 2.33682E-12
 1.40043E-10 5.68617E-17 1.01366E-17 7.02318E-29 1.11029E-09 1.51793E-16 4.35641E-20 8.42152E-19
 7.38354E-11 2.84479E-19 7.36152E-13 2.80126E-17 7.80838E-15 2.34160E-10 3.27373E-12 1.96586E-14
 5.46348E-08 1.72994E-13 7.03726E-05 9.02858E-14 3.58733E-10 2.13010E-07 6.98545E-09 1.27738E-15
 1.81181E-03 4.08084E-03 3.50810E-05 2.26761E-07 1.29524E-10 2.85176E-08 3.33572E-13 3.57144E-12
 1.94959E-16 2.47618E-12 1.40358E-10 6.59027E-17 1.24482E-17 1.26092E-28 1.08769E-09 1.93862E-16
 6.08142E-20 1.12692E-18 9.64330E-11 3.57610E-19 2.76748E-13 1.20494E-17 7.12399E-15 1.84480E-10
 2.57215E-12 7.26877E-15 5.42077E-08 2.15915E-13 7.12795E-05 1.01861E-13 3.75287E-10 2.05794E-07
 7.10139E-09 1.51628E-15 1.81220E-03 4.07131E-03 3.39755E-05 2.21646E-07 1.35117E-10 2.68808E-08
 4.00209E-13 4.07131E-12 2.28957E-16 2.65466E-12 1.40592E-10 7.68233E-17 1.53658E-17 2.28193E-28
 1.05919E-09 2.48694E-16 8.53904E-20 1.51846E-18 1.24931E-10 4.54461E-19 8.71273E-14 4.33412E-18
 6.17755E-15 1.38538E-10 1.91876E-12 2.24520E-15 5.37212E-08 2.68683E-13 7.21419E-05 1.14802E-13
 3.91749E-10 1.98454E-07 7.20857E-09 1.79437E-15 1.81266E-03 4.05986E-03 3.27732E-05 2.16547E-07
 1.40962E-10 2.49988E-08 4.81434E-13 4.64732E-12 2.68939E-16 2.85565E-12 1.40615E-10 8.97435E-17
 1.89818E-17 4.06655E-28 1.02561E-09 3.16600E-16 1.19117E-19 2.03337E-18 1.58514E-10 5.75179E-19
 2.34976E-14 1.33362E-18 5.13287E-15 9.99346E-11 1.37167E-12 5.92508E-16 5.32168E-08 3.33520E-13
 7.32040E-05 1.29234E-13 4.08434E-10 1.91259E-07 7.30464E-09 2.12099E-15 1.81317E-03 4.04691E-03
 3.15460E-05 2.11628E-07 1.47162E-10 2.29771E-08 5.79589E-13 5.30452E-12 3.15114E-16 3.06946E-12
 1.40278E-10 1.04805E-16 2.33325E-17 6.93949E-28 9.88423E-10 3.95817E-16 1.63389E-19 2.67708E-18
 1.95698E-10 7.15689E-19 5.62210E-15 3.63583E-19 4.13114E-15 7.00871E-11 9.50901E-13 1.38366E-16
 5.26235E-08 4.12678E-13 7.40372E-05 1.45309E-13 4.25056E-10 1.84160E-07 7.39156E-09 2.50172E-15
 1.81371E-03 4.03265E-03 3.03213E-05 2.06601E-07 1.53460E-10 2.08721E-08 6.97397E-13 6.04410E-12
 3.68152E-16 3.29362E-12 1.39464E-10 1.22139E-16 2.85402E-17 1.14351E-27 9.48305E-10 4.86391E-16
 2.20514E-19 3.46683E-18 2.35815E-10 8.75491E-19 1.21240E-15 8.95427E-20 3.23643E-15 4.79469E-11
 6.41844E-13 2.91677E-17 5.18794E-08 5.08588E-13 7.41608E-05 1.63226E-13 4.41335E-10 1.77160E-07
 7.47096E-09 2.94237E-15 1.81427E-03 4.01746E-03 2.91307E-05 2.01235E-07 1.59552E-10 1.87618E-08
 8.37661E-13 6.86396E-12 4.28817E-16 3.52489E-12 1.38070E-10 1.41812E-16 3.47321E-17 1.83169E-27
 9.06427E-10 5.87692E-16 2.92922E-19 4.41558E-18 2.77693E-10 1.05239E-18 2.45202E-16 2.09297E-20
 2.48863E-15 3.22115E-11 4.25087E-13 5.83948E-18 5.10810E-08 6.24952E-13 7.43170E-05 1.83074E-13
 4.57786E-10 1.70396E-07 7.53567E-09 3.45897E-15 1.81484E-03 4.00174E-03 2.79995E-05 1.95892E-07
 1.65770E-10 1.67163E-08 1.00374E-12 7.76929E-12 4.96614E-16 3.75535E-12 1.36027E-10 1.63851E-16
 4.17710E-17 2.79513E-27 8.63974E-10 6.96056E-16 3.82087E-19 5.51649E-18 3.20146E-10 1.23714E-18
 5.11043E-17 5.22009E-21 1.88728E-15 2.14074E-11 2.77834E-13 1.25222E-18 5.02672E-08 7.65682E-13
 7.47181E-05 2.05030E-13 4.74629E-10 1.63947E-07 7.58158E-09 4.06812E-15 1.81539E-03 3.98588E-03
 2.69399E-05 1.90705E-07 1.72214E-10 1.47874E-08 1.19877E-12 8.75959E-12 5.71112E-16 3.97851E-12
 1.33301E-10 1.88142E-16 4.94935E-17 4.04972E-27 8.21939E-10 8.08205E-16 4.89691E-19 6.76045E-18
 3.62181E-10 1.42067E-18 1.34499E-17 1.74244E-21 1.41987E-15 1.41645E-11 1.80296E-13 3.61755E-19
 4.94043E-08 9.34725E-13 7.50380E-05 2.29335E-13 4.91670E-10 1.57778E-07 7.60902E-09 4.78359E-15
 1.81593E-03 3.97020E-03 2.59546E-05 1.85540E-07 1.78697E-10 1.30103E-08 1.42610E-12 9.82948E-12
 6.52411E-16 4.19048E-12 1.29896E-10 2.14503E-16 5.78067E-17 5.61993E-27 7.81147E-10 9.22170E-16
 6.18129E-19 8.14377E-18 4.02973E-10 1.59707E-18 5.44071E-18 8.94481E-22 1.06730E-15 9.38671E-12
 1.16947E-13 1.60562E-19 4.84843E-08 1.13689E-12 7.52356E-05 2.56190E-13 5.08816E-10 1.51824E-07
 7.61695E-09 5.62240E-15 1.81644E-03 3.95489E-03 2.50351E-05 1.80357E-07 1.85191E-10 1.13937E-08
 1.68967E-12 1.09750E-11 7.40219E-16 4.38676E-12 1.25825E-10 2.42698E-16 6.65159E-17 7.49640E-27
 7.41958E-10 1.03596E-15 7.70079E-19 9.66263E-18 4.42163E-10 1.76070E-18 3.07918E-18 6.05484E-22
 8.03764E-16 6.24552E-12 7.60113E-14 9.32560E-20 4.75166E-08 1.37766E-12 7.53542E-05 2.85822E-13
 5.26064E-10 1.46062E-07 7.60370E-09 6.60600E-15 1.81691E-03 3.94015E-03 2.41755E-05 1.75178E-07
 1.91713E-10 9.94440E-09 1.99347E-12 1.21905E-11 8.33916E-16 4.56230E-12 1.21125E-10 2.72369E-16
 7.53304E-17 9.62108E-27 7.04770E-10 1.14703E-15 9.48109E-19 1.13053E-17 4.79350E-10 1.90507E-18
 2.00395E-18 4.54365E-22 6.08406E-16 4.18584E-12 4.96634E-14 5.97519E-20 4.65104E-08 1.66318E-12
 7.54183E-05 3.18488E-13 5.43419E-10 1.40484E-07 7.56793E-09 7.76002E-15 1.81735E-03 3.92617E-03
 2.33725E-05 1.70026E-07 1.98280E-10 8.66533E-09 2.34154E-12 1.34686E-11 9.32715E-16 4.71262E-12
 1.15862E-10 3.03057E-16 8.39123E-17 1.18927E-26 6.69985E-10 1.25271E-15 1.15476E-18 1.30539E-17
 5.14135E-10 2.02418E-18 1.36996E-18 3.53746E-22 4.64843E-16 2.83764E-12 3.27538E-14 3.96292E-20
 4.54698E-08 2.00021E-12 7.54119E-05 3.54479E-13 5.60856E-10 1.35075E-07 7.50910E-09 9.11385E-15
 1.81775E-03 3.91311E-03 2.26221E-05 1.64905E-07 2.04882E-10 7.55199E-09 2.73802E-12 1.48002E-11
 1.03574E-15 4.83407E-12 1.10115E-10 3.34225E-16 9.19095E-17 1.41878E-26 6.37859E-10 1.35080E-15
 1.39292E-18 1.48899E-17 5.46260E-10 2.11381E-18 9.60866E-19 2.81416E-22 3.59968E-16 1.95350E-12
 2.18928E-14 2.68211E-20 4.43916E-08 2.39629E-12 7.52873E-05 3.94103E-13 5.78273E-10 1.29797E-07
 7.42760E-09 1.06995E-14 1.81811E-03 3.90099E-03 2.19166E-05 1.59791E-07 2.11490E-10 6.58879E-09
 3.18673E-12 1.61712E-11 1.14192E-15 4.92333E-12 1.03951E-10 3.65226E-16 9.89556E-17 1.63936E-26
 6.08352E-10 1.44006E-15 1.66642E-18 1.68018E-17 5.75768E-10 2.17219E-18 6.87692E-19 2.28047E-22
 2.83053E-16 1.36782E-12 1.48548E-14 1.84732E-20 4.32727E-08 2.85973E-12 7.49961E-05 4.37700E-13
 5.95562E-10 1.24620E-07 7.32413E-09 1.25536E-14 1.81843E-03 3.88981E-03 2.12496E-05 1.54664E-07
 2.18072E-10 5.75879E-09 3.69080E-12 1.75633E-11 1.24988E-15 4.97710E-12 9.74337E-11 3.95300E-16
 1.04674E-16 1.83980E-26 5.81345E-10 1.51966E-15 1.97980E-18 1.87797E-17 6.02775E-10 2.19876E-18
 5.01771E-19 1.88206E-22 2.26291E-16 9.75070E-13 1.02426E-14 1.29481E-20 4.21063E-08 3.39963E-12
 7.44674E-05 4.85627E-13 6.12566E-10 1.19505E-07 7.20000E-09 1.47157E-14 1.81872E-03 3.87950E-03
 2.06143E-05 1.49491E-07 2.24570E-10 5.04361E-09 4.25201E-12 1.89508E-11 1.35789E-15 4.99222E-12
 9.06221E-11 4.23562E-16 1.08702E-16 2.01339E-26 5.56622E-10 1.58938E-15 2.33873E-18 2.08190E-17
 6.27498E-10 2.19430E-18 3.72834E-19 1.58078E-22 1.83950E-16 7.07478E-13 7.17539E-15 9.23048E-21
 4.08855E-08 4.02580E-12 7.36013E-05 5.38302E-13 6.29119E-10 1.14434E-07 7.05704E-09 1.72301E-14
 1.81897E-03 3.87003E-03 2.00078E-05 1.44240E-07 2.30894E-10 4.42867E-09 4.87042E-12 2.03025E-11
 1.46405E-15 4.96648E-12 8.35898E-11 4.49071E-16 1.10740E-16 2.15555E-26 5.34033E-10 1.64934E-15
 2.75001E-18 2.29172E-17 6.50086E-10 2.16058E-18 2.82042E-19 1.35138E-22 1.52160E-16 5.22672E-13
 5.10986E-15 6.69412E-21 3.96085E-08 4.74892E-12 7.23371E-05 5.96182E-13 6.45089E-10 1.09401E-07
 6.89695E-09 2.01477E-14 1.81919E-03 3.86134E-03 1.94288E-05 1.38898E-07 2.36965E-10 3.90067E-09
 5.54360E-12 2.15823E-11 1.56605E-15 4.89820E-12 7.64173E-11 4.70837E-16 1.10558E-16 2.26370E-26
 5.13423E-10 1.69976E-15 3.22166E-18 2.50718E-17 6.70697E-10 2.09973E-18 2.17196E-19 1.17596E-22
 1.28147E-16 3.93280E-13 3.70057E-15 4.93957E-21 3.82820E-08 5.58069E-12 7.06942E-05 6.59756E-13
 6.60425E-10 1.04414E-07 6.72069E-09 2.35308E-14 1.81938E-03 3.85337E-03 1.88769E-05 1.33482E-07
 2.42754E-10 3.44707E-09 6.26557E-12 2.27483E-11 1.66083E-15 4.78582E-12 6.91858E-11 4.87800E-16
 1.07988E-16 2.33568E-26 4.94603E-10 1.74062E-15 3.76266E-18 2.72764E-17 6.89516E-10 2.01360E-18
 1.70239E-19 1.04151E-22 1.09869E-16 3.01332E-13 2.72475E-15 3.70791E-21 3.69200E-08 6.53368E-12
 6.87615E-05 7.29551E-13 6.75165E-10 9.94945E-08 6.52842E-09 2.74571E-14 1.81954E-03 3.84604E-03
 1.83524E-05 1.28037E-07 2.48279E-10 3.05664E-09 7.02579E-12 2.37552E-11 1.74460E-15 4.62829E-12
 6.19808E-11 4.98889E-16 1.02981E-16 2.36958E-26 4.77379E-10 1.77155E-15 4.38280E-18 2.95168E-17
 7.06740E-10 1.90392E-18 1.35803E-19 9.38629E-23 9.58432E-17 2.34989E-13 2.03846E-15 2.83043E-21
 3.55410E-08 7.62102E-12 6.66540E-05 8.06169E-13 6.89422E-10 9.46777E-08 6.32008E-09 3.20241E-14
 1.81968E-03 3.83928E-03 1.78570E-05 1.22618E-07 2.53588E-10 2.71988E-09 7.80854E-12 2.45565E-11
 1.81322E-15 4.42607E-12 5.48969E-11 5.03134E-16 9.56668E-17 2.36476E-26 4.61577E-10 1.79208E-15
 5.09298E-18 3.17725E-17 7.22543E-10 1.77300E-18 1.10289E-19 8.60778E-23 8.50146E-17 1.86429E-13
 1.54853E-15 2.19667E-21 3.41703E-08 8.85656E-12 6.45531E-05 8.90264E-13 7.03445E-10 9.00080E-08
 6.09486E-09 3.73611E-14 1.81980E-03 3.83302E-03 1.73926E-05 1.17307E-07 2.58807E-10 2.42876E-09
 8.59304E-12 2.51098E-11 1.86215E-15 4.18119E-12 4.80341E-11 4.99774E-16 8.63656E-17 2.32003E-26
 4.47036E-10 1.80116E-15 5.90391E-18 3.40070E-17 7.37084E-10 1.62345E-18 9.12502E-20 8.03434E-23
 7.66167E-17 1.50400E-13 1.19360E-15 1.73311E-21 3.28336E-08 1.02545E-11 6.26572E-05 9.82538E-13
 7.17558E-10 8.55270E-08 5.85198E-09 4.36356E-14 1.81990E-03 3.82718E-03 1.69606E-05 1.12188E-07
 2.64117E-10 2.17603E-09 9.35326E-12 2.53783E-11 1.88693E-15 3.89747E-12 4.14872E-11 4.88349E-16
 7.55827E-17 2.23549E-26 4.33588E-10 1.79767E-15 6.82607E-18 3.61733E-17 7.50532E-10 1.45888E-18
 7.69532E-20 7.63202E-23 7.00644E-17 1.23282E-13 9.32359E-16 1.38947E-21 3.15549E-08 1.18292E-11
 6.11358E-05 1.08382E-12 7.32134E-10 8.12766E-08 5.59143E-09 5.10635E-14 1.81998E-03 3.82172E-03
 1.65628E-05 1.07334E-07 2.69710E-10 1.95578E-09 1.00600E-11 2.53373E-11 1.88416E-15 3.58159E-12
 3.53504E-11 4.68909E-16 6.39933E-17 2.11381E-26 4.21090E-10 1.78084E-15 7.87023E-18 3.82192E-17
 7.63029E-10 1.28445E-18 6.61816E-20 7.37795E-23 6.49387E-17 1.02599E-13 7.37276E-16 1.13156E-21
 3.03543E-08 1.35944E-11 6.01300E-05 1.19513E-12 7.47574E-10 7.72938E-08 5.31411E-09 5.99214E-14
 1.82004E-03 3.81655E-03 1.62002E-05 1.02810E-07 2.75787E-10 1.76301E-09 1.06830E-11 2.49778E-11
 1.85215E-15 3.24270E-12 2.97060E-11 4.42066E-16 5.23421E-17 1.96030E-26 4.09415E-10 1.75052E-15
 9.04780E-18 4.00928E-17 7.74705E-10 1.10654E-18 5.80640E-20 7.25660E-23 6.09269E-17 8.66216E-14
 5.89571E-16 9.35651E-22 2.92550E-08 1.55638E-11 5.98128E-05 1.31769E-12 7.64416E-10 7.36206E-08
 5.02128E-09 7.05830E-14 1.82008E-03 3.81166E-03 1.58746E-05 9.86865E-08 2.82618E-10 1.59397E-09
 1.11961E-11 2.43153E-11 1.79133E-15 2.89213E-12 2.46247E-11 4.09046E-16 4.13377E-17 1.78101E-26
 3.98474E-10 1.70674E-15 1.03691E-17 4.17345E-17 7.85646E-10 9.31788E-19 5.20029E-20 7.26172E-23
 5.78079E-17 7.41589E-14 4.76445E-16 7.85434E-22 2.82819E-08 1.77516E-11 6.04212E-05 1.45290E-12
 7.83357E-10 7.02958E-08 4.71428E-09 8.35652E-14 1.82011E-03 3.80700E-03 1.55872E-05 9.50429E-08
 2.90613E-10 1.44573E-09 1.15815E-11 2.33909E-11 1.70406E-15 2.54202E-12 2.01523E-11 3.71544E-16
 3.15368E-17 1.58189E-26 3.88209E-10 1.64934E-15 1.18394E-17 4.30709E-17 7.95911E-10 7.66284E-19
 4.75746E-20 7.39329E-23 5.54133E-17 6.43660E-14 3.88895E-16 6.69327E-22 2.74387E-08 2.01692E-11
 6.19907E-05 1.60276E-12 8.04812E-10 6.73353E-08 4.39781E-09 9.94868E-14 1.82013E-03 3.80253E-03
 1.53378E-05 9.18856E-08 2.99938E-10 1.31527E-09 1.18278E-11 2.22506E-11 1.59573E-15 2.20424E-12
 1.62991E-11 3.31518E-16 2.32812E-17 1.37568E-26 3.78533E-10 1.58110E-15 1.34747E-17 4.40891E-17
 8.05586E-10 6.16169E-19 4.44153E-20 7.64878E-23 5.36119E-17 5.65920E-14 3.20483E-16 5.78533E-22
 2.67204E-08 2.28249E-11 6.44683E-05 1.76998E-12 8.29071E-10 6.47467E-08 4.07785E-09 1.19112E-13
 1.82013E-03 3.79821E-03 1.51248E-05 8.91919E-08 3.10619E-10 1.19975E-09 1.19303E-11 2.09442E-11
 1.47318E-15 1.88847E-12 1.30449E-11 2.90894E-16 1.66712E-17 1.17540E-26 3.69347E-10 1.50617E-15
 1.53039E-17 4.48192E-17 8.14773E-10 4.85612E-19 4.22379E-20 8.02551E-23 5.22935E-17 5.03437E-14
 2.66537E-16 5.06542E-22 2.61361E-08 2.57273E-11 6.80132E-05 1.95762E-12 8.56784E-10 6.25469E-08
 3.75785E-09 1.43526E-13 1.82011E-03 3.79400E-03 1.49469E-05 8.69877E-08 3.22971E-10 1.09682E-09
 1.18931E-11 1.95303E-11 1.34220E-15 1.60083E-12 1.03464E-11 2.51275E-16 1.16055E-17 9.87281E-27
 3.60561E-10 1.42670E-15 1.73496E-17 4.52589E-17 8.23559E-10 3.75596E-19 4.08626E-20 8.52644E-23
 5.13446E-17 4.52621E-14 2.23538E-16 4.48752E-22 2.56982E-08 2.88793E-11 7.28154E-05 2.16961E-12
 8.88785E-10 6.07592E-08 3.44078E-09 1.74213E-13 1.82008E-03 3.78985E-03 1.48031E-05 8.53102E-08
 3.37367E-10 1.00457E-09 1.17276E-11 1.80676E-11 1.20841E-15 1.34476E-12 8.14685E-12 2.13940E-16
 7.87435E-18 8.15706E-27 3.52102E-10 1.34480E-15 1.96388E-17 4.54125E-17 8.32018E-10 2.85534E-19
 4.01802E-20 9.15985E-23 5.06677E-17 4.10841E-14 1.88916E-16 4.01949E-22 2.54206E-08 3.22829E-11
 7.87447E-05 2.41033E-12 9.25990E-10 5.94001E-08 3.12981E-09 2.13166E-13 1.82004E-03 3.78577E-03
 1.46935E-05 8.41974E-08 3.54238E-10 9.22054E-10 1.14602E-11 1.66211E-11 1.07736E-15 1.12217E-12
 6.38591E-12 1.79943E-16 5.23218E-18 6.63236E-27 3.43965E-10 1.26218E-15 2.21968E-17 4.52897E-17
 8.40155E-10 2.13881E-19 4.01315E-20 9.94048E-23 5.02147E-17 3.76403E-14 1.60874E-16 3.63966E-22
 2.53118E-08 3.59532E-11 8.44408E-05 2.68258E-12 9.68941E-10 5.84407E-08 2.82858E-09 2.62817E-13
 1.81999E-03 3.78176E-03 1.46175E-05 8.36598E-08 3.74084E-10 8.48404E-10 1.11253E-11 1.52420E-11
 9.52670E-16 9.32010E-13 4.99402E-12 1.49890E-16 3.42333E-18 5.30718E-27 3.36153E-10 1.17948E-15
 2.50242E-17 4.49021E-17 8.47967E-10 1.58221E-19 4.06611E-20 1.08820E-22 4.99610E-17 3.47967E-14
 1.37943E-16 3.33003E-22 2.53750E-08 3.98884E-11 8.99338E-05 2.99098E-12 1.01840E-09 5.78711E-08
 2.53993E-09 3.26476E-13 1.81993E-03 3.77780E-03 1.45735E-05 8.36998E-08 3.97323E-10 7.82434E-10
 1.07462E-11 1.39571E-11 8.36942E-16 7.71671E-13 3.90375E-12 1.23875E-16 2.21301E-18 4.18805E-27
 3.28621E-10 1.09856E-15 2.81409E-17 4.42978E-17 8.55499E-10 1.15907E-19 4.17285E-20 1.19985E-22
 4.98583E-17 3.24320E-14 1.19030E-16 3.07682E-22 2.56107E-08 4.40841E-11 9.52520E-05 3.34099E-12
 1.07512E-09 5.76853E-08 2.26658E-09 4.08499E-13 1.81985E-03 3.77386E-03 1.45591E-05 8.43131E-08
 4.24360E-10 7.23095E-10 1.03421E-11 1.27806E-11 7.31750E-16 6.37977E-13 3.05528E-12 1.01742E-16
 1.41788E-18 3.27008E-27 3.21328E-10 1.02153E-15 3.15742E-17 4.35501E-17 8.62792E-10 8.43506E-20
 4.33042E-20 1.33047E-22 4.98669E-17 3.04505E-14 1.03377E-16 2.86966E-22 2.60172E-08 4.85357E-11
 1.00426E-04 3.73872E-12 1.13987E-09 5.78734E-08 2.01076E-09 5.14619E-13 1.81976E-03 3.76992E-03
 1.45723E-05 8.54901E-08 4.55624E-10 6.69414E-10 9.92782E-12 1.17155E-11 6.37587E-16 5.27318E-13
 2.39700E-12 8.31634E-17 9.02513E-19 2.53651E-27 3.14224E-10 9.50138E-16 3.53549E-17 4.27435E-17
 8.69896E-10 6.11727E-20 4.53666E-20 1.48156E-22 4.99510E-17 2.87748E-14 9.04638E-17 2.70057E-22
 2.65867E-08 5.32445E-11 1.05470E-04 4.19102E-12 1.21326E-09 5.84175E-08 1.77445E-09 6.52275E-13
 1.81966E-03 3.76597E-03 1.46103E-05 8.72009E-08 4.91485E-10 6.20683E-10 9.51643E-12 1.07601E-11
 5.54473E-16 4.36333E-13 1.88702E-12 6.77572E-17 5.72190E-19 1.96464E-27 3.07281E-10 8.86034E-16
 3.95232E-17 4.19775E-17 8.76840E-10 4.43729E-20 4.78891E-20 1.65449E-22 5.00950E-17 2.73483E-14
 8.01118E-17 2.56364E-22 2.72973E-08 5.82194E-11 1.10376E-04 4.70672E-12 1.29546E-09 5.92893E-08
 1.55974E-09 8.30739E-13 1.81954E-03 3.76200E-03 1.46701E-05 8.93708E-08 5.31902E-10 5.76455E-10
 9.12054E-12 9.90983E-12 4.82429E-16 3.62139E-13 1.49240E-12 5.51429E-17 3.62605E-19 1.53138E-27
 3.00498E-10 8.31206E-16 4.41628E-17 4.13837E-17 8.83623E-10 3.23600E-20 5.08246E-20 1.85028E-22
 5.03152E-17 2.61299E-14 7.25860E-17 2.45469E-22 2.81258E-08 6.34810E-11 1.15136E-04 5.29601E-12
 1.38651E-09 6.04554E-08 1.36742E-09 1.06180E-12 1.81942E-03 3.75803E-03 1.47484E-05 9.19207E-08
 5.76774E-10 5.36308E-10 8.74865E-12 9.15643E-12 4.20802E-16 3.01936E-13 1.18658E-12 4.49093E-17
 2.30352E-19 1.20985E-27 2.93873E-10 7.86807E-16 4.93772E-17 4.10766E-17 8.90247E-10 2.38332E-20
 5.41237E-20 2.06989E-22 5.06287E-17 2.50858E-14 6.87268E-17 2.37053E-22 2.90566E-08 6.90618E-11
 1.19747E-04 5.97009E-12 1.48661E-09 6.18862E-08 1.19680E-09 1.36085E-12 1.81928E-03 3.75405E-03
 1.48420E-05 9.47978E-08 6.26249E-10 4.99801E-10 8.40488E-12 8.48984E-12 3.68365E-16 2.53086E-13
 9.48578E-13 3.66453E-17 1.46935E-19 9.73403E-28 2.87395E-10 7.52971E-16 5.52663E-17 4.11357E-17
 8.96725E-10 1.77781E-20 5.77521E-20 2.31451E-22 5.10395E-17 2.41867E-14 7.01346E-17 2.30879E-22
 3.00770E-08 7.50008E-11 1.24195E-04 6.74287E-12 1.59596E-09 6.35584E-08 1.04672E-09 1.74754E-12
 1.81913E-03 3.75006E-03 1.49476E-05 9.79573E-08 6.80386E-10 4.66628E-10 8.09229E-12 7.90127E-12
 3.24018E-16 2.13458E-13 7.62662E-13 2.99969E-17 9.42786E-20 8.00942E-28 2.81068E-10 7.29754E-16
 6.19634E-17 4.16362E-17 9.03053E-10 1.34666E-20 6.16831E-20 2.58567E-22 5.15572E-17 2.34108E-14
 8.01542E-17 2.26801E-22 3.11855E-08 8.13433E-11 1.28464E-04 7.63038E-12 1.71503E-09 6.54587E-08
 9.15317E-10 2.24774E-12 1.81897E-03 3.74608E-03 1.50620E-05 1.01390E-07 7.39535E-10 4.36515E-10
 7.81196E-12 7.38271E-12 2.86568E-16 1.81231E-13 6.16762E-13 2.46530E-17 6.09164E-20 6.75369E-28
 2.74898E-10 7.16799E-16 6.96045E-17 4.26336E-17 9.09223E-10 1.03724E-20 6.59120E-20 2.88549E-22
 5.21807E-17 2.27403E-14 1.05368E-16 2.24724E-22 3.23949E-08 8.81435E-11 1.32535E-04 8.64980E-12
 1.84480E-09 6.75807E-08 8.00312E-10 2.89620E-12 1.81880E-03 3.74211E-03 1.51822E-05 1.05133E-07
 8.04655E-10 4.09224E-10 7.56368E-12 6.92720E-12 2.54773E-16 1.54885E-13 5.01626E-13 2.03486E-17
 3.96452E-20 5.83286E-28 2.68894E-10 7.13341E-16 7.82920E-17 4.41628E-17 9.15226E-10 8.12250E-21
 7.04536E-20 3.21652E-22 5.28958E-17 2.21604E-14 1.57325E-16 2.24574E-22 3.37234E-08 9.54616E-11
 1.36398E-04 9.82089E-12 1.98652E-09 6.99247E-08 6.99597E-10 3.73948E-12 1.81862E-03 3.73817E-03
 1.53055E-05 1.09240E-07 8.77048E-10 3.84501E-10 7.34574E-12 6.52776E-12 2.27572E-16 1.33212E-13
 4.10220E-13 1.68689E-17 2.59826E-20 5.15342E-28 2.63059E-10 7.18805E-16 8.81228E-17 4.62656E-17
 9.21062E-10 6.46261E-21 7.53301E-20 3.58150E-22 5.36826E-17 2.16577E-14 2.54688E-16 2.26286E-22
 3.51885E-08 1.03355E-10 1.40058E-04 1.11700E-11 2.14148E-09 7.25064E-08 6.11523E-10 4.83887E-12
 1.81843E-03 3.73424E-03 1.54295E-05 1.13759E-07 9.57843E-10 3.62003E-10 7.15423E-12 6.17645E-12
 2.04219E-16 1.15262E-13 3.37194E-13 1.40453E-17 1.71397E-20 4.65763E-28 2.57363E-10 7.33369E-16
 9.92699E-17 4.90180E-17 9.26757E-10 5.22248E-21 8.05699E-20 3.98368E-22 5.45200E-17 2.12183E-14
 4.28187E-16 2.29809E-22 3.68042E-08 1.11889E-10 1.43520E-04 1.27311E-11 2.31085E-09 7.53440E-08
 5.34734E-10 6.27498E-12 1.81823E-03 3.73031E-03 1.55518E-05 1.18731E-07 1.04807E-09 3.41434E-10
 6.98572E-12 5.86630E-12 1.84180E-16 1.00332E-13 2.78529E-13 1.17482E-17 1.13804E-20 4.30764E-28
 2.51781E-10 7.57679E-16 1.11987E-16 5.25236E-17 9.32339E-10 4.28615E-21 8.61841E-20 4.42604E-22
 5.53925E-17 2.08302E-14 6.92522E-16 2.35078E-22 3.85845E-08 1.21157E-10 1.46772E-04 1.45443E-11
 2.49589E-09 7.84433E-08 4.67938E-10 8.15545E-12 1.81802E-03 3.72638E-03 1.56695E-05 1.24190E-07
 1.14917E-09 3.22616E-10 6.83830E-12 5.59217E-12 1.66978E-16 8.78848E-14 2.31166E-13 9.87544E-18
 7.60859E-21 4.07378E-28 2.46311E-10 7.92319E-16 1.26551E-16 5.68956E-17 9.37810E-10 3.57103E-21
 9.21436E-20 4.91007E-22 5.62884E-17 2.04840E-14 9.11546E-16 2.41993E-22 4.05442E-08 1.31287E-10
 1.49799E-04 1.66573E-11 2.69805E-09 8.18036E-08 4.09900E-10 1.06263E-11 1.81780E-03 3.72245E-03
 1.57793E-05 1.30178E-07 1.26330E-09 3.05397E-10 6.71020E-12 5.34955E-12 1.52161E-16 7.74848E-14
 1.92701E-13 8.34411E-18 5.12245E-21 3.93302E-28 2.40951E-10 8.37904E-16 1.43248E-16 6.22620E-17
 9.43169E-10 3.01746E-21 9.83830E-20 5.43554E-22 5.71948E-17 2.01723E-14 1.09049E-15 2.50427E-22
 4.26834E-08 1.42439E-10 1.52591E-04 1.91349E-11 2.91827E-09 8.54233E-08 3.59715E-10 1.38809E-11
 1.81757E-03 3.71855E-03 1.58780E-05 1.36685E-07 1.39224E-09 2.89626E-10 6.59977E-12 5.13405E-12
 1.39482E-16 6.88156E-14 1.61311E-13 7.09180E-18 3.47584E-21 3.87557E-28 2.35699E-10 8.95909E-16
 1.62561E-16 6.88079E-17 9.48421E-10 2.58549E-21 1.04783E-19 6.00031E-22 5.81114E-17 1.98885E-14
 1.23586E-15 2.60228E-22 4.49799E-08 1.54798E-10 1.55137E-04 2.20746E-11 3.15636E-09 8.93082E-08
 3.16810E-10 1.81667E-11 1.81734E-03 3.71465E-03 1.59623E-05 1.43628E-07 1.53620E-09 2.75155E-10
 6.50546E-12 4.94132E-12 1.28942E-16 6.16660E-14 1.35642E-13 6.07317E-18 2.38323E-21 3.90740E-28
 2.30545E-10 9.69382E-16 1.85439E-16 7.68157E-17 9.53574E-10 2.24956E-21 1.11170E-19 6.60071E-22
 5.90553E-17 1.96266E-14 1.35317E-15 2.71220E-22 4.74193E-08 1.68605E-10 1.57430E-04 2.56072E-11
 3.41248E-09 9.34784E-08 2.80452E-10 2.38179E-11 1.81709E-03 3.71076E-03 1.60293E-05 1.50944E-07
 1.69579E-09 2.61817E-10 6.42535E-12 4.76776E-12 1.20466E-16 5.58400E-14 1.14582E-13 5.24861E-18
 1.65494E-21 4.03774E-28 2.25471E-10 1.06221E-15 2.13152E-16 8.66401E-17 9.58649E-10 1.98938E-21
 1.17352E-19 7.23157E-22 6.00309E-17 1.93814E-14 1.44710E-15 2.83194E-22 5.00065E-08 1.84203E-10
 1.59457E-04 2.98967E-11 3.68786E-09 9.79477E-08 2.49742E-10 3.13053E-11 1.81683E-03 3.70687E-03
 1.60760E-05 1.58617E-07 1.87367E-09 2.49498E-10 6.35799E-12 4.61096E-12 1.13840E-16 5.11492E-14
 9.72150E-14 4.58281E-18 1.16557E-21 4.27442E-28 2.20467E-10 1.17857E-15 2.47134E-16 9.86989E-17
 9.63653E-10 1.78769E-21 1.23115E-19 7.88454E-22 6.10264E-17 1.91491E-14 1.52108E-15 2.95894E-22
 5.27568E-08 2.02048E-10 1.61199E-04 3.51615E-11 3.98408E-09 1.02723E-07 2.23895E-10 4.12857E-11
 1.81656E-03 3.70299E-03 1.61002E-05 1.66644E-07 2.07345E-09 2.38115E-10 6.30240E-12 4.46907E-12
 1.08896E-16 4.74293E-14 8.28117E-14 4.04800E-18 8.33725E-22 4.63336E-28 2.15534E-10 1.32392E-15
 2.89283E-16 1.13537E-16 9.68586E-10 1.63176E-21 1.28215E-19 8.54829E-22 6.20268E-17 1.89270E-14
 1.57765E-15 3.09023E-22 5.56864E-08 2.22761E-10 1.62633E-04 4.16931E-11 4.30247E-09 1.07781E-07
 2.02284E-10 5.46711E-11 1.81629E-03 3.69913E-03 1.60998E-05 1.74987E-07 2.29938E-09 2.27615E-10
 6.25833E-12 4.34028E-12 1.05531E-16 4.45429E-14 7.07923E-14 3.62302E-18 6.06679E-22 5.14093E-28
 2.10684E-10 1.50534E-15 3.42182E-16 1.31865E-16 9.73435E-10 1.51232E-21 1.32374E-19 9.20810E-22
 6.30238E-17 1.87134E-14 1.61870E-15 3.22217E-22 5.88191E-08 2.47199E-10 1.63737E-04 4.98767E-11
 4.64412E-09 1.13063E-07 1.84376E-10 7.27333E-11 1.81601E-03 3.69531E-03 1.60737E-05 1.83575E-07
 2.55682E-09 2.17950E-10 6.22592E-12 4.22253E-12 1.03663E-16 4.23610E-14 6.06772E-14 3.29108E-18
 4.49695E-22 5.83398E-28 2.05931E-10 1.73152E-15 4.09242E-16 1.54584E-16 9.78188E-10 1.42199E-21
 1.35298E-19 9.84614E-22 6.40131E-17 1.85071E-14 1.64572E-15 3.35042E-22 6.21924E-08 2.76533E-10
 1.64489E-04 6.02118E-11 5.00979E-09 1.18444E-07 1.69691E-10 9.72493E-11 1.81572E-03 3.69155E-03
 1.60215E-05 1.92297E-07 2.85291E-09 2.09073E-10 6.20578E-12 4.11336E-12 1.03201E-16 4.07531E-14
 5.20690E-14 3.03829E-18 3.39714E-22 6.75830E-28 2.01287E-10 2.01212E-15 4.94807E-16 1.82806E-16
 9.82832E-10 1.35416E-21 1.36698E-19 1.04418E-21 6.49956E-17 1.83072E-14 1.65984E-15 3.47010E-22
 6.58673E-08 3.12381E-10 1.64868E-04 7.33274E-11 5.40033E-09 1.23730E-07 1.57729E-10 1.30738E-10
 1.81543E-03 3.68786E-03 1.59431E-05 2.01009E-07 3.19874E-09 2.00929E-10 6.19887E-12 4.00985E-12
 1.03967E-16 3.95787E-14 4.46353E-14 2.85157E-18 2.61213E-22 7.95948E-28 1.96759E-10 2.35623E-15
 6.03859E-16 2.17827E-16 9.87359E-10 1.30186E-21 1.36331E-19 1.09722E-21 6.59752E-17 1.81130E-14
 1.66194E-15 3.57618E-22 6.99198E-08 3.56850E-10 1.64851E-04 9.00401E-11 5.81534E-09 1.28685E-07
 1.48082E-10 1.76661E-10 1.81514E-03 3.68422E-03 1.58382E-05 2.09467E-07 3.60663E-09 1.93417E-10
 6.20625E-12 3.90831E-12 1.05832E-16 3.87055E-14 3.81167E-14 2.72027E-18 2.03942E-22 9.49238E-28
 1.92329E-10 2.77355E-15 7.42671E-16 2.61211E-16 9.91788E-10 1.25919E-21 1.33999E-19 1.14137E-21
 6.69631E-17 1.79226E-14 1.65260E-15 3.66381E-22 7.44006E-08 4.12604E-10 1.64407E-04 1.11423E-10
 6.25142E-09 1.33026E-07 1.40480E-10 2.39542E-10 1.81484E-03 3.68062E-03 1.57057E-05 2.17197E-07
 4.08512E-09 1.86458E-10 6.22979E-12 3.80463E-12 1.08806E-16 3.80258E-14 3.23424E-14 2.63715E-18
 1.61368E-22 1.14303E-27 1.87981E-10 3.27441E-15 9.19913E-16 3.14825E-16 9.96136E-10 1.22181E-21
 1.29563E-19 1.17427E-21 6.79895E-17 1.77345E-14 1.63200E-15 3.72896E-22 7.93395E-08 4.83053E-10
 1.63496E-04 1.38838E-10 6.70401E-09 1.36424E-07 1.34621E-10 3.25320E-10 1.81453E-03 3.67710E-03
 1.55447E-05 2.23536E-07 4.64142E-09 1.80017E-10 6.27200E-12 3.69468E-12 1.12873E-16 3.74383E-14
 2.71983E-14 2.59473E-18 1.29043E-22 1.38410E-27 1.83725E-10 3.86584E-15 1.14612E-15 3.80716E-16
 1.00039E-09 1.18523E-21 1.23023E-19 1.19394E-21 6.90883E-17 1.75484E-14 1.60018E-15 3.76914E-22
 8.47463E-08 5.72527E-10 1.62074E-04 1.74010E-10 7.16819E-09 1.38559E-07 1.30173E-10 4.41668E-10
 1.81423E-03 3.67365E-03 1.53536E-05 2.27689E-07 5.28034E-09 1.74070E-10 6.33538E-12 3.57447E-12
 1.17978E-16 3.68509E-14 2.26083E-14 2.58489E-18 1.03884E-22 1.67733E-27 1.79581E-10 4.55030E-15
 1.43381E-15 4.61041E-16 1.00453E-09 1.14499E-21 1.14538E-19 1.19892E-21 7.02861E-17 1.73643E-14
 1.55708E-15 3.78333E-22 9.05368E-08 6.86468E-10 1.60095E-04 2.19177E-10 7.63683E-09 1.39165E-07
 1.26893E-10 5.97977E-10 1.81393E-03 3.67031E-03 1.51298E-05 2.28670E-07 5.99588E-09 1.68601E-10
 6.42227E-12 3.44031E-12 1.24177E-16 3.62058E-14 1.85366E-14 2.60160E-18 8.39440E-23 2.02701E-27
 1.75569E-10 5.32724E-15 1.79967E-15 5.58081E-16 1.00854E-09 1.09831E-21 1.04408E-19 1.18848E-21
 7.16067E-17 1.71824E-14 1.50266E-15 3.77154E-22 9.64303E-08 8.31660E-10 1.57502E-04 2.77360E-10
 8.09762E-09 1.38065E-07 1.24777E-10 8.04613E-10 1.81364E-03 3.66710E-03 1.48692E-05 2.25268E-07
 6.75558E-09 1.63579E-10 6.53460E-12 3.28879E-12 1.31851E-16 3.54947E-14 1.49720E-14 2.64479E-18
 6.81238E-23 2.44247E-27 1.71704E-10 6.20009E-15 2.27046E-15 6.74366E-16 1.01241E-09 1.04556E-21
 9.29996E-20 1.16228E-21 7.30717E-17 1.70025E-14 1.43665E-15 3.73424E-22 1.01881E-07 1.01637E-09
 1.54217E-04 3.52856E-10 8.52892E-09 1.35146E-07 1.24240E-10 1.07054E-09 1.81335E-03 3.66404E-03
 1.45652E-05 2.16186E-07 7.47437E-09 1.58958E-10 6.67348E-12 3.11737E-12 1.42061E-16 3.47403E-14
 1.19078E-14 2.72610E-18 5.58276E-23 2.95125E-27 1.67986E-10 7.18527E-15 2.89721E-15 8.13002E-16
 1.01612E-09 9.90333E-22 8.06997E-20 1.11994E-21 7.46949E-17 1.68238E-14 1.35833E-15 3.67246E-22
 1.06394E-07 1.25210E-09 1.50165E-04 4.51316E-10 8.90781E-09 1.30259E-07 1.25650E-10 1.40449E-09
 1.81308E-03 3.66113E-03 1.42128E-05 2.01019E-07 8.05572E-09 1.54721E-10 6.83911E-12 2.92490E-12
 1.55814E-16 3.38956E-14 9.31039E-15 2.85523E-18 4.62858E-23 3.58008E-27 1.64436E-10 8.27836E-15
 3.75424E-15 9.76436E-16 1.01967E-09 9.32477E-22 6.80208E-20 1.06153E-21 7.64730E-17 1.66464E-14
 1.26695E-15 3.58843E-22 1.10127E-07 1.55806E-09 1.45270E-04 5.78579E-10 9.22552E-09 1.23141E-07
 1.28501E-10 1.82399E-09 1.81282E-03 3.65843E-03 1.38089E-05 1.81196E-07 8.50464E-09 1.50859E-10
 7.03053E-12 2.71176E-12 1.72239E-16 3.27701E-14 7.11115E-15 3.00858E-18 3.82472E-23 4.27693E-27
 1.61081E-10 9.37913E-15 4.89534E-15 1.16202E-15 1.02302E-09 8.61512E-22 5.55779E-20 9.87837E-22
 7.84146E-17 1.64711E-14 1.16152E-15 3.48605E-22 1.13557E-07 1.96511E-09 1.39449E-04 7.39455E-10
 9.47890E-09 1.13544E-07 1.31691E-10 2.36005E-09 1.81259E-03 3.65594E-03 1.33498E-05 1.58859E-07
 8.92207E-09 1.47360E-10 7.24577E-12 2.47938E-12 1.88515E-16 3.11784E-14 5.25940E-15 3.13026E-18
 3.07797E-23 4.87063E-27 1.57943E-10 1.02877E-14 6.31410E-15 1.35808E-15 1.02616E-09 7.66267E-22
 4.38924E-20 9.00280E-22 8.06091E-17 1.62987E-14 1.04070E-15 3.37019E-22 1.15532E-07 2.51410E-09
 1.32600E-04 9.42060E-10 9.60848E-09 1.01458E-07 1.36317E-10 3.03082E-09 1.81238E-03 3.65371E-03
 1.28281E-05 1.33992E-07 9.20350E-09 1.44209E-10 7.48380E-12 2.22801E-12 2.05600E-16 2.92273E-14
 3.74978E-15 3.22720E-18 2.42838E-23 5.28475E-27 1.55044E-10 1.08919E-14 8.11302E-15 1.55126E-15
 1.02906E-09 6.55758E-22 3.31705E-20 7.99013E-22 8.32158E-17 1.61293E-14 9.03106E-16 3.24075E-22
 1.12507E-07 3.26497E-09 1.24645E-04 1.20920E-09 9.46105E-09 8.70825E-08 1.47379E-10 3.81983E-09
 1.81220E-03 3.65177E-03 1.22378E-05 1.04817E-07 8.89141E-09 1.41404E-10 7.75070E-12 1.95075E-12
 2.32935E-16 2.72187E-14 2.56234E-15 3.42337E-18 1.96163E-23 5.71713E-27 1.52421E-10 1.12493E-14
 1.08441E-14 1.73794E-15 1.03168E-09 5.50917E-22 2.34368E-20 6.80913E-22 8.63160E-17 1.59638E-14
 7.47828E-16 3.08359E-22 1.01875E-07 4.33948E-09 1.15580E-04 1.58233E-09 8.87607E-09 7.08573E-08
 1.71674E-10 4.73204E-09 1.81207E-03 3.65016E-03 1.15911E-05 7.27307E-08 7.68065E-09 1.38959E-10
 8.05692E-12 1.63679E-12 2.83630E-16 2.51823E-14 1.64105E-15 3.84986E-18 1.66328E-23 6.31462E-27
 1.50117E-10 1.12954E-14 1.56681E-14 1.90697E-15 1.03398E-09 4.55419E-22 1.49945E-20 5.44082E-22
 8.97166E-17 1.58053E-14 5.74164E-16 2.87361E-22 8.60368E-08 5.97380E-09 1.05506E-04 2.09738E-09
 7.87735E-09 5.40496E-08 2.13123E-10 5.89174E-09 1.81197E-03 3.64889E-03 1.09335E-05 4.42624E-08
 6.00424E-09 1.36893E-10 8.39380E-12 1.29484E-12 3.61013E-16 2.27162E-14 9.52767E-16 4.44409E-18
 1.41250E-23 6.63708E-27 1.48172E-10 1.06378E-14 2.39729E-14 2.00163E-15 1.03591E-09 3.54339E-22
 8.53107E-21 4.00787E-22 9.28264E-17 1.56591E-14 3.80922E-16 2.60066E-22 6.98195E-08 8.51422E-09
 9.45219E-05 2.75366E-09 6.69412E-09 3.87244E-08 2.71016E-10 7.50565E-09 1.81192E-03 3.64793E-03
 1.03344E-05 2.44795E-08 4.48291E-09 1.35205E-10 8.72252E-12 9.63657E-13 4.51420E-16 1.94962E-14
 4.95873E-16 4.90692E-18 1.11217E-23 6.01639E-27 1.46596E-10 9.07507E-15 3.66757E-14 1.95351E-15
 1.03748E-09 2.46688E-22 4.37644E-21 2.75722E-22 9.49074E-17 1.55310E-14 2.21942E-16 2.28939E-22
 5.50750E-08 1.23856E-08 8.26795E-05 3.52016E-09 5.51777E-09 2.65198E-08 3.47990E-10 9.72843E-09
 1.81189E-03 3.64725E-03 9.86864E-06 1.27766E-08 3.22449E-09 1.33880E-10 9.00499E-12 6.80722E-13
 5.42637E-16 1.57670E-14 2.36580E-16 5.04737E-18 7.91431E-24 4.69799E-27 1.45382E-10 7.06124E-15
 5.50834E-14 1.77294E-15 1.03868E-09 1.53556E-22 2.09383E-21 1.82727E-22 9.56365E-17 1.54253E-14
 1.44819E-16 1.97680E-22 4.25459E-08 1.81497E-08 7.00368E-05 4.31018E-09 4.49447E-09 1.79016E-08
 4.45933E-10 1.27423E-08 1.81189E-03 3.64681E-03 9.61189E-06 6.56515E-09 2.24984E-09 1.32902E-10
 9.22221E-12 4.64269E-13 6.15990E-16 1.20640E-14 1.07982E-16 4.77271E-18 5.09676E-24 3.26074E-27
 1.44512E-10 5.13809E-15 7.98228E-14 1.52143E-15 1.03952E-09 8.72802E-23 9.81244E-22 1.21433E-22
 9.60397E-17 1.53442E-14 1.08770E-16 1.70790E-22 3.24886E-08 2.70564E-08 5.66220E-05 5.01010E-09
 3.67027E-09 1.24002E-08 5.78561E-10 1.69704E-08 1.81190E-03 3.64656E-03 9.63247E-06 3.40691E-09
 1.52153E-09 1.32256E-10 9.38004E-12 3.07753E-13 6.56119E-16 8.91508E-15 4.84767E-17 4.18749E-18
 3.03444E-24 2.04148E-27 1.43960E-10 3.55106E-15 1.10501E-13 1.24737E-15 1.04005E-09 4.58121E-23
 4.68944E-22 8.24626E-23 9.77655E-17 1.52880E-14 9.25091E-17 1.50620E-22 2.56941E-08 5.87612E-08
 4.64665E-05 5.87790E-09 2.83152E-09 9.36353E-09 9.70152E-10 2.91665E-08 1.81191E-03 3.64645E-03
 9.98737E-06 1.69792E-09 9.14734E-10 1.31935E-10 9.53577E-12 1.53297E-13 6.98415E-16 6.76997E-15
 1.86799E-17 3.75437E-18 1.80572E-24 8.35616E-28 1.43694E-10 2.26579E-15 1.54221E-13 8.03952E-16
 1.04027E-09 2.14835E-23 2.28701E-22 4.36671E-23 9.81584E-17 1.52598E-14 8.66299E-17 1.24813E-22
 2.92450E+02 2.89691E+02 2.86833E+02 2.83897E+02 2.80846E+02 2.77666E+02 2.74372E+02 2.71090E+02
 2.67768E+02 2.64204E+02 2.60362E+02 2.56208E+02 2.51714E+02 2.46871E+02 2.42098E+02 2.38632E+02
 2.36669E+02 2.35240E+02 2.34078E+02 2.33225E+02 2.32581E+02 2.31948E+02 2.31233E+02 2.30497E+02
 2.29786E+02 2.29090E+02 2.28385E+02 2.27710E+02 2.27009E+02 2.26220E+02 2.25443E+02 2.24699E+02
 2.23946E+02 2.23182E+02 2.22413E+02 2.21640E+02 2.20864E+02 2.20077E+02 2.19277E+02 2.18455E+02
 2.17600E+02 2.16706E+02 2.15772E+02 2.14807E+02 2.13820E+02 2.12832E+02 2.11866E+02 2.10944E+02
 2.10084E+02 2.09308E+02 2.08648E+02 2.08103E+02 2.07650E+02 2.07299E+02 2.07056E+02 2.06933E+02
 2.06948E+02 2.07102E+02 2.07389E+02 2.07799E+02 2.08318E+02 2.08904E+02 2.09515E+02 2.10133E+02
 2.10735E+02 2.11311E+02 2.11881E+02 2.12466E+02 2.13068E+02 2.13675E+02 2.14285E+02 2.14908E+02
 2.15527E+02 2.16074E+02 2.16492E+02 2.16772E+02 2.16910E+02 2.16903E+02 2.16752E+02 2.16479E+02
 2.16144E+02 2.15804E+02 2.15467E+02 2.15158E+02 2.14912E+02 2.14731E+02 2.14526E+02 2.14042E+02
 2.13100E+02 2.12000E+02 2.11315E+02 2.10750E+02 2.08860E+02 2.04605E+02 1.98898E+02 1.93350E+02
 1.87957E+02 1.82714E+02 1.77618E+02 1.72663E+02 1.00000E+05 1.00000E+05 1.00000E+05 1.00000E+05
 1.00000E+05 1.00000E+05 1.00000E+05 1.00000E+05 1.00000E+05 1.00000E+05 1.00000E+05 1.00000E+05
 1.00000E+05 1.00000E+05 1.00000E+05 1.00000E+05 9.55762E+04 8.98681E+04 6.92150E+04 4.79193E+04
 3.36436E+04 2.12519E+04 1.53492E+04 1.06773E+04 8.05676E+03 6.34461E+03 5.45434E+03 4.84574E+03
 4.37277E+03 4.13838E+03 3.95459E+03 3.92365E+03 3.90669E+03 3.96020E+03 4.05014E+03 4.23608E+03
 4.45809E+03 4.72891E+03 5.02893E+03 5.35055E+03 5.73214E+03 6.13646E+03 6.58855E+03 7.04881E+03
 7.56124E+03 8.07878E+03 8.62041E+03 9.16941E+03 9.73373E+03 1.03509E+04 1.10266E+04 1.16888E+04
 1.23428E+04 1.29676E+04 1.35838E+04 1.43800E+04 1.51932E+04 1.60365E+04 1.68712E+04 1.76766E+04
 1.85449E+04 1.95178E+04 2.05476E+04 2.16286E+04 2.28812E+04 2.42164E+04 2.57923E+04 2.74193E+04
 2.90411E+04 3.06951E+04 3.25762E+04 3.45361E+04 3.67036E+04 3.88689E+04 4.10311E+04 4.33424E+04
 4.57641E+04 4.85776E+04 5.15397E+04 5.49796E+04 5.84818E+04 6.17520E+04 6.51036E+04 6.88388E+04
 7.28603E+04 7.74765E+04 8.19566E+04 8.62864E+04 9.09370E+04 9.57803E+04 1.01072E+05 1.06493E+05
 1.12350E+05 1.18368E+05 1.25935E+05 1.33807E+05 1.42726E+05 1.51847E+05 1.61307E+05 1.70766E+05
 2.41793E+19 2.26573E+19 2.12253E+19 1.98765E+19 1.86082E+19 1.74164E+19 1.62952E+19 1.52336E+19
 1.42317E+19 1.32964E+19 1.24239E+19 1.16108E+19 1.08530E+19 1.01463E+19 9.47054E+18 8.78159E+18
 8.08462E+18 7.42186E+18 6.80257E+18 6.22451E+18 5.68895E+18 5.19804E+18 4.75000E+18 4.33983E+18
 3.96361E+18 3.61883E+18 3.30331E+18 3.01412E+18 2.74986E+18 2.50903E+18 2.28850E+18 2.08643E+18
 1.90173E+18 1.73295E+18 1.57872E+18 1.43780E+18 1.30908E+18 1.19156E+18 1.08432E+18 9.86495E+17
 8.97325E+17 8.16071E+17 7.42027E+17 6.74529E+17 6.12979E+17 5.56813E+17 5.05528E+17 4.58683E+17
 4.15894E+17 3.76810E+17 3.41100E+17 3.08522E+17 2.78870E+17 2.51901E+17 2.27391E+17 2.05135E+17
 1.84931E+17 1.66617E+17 1.50040E+17 1.35058E+17 1.21539E+17 1.09373E+17 9.84430E+16 8.86319E+16
 7.98309E+16 7.19347E+16 6.48413E+16 5.84609E+16 5.27205E+16 4.75574E+16 4.29128E+16 3.87317E+16
 3.49697E+16 3.15930E+16 2.85664E+16 2.58510E+16 2.34116E+16 2.12177E+16 1.92418E+16 1.74585E+16
 1.58431E+16 1.43757E+16 1.30422E+16 1.18295E+16 1.07252E+16 9.72026E+15 8.80988E+15 7.99410E+15
 7.26718E+15 6.60843E+15 5.99530E+15 5.43453E+15 4.95465E+15 4.56297E+15 4.22410E+15 3.89866E+15
 3.58719E+15 3.29014E+15 3.00784E+15 2.74053E+15 1.63535E-11 1.81282E-11 2.18865E-11 2.78229E-11
 3.55865E-11 4.50649E-11 5.62123E-11 6.89953E-11 8.33682E-11 9.92472E-11 1.16494E-10 1.34905E-10
 1.54192E-10 1.73992E-10 1.93920E-10 2.13569E-10 2.33017E-10 2.52452E-10 2.73552E-10 2.99519E-10
 3.31048E-10 3.69687E-10 4.14417E-10 4.61392E-10 5.06925E-10 5.45545E-10 5.73250E-10 5.88609E-10
 5.92550E-10 5.86639E-10 5.72856E-10 5.53185E-10 5.29398E-10 5.02792E-10 4.74487E-10 4.45484E-10
 4.16582E-10 3.88233E-10 3.60740E-10 3.34240E-10 3.08879E-10 2.84752E-10 2.61879E-10 2.40237E-10
 2.19800E-10 2.00532E-10 1.82366E-10 1.65250E-10 1.49133E-10 1.34014E-10 1.19664E-10 1.06309E-10
 9.38958E-11 8.23693E-11 7.17088E-11 6.20182E-11 5.32435E-11 4.53437E-11 3.82634E-11 3.19531E-11
 2.63937E-11 2.15641E-11 1.74165E-11 1.38983E-11 1.09650E-11 8.54922E-12 6.59513E-12 5.02994E-12
 3.78697E-12 2.81128E-12 2.05923E-12 1.48704E-12 1.05898E-12 7.42535E-13 5.11844E-13 3.46725E-13
 2.30624E-13 1.50859E-13 9.69734E-14 6.13702E-14 3.81640E-14 2.32187E-14 1.37935E-14 8.00403E-15
 4.53361E-15 2.51040E-15 1.35331E-15 7.07461E-16 3.58492E-16 1.75727E-16 8.32140E-17 3.79410E-17
 1.66715E-17 7.06475E-18 2.91069E-18 1.16279E-18 4.50914E-19 1.69009E-19 6.10063E-20 2.12131E-20
 3.55765E+01 3.18693E+01 3.15708E+01 3.33239E+01 3.72282E+01 4.20031E+01 4.71556E+01 5.11996E+01
 5.54559E+01 5.92500E+01 6.25744E+01 6.59677E+01 6.87021E+01 7.07110E+01 7.14332E+01 7.18062E+01
 7.13139E+01 6.97341E+01 6.80630E+01 6.63301E+01 6.60063E+01 6.69668E+01 6.85162E+01 6.96859E+01
 6.99294E+01 6.87330E+01 6.59481E+01 6.17973E+01 5.67641E+01 5.12861E+01 4.56816E+01 4.02235E+01
 3.51003E+01 3.03882E+01 2.61322E+01 2.23490E+01 1.90300E+01 1.61433E+01 1.36564E+01 1.15168E+01
 9.68447E+00 8.12189E+00 6.79308E+00 5.66615E+00 4.71446E+00 3.90941E+00 3.22924E+00 2.65578E+00
 2.17356E+00 1.77080E+00 1.43203E+00 1.15107E+00 9.19210E-01 7.28529E-01 5.72552E-01 4.46358E-01
 3.44100E-01 2.62205E-01 1.97353E-01 1.46837E-01 1.07856E-01 7.82753E-02 5.61411E-02 3.98482E-02
 2.79906E-02 1.94424E-02 1.33726E-02 9.10665E-03 6.12207E-03 4.05887E-03 2.65688E-03 1.71511E-03
 1.09241E-03 6.86545E-04 4.25277E-04 2.59297E-04 1.55480E-04 9.18268E-05 5.33709E-05 3.05747E-05
 1.72188E-05 9.48555E-06 5.10098E-06 2.67799E-06 1.37116E-06 6.85721E-07 3.33870E-07 1.58097E-07
 7.28697E-08 3.25249E-08 1.39528E-08 5.75409E-09 2.31623E-09 9.22251E-10 3.62997E-10 1.39367E-10
 5.21479E-11 1.89951E-11 6.72030E-12 2.36002E-12 1.00000E-12 1.00000E-12 1.00000E-12 1.00000E-12
 1.00000E-12 1.00000E-12 1.00000E-12 1.00000E-12 1.00000E-12 1.00000E-12 1.00000E-12 1.00000E-12
 1.00000E-12 1.00000E-12 1.00000E-12 1.00000E-12 1.00000E-12 1.00000E-12 1.00000E-12 1.00000E-12
 1.00000E-12 1.00000E-12 1.00000E-12 1.00000E-12 1.00000E-12 1.00000E-12 1.00000E-12 1.00000E-12
 1.00000E-12 1.00000E-12 1.00000E-12 1.00000E-12 1.00000E-12 1.00000E-12 1.00000E-12 1.00000E-12
 1.00000E-12 1.00000E-12 1.00000E-12 1.00000E-12 1.00000E-12 1.00000E-12 1.00000E-12 1.00000E-12
 1.00000E-12 1.00000E-12 1.00000E-12 1.00000E-12 1.00000E-12 1.00000E-12 1.00000E-12 1.00000E-12
 1.00000E-12 1.00000E-12 1.00000E-12 1.00000E-12 1.00000E-12 1.00000E-12 1.00000E-12 1.00000E-12
 1.00000E-12 1.00000E-12 1.00000E-12 1.00000E-12 1.00000E-12 1.00000E-12 1.00000E-12 1.00000E-12
 1.00000E-12 1.00000E-12 1.00000E-12 1.00000E-12 1.00000E-12 1.00000E-12 1.00000E-12 1.00000E-12
 1.00000E-12 1.00000E-12 1.00000E-12 1.00000E-12 1.00000E-12 1.00000E-12 1.00000E-12 1.00000E-12
 1.00000E-12 1.00000E-12 1.00000E-12 1.00000E-12 1.00000E-12 1.00000E-12 1.00000E-12 1.00000E-12
 1.00000E-12 1.00000E-12 1.00000E-12 1.00000E-12 1.00000E-12 1.00000E-12 1.00000E-12 1.00000E-12
 1.00000E-12 1.00000E-12 1.00000E-12 1.00000E-12 1.00000E-12 1.00000E-12 1.00000E-12 1.00000E-12
 1.00000E-12 1.00000E-12 1.00000E-12 1.00000E-12 1.00000E-12 1.00000E-12 1.00000E-12 1.00000E-12
 1.00000E-12 1.00000E-12 1.00000E-12 1.00000E-12 1.00000E-12 1.00000E-12 1.00000E-12 1.00000E-12
 1.00000E-12 1.00000E-12 1.00000E-12 1.00000E-12 1.00000E-12 1.00000E-12 1.00000E-12 1.00000E-12
 1.00000E-12 1.00000E-12 1.00000E-12 1.00000E-12 1.00000E-12 1.00000E-12 1.00000E-12 1.00000E-12
 1.00000E-12 1.00000E-12 1.00000E-12 1.00000E-12 1.00000E-12 1.00000E-12 1.00000E-12 1.00000E-12
 1.00000E-12 1.00000E-12 1.00000E-12 1.00000E-12 1.00000E-12 1.00000E-12 1.00000E-12 1.00000E-12
 1.00000E-12 1.00000E-12 1.00000E-12 1.00000E-12 1.00000E-12 1.00000E-12 1.00000E-12 1.00000E-12
 1.00000E-12 1.00000E-12 1.00000E-12 1.00000E-12 1.00000E-12 1.00000E-12 1.00000E-12 1.00000E-12
 1.00000E-12 1.00000E-12 1.00000E-12 1.00000E-12 1.00000E-12 1.00000E-12 1.00000E-12 1.00000E-12
 1.00000E-12 1.00000E-12 1.00000E-12 1.00000E-12 1.00000E-12 1.00000E-12 1.00000E-12 1.00000E-12
 1.00000E-12 1.00000E-12 1.00000E-12 1.00000E-12 1.00000E-12 1.00000E-12 1.00000E-12 1.00000E-12
 1.00000E-12 1.00000E-12 1.00000E-12 1.00000E-12 2.73195E-04 2.92062E-04 3.12862E-04 3.35830E-04
 3.57705E-04 3.80229E-04 4.04125E-04 4.32392E-04 4.62136E-04 4.95046E-04 5.31341E-04 5.69920E-04
 6.12821E-04 6.60651E-04 7.15229E-04 7.72732E-04 8.35065E-04 9.05605E-04 9.83907E-04 1.07424E-03
 1.16975E-03 1.27150E-03 1.38177E-03 1.50281E-03 1.63615E-03 1.78298E-03 1.94485E-03 2.12344E-03
 2.32042E-03 2.53768E-03 2.77762E-03 3.04242E-03 3.33450E-03 3.65716E-03 4.01375E-03 4.40796E-03
 4.84392E-03 5.32623E-03 5.85903E-03 6.44876E-03 7.10195E-03 7.82584E-03 8.62863E-03 9.51908E-03
 1.05057E-02 1.16018E-02 1.28202E-02 1.41749E-02 1.56814E-02 1.73535E-02 1.92130E-02 2.12803E-02
 2.35774E-02 2.61294E-02 2.89644E-02 3.21197E-02 3.56578E-02 3.96239E-02 4.40667E-02 4.90122E-02
 5.45335E-02 6.06851E-02 6.75257E-02 7.50841E-02 8.34498E-02 9.27184E-02 1.02974E-01 1.14286E-01
 1.26817E-01 1.40690E-01 1.56020E-01 1.72970E-01 1.91697E-01 2.12277E-01 2.34856E-01 2.59712E-01
 2.87078E-01 3.17208E-01 3.50396E-01 3.86983E-01 4.27395E-01 4.72103E-01 5.21588E-01 5.76399E-01
 6.37163E-01 7.04532E-01 7.79081E-01 8.61038E-01 9.51026E-01 1.05060E+00 1.16235E+00 1.28674E+00
 1.42137E+00 1.56352E+00 1.71800E+00 1.88887E+00 2.08007E+00 2.29249E+00 2.52873E+00 2.77524E+00
 1.00000E+00 1.00000E+00 1.00000E+00 1.00000E+00 1.00000E+00 1.00000E+00 1.00000E+00 1.00000E+00
 1.00000E+00 1.00000E+00 1.00000E+00 1.00000E+00 1.00000E+00 1.00000E+00 1.00000E+00 1.00000E+00
 1.00000E+00 1.00000E+00 1.00000E+00 1.00000E+00 1.00000E+00 1.00000E+00 1.00000E+00 1.00000E+00
 1.00000E+00 1.00000E+00 1.00000E+00 1.00000E+00 1.00000E+00 1.00000E+00 1.00000E+00 1.00000E+00
 1.00000E+00 1.00000E+00 1.00000E+00 1.00000E+00 1.00000E+00 1.00000E+00 1.00000E+00 1.00000E+00
 1.00000E+00 1.00000E+00 1.00000E+00 1.00000E+00 1.00000E+00 1.00000E+00 1.00000E+00 1.00000E+00
 1.00000E+00 1.00000E+00 1.00000E+00 1.00000E+00 1.00000E+00 1.00000E+00 1.00000E+00 1.00000E+00
 1.00000E+00 1.00000E+00 1.00000E+00 1.00000E+00 1.00000E+00 1.00000E+00 1.00000E+00 1.00000E+00
 1.00000E+00 1.00000E+00 1.00000E+00 1.00000E+00 1.00000E+00 1.00000E+00 1.00000E+00 1.00000E+00
 1.00000E+00 1.00000E+00 1.00000E+00 1.00000E+00 1.00000E+00 1.00000E+00 1.00000E+00 1.00000E+00
 1.00000E+00 1.00000E+00 1.00000E+00 1.00000E+00 1.00000E+00 1.00000E+00 1.00000E+00 1.00000E+00
 1.00000E+00 1.00000E+00 1.00000E+00 1.00000E+00 1.00000E+00 1.00000E+00 1.00000E+00 1.00000E+00
 1.00000E+00 1.00000E+00 1.00000E+00 1.00000E+00 1.00000E+00 1.00000E+00 1.00000E+00 1.00000E+00
 1.00000E+00 1.00000E+00 1.00000E+00 1.00000E+00 1.00000E+00 1.00000E+00 1.00000E+00 1.00000E+00
 1.00000E+00 1.00000E+00 1.00000E+00 1.00000E+00 1.00000E+00 1.00000E+00 1.00000E+00 1.00000E+00
 1.00000E+00 1.00000E+00 1.00000E+00 1.00000E+00 1.00000E+00 1.00000E+00 1.00000E+00 1.00000E+00
 1.00000E+00 1.00000E+00 1.00000E+00 1.00000E+00 1.00000E+00 1.00000E+00 1.00000E+00 1.00000E+00
 1.00000E+00 1.00000E+00 1.00000E+00 1.00000E+00 1.00000E+00 1.00000E+00 1.00000E+00 1.00000E+00
 1.00000E+00 1.00000E+00 1.00000E+00 1.00000E+00 1.00000E+00 1.00000E+00 1.00000E+00 1.00000E+00
 1.00000E+00 1.00000E+00 1.00000E+00 1.00000E+00 1.00000E+00 1.00000E+00 1.00000E+00 1.00000E+00
 1.00000E+00 1.00000E+00 1.00000E+00 1.00000E+00 1.00000E+00 1.00000E+00 1.00000E+00 1.00000E+00
 1.00000E+00 1.00000E+00 1.00000E+00 1.00000E+00 1.00000E+00 1.00000E+00 1.00000E+00 1.00000E+00
 1.00000E+00 1.00000E+00 1.00000E+00 1.00000E+00 1.00000E+00 1.00000E+00 1.00000E+00 1.00000E+00
 1.00000E+00 1.00000E+00 1.00000E+00 1.00000E+00 1.00000E+00 1.00000E+00 1.00000E+00 1.00000E+00
 1.00000E+00 1.00000E+00 1.00000E+00 1.00000E+00 1.00000E+00 1.00000E+00 1.00000E+00 1.00000E+00
 1.00000E-05 1.00000E-05 1.00000E-05 1.00000E-05 1.00000E-05 1.00000E-05 1.00000E-05 1.00000E-05
 1.00000E-05 1.00000E-05 1.00000E-05 1.00000E-05 1.00000E-05 1.00000E-05 1.00000E-05 1.00000E-05
 1.00000E-05 1.00000E-05 1.00000E-05 1.00000E-05 1.00000E-05 1.00000E-05 1.00000E-05 1.00000E-05
 1.00000E-05 1.00000E-05 1.00000E-05 1.00000E-05 1.00000E-05 1.00000E-05 1.00000E-05 1.00000E-05
 1.00000E-05 1.00000E-05 1.00000E-05 1.00000E-05 1.00000E-05 1.00000E-05 1.00000E-05 1.00000E-05
 1.00000E-05 1.00000E-05 1.00000E-05 1.00000E-05 1.00000E-05 1.00000E-05 1.00000E-05 1.00000E-05
 1.00000E-05 1.00000E-05 1.00000E-05 1.00000E-05 1.00000E-05 1.00000E-05 1.00000E-05 1.00000E-05
 1.00000E-05 1.00000E-05 1.00000E-05 1.00000E-05 1.00000E-05 1.00000E-05 1.00000E-05 1.00000E-05
 1.00000E-05 1.00000E-05 1.00000E-05 1.00000E-05 1.00000E-05 1.00000E-05 1.00000E-05 1.00000E-05
 1.00000E-05 1.00000E-05 1.00000E-05 1.00000E-05 1.00000E-05 1.00000E-05 1.00000E-05 1.00000E-05
 1.00000E-05 1.00000E-05 1.00000E-05 1.00000E-05 1.00000E-05 1.00000E-05 1.00000E-05 1.00000E-05
 1.00000E-05 1.00000E-05 1.00000E-05 1.00000E-05 1.00000E-05 1.00000E-05 1.00000E-05 1.00000E-05
 1.00000E-05 1.00000E-05 1.00000E-05 1.00000E-05 1.00000E-09 1.00000E-09 1.00000E-09 1.00000E-09
 1.00000E-09 1.00000E-09 1.00000E-09 1.00000E-09 1.00000E-09 1.00000E-09 1.00000E-09 1.00000E-09
 1.00000E-09 1.00000E-09 1.00000E-09 1.00000E-09 1.00000E-09 1.00000E-09 1.00000E-09 1.00000E-09
 1.00000E-09 1.00000E-09 1.00000E-09 1.00000E-09 1.00000E-09 1.00000E-09 1.00000E-09 1.00000E-09
 1.00000E-09 1.00000E-09 1.00000E-09 1.00000E-09 1.00000E-09 1.00000E-09 1.00000E-09 1.00000E-09
 1.00000E-09 1.00000E-09 1.00000E-09 1.00000E-09 1.00000E-09 1.00000E-09 1.00000E-09 1.00000E-09
 1.00000E-09 1.00000E-09 1.00000E-09 1.00000E-09 1.00000E-09 1.00000E-09 1.00000E-09 1.00000E-09
 1.00000E-09 1.00000E-09 1.00000E-09 1.00000E-09 1.00000E-09 1.00000E-09 1.00000E-09 1.00000E-09
 1.00000E-09 1.00000E-09 1.00000E-09 1.00000E-09 1.00000E-09 1.00000E-09 1.00000E-09 1.00000E-09
 1.00000E-09 1.00000E-09 1.00000E-09 1.00000E-09 1.00000E-09 1.00000E-09 1.00000E-09 1.00000E-09
 1.00000E-09 1.00000E-09 1.00000E-09 1.00000E-09 1.00000E-09 1.00000E-09 1.00000E-09 1.00000E-09
 1.00000E-09 1.00000E-09 1.00000E-09 1.00000E-09 1.00000E-09 1.00000E-09 1.00000E-09 1.00000E-09
 1.00000E-09 1.00000E-09 1.00000E-09 1.00000E-09 1.00000E-09 1.00000E-09 1.00000E-09 1.00000E-09
 1.00000E-09 1.00000E-09 1.00000E-09 1.00000E-09 1.00000E-09 1.00000E-09 1.00000E-09 1.00000E-09
 1.00000E-09 1.00000E-09 1.00000E-09 1.00000E-09 1.00000E-09 1.00000E-09 1.00000E-09 1.00000E-09
 1.00000E-09 1.00000E-09 1.00000E-09 1.00000E-09 1.00000E-09 1.00000E-09 1.00000E-09 1.00000E-09
 1.00000E-09 1.00000E-09 1.00000E-09 1.00000E-09 1.00000E-09 1.00000E-09 1.00000E-09 1.00000E-09
 1.00000E-09 1.00000E-09 1.00000E-09 1.00000E-09 1.00000E-09 1.00000E-09 1.00000E-09 1.00000E-09
 1.00000E-09 1.00000E-09 1.00000E-09 1.00000E-09 1.00000E-09 1.00000E-09 1.00000E-09 1.00000E-09
 1.00000E-09 1.00000E-09 1.00000E-09 1.00000E-09 1.00000E-09 1.00000E-09 1.00000E-09 1.00000E-09
 1.00000E-09 1.00000E-09 1.00000E-09 1.00000E-09 1.00000E-09 1.00000E-09 1.00000E-09 1.00000E-09
 1.00000E-09 1.00000E-09 1.00000E-09 1.00000E-09 1.00000E-09 1.00000E-09 1.00000E-09 1.00000E-09
 1.00000E-09 1.00000E-09 1.00000E-09 1.00000E-09 1.00000E-09 1.00000E-09 1.00000E-09 1.00000E-09
 1.00000E-09 1.00000E-09 1.00000E-09 1.00000E-09 1.00000E-09 1.00000E-09 1.00000E-09 1.00000E-09
 1.00000E-09 1.00000E-09 1.00000E-09 1.00000E-09 1.00000E-09 1.00000E-09 1.00000E-09 1.00000E-09
 1.00000E-09 1.00000E-09 1.00000E-09 1.00000E-09
