 1.79002E-10 5.08754E-18 1.32665E-02 7.50525E-18 2.39358E-13 5.71447E-12 1.24408E-08 8.73469E-24
 1.53328E-05 2.21439E-04 7.54451E-07 2.44808E-11 6.17903E-13 6.68128E-07 1.49259E-12 1.30762E-10
 8.14986E-19 1.19922E-10 4.07637E-14 4.51789E-14 2.46376E-15 6.18181E-31 2.03742E-07 2.82112E-16
 3.12524E-21 1.27188E-18 4.47412E-12 9.70331E-14 5.43673E-10 1.39859E-19 8.83827E-22 6.75827E-11
 8.63593E-16 2.73013E-13 2.19353E-10 6.31632E-18 1.04418E-02 1.06242E-17 2.87989E-13 7.19463E-12
 1.34611E-08 1.25699E-23 1.53358E-05 2.21435E-04 7.54524E-07 3.05445E-11 6.51114E-13 6.68106E-07
 1.91961E-12 1.52071E-10 1.34433E-18 1.65927E-10 8.57112E-14 4.49951E-14 3.73295E-15 1.45903E-30
 2.03731E-07 4.02786E-16 4.48386E-21 1.68347E-18 6.83408E-12 1.36531E-13 5.51524E-10 1.93666E-19
 1.39019E-21 1.17334E-10 1.82860E-15 4.98554E-13 2.78306E-10 7.84426E-18 8.04821E-03 1.46296E-17
 3.28895E-13 9.50486E-12 1.45881E-08 1.77675E-23 1.53390E-05 2.21430E-04 7.54604E-07 3.99244E-11
 6.49546E-13 6.68082E-07 2.46034E-12 1.76025E-10 2.15384E-18 2.18836E-10 1.76156E-13 4.43569E-14
 5.68387E-15 3.37119E-30 2.03720E-07 5.45217E-16 6.26077E-21 2.17522E-18 1.02976E-11 1.80278E-13
 5.59097E-10 2.60082E-19 2.14499E-21 1.69955E-10 3.36969E-15 7.62400E-13 3.53258E-10 9.73678E-18
 6.10087E-03 2.06570E-17 3.78306E-13 1.25460E-11 1.58299E-08 2.56106E-23 1.53424E-05 2.21425E-04
 7.54690E-07 5.23511E-11 6.57295E-13 6.68056E-07 3.14079E-12 2.02897E-10 3.52546E-18 2.75090E-10
 3.78755E-13 4.32061E-14 8.65816E-15 8.47928E-30 2.03707E-07 7.16584E-16 8.96257E-21 2.88542E-18
 1.49704E-11 2.29047E-13 5.66306E-10 3.56998E-19 3.42777E-21 2.25818E-10 5.83310E-15 1.06951E-12
 4.39346E-10 1.20731E-17 4.41469E-03 3.01012E-17 4.41597E-13 1.61205E-11 1.71935E-08 3.76327E-23
 1.53462E-05 2.21420E-04 7.54783E-07 6.72207E-11 6.81116E-13 6.68028E-07 3.98971E-12 2.32474E-10
 5.93012E-18 3.28734E-10 8.61804E-13 4.14763E-14 1.34996E-14 2.36546E-29 2.03694E-07 9.25641E-16
 1.32389E-20 3.95816E-18 2.08342E-11 2.83646E-13 5.73052E-10 5.04185E-19 5.71611E-21 2.83977E-10
 9.71121E-15 1.41847E-12 5.32464E-10 1.50206E-17 3.11235E-03 4.62679E-17 5.40445E-13 2.00736E-11
 1.86852E-08 5.75480E-23 1.53502E-05 2.21414E-04 7.54884E-07 8.41997E-11 7.47922E-13 6.67997E-07
 4.99606E-12 2.63692E-10 1.03419E-17 3.76063E-10 2.04676E-12 3.94981E-14 2.11158E-14 7.48963E-29
 2.03680E-07 1.18274E-15 2.05956E-20 5.78097E-18 2.79546E-11 3.44871E-13 5.79230E-10 7.49238E-19
 1.00675E-20 3.43194E-10 1.57197E-14 1.80413E-12 6.26747E-10 1.86043E-17 2.10431E-03 7.44226E-17
 6.83108E-13 2.41465E-11 2.03079E-08 9.05366E-23 1.53546E-05 2.21408E-04 7.54993E-07 1.02737E-10
 8.54782E-13 6.67964E-07 6.16179E-12 2.93664E-10 1.86012E-17 4.14395E-10 5.32295E-12 3.64827E-14
 3.28363E-14 2.81065E-28 2.03665E-07 1.49785E-15 3.35482E-20 8.93167E-18 3.64162E-11 4.13243E-13
 5.84729E-10 1.16383E-18 1.88778E-20 4.01868E-10 2.43916E-14 2.21442E-12 7.13046E-10 2.28951E-17
 1.35321E-03 1.13961E-16 8.15461E-13 2.78565E-11 2.20570E-08 1.35751E-22 1.53594E-05 2.21401E-04
 7.55114E-07 1.21768E-10 9.38235E-13 6.67928E-07 7.42910E-12 3.16349E-10 3.11822E-17 4.42282E-10
 1.37944E-11 3.22073E-14 4.96898E-14 1.07673E-27 2.03649E-07 1.87587E-15 5.21692E-20 1.34690E-17
 4.62896E-11 4.88570E-13 5.89438E-10 1.72377E-18 3.44925E-20 4.57961E-10 3.46466E-14 2.62589E-12
 7.81360E-10 2.79014E-17 8.12351E-04 1.43664E-16 8.00545E-13 3.06508E-11 2.39243E-08 1.71149E-22
 1.53646E-05 2.21394E-04 7.55250E-07 1.40170E-10 8.72359E-13 6.67889E-07 8.67585E-12 3.23119E-10
 4.19249E-17 4.60062E-10 3.10589E-11 2.65829E-14 7.15250E-14 3.34757E-27 2.03632E-07 2.31568E-15
 6.71944E-20 1.74634E-17 5.76491E-11 5.70049E-13 5.93243E-10 2.11289E-18 5.36495E-20 5.09011E-10
 4.25909E-14 3.00651E-12 8.29090E-10 3.38290E-17 4.53531E-04 1.42651E-16 6.20318E-13 3.25686E-11
 2.59072E-08 1.76451E-22 1.53702E-05 2.21386E-04 7.55401E-07 1.58402E-10 6.55990E-13 6.67846E-07
 9.90475E-12 3.14586E-10 4.35678E-17 4.70243E-10 5.60899E-11 2.07120E-14 9.93038E-14 7.49192E-27
 2.03614E-07 2.83295E-15 6.87169E-20 1.85958E-17 7.06623E-11 6.57905E-13 5.95974E-10 2.04959E-18
 6.74610E-20 5.52192E-10 4.49494E-14 3.33549E-12 8.63613E-10 4.18350E-17 2.82510E-04 1.34958E-16
 4.82866E-13 3.42412E-11 2.80265E-08 1.79531E-22 1.53763E-05 2.21377E-04 7.55567E-07 1.78449E-10
 5.00045E-13 6.67800E-07 1.08120E-11 2.97387E-10 4.06054E-17 4.76237E-10 8.31426E-11 1.63222E-14
 1.20261E-13 1.46663E-26 2.03595E-07 3.48445E-15 6.70586E-20 1.97488E-17 8.56605E-11 7.55245E-13
 5.97376E-10 1.89615E-18 7.82698E-20 5.84438E-10 4.39697E-14 3.61780E-12 8.91922E-10 5.34580E-17
 2.14724E-04 1.42643E-16 4.56543E-13 3.60361E-11 3.03186E-08 2.05426E-22 1.53830E-05 2.21368E-04
 7.55748E-07 2.01647E-10 4.67734E-13 6.67749E-07 1.11191E-11 2.75625E-10 3.87986E-17 4.80588E-10
 1.08687E-10 1.35491E-14 1.22661E-13 3.07976E-26 2.03575E-07 4.34275E-15 7.25609E-20 2.45263E-17
 1.03052E-10 8.66704E-13 5.97127E-10 1.95517E-18 9.44621E-20 6.02286E-10 4.26822E-14 3.86366E-12
 9.17147E-10 6.92428E-17 1.65245E-04 1.51753E-16 4.50627E-13 3.81106E-11 3.29230E-08 2.38668E-22
 1.53906E-05 2.21357E-04 7.55953E-07 2.29708E-10 4.63395E-13 6.67691E-07 1.10143E-11 2.49519E-10
 3.56823E-17 4.85004E-10 1.32597E-10 1.12488E-14 1.19821E-13 6.62056E-26 2.03551E-07 5.53159E-15
 7.91509E-20 3.18112E-17 1.24086E-10 1.00225E-12 5.94749E-10 2.01902E-18 1.12638E-19 6.01502E-10
 4.09284E-14 4.08255E-12 9.41514E-10 9.10101E-17 1.31227E-04 1.61965E-16 4.65413E-13 4.05956E-11
 3.60300E-08 2.80220E-22 1.53999E-05 2.21345E-04 7.56196E-07 2.64864E-10 4.88901E-13 6.67621E-07
 1.03283E-11 2.18995E-10 3.10062E-17 4.90547E-10 1.54207E-10 9.25990E-15 1.10118E-13 1.52084E-25
 2.03524E-07 7.25881E-15 8.69292E-20 4.35690E-17 1.50493E-10 1.17685E-12 5.92130E-10 2.08277E-18
 1.33388E-19 6.01924E-10 3.93506E-14 4.28033E-12 9.76386E-10 1.26357E-16 8.91827E-05 1.83492E-16
 5.32189E-13 4.46726E-11 4.12423E-08 3.47369E-22 1.54156E-05 2.21323E-04 7.56598E-07 3.26006E-10
 5.91901E-13 6.67501E-07 8.98805E-12 1.87153E-10 2.62981E-17 5.00659E-10 1.78208E-10 7.92847E-15
 1.15928E-13 4.44847E-25 2.03477E-07 1.07972E-14 1.01841E-19 6.98357E-17 1.96667E-10 1.49638E-12
 5.88046E-10 2.21715E-18 1.63417E-19 6.03899E-10 3.88259E-14 4.52132E-12 1.03290E-09 1.96061E-16
 7.26391E-05 2.19821E-16 6.67867E-13 5.19606E-11 5.22122E-08 4.54441E-22 1.54489E-05 2.21277E-04
 7.57431E-07 4.52836E-10 8.74039E-13 6.67248E-07 6.68960E-12 1.53358E-10 1.99978E-17 5.15539E-10
 2.01373E-10 7.38457E-15 1.08515E-13 2.02401E-24 2.03379E-07 2.00166E-14 1.28423E-19 1.45508E-16
 2.93794E-10 2.23653E-12 5.80075E-10 2.32560E-18 2.05200E-19 6.07711E-10 4.00989E-14 4.84240E-12
 1.19825E-09 4.30274E-16 7.01111E-05 3.02455E-16 8.17136E-13 7.25417E-11 9.28889E-08 6.77989E-22
 1.55730E-05 2.21105E-04 7.60461E-07 9.06753E-10 2.00764E-12 6.66302E-07 3.24618E-12 1.15632E-10
 1.13121E-17 5.55797E-10 2.09194E-10 9.07191E-15 1.02950E-13 3.83896E-23 2.03017E-07 6.42813E-14
 2.00802E-19 6.35922E-16 6.52568E-10 5.31985E-12 5.52839E-10 2.10683E-18 2.92699E-19 6.20519E-10
 4.80899E-14 5.39655E-12 1.48882E-09 1.01364E-15 6.88764E-05 4.37935E-16 7.40793E-13 9.93373E-11
 1.77774E-07 1.07074E-21 1.58314E-05 2.20747E-04 7.66609E-07 1.75455E-09 4.23190E-12 6.64332E-07
 1.62472E-12 9.56851E-11 6.95743E-18 6.16444E-10 1.83105E-10 1.26971E-14 1.19665E-13 8.70626E-22
 2.02270E-07 2.04382E-13 3.46885E-19 2.97319E-15 1.39185E-09 1.30859E-11 5.01550E-10 1.67211E-18
 4.58399E-19 6.43923E-10 6.24044E-14 5.37133E-12 1.71363E-09 1.76365E-15 6.78081E-05 5.74023E-16
 7.09830E-13 1.14809E-10 2.51696E-07 1.53761E-21 1.60546E-05 2.20438E-04 7.71760E-07 2.37142E-09
 5.98905E-12 6.62629E-07 1.15547E-12 8.31292E-11 5.51001E-18 6.50587E-10 1.71207E-10 1.35285E-14
 1.11834E-13 6.46297E-21 2.01631E-07 4.26784E-13 5.16407E-19 7.82047E-15 2.02196E-09 2.18477E-11
 4.62206E-10 1.50590E-18 6.33190E-19 6.60672E-10 7.26334E-14 4.84330E-12 1.97640E-09 2.96679E-15
 6.64729E-05 7.63591E-16 7.05067E-13 1.28282E-10 3.44894E-07 2.23274E-21 1.63330E-05 2.20053E-04
 7.77975E-07 3.00168E-09 7.97417E-12 6.60501E-07 8.42558E-13 7.14689E-11 4.53917E-18 6.76360E-10
 1.65616E-10 1.37846E-14 9.92005E-14 4.74246E-20 2.00842E-07 9.21625E-13 7.83657E-19 2.02394E-14
 2.79650E-09 3.60803E-11 4.19142E-10 1.37775E-18 8.40723E-19 6.76953E-10 8.54660E-14 4.05998E-12
 2.31244E-09 4.97626E-15 6.46843E-05 1.04212E-15 7.22224E-13 1.41398E-10 4.71102E-07 3.32232E-21
 1.67053E-05 2.19539E-04 7.85984E-07 3.67163E-09 1.03101E-11 6.57653E-07 6.12079E-13 6.08945E-11
 3.81605E-18 6.95142E-10 1.63138E-10 1.39828E-14 8.73271E-14 3.69658E-19 1.99798E-07 2.09777E-12
 1.22297E-18 5.37273E-14 3.81495E-09 6.05800E-11 3.69388E-10 1.25031E-18 1.07925E-18 6.92537E-10
 1.02827E-13 3.18785E-12 2.72501E-09 8.31293E-15 6.44355E-05 1.44116E-15 7.63127E-13 1.54298E-10
 6.36503E-07 5.03996E-21 1.71859E-05 2.18877E-04 7.95910E-07 4.33667E-09 1.30108E-11 6.53973E-07
 4.55454E-13 5.28806E-11 3.30667E-18 7.05590E-10 1.59667E-10 1.46739E-14 7.88119E-14 2.58139E-18
 1.98465E-07 4.81692E-12 1.91191E-18 1.38394E-13 5.10463E-09 1.00472E-10 3.14952E-10 1.11576E-18
 1.31887E-18 7.05084E-10 1.24068E-13 2.38172E-12 3.15085E-09 1.34097E-14 6.42864E-05 1.95154E-15
 8.19404E-13 1.65969E-10 8.27840E-07 7.52108E-21 1.77320E-05 2.18124E-04 8.06687E-07 4.89660E-09
 1.57880E-11 6.49786E-07 3.53022E-13 4.61714E-11 2.91039E-18 7.06381E-10 1.54548E-10 1.52376E-14
 7.05001E-14 1.47467E-17 1.96971E-07 1.03859E-11 2.88565E-18 3.25467E-13 6.53852E-09 1.55556E-10
 2.63630E-10 9.88116E-19 1.54131E-18 7.11660E-10 1.44963E-13 1.74673E-12 3.56443E-09 2.09757E-14
 6.41166E-05 2.58886E-15 8.83137E-13 1.76819E-10 1.04618E-06 1.09874E-20 1.83424E-05 2.17284E-04
 8.18145E-07 5.34287E-09 1.85852E-11 6.45099E-07 2.74465E-13 3.91706E-11 2.51710E-18 6.98753E-10
 1.47270E-10 1.52943E-14 5.93371E-14 7.81628E-17 1.95322E-07 2.13788E-11 4.24585E-18 7.27419E-13
 8.10452E-09 2.26634E-10 2.16942E-10 8.64898E-19 1.74925E-18 7.11765E-10 1.64521E-13 1.26013E-12
 3.96065E-09 3.22263E-14 6.39227E-05 3.38603E-15 9.54388E-13 1.87465E-10 1.29633E-06 1.58524E-20
 1.90261E-05 2.16344E-04 8.30302E-07 5.68677E-09 2.15116E-11 6.39842E-07 2.11836E-13 3.23952E-11
 2.12404E-18 6.84380E-10 1.36803E-10 1.52501E-14 4.82889E-14 3.80339E-16 1.93502E-07 4.21728E-11
 6.14432E-18 1.56251E-12 9.81652E-09 3.13235E-10 1.75126E-10 7.45157E-19 1.91888E-18 7.05410E-10
 1.82098E-13 8.90408E-13 4.32849E-09 4.86569E-14 6.37055E-05 4.37123E-15 1.03185E-12 1.98365E-10
 1.57787E-06 2.25879E-20 1.97771E-05 2.15313E-04 8.42913E-07 5.93879E-09 2.45301E-11 6.34061E-07
 1.64125E-13 2.64318E-11 1.77221E-18 6.65261E-10 1.24857E-10 1.52890E-14 3.89675E-14 1.66156E-15
 1.91532E-07 7.83219E-11 8.77686E-18 3.17199E-12 1.16515E-08 4.10543E-10 1.38924E-10 6.33151E-19
 2.04621E-18 6.93124E-10 1.97039E-13 6.17750E-13 4.65515E-09 7.20408E-14 6.34731E-05 5.55941E-15
 1.11673E-12 2.09771E-10 1.88096E-06 3.17498E-20 2.05650E-05 2.14232E-04 8.55388E-07 6.11425E-09
 2.75866E-11 6.27987E-07 1.33979E-13 2.22878E-11 1.53055E-18 6.43927E-10 1.13897E-10 1.57108E-14
 3.32345E-14 5.92449E-15 1.89496E-07 1.33007E-10 1.23332E-17 5.82375E-12 1.35306E-08 5.10074E-10
 1.09307E-10 5.36231E-19 2.13579E-18 6.76411E-10 2.08325E-13 4.25454E-13 4.94538E-09 1.04904E-13
 6.34777E-05 6.98604E-15 1.21210E-12 2.22178E-10 2.20095E-06 4.41761E-20 2.13748E-05 2.13123E-04
 8.67475E-07 6.23995E-09 3.07220E-11 6.21737E-07 1.18543E-13 2.00298E-11 1.41071E-18 6.22009E-10
 1.05049E-10 1.65993E-14 3.08561E-14 1.68354E-14 1.87435E-07 2.06482E-10 1.70606E-17 9.58893E-12
 1.54169E-08 6.07767E-10 8.57445E-11 4.55474E-19 2.20000E-18 6.56800E-10 2.16115E-13 2.92662E-13
 5.21478E-09 1.51090E-13 6.35330E-05 8.71744E-15 1.32199E-12 2.36331E-10 2.54075E-06 6.11784E-20
 2.22113E-05 2.11978E-04 8.79253E-07 6.34282E-09 3.40495E-11 6.15274E-07 1.13084E-13 1.91792E-11
 1.38657E-18 6.00048E-10 9.82650E-11 1.78824E-14 3.10119E-14 3.95639E-14 1.85337E-07 2.98523E-10
 2.33312E-17 1.44677E-11 1.73214E-08 7.03956E-10 6.69986E-11 3.87779E-19 2.24997E-18 6.35227E-10
 2.21197E-13 2.00949E-13 5.47529E-09 2.15796E-13 6.35854E-05 1.08318E-14 1.45111E-12 2.52854E-10
 2.90088E-06 8.45724E-20 2.30733E-05 2.10801E-04 8.90719E-07 6.44327E-09 3.76519E-11 6.08607E-07
 1.15012E-13 1.93871E-11 1.44096E-18 5.78412E-10 9.33233E-11 1.94651E-14 3.31672E-14 7.97219E-14
 1.83207E-07 4.07997E-10 3.16298E-17 2.03865E-11 1.92411E-08 7.98697E-10 5.21671E-11 3.31244E-19
 2.30646E-18 6.12559E-10 2.24183E-13 1.37905E-13 5.73462E-09 3.05931E-13 6.36341E-05 1.34177E-14
 1.60526E-12 2.72135E-10 3.27795E-06 1.16865E-19 2.39501E-05 2.09604E-04 9.01760E-07 6.55566E-09
 4.16013E-11 6.01818E-07 1.23659E-13 2.05222E-11 1.57134E-18 5.57484E-10 9.00259E-11 2.12861E-14
 3.72169E-14 1.40682E-13 1.81071E-07 5.32618E-10 4.25706E-17 2.71658E-11 2.11530E-08 8.91051E-10
 4.05974E-11 2.84996E-19 2.40449E-18 5.89711E-10 2.25474E-13 9.49875E-14 6.00117E-09 4.31381E-13
 6.36790E-05 1.66018E-14 1.79123E-12 2.94655E-10 3.67246E-06 1.61754E-19 2.48408E-05 2.08390E-04
 9.12397E-07 6.69000E-09 4.60058E-11 5.94916E-07 1.39212E-13 2.25672E-11 1.78390E-18 5.37273E-10
 8.81484E-11 2.33403E-14 4.33617E-14 2.22117E-13 1.78932E-07 6.71739E-10 5.70463E-17 3.46624E-11
 2.30554E-08 9.81117E-10 3.15901E-11 2.47248E-19 2.59443E-18 5.67161E-10 2.25560E-13 6.57523E-14
 6.28199E-09 6.06148E-13 6.37204E-05 2.05621E-14 2.01648E-12 3.21088E-10 4.08893E-06 2.24631E-19
 2.57533E-05 2.07148E-04 9.22746E-07 6.85288E-09 5.09765E-11 5.87842E-07 1.62680E-13 2.55925E-11
 2.09552E-18 5.17520E-10 8.75095E-11 2.56577E-14 5.20784E-14 3.21620E-13 1.76770E-07 8.27128E-10
 7.63624E-17 4.28163E-11 2.49645E-08 1.06982E-09 2.45215E-11 2.15920E-19 2.95632E-18 5.45016E-10
 2.24964E-13 4.56845E-14 6.57809E-09 8.49153E-13 6.37582E-05 2.55175E-14 2.28953E-12 3.51969E-10
 4.52948E-06 3.13080E-19 2.66891E-05 2.05876E-04 9.32839E-07 7.04650E-09 5.65982E-11 5.80583E-07
 1.96292E-13 2.97738E-11 2.53772E-18 4.98078E-10 8.79843E-11 2.82754E-14 6.41364E-14 4.35144E-13
 1.74583E-07 1.00091E-09 1.02290E-16 5.15556E-11 2.68816E-08 1.15730E-09 1.89695E-11 1.89810E-19
 3.62556E-18 5.23442E-10 2.24037E-13 3.18776E-14 6.88634E-09 1.18557E-12 6.37922E-05 3.17479E-14
 2.61963E-12 3.87809E-10 4.99593E-06 4.37697E-19 2.76492E-05 2.04572E-04 9.42692E-07 7.26985E-09
 6.29202E-11 5.73134E-07 2.43552E-13 3.53564E-11 3.16066E-18 4.78800E-10 8.94555E-11 3.12308E-14
 8.06024E-14 5.61633E-13 1.72368E-07 1.19647E-09 1.37276E-16 6.08418E-11 2.88049E-08 1.24357E-09
 1.46108E-11 1.68036E-19 4.83249E-18 5.02552E-10 2.23107E-13 2.23650E-14 7.20341E-09 1.64945E-12
 6.38224E-05 3.96298E-14 3.01691E-12 4.29408E-10 5.49355E-06 6.13482E-19 2.86412E-05 2.03228E-04
 9.52383E-07 7.52131E-09 6.99736E-11 5.65437E-07 3.09509E-13 4.26544E-11 4.04121E-18 4.59420E-10
 9.18144E-11 3.45752E-14 1.03003E-13 7.07821E-13 1.70110E-07 1.42011E-09 1.84815E-16 7.07486E-11
 3.07442E-08 1.32917E-09 1.11706E-11 1.49587E-19 6.96568E-18 4.82265E-10 2.22497E-13 1.57653E-14
 7.52555E-09 2.28577E-12 6.38488E-05 4.96597E-14 3.49342E-12 4.77670E-10 6.02750E-06 8.61555E-19
 2.96721E-05 2.01832E-04 9.61975E-07 7.79835E-09 7.77616E-11 5.57442E-07 4.01913E-13 5.20979E-11
 5.30265E-18 4.39735E-10 9.49659E-11 3.83631E-14 1.33584E-13 8.88840E-13 1.67792E-07 1.67994E-09
 2.49769E-16 8.13786E-11 3.27058E-08 1.41437E-09 8.44785E-12 1.33714E-19 1.06907E-17 4.62506E-10
 2.22487E-13 1.11577E-14 7.84811E-09 3.15257E-12 6.38708E-05 6.24637E-14 4.06509E-12 5.33058E-10
 6.59656E-06 1.21171E-18 3.07373E-05 2.00392E-04 9.71418E-07 8.09548E-09 8.62777E-11 5.49190E-07
 5.33048E-13 6.43053E-11 7.14062E-18 4.19845E-10 9.87970E-11 4.26538E-14 1.75560E-13 1.12076E-12
 1.65427E-07 1.98283E-09 3.38631E-16 9.27323E-11 3.46720E-08 1.49807E-09 6.31553E-12 1.20265E-19
 1.71315E-17 4.43411E-10 2.23209E-13 7.94650E-15 8.17302E-09 4.33025E-12 6.38881E-05 7.89340E-14
 4.75556E-12 5.96418E-10 7.20223E-06 1.70881E-18 3.18390E-05 1.98905E-04 9.80731E-07 8.40936E-09
 9.55989E-11 5.40671E-07 7.21855E-13 8.01884E-11 9.87098E-18 3.99839E-10 1.03240E-10 4.75901E-14
 2.34133E-13 1.41907E-12 1.63012E-07 2.33874E-09 4.60601E-16 1.04869E-10 3.66372E-08 1.57930E-09
 4.65652E-12 1.08862E-19 2.81015E-17 4.24965E-10 2.24788E-13 5.69513E-15 8.51069E-09 5.93534E-12
 6.39004E-05 1.00426E-13 5.60093E-12 6.69669E-10 7.85320E-06 2.42372E-18 3.29944E-05 1.97347E-04
 9.90056E-07 8.74110E-09 1.05916E-10 5.31761E-07 9.98761E-13 1.01197E-10 1.40359E-17 3.79705E-10
 1.08338E-10 5.34662E-14 3.18617E-13 1.79730E-12 1.60511E-07 2.76471E-09 6.29257E-16 1.17974E-10
 3.86206E-08 1.65764E-09 3.36268E-12 9.86301E-20 4.63836E-17 4.06911E-10 2.27395E-13 4.08317E-15
 8.87282E-09 8.13928E-12 6.39073E-05 1.28921E-13 6.65867E-12 7.54697E-10 8.55278E-06 3.47233E-18
 3.42138E-05 1.95707E-04 9.99464E-07 9.08993E-09 1.17585E-10 5.22396E-07 1.41491E-12 1.29737E-10
 2.05702E-17 3.59765E-10 1.14163E-10 6.07982E-14 4.44440E-13 2.22981E-12 1.57903E-07 3.27930E-09
 8.64169E-16 1.32128E-10 4.06259E-08 1.73072E-09 2.36341E-12 8.89085E-20 7.58519E-17 3.89141E-10
 2.31031E-13 2.90786E-15 9.26376E-09 1.11832E-11 6.39080E-05 1.67171E-13 8.00948E-12 8.52267E-10
 9.29037E-06 5.04148E-18 3.54882E-05 1.93995E-04 1.00887E-06 9.44713E-09 1.30992E-10 5.12670E-07
 2.05361E-12 1.69224E-10 3.10362E-17 3.40823E-10 1.20687E-10 7.02592E-14 6.32479E-13 2.63862E-12
 1.55211E-07 3.89633E-09 1.19272E-15 1.47202E-10 4.26219E-08 1.79328E-09 1.61489E-12 7.95543E-20
 1.21389E-16 3.71836E-10 2.35536E-13 2.04968E-15 9.68044E-09 1.53758E-11 6.39015E-05 2.18968E-13
 9.74540E-12 9.63528E-10 1.00553E-05 7.41731E-18 3.68138E-05 1.92217E-04 1.01822E-06 9.79892E-09
 1.46176E-10 5.02639E-07 3.04456E-12 2.23627E-10 4.80819E-17 3.23659E-10 1.27800E-10 8.24189E-14
 9.06677E-13 2.98454E-12 1.52447E-07 4.63392E-09 1.65325E-15 1.63141E-10 4.45854E-08 1.83994E-09
 1.07122E-12 7.03063E-20 1.89355E-16 3.55070E-10 2.41024E-13 1.42317E-15 1.01180E-08 2.11096E-11
 6.38869E-05 2.89801E-13 1.19755E-11 1.09149E-09 1.08449E-05 1.10434E-17 3.82078E-05 1.90352E-04
 1.02762E-06 1.01290E-08 1.62846E-10 4.92209E-07 4.58969E-12 2.97491E-10 7.63359E-17 3.08824E-10
 1.35349E-10 9.76832E-14 1.29191E-12 3.29285E-12 1.49578E-07 5.52449E-09 2.30105E-15 1.80128E-10
 4.65196E-08 1.86632E-09 6.85063E-13 6.06407E-20 2.88239E-16 3.38658E-10 2.47903E-13 9.62924E-16
 1.05691E-08 2.89047E-11 6.38626E-05 3.87758E-13 1.48503E-11 1.23950E-09 1.16510E-05 1.66384E-17
 3.96855E-05 1.88378E-04 1.03712E-06 1.04147E-08 1.80661E-10 4.81317E-07 6.99844E-12 3.95993E-10
 1.23730E-16 2.96918E-10 1.43015E-10 1.16351E-13 1.80418E-12 3.57452E-12 1.46579E-07 6.60506E-09
 3.21588E-15 1.98339E-10 4.84188E-08 1.86720E-09 4.19260E-13 5.04507E-20 4.28182E-16 3.22474E-10
 2.56519E-13 6.27700E-16 1.10209E-08 3.94117E-11 6.38272E-05 5.24435E-13 1.85649E-11 1.40960E-09
 1.24516E-05 2.53584E-17 4.12461E-05 1.86299E-04 1.04667E-06 1.06265E-08 1.99099E-10 4.70032E-07
 1.07245E-11 5.23758E-10 2.03467E-16 2.88553E-10 1.50209E-10 1.38261E-13 2.43145E-12 3.82187E-12
 1.43457E-07 7.90383E-09 4.50786E-15 2.17699E-10 5.02519E-08 1.83688E-09 2.44860E-13 4.02466E-20
 6.21078E-16 3.06593E-10 2.67119E-13 3.91909E-16 1.14599E-08 5.34194E-11 6.37788E-05 7.16568E-13
 2.33621E-11 1.60298E-09 1.32179E-05 3.90672E-17 4.28824E-05 1.84125E-04 1.05615E-06 1.07354E-08
 2.17479E-10 4.58475E-07 1.64025E-11 6.83468E-10 3.37077E-16 2.84075E-10 1.56157E-10 1.62535E-13
 3.12171E-12 4.02513E-12 1.40235E-07 9.44013E-09 6.32767E-15 2.37999E-10 5.19823E-08 1.77149E-09
 1.36518E-13 3.07303E-20 8.80867E-16 2.91142E-10 2.79946E-13 2.33950E-16 1.18797E-08 7.19430E-11
 6.37150E-05 9.89486E-13 2.95616E-11 1.82263E-09 1.39276E-05 6.08718E-17 4.46068E-05 1.81840E-04
 1.06561E-06 1.07198E-08 2.35259E-10 4.46642E-07 2.49179E-11 8.76448E-10 5.60047E-16 2.83495E-10
 1.60081E-10 1.87897E-13 3.79391E-12 4.17034E-12 1.36897E-07 1.12437E-08 8.89210E-15 2.59240E-10
 5.35975E-08 1.66983E-09 7.22518E-14 2.22973E-20 1.22164E-15 2.76055E-10 2.95305E-13 1.32541E-16
 1.22724E-08 9.62073E-11 6.36337E-05 1.37951E-12 3.75364E-11 2.06793E-09 1.45475E-05 9.58783E-17
 4.64101E-05 1.79459E-04 1.07494E-06 1.05684E-08 2.52180E-10 4.34685E-07 3.73754E-11 1.09909E-09
 9.26327E-16 2.86530E-10 1.61084E-10 2.12325E-13 4.33606E-12 4.22962E-12 1.33469E-07 1.33121E-08
 1.24962E-14 2.81239E-10 5.50698E-08 1.53446E-09 3.63303E-14 1.53788E-20 1.65731E-15 2.61467E-10
 3.13260E-13 7.12526E-17 1.26335E-08 1.27706E-10 6.35333E-05 1.93861E-12 4.76984E-11 2.33471E-09
 1.50438E-05 1.52503E-16 4.82718E-05 1.77009E-04 1.08402E-06 1.02897E-08 2.68568E-10 4.22829E-07
 5.50363E-11 1.34208E-09 1.51315E-15 2.92534E-10 1.58451E-10 2.33453E-13 4.64483E-12 4.18070E-12
 1.30002E-07 1.56106E-08 1.75440E-14 3.03849E-10 5.63777E-08 1.37304E-09 1.74831E-14 1.01554E-20
 2.20056E-15 2.47573E-10 3.33671E-13 3.65888E-17 1.29692E-08 1.68412E-10 6.34098E-05 2.74506E-12
 6.05534E-11 2.62104E-09 1.53963E-05 2.45087E-16 5.02062E-05 1.74474E-04 1.09295E-06 9.90422E-09
 2.85418E-10 4.11068E-07 7.93844E-11 1.59521E-09 2.43297E-15 3.00845E-10 1.51904E-10 2.49578E-13
 4.67189E-12 4.02303E-12 1.26479E-07 1.81250E-08 2.46380E-14 3.27503E-10 5.75408E-08 1.19526E-09
 8.03983E-15 6.41266E-21 2.85699E-15 2.34289E-10 3.56520E-13 1.79093E-17 1.32897E-08 2.20760E-10
 6.32579E-05 3.91622E-12 7.67032E-11 2.92378E-09 1.55869E-05 3.98183E-16 5.22386E-05 1.71822E-04
 1.10184E-06 9.43815E-09 3.04019E-10 3.99346E-07 1.12102E-10 1.84718E-09 3.84766E-15 3.10878E-10
 1.41546E-10 2.59404E-13 4.42132E-12 3.77760E-12 1.22868E-07 2.08397E-08 3.46713E-14 3.52812E-10
 5.85955E-08 1.01152E-09 3.51058E-15 3.85167E-21 3.62655E-15 2.21481E-10 3.82023E-13 8.30411E-18
 1.36031E-08 2.87655E-10 6.30730E-05 5.62598E-12 9.68240E-11 3.23215E-09 1.55961E-05 6.53764E-16
 5.43658E-05 1.69061E-04 1.11073E-06 8.92434E-09 3.25812E-10 3.87778E-07 1.54901E-10 2.08350E-09
 5.98171E-15 3.21898E-10 1.27958E-10 2.61939E-13 3.94551E-12 3.47418E-12 1.19194E-07 2.36828E-08
 4.89260E-14 3.80057E-10 5.95789E-08 8.33173E-10 1.45766E-15 2.20803E-21 4.51068E-15 2.09221E-10
 4.10625E-13 3.65544E-18 1.39156E-08 3.72879E-10 6.28503E-05 8.13655E-12 1.21691E-10 3.53013E-09
 1.54133E-05 1.08478E-15 5.65764E-05 1.66209E-04 1.11962E-06 8.38939E-09 3.52192E-10 3.76513E-07
 2.09624E-10 2.29050E-09 9.15361E-15 3.33123E-10 1.12134E-10 2.57094E-13 3.33354E-12 3.14269E-12
 1.15493E-07 2.65467E-08 6.93418E-14 4.09574E-10 6.05497E-08 6.69649E-10 5.78533E-16 1.21730E-21
 5.51249E-15 1.97611E-10 4.43011E-13 1.53637E-18 1.42278E-08 4.81636E-10 6.25812E-05 1.18423E-11
 1.52097E-10 3.80035E-09 1.50335E-05 1.81965E-15 5.88875E-05 1.63248E-04 1.12862E-06 7.83819E-09
 3.83985E-10 3.65541E-07 2.78587E-10 2.45921E-09 1.38286E-14 3.43859E-10 9.51446E-11 2.45696E-13
 2.67604E-12 2.80862E-12 1.11762E-07 2.93282E-08 9.91095E-14 4.42349E-10 6.16115E-08 5.25926E-10
 2.18828E-16 6.45356E-22 6.63135E-15 1.86602E-10 4.79888E-13 6.14813E-19 1.45246E-08 6.20787E-10
 6.22538E-05 1.73099E-11 1.88439E-10 4.01959E-09 1.44549E-05 3.08131E-15 6.13249E-05 1.60150E-04
 1.13791E-06 7.25664E-09 4.20698E-10 3.54819E-07 3.64753E-10 2.58291E-09 2.06711E-14 3.53162E-10
 7.79979E-11 2.28848E-13 2.04523E-12 2.49297E-12 1.07985E-07 3.18916E-08 1.43584E-13 4.79805E-10
 6.29096E-08 4.04022E-10 7.83090E-17 3.27615E-22 7.87492E-15 1.76131E-10 5.21594E-13 2.32533E-19
 1.47762E-08 7.99968E-10 6.18562E-05 2.53162E-11 2.30262E-10 4.15690E-09 1.36888E-05 5.25189E-15
 6.38906E-05 1.56920E-04 1.14757E-06 6.62688E-09 4.60711E-10 3.44415E-07 4.71607E-10 2.65523E-09
 3.05663E-14 3.59508E-10 6.16570E-11 2.08023E-13 1.49252E-12 2.20454E-12 1.04196E-07 3.40319E-08
 2.11753E-13 5.23351E-10 6.46156E-08 3.04219E-10 2.64642E-17 1.59404E-22 9.26465E-15 1.66262E-10
 5.67638E-13 8.29345E-20 1.49496E-08 1.03335E-09 6.13780E-05 3.68669E-11 2.75933E-10 4.18216E-09
 1.27661E-05 8.97928E-15 6.65660E-05 1.53589E-04 1.15765E-06 5.94239E-09 5.01862E-10 3.34463E-07
 6.02851E-10 2.67117E-09 4.45602E-14 3.60889E-10 4.69408E-11 1.85072E-13 1.04497E-12 1.93882E-12
 1.00458E-07 3.55077E-08 3.18564E-13 5.73959E-10 6.69061E-08 2.25014E-10 8.48520E-18 7.49612E-23
 1.08271E-14 1.57128E-10 6.16226E-13 2.80592E-20 1.50163E-08 1.33918E-09 6.08067E-05 5.30978E-11
 3.22449E-10 4.07883E-09 1.17316E-05 1.53204E-14 6.93404E-05 1.50179E-04 1.16840E-06 5.21656E-09
 5.41234E-10 3.25037E-07 7.61578E-10 2.62841E-09 6.36073E-14 3.55221E-10 3.44138E-11 1.61590E-13
 7.05234E-13 1.68602E-12 9.68274E-08 3.61094E-08 4.87570E-13 6.31110E-10 6.99400E-08 1.63547E-10
 2.59587E-18 3.46318E-23 1.25994E-14 1.48806E-10 6.63742E-13 9.15976E-21 1.49653E-08 1.73840E-09
 6.01233E-05 7.49919E-11 3.66091E-10 3.85200E-09 1.06341E-05 2.59239E-14 7.22286E-05 1.46683E-04
 1.18039E-06 4.48631E-09 5.76594E-10 3.16110E-07 9.48240E-10 2.52839E-09 8.78324E-14 3.40785E-10
 2.43377E-11 1.38781E-13 4.59973E-13 1.43378E-12 9.33251E-08 3.57064E-08 7.52141E-13 6.91306E-10
 7.38325E-08 1.16487E-10 7.60478E-19 1.63651E-23 1.45934E-14 1.41283E-10 7.04819E-13 3.02104E-21
 1.47924E-08 2.24804E-09 5.93004E-05 1.02933E-10 4.03444E-10 3.52836E-09 9.52238E-06 4.31604E-14
 7.52720E-05 1.43062E-04 1.19469E-06 3.79575E-09 6.06003E-10 3.07582E-07 1.15872E-09 2.37656E-09
 1.15749E-13 3.16860E-10 1.66697E-11 1.17120E-13 2.89654E-13 1.17941E-12 8.99475E-08 3.42820E-08
 1.15139E-12 7.47312E-10 7.86141E-08 8.08950E-11 2.13385E-19 8.75622E-24 1.68210E-14 1.34481E-10
 7.33897E-13 1.12920E-21 1.44830E-08 2.87403E-09 5.83168E-05 1.36515E-10 4.32235E-10 3.15220E-09
 8.45702E-06 7.00676E-14 7.84829E-05 1.39312E-04 1.21280E-06 3.17890E-09 6.26389E-10 2.99448E-07
 1.38352E-09 2.18200E-09 1.44527E-13 2.84677E-10 1.11477E-11 9.68392E-14 1.76474E-13 9.37128E-13
 8.67281E-08 3.19881E-08 1.72033E-12 7.91156E-10 8.41096E-08 5.47470E-11 5.79220E-20 6.22337E-24
 1.94158E-14 1.28386E-10 7.47007E-13 5.70055E-22 1.40520E-08 3.62591E-09 5.71665E-05 1.75093E-10
 4.52657E-10 2.77166E-09 7.49596E-06 1.10771E-13 8.18356E-05 1.35473E-04 1.23676E-06 2.65558E-09
 6.37842E-10 2.91786E-07 1.60966E-09 1.95768E-09 1.70802E-13 2.47360E-10 7.34494E-12 7.85810E-14
 1.04824E-13 7.21930E-13 8.37287E-08 2.91355E-08 2.48572E-12 8.18714E-10 8.99523E-08 3.62443E-11
 1.55627E-20 6.06651E-24 2.25092E-14 1.23023E-10 7.42922E-13 4.02204E-22 1.35329E-08 4.52246E-09
 5.58395E-05 2.18183E-10 4.66630E-10 2.41958E-09 6.66379E-06 1.71330E-13 8.53347E-05 1.31545E-04
 1.26958E-06 2.22619E-09 6.42494E-10 2.84585E-07 1.82383E-09 1.71827E-09 1.91603E-13 2.08357E-10
 4.79224E-12 6.27349E-14 6.10072E-14 5.41898E-13 8.09661E-08 2.60511E-08 3.46907E-12 8.30112E-10
 9.58000E-08 2.35216E-11 4.23771E-21 7.03671E-24 2.61798E-14 1.18328E-10 7.23216E-13 3.43325E-22
 1.29496E-08 5.58711E-09 5.43141E-05 2.65515E-10 4.76451E-10 2.11142E-09 5.95744E-06 2.60707E-13
 8.90232E-05 1.27485E-04 1.31559E-06 1.87851E-09 6.41839E-10 2.77755E-07 2.01408E-09 1.47767E-09
 2.05083E-13 1.70452E-10 3.10213E-12 4.93283E-14 3.47961E-14 3.98921E-13 7.84208E-08 2.29852E-08
 4.69313E-12 8.28242E-10 1.01421E-07 1.49671E-11 1.21594E-21 8.61726E-24 3.05204E-14 1.14182E-10
 6.91018E-13 3.15650E-22 1.23206E-08 6.85421E-09 5.25804E-05 3.17378E-10 4.84475E-10 1.85401E-09
 5.36692E-06 3.92651E-13 9.29173E-05 1.23276E-04 1.38004E-06 1.59837E-09 6.36871E-10 2.71271E-07
 2.17176E-09 1.24766E-09 2.10970E-13 1.35891E-10 1.99753E-12 3.82923E-14 1.95093E-14 2.90555E-13
 7.60913E-08 2.01295E-08 6.19242E-12 8.17467E-10 1.06621E-07 9.36668E-12 4.11521E-22 1.06219E-23
 3.56661E-14 1.10511E-10 6.50380E-13 2.99205E-22 1.16692E-08 8.37729E-09 5.06422E-05 3.74740E-10
 4.93083E-10 1.64825E-09 4.87708E-06 5.89246E-13 9.70079E-05 1.18932E-04 1.46887E-06 1.37317E-09
 6.29068E-10 2.65147E-07 2.29313E-09 1.03669E-09 2.10094E-13 1.06087E-10 1.28345E-12 2.94400E-14
 1.08187E-14 2.10880E-13 7.39851E-08 1.76036E-08 8.02070E-12 8.01443E-10 1.11271E-07 5.79076E-12
 1.98793E-22 1.30102E-23 4.17075E-14 1.07260E-10 6.05420E-13 2.89347E-22 1.10023E-08 1.02099E-08
 4.84920E-05 4.38555E-10 5.04050E-10 1.49032E-09 4.46703E-06 8.83949E-13 1.01315E-04 1.14429E-04
 1.58976E-06 1.19078E-09 6.18487E-10 2.59350E-07 2.37748E-09 8.50055E-10 2.03729E-13 8.13594E-11
 8.24507E-13 2.24532E-14 5.94872E-15 1.53229E-13 7.20896E-08 1.54427E-08 1.02533E-11 7.82787E-10
 1.15346E-07 3.54516E-12 1.44401E-22 1.58097E-23 4.87922E-14 1.04358E-10 5.58637E-13 2.85699E-22
 1.03164E-08 1.24022E-08 4.61267E-05 5.09697E-10 5.18612E-10 1.37622E-09 4.11920E-06 1.32595E-12
 1.05850E-04 1.09754E-04 1.75175E-06 1.04115E-09 6.04111E-10 2.53860E-07 2.42704E-09 6.90259E-10
 1.93444E-13 6.14950E-11 5.31266E-13 1.70241E-14 3.25189E-15 1.12037E-13 7.03959E-08 1.36467E-08
 1.29952E-11 7.63785E-10 1.18854E-07 2.15749E-12 1.33519E-22 1.90760E-23 5.72123E-14 1.01743E-10
 5.11321E-13 2.89278E-22 9.61437E-09 1.50192E-08 4.35700E-05 5.89314E-10 5.37739E-10 1.30332E-09
 3.82246E-06 1.98873E-12 1.10575E-04 1.04945E-04 1.96349E-06 9.17026E-10 5.85435E-10 2.48714E-07
 2.44763E-09 5.57179E-10 1.80877E-13 4.60671E-11 3.45108E-13 1.28826E-14 1.78107E-15 8.28980E-14
 6.89094E-08 1.22048E-08 1.63897E-11 7.46149E-10 1.21797E-07 1.31505E-12 1.35272E-22 2.28663E-23
 6.73456E-14 9.93894E-11 4.64694E-13 3.01662E-22 8.89276E-09 1.81275E-08 4.08284E-05 6.77970E-10
 5.61805E-10 1.26999E-09 3.56753E-06 2.97719E-12 1.15491E-04 9.99982E-05 2.23607E-06 8.12137E-10
 5.61786E-10 2.43897E-07 2.44571E-09 4.48692E-10 1.67237E-13 3.43186E-11 2.26696E-13 9.75771E-15
 9.80913E-16 6.23296E-14 6.76190E-08 1.10783E-08 2.06258E-11 7.31117E-10 1.24225E-07 8.06963E-13
 1.41071E-22 2.72142E-23 7.97431E-14 9.72510E-11 4.19431E-13 3.25168E-22 8.14464E-09 2.17999E-08
 3.79151E-05 7.75512E-10 5.90429E-10 1.27815E-09 3.35086E-06 4.43432E-12 1.20584E-04 9.49228E-05
 2.58132E-06 7.21511E-10 5.32229E-10 2.39404E-07 2.42827E-09 3.61824E-10 1.53537E-13 2.55217E-11
 1.51159E-13 7.42788E-15 5.45647E-16 4.79527E-14 6.65146E-08 1.02282E-08 2.59628E-11 7.20316E-10
 1.26186E-07 5.02274E-13 1.48134E-22 3.20754E-23 9.53634E-14 9.52932E-11 3.77103E-13 3.63450E-22
 7.36090E-09 2.61126E-08 3.48475E-05 8.80518E-10 6.22272E-10 1.33493E-09 3.17434E-06 6.53948E-12
 1.25837E-04 8.97329E-05 3.01156E-06 6.41194E-10 4.95532E-10 2.35232E-07 2.40209E-09 2.93382E-10
 1.40608E-13 1.90264E-11 1.02814E-13 5.71585E-15 3.08287E-16 3.81588E-14 6.55851E-08 9.61405E-09
 3.27701E-11 7.16149E-10 1.27727E-07 3.20504E-13 1.54952E-22 3.72744E-23 1.15959E-13 9.34869E-11
 3.39611E-13 4.22777E-22 6.53279E-09 3.11712E-08 3.16034E-05 9.89485E-10 6.54977E-10 1.45662E-09
 3.04348E-06 9.50276E-12 1.31298E-04 8.43752E-05 3.54626E-06 5.67772E-10 4.51102E-10 2.31328E-07
 2.37266E-09 2.40021E-10 1.28870E-13 1.42226E-11 7.15038E-14 4.46848E-15 1.76738E-16 3.17614E-14
 6.48071E-08 9.18220E-09 4.15806E-11 7.21386E-10 1.28923E-07 2.11354E-13 1.60182E-22 4.24562E-23
 1.44346E-13 9.17853E-11 3.08301E-13 5.13177E-22 5.66518E-09 3.71122E-08 2.81703E-05 1.09648E-09
 6.84751E-10 1.67361E-09 2.97210E-06 1.35175E-11 1.37000E-04 7.88152E-05 4.20651E-06 4.98310E-10
 3.98257E-10 2.27662E-07 2.34546E-09 1.98971E-10 1.18810E-13 1.06583E-11 5.10005E-14 3.57736E-15
 1.02780E-16 2.79698E-14 6.41625E-08 8.86887E-09 5.31636E-11 7.40032E-10 1.29851E-07 1.45363E-13
 1.62342E-22 4.70261E-23 1.85777E-13 9.01539E-11 2.84101E-13 6.52326E-22 4.82417E-09 4.42320E-08
 2.45573E-05 1.19334E-09 7.06060E-10 2.03554E-09 2.98377E-06 1.87224E-11 1.42937E-04 7.30537E-05
 5.01137E-06 4.29642E-10 3.37275E-10 2.24231E-07 2.32705E-09 1.67129E-10 1.10774E-13 7.98987E-12
 3.71918E-14 2.95243E-15 6.06673E-17 2.58359E-14 6.36368E-08 8.57823E-09 6.82513E-11 7.72293E-10
 1.30620E-07 1.04161E-13 1.60226E-22 5.01107E-23 2.48672E-13 8.85704E-11 2.67061E-13 8.66375E-22
 4.30463E-09 5.31425E-08 2.08232E-05 1.27451E-09 7.14488E-10 2.61273E-09 3.11145E-06 2.52626E-11
 1.49023E-04 6.71695E-05 5.96720E-06 3.58238E-10 2.68567E-10 2.21077E-07 2.32615E-09 1.39691E-10
 1.05223E-13 5.96106E-12 2.71582E-14 2.49851E-15 3.64804E-17 2.34438E-14 6.32183E-08 8.16985E-09
 8.53570E-11 7.95641E-10 1.31406E-07 7.53988E-14 1.54312E-22 5.08900E-23 3.43712E-13 8.70328E-11
 2.57155E-13 1.18550E-21 5.20695E-09 6.54910E-08 1.70089E-05 1.35017E-09 7.13730E-10 3.50327E-09
 3.38924E-06 3.40448E-11 1.55201E-04 6.12127E-05 7.07825E-06 2.81938E-10 1.94141E-10 2.18214E-07
 2.35522E-09 1.06999E-10 1.02346E-13 4.36334E-12 1.86786E-14 2.04580E-15 2.22762E-17 1.76218E-14
 6.28876E-08 7.48086E-09 9.29263E-11 7.16712E-10 1.32497E-07 5.06173E-14 1.48268E-22 4.91813E-23
 4.70497E-13 8.55430E-11 2.54690E-13 1.60718E-21 1.11549E-08 8.46341E-08 1.30797E-05 1.45290E-09
 7.21301E-10 4.85731E-09 3.82613E-06 4.81834E-11 1.61530E-04 5.51223E-05 8.36448E-06 2.08338E-10
 1.26049E-10 2.15601E-07 2.41977E-09 6.54190E-11 1.01470E-13 3.08466E-12 1.12344E-14 1.45559E-15
 1.36774E-17 8.77041E-15 6.26180E-08 6.46535E-09 7.01635E-11 4.42100E-10 1.34080E-07 2.89339E-14
 1.49533E-22 4.60674E-23 6.02011E-13 8.41055E-11 2.61102E-13 2.07523E-21 3.10318E-08 1.12155E-07
 8.96047E-06 1.59598E-09 7.56477E-10 6.90379E-09 4.37549E-06 7.14510E-11 1.68118E-04 4.87920E-05
 9.85407E-06 1.54450E-10 8.34199E-11 2.13189E-07 2.50058E-09 3.62048E-11 1.02343E-13 2.13889E-12
 6.29912E-15 9.84137E-16 8.47328E-18 3.16205E-15 6.23853E-08 5.36917E-09 3.43069E-11 1.74135E-10
 1.35712E-07 1.50722E-14 1.69084E-22 4.39403E-23 7.16705E-13 8.27132E-11 2.80659E-13 2.58974E-21
 7.73685E-08 1.49930E-07 6.22330E-06 1.94832E-09 9.01048E-10 9.93474E-09 4.98554E-06 1.20226E-10
 1.74987E-04 4.21996E-05 1.15498E-05 1.18830E-10 5.91951E-11 2.10962E-07 2.59265E-09 2.59879E-11
 1.13725E-13 1.51712E-12 3.93663E-15 8.22011E-16 5.37415E-18 1.05641E-15 6.21762E-08 4.45952E-09
 1.64935E-11 6.61688E-11 1.36957E-07 7.82201E-15 2.20846E-22 4.80285E-23 7.59475E-13 8.14104E-11
 3.21055E-13 3.26876E-21 1.56855E-07 2.05685E-07 4.85848E-06 2.76944E-09 1.24615E-09 1.43343E-08
 5.69657E-06 2.43432E-10 1.82069E-04 3.54118E-05 1.34263E-05 9.03485E-11 4.03839E-11 2.08925E-07
 2.70529E-09 2.44819E-11 1.46042E-13 1.14365E-12 3.01571E-15 8.81100E-16 3.54854E-18 3.58454E-16
 6.19865E-08 3.79417E-09 1.06190E-11 3.26985E-11 1.37851E-07 4.16093E-15 3.21085E-22 6.27220E-23
 7.12347E-13 8.02205E-11 3.88677E-13 4.24229E-21 2.56771E-07 2.92587E-07 4.50071E-06 4.45176E-09
 1.89113E-09 2.07527E-08 6.51530E-06 5.81687E-10 1.89292E-04 2.85033E-05 1.54476E-05 6.47026E-11
 2.57744E-11 2.07051E-07 2.84112E-09 2.64844E-11 2.10320E-13 9.37249E-13 2.69392E-15 1.11958E-15
 2.47445E-18 1.26625E-16 6.18130E-08 3.34199E-09 9.42875E-12 2.14117E-11 1.38489E-07 2.28133E-15
 5.00072E-22 9.71707E-23 6.40549E-13 7.90782E-11 4.86192E-13 5.79132E-21 3.42311E-07 4.20849E-07
 4.79629E-06 7.57891E-09 2.95229E-09 3.02184E-08 7.25508E-06 1.51713E-09 1.96432E-04 2.17040E-05
 1.75130E-05 4.35687E-11 1.58176E-11 2.05321E-07 2.99737E-09 3.03605E-11 3.17131E-13 8.31942E-13
 2.54645E-15 1.55391E-15 1.84807E-18 4.74861E-17 6.16547E-08 3.06405E-09 1.08391E-11 1.73875E-11
 1.38928E-07 1.29800E-15 8.25241E-22 1.78397E-22 6.14734E-13 7.79273E-11 6.09349E-13 8.67772E-21
 3.82753E-07 5.95132E-07 5.36761E-06 1.26500E-08 4.49329E-09 4.41338E-08 7.64254E-06 3.93159E-09
 2.03063E-04 1.54409E-05 1.94424E-05 2.90185E-11 9.76093E-12 2.03727E-07 3.16912E-09 3.51381E-11
 4.62672E-13 7.67890E-13 2.40023E-15 2.17335E-15 1.48281E-18 1.94461E-17 6.15118E-08 2.92087E-09
 1.45459E-11 1.57772E-11 1.39212E-07 7.74173E-16 1.43088E-21 3.66756E-22 6.64735E-13 7.67741E-11
 7.42919E-13 1.42799E-20 3.74473E-07 8.27660E-07 5.82813E-06 1.96065E-08 6.43833E-09 6.40185E-08
 7.58079E-06 9.57919E-09 2.08728E-04 1.01743E-05 2.10767E-05 2.02017E-11 6.22827E-12 2.02262E-07
 3.35239E-09 3.92058E-11 6.18238E-13 6.92225E-13 2.17828E-15 2.82904E-15 1.24930E-18 8.84842E-18
 6.13846E-08 2.86508E-09 2.06756E-11 1.44589E-11 1.39391E-07 4.84822E-16 2.53344E-21 7.61839E-22
 7.99753E-13 7.56544E-11 8.62962E-13 2.46096E-20 3.31630E-07 1.14803E-06 5.90472E-06 2.76519E-08
 8.56659E-09 9.09493E-08 7.18397E-06 2.16245E-08 2.13159E-04 6.17809E-06 2.24119E-05 1.48020E-11
 4.06102E-12 2.00913E-07 3.54471E-09 4.08488E-11 7.40929E-13 5.78734E-13 1.85662E-15 3.23092E-15
 1.06049E-18 4.39446E-18 6.12715E-08 2.84539E-09 2.94293E-11 1.26752E-11 1.39516E-07 3.14943E-16
 4.41182E-21 1.48630E-21 1.03601E-12 7.45864E-11 9.46108E-13 4.23999E-20 2.70465E-07 1.60430E-06
 5.51924E-06 3.55291E-08 1.05705E-08 1.24929E-07 6.63528E-06 4.53838E-08 2.16369E-04 3.44132E-06
 2.36337E-05 1.10360E-11 2.61202E-12 1.99658E-07 3.74428E-09 3.92659E-11 7.96526E-13 4.37238E-13
 1.46523E-15 3.15279E-15 8.75930E-19 2.28280E-18 6.11697E-08 2.81890E-09 4.11727E-11 1.05445E-11
 1.39635E-07 2.08252E-16 7.37726E-21 2.66417E-21 1.40901E-12 7.35469E-11 9.78145E-13 7.11265E-20
 2.05565E-07 2.26720E-06 4.76968E-06 4.20081E-08 1.21421E-08 1.63798E-07 6.08323E-06 8.93814E-08
 2.18553E-04 1.76300E-06 2.50266E-05 8.10017E-12 1.61377E-12 1.98490E-07 3.94591E-09 3.48068E-11
 7.74088E-13 2.97128E-13 1.06405E-15 2.63214E-15 6.96209E-19 1.20011E-18 6.10771E-08 2.75915E-09
 5.63353E-11 8.40617E-12 1.39774E-07 1.38668E-16 1.17171E-20 4.43201E-21 1.98009E-12 7.24754E-11
 9.56449E-13 1.14777E-19 1.47782E-07 3.24085E-06 3.84425E-06 4.62781E-08 1.30655E-08 2.03053E-07
 5.60801E-06 1.67095E-07 2.19994E-04 8.40215E-07 2.68534E-05 5.78868E-12 9.54366E-13 1.97412E-07
 4.14151E-09 2.85976E-11 6.86758E-13 1.82920E-13 7.10694E-16 1.91460E-15 5.37705E-19 6.28497E-19
 6.09926E-08 2.65733E-09 7.49606E-11 6.47169E-12 1.39944E-07 9.29077E-17 1.75803E-20 6.99017E-21
 2.84450E-12 7.12624E-11 8.89759E-13 1.77370E-19 1.02071E-07 4.69042E-06 2.91081E-06 4.79773E-08
 1.32433E-08 2.37170E-07 5.24102E-06 2.99932E-07 2.20957E-04 3.76490E-07 2.92807E-05 4.04212E-12
 5.44115E-13 1.96420E-07 4.32391E-09 2.18595E-11 5.60662E-13 1.02746E-13 4.36551E-16 1.23789E-15
 4.09785E-19 3.25049E-19 6.09150E-08 2.51767E-09 9.62601E-11 4.82102E-12 1.40142E-07 6.27338E-17
 2.47120E-20 1.06175E-20 4.15106E-12 6.97307E-11 7.92702E-13 2.62291E-19 6.92744E-08 6.89303E-06
 2.07758E-06 4.71502E-08 1.27009E-08 2.60745E-07 5.00424E-06 5.22561E-07 2.21612E-04 1.60739E-07
 3.23406E-05 2.83773E-12 3.08978E-13 1.95515E-07 4.48583E-09 1.55535E-11 4.23492E-13 5.29360E-14
 2.46283E-16 7.24191E-16 3.12513E-19 1.65852E-19 6.08435E-08 2.35248E-09 1.17870E-10 3.46603E-12
 1.40358E-07 4.28603E-17 3.18908E-20 1.56055E-20 6.12935E-12 6.76199E-11 6.80888E-13 3.71329E-19
 4.81532E-08 1.04403E-05 1.38547E-06 4.41264E-08 1.15233E-08 2.70048E-07 5.01787E-06 8.98490E-07
 2.22038E-04 6.63950E-08 3.59520E-05 2.09844E-12 1.84651E-13 1.94698E-07 4.62086E-09 1.01401E-11
 2.95947E-13 2.48673E-14 1.25137E-16 3.83912E-16 2.40775E-19 8.38127E-20 6.07780E-08 2.17680E-09
 1.34972E-10 2.38308E-12 1.40583E-07 2.97214E-17 3.64696E-20 2.20446E-20 9.18773E-12 6.44934E-11
 5.67527E-13 5.04867E-19 3.77076E-08 1.88210E-05 8.07354E-07 3.56032E-08 8.77168E-09 2.64124E-07
 6.10190E-06 1.55553E-06 2.22252E-04 2.68808E-08 3.99839E-05 1.70143E-12 1.23770E-13 1.93969E-07
 4.72525E-09 4.69041E-12 1.74779E-13 9.98297E-15 4.79694E-17 1.48161E-16 1.88265E-19 4.20479E-20
 6.07183E-08 2.00374E-09 1.35434E-10 1.43111E-12 1.40816E-07 2.08709E-17 3.46329E-20 2.51051E-20
 1.52125E-11 5.84418E-11 4.61245E-13 6.36016E-19 3.52119E-08 5.05356E-05 3.76750E-07 1.85782E-08
 3.95856E-09 2.50002E-07 1.09006E-05 2.39294E-06 2.22266E-04 1.07739E-08 4.42378E-05 1.51008E-12
 9.76264E-14 1.93326E-07 4.79401E-09 8.90797E-13 6.94420E-14 3.95077E-15 1.41895E-17 2.55016E-17
 1.49739E-19 2.12112E-20 6.06643E-08 1.84762E-09 1.18815E-10 7.11880E-13 1.41044E-07 1.47609E-17
 2.73704E-20 1.21840E-20 2.94742E-11 4.41744E-11 3.69569E-13 5.55779E-19 3.44184E-08 1.29807E-04
 1.61014E-07 8.88846E-09 1.48687E-09 2.37803E-07 2.06738E-05 2.99805E-06 2.22189E-04 4.31854E-09
 4.84303E-05 1.41522E-12 8.61600E-14 1.92770E-07 4.82664E-09 1.59677E-13 2.39439E-14 1.95958E-15
 5.60504E-18 4.04617E-18 1.21443E-19 1.09535E-20 6.06163E-08 1.71828E-09 1.20049E-10 4.50225E-13
 1.41220E-07 1.05755E-17 2.17279E-20 3.47744E-21 4.63399E-11 2.73084E-11 2.98767E-13 3.28141E-19
 3.36891E-08 2.57684E-04 6.78943E-08 4.83769E-09 6.38567E-10 2.28394E-07 3.23421E-05 3.38822E-06
 2.22096E-04 1.75118E-09 5.24197E-05 1.38595E-12 8.24462E-14 1.92307E-07 4.83181E-09 4.98299E-14
 8.64583E-15 1.16162E-15 2.93796E-18 1.06439E-18 1.00854E-19 5.83762E-21 6.05750E-08 1.61549E-09
 1.44295E-10 3.63256E-13 1.41340E-07 7.82135E-18 1.78724E-20 1.06725E-21 5.83472E-11 1.53017E-11
 2.46816E-13 1.77433E-19 3.30468E-08 4.16524E-04 2.91067E-08 2.81104E-09 3.14949E-10 2.21346E-07
 4.13458E-05 3.64400E-06 2.22015E-04 7.28527E-10 5.61802E-05 1.39160E-12 8.36377E-14 1.91940E-07
 4.81864E-09 2.42760E-14 3.25107E-15 7.88370E-16 1.88855E-18 4.25415E-19 8.62496E-20 3.24514E-21
 6.05412E-08 1.53741E-09 1.87784E-10 3.18161E-13 1.41409E-07 6.07940E-18 1.52315E-20 3.92254E-22
 6.54330E-11 8.21643E-12 2.10010E-13 9.81373E-20 3.25576E-08 5.83455E-04 1.27009E-08 1.65872E-09
 1.71533E-10 2.16223E-07 4.49790E-05 3.81458E-06 2.21951E-04 3.09493E-10 5.99151E-05 1.40850E-12
 8.82194E-14 1.91664E-07 4.79624E-09 1.48014E-14 1.21722E-15 5.94990E-16 1.39875E-18 2.10893E-19
 7.61437E-20 1.89174E-21 6.05147E-08 1.48055E-09 2.46576E-10 2.74956E-13 1.41433E-07 4.99498E-18
 1.34295E-20 1.69114E-22 6.93501E-11 4.29971E-12 1.84609E-13 5.66482E-20 3.22866E-08 7.16136E-04
 6.39698E-09 1.00496E-09 1.02579E-10 2.13256E-07 4.34301E-05 3.90877E-06 2.21914E-04 1.52522E-10
 6.37581E-05 1.42189E-12 9.42378E-14 1.91500E-07 4.77640E-09 1.00304E-14 4.73111E-16 5.05109E-16
 1.18342E-18 1.17142E-19 7.04958E-20 1.27072E-21 6.04983E-08 1.44771E-09 3.04175E-10 2.24877E-13
 1.41425E-07 4.43738E-18 1.24255E-20 8.67416E-23 7.12489E-11 2.40117E-12 1.70440E-13 3.48038E-20
 2.88528E+02 2.84852E+02 2.81021E+02 2.76995E+02 2.72758E+02 2.68624E+02 2.64138E+02 2.59250E+02
 2.53829E+02 2.48150E+02 2.43576E+02 2.40763E+02 2.38421E+02 2.36390E+02 2.34851E+02 2.33851E+02
 2.33189E+02 2.32253E+02 2.31118E+02 2.29864E+02 2.28561E+02 2.27565E+02 2.26686E+02 2.25652E+02
 2.24660E+02 2.23642E+02 2.22641E+02 2.21696E+02 2.20840E+02 2.20082E+02 2.19442E+02 2.18937E+02
 2.18552E+02 2.18258E+02 2.17999E+02 2.17706E+02 2.17306E+02 2.16771E+02 2.16116E+02 2.15382E+02
 2.14691E+02 2.14190E+02 2.13871E+02 2.13628E+02 2.13420E+02 2.13233E+02 2.13051E+02 2.12878E+02
 2.12739E+02 2.12668E+02 2.12706E+02 2.12870E+02 2.13140E+02 2.13491E+02 2.13900E+02 2.14317E+02
 2.14690E+02 2.14999E+02 2.15223E+02 2.15405E+02 2.15561E+02 2.15550E+02 2.15321E+02 2.14920E+02
 2.14381E+02 2.13712E+02 2.12969E+02 2.12162E+02 2.11247E+02 2.10190E+02 2.08938E+02 2.07390E+02
 2.05368E+02 2.02679E+02 1.99016E+02 1.94090E+02 1.87730E+02 1.80422E+02 1.73398E+02 1.66648E+02
 1.60161E+02 1.53926E+02 1.47934E+02 1.42175E+02 1.36641E+02 1.31322E+02 1.26210E+02 1.21297E+02
 1.16575E+02 1.12037E+02 1.07675E+02 1.03484E+02 9.94555E+01 9.55839E+01 9.18630E+01 8.82870E+01
 8.48502E+01 8.15472E+01 7.83727E+01 7.53218E+01 1.00000E+05 1.00000E+05 1.00000E+05 1.00000E+05
 1.00000E+05 1.00000E+05 1.00000E+05 1.00000E+05 1.00000E+05 1.00000E+05 1.00000E+05 1.00000E+05
 9.19822E+04 8.41600E+04 3.92520E+04 2.30691E+04 3.50611E+03 6.60444E+03 5.82444E+03 5.25650E+03
 4.03650E+03 3.91731E+03 3.89333E+03 3.90463E+03 3.86759E+03 4.03750E+03 4.38759E+03 4.77906E+03
 5.15017E+03 5.64835E+03 6.25626E+03 6.89450E+03 7.52339E+03 8.28244E+03 9.04167E+03 9.81733E+03
 1.05907E+04 1.16272E+04 1.25124E+04 1.33556E+04 1.42000E+04 1.54911E+04 1.66611E+04 1.78167E+04
 1.88698E+04 2.03467E+04 2.18689E+04 2.33504E+04 2.55020E+04 2.79617E+04 3.01822E+04 3.24044E+04
 3.52933E+04 3.84698E+04 4.14315E+04 4.43944E+04 4.80063E+04 5.24174E+04 5.73183E+04 6.21257E+04
 6.63546E+04 7.17439E+04 7.81604E+04 8.44863E+04 9.01350E+04 9.70359E+04 1.04485E+05 1.11915E+05
 1.20424E+05 1.31541E+05 1.41911E+05 1.55939E+05 1.69365E+05 1.82328E+05 1.95291E+05 2.09680E+05
 2.29567E+05 2.49737E+05 2.69441E+05 2.86922E+05 3.10863E+05 3.37550E+05 3.63550E+05 3.92659E+05
 4.25826E+05 4.63400E+05 5.00289E+05 5.31787E+05 5.70178E+05 6.11196E+05 6.51937E+05 6.99322E+05
 7.49924E+05 8.03746E+05 8.57450E+05 9.19839E+05 9.86285E+05 1.05088E+06 1.00560E+06 1.00000E+06
 2.43017E+19 2.24578E+19 2.07439E+19 1.91532E+19 1.76773E+19 1.62891E+19 1.50102E+19 1.38331E+19
 1.27541E+19 1.17506E+19 1.07594E+19 9.76754E+18 8.84073E+18 7.98425E+18 7.19036E+18 6.45701E+18
 5.78804E+18 5.19266E+18 4.66040E+18 4.18263E+18 3.75248E+18 3.36029E+18 3.00626E+18 2.69017E+18
 2.40574E+18 2.15061E+18 1.92148E+18 1.71552E+18 1.53036E+18 1.36405E+18 1.21475E+18 1.08083E+18
 9.60942E+17 8.53867E+17 7.58508E+17 6.73825E+17 5.98793E+17 5.32329E+17 4.73364E+17 4.20937E+17
 3.74108E+17 3.32096E+17 2.94491E+17 2.61018E+17 2.31290E+17 2.04910E+17 1.81522E+17 1.60784E+17
 1.42384E+17 1.26046E+17 1.11527E+17 9.86316E+16 8.71967E+16 7.70746E+16 6.81258E+16 6.02298E+16
 5.32737E+16 4.71456E+16 4.17462E+16 3.69780E+16 3.27621E+16 2.90516E+16 2.57864E+16 2.29031E+16
 2.03506E+16 1.80880E+16 1.60768E+16 1.42878E+16 1.26986E+16 1.12879E+16 1.00370E+16 8.93072E+15
 7.95679E+15 7.10304E+15 6.36047E+15 5.71864E+15 5.16426E+15 4.67014E+15 4.19951E+15 3.75420E+15
 3.33566E+15 2.94500E+15 2.58296E+15 2.24989E+15 1.94580E+15 1.67033E+15 1.42280E+15 1.20222E+15
 1.00737E+15 8.36770E+14 6.88788E+14 5.61654E+14 4.53513E+14 3.62475E+14 2.86652E+14 2.24200E+14
 1.73350E+14 1.32441E+14 9.99356E+13 7.44390E+13 4.02375E-13 4.63880E-13 5.97983E-13 8.01276E-13
 1.06754E-12 1.39640E-12 1.78825E-12 2.24195E-12 2.75510E-12 3.32746E-12 3.96535E-12 4.68068E-12
 5.52068E-12 6.54806E-12 8.30193E-12 1.18911E-11 2.47535E-11 5.01918E-11 7.08021E-11 9.47779E-11
 1.24295E-10 1.58741E-10 1.93384E-10 2.26943E-10 2.58734E-10 2.87445E-10 3.11417E-10 3.30269E-10
 3.44389E-10 3.54079E-10 3.59651E-10 3.61594E-10 3.60378E-10 3.56406E-10 3.50045E-10 3.41580E-10
 3.31244E-10 3.19360E-10 3.06166E-10 2.91695E-10 2.76055E-10 2.59601E-10 2.42605E-10 2.25073E-10
 2.07049E-10 1.88783E-10 1.70569E-10 1.52462E-10 1.34737E-10 1.17707E-10 1.00972E-10 8.58809E-11
 7.25663E-11 6.09060E-11 5.06526E-11 4.16848E-11 3.39943E-11 2.75187E-11 2.21158E-11 1.76065E-11
 1.38307E-11 1.07467E-11 8.27325E-12 6.29523E-12 4.71440E-12 3.48096E-12 2.53230E-12 1.81025E-12
 1.27233E-12 8.83229E-13 6.02374E-13 4.06186E-13 2.69388E-13 1.74923E-13 1.10855E-13 6.85441E-14
 4.17414E-14 2.49668E-14 1.45967E-14 8.27813E-15 4.66021E-15 2.75643E-15 1.56165E-15 8.26957E-16
 4.04692E-16 1.80429E-16 7.12516E-17 2.32764E-17 5.71767E-18 9.48668E-19 9.34307E-20 4.83875E-21
 1.08422E-22 8.01845E-25 1.25257E-27 2.44140E-31 2.70197E-36 4.89879E-43 2.17183E-53 6.33827E-69
 8.72288E-01 7.76080E-01 7.94145E-01 8.76138E-01 1.01047E+00 1.13361E+00 1.26439E+00 1.39097E+00
 1.50918E+00 1.61764E+00 1.71342E+00 1.79818E+00 1.87966E+00 1.97320E+00 2.14674E+00 2.69410E+00
 4.98454E+00 9.04317E+00 1.14517E+01 1.37771E+01 1.62397E+01 1.85759E+01 2.02186E+01 2.12484E+01
 2.16701E+01 2.15436E+01 2.08678E+01 1.97636E+01 1.83656E+01 1.67887E+01 1.51292E+01 1.34562E+01
 1.18440E+01 1.03301E+01 8.94150E+00 7.69376E+00 6.59006E+00 5.62372E+00 4.78023E+00 4.04190E+00
 3.39173E+00 2.81859E+00 2.32173E+00 1.89615E+00 1.53461E+00 1.23056E+00 9.77702E-01 7.68353E-01
 5.97443E-01 4.58796E-01 3.45466E-01 2.57520E-01 1.90526E-01 1.39949E-01 1.01813E-01 7.33998E-02
 5.25330E-02 3.73560E-02 2.64021E-02 1.84951E-02 1.27884E-02 8.76200E-03 5.96216E-03 4.01773E-03
 2.66752E-03 1.74761E-03 1.12827E-03 7.15818E-04 4.46685E-04 2.75476E-04 1.67124E-04 1.00440E-04
 5.95719E-05 3.47872E-05 2.00332E-05 1.13988E-05 6.53769E-06 3.78321E-06 2.18236E-06 1.25611E-06
 8.17816E-07 1.27548E-06 8.76882E-07 4.04468E-07 1.71184E-07 6.55162E-08 2.20382E-08 4.75840E-09
 5.87730E-10 5.44921E-11 3.37391E-12 1.20588E-13 1.93112E-15 1.04138E-17 1.17760E-20 1.67487E-24
 1.36183E-29 1.81746E-36 5.92234E-47 1.26702E-62 1.00000E-12 1.00000E-12 1.00000E-12 1.00000E-12
 1.00000E-12 1.00000E-12 1.00000E-12 1.00000E-12 1.00000E-12 1.00000E-12 1.00000E-12 1.00000E-12
 1.00000E-12 1.00000E-12 1.00000E-12 1.00000E-12 1.00000E-12 1.00000E-12 1.00000E-12 1.00000E-12
 1.00000E-12 1.00000E-12 1.00000E-12 1.00000E-12 1.00000E-12 1.00000E-12 1.00000E-12 1.00000E-12
 1.00000E-12 1.00000E-12 1.00000E-12 1.00000E-12 1.00000E-12 1.00000E-12 1.00000E-12 1.00000E-12
 1.00000E-12 1.00000E-12 1.00000E-12 1.00000E-12 1.00000E-12 1.00000E-12 1.00000E-12 1.00000E-12
 1.00000E-12 1.00000E-12 1.00000E-12 1.00000E-12 1.00000E-12 1.00000E-12 1.00000E-12 1.00000E-12
 1.00000E-12 1.00000E-12 1.00000E-12 1.00000E-12 1.00000E-12 1.00000E-12 1.00000E-12 1.00000E-12
 1.00000E-12 1.00000E-12 1.00000E-12 1.00000E-12 1.00000E-12 1.00000E-12 1.00000E-12 1.00000E-12
 1.00000E-12 1.00000E-12 1.00000E-12 1.00000E-12 1.00000E-12 1.00000E-12 1.00000E-12 1.00000E-12
 1.00000E-12 1.00000E-12 1.00000E-12 1.00000E-12 1.00000E-12 1.00000E-12 1.00000E-12 1.00000E-12
 1.00000E-12 1.00000E-12 1.00000E-12 1.00000E-12 1.00000E-12 1.00000E-12 1.00000E-12 1.00000E-12
 1.00000E-12 1.00000E-12 1.00000E-12 1.00000E-12 1.00000E-12 1.00000E-12 1.00000E-12 1.00000E-12
 1.00000E-12 1.00000E-12 1.00000E-12 1.00000E-12 1.00000E-12 1.00000E-12 1.00000E-12 1.00000E-12
 1.00000E-12 1.00000E-12 1.00000E-12 1.00000E-12 1.00000E-12 1.00000E-12 1.00000E-12 1.00000E-12
 1.00000E-12 1.00000E-12 1.00000E-12 1.00000E-12 1.00000E-12 1.00000E-12 1.00000E-12 1.00000E-12
 1.00000E-12 1.00000E-12 1.00000E-12 1.00000E-12 1.00000E-12 1.00000E-12 1.00000E-12 1.00000E-12
 1.00000E-12 1.00000E-12 1.00000E-12 1.00000E-12 1.00000E-12 1.00000E-12 1.00000E-12 1.00000E-12
 1.00000E-12 1.00000E-12 1.00000E-12 1.00000E-12 1.00000E-12 1.00000E-12 1.00000E-12 1.00000E-12
 1.00000E-12 1.00000E-12 1.00000E-12 1.00000E-12 1.00000E-12 1.00000E-12 1.00000E-12 1.00000E-12
 1.00000E-12 1.00000E-12 1.00000E-12 1.00000E-12 1.00000E-12 1.00000E-12 1.00000E-12 1.00000E-12
 1.00000E-12 1.00000E-12 1.00000E-12 1.00000E-12 1.00000E-12 1.00000E-12 1.00000E-12 1.00000E-12
 1.00000E-12 1.00000E-12 1.00000E-12 1.00000E-12 1.00000E-12 1.00000E-12 1.00000E-12 1.00000E-12
 1.00000E-12 1.00000E-12 1.00000E-12 1.00000E-12 1.00000E-12 1.00000E-12 1.00000E-12 1.00000E-12
 1.00000E-12 1.00000E-12 1.00000E-12 1.00000E-12 1.00000E-12 1.00000E-12 1.00000E-12 1.00000E-12
 1.00000E-12 1.00000E-12 1.00000E-12 1.00000E-12 2.75537E-04 2.99371E-04 3.25840E-04 3.54012E-04
 3.81904E-04 4.14405E-04 4.49785E-04 4.89242E-04 5.33594E-04 5.83451E-04 6.38722E-04 6.99237E-04
 7.67810E-04 8.45302E-04 9.41538E-04 1.04334E-03 1.15242E-03 1.27298E-03 1.40747E-03 1.55841E-03
 1.72827E-03 1.92072E-03 2.13866E-03 2.38278E-03 2.65850E-03 2.96889E-03 3.31958E-03 3.71611E-03
 4.16571E-03 4.67598E-03 5.25505E-03 5.91365E-03 6.66058E-03 7.50749E-03 8.46660E-03 9.55008E-03
 1.07711E-02 1.21460E-02 1.36957E-02 1.54458E-02 1.74305E-02 1.96938E-02 2.22701E-02 2.51961E-02
 2.85157E-02 3.22801E-02 3.65472E-02 4.13852E-02 4.68533E-02 5.30598E-02 6.01113E-02 6.81244E-02
 7.72150E-02 8.75161E-02 9.91886E-02 1.12344E-01 1.27151E-01 1.43860E-01 1.62704E-01 1.83977E-01
 2.08004E-01 2.35069E-01 2.65516E-01 2.99799E-01 3.38500E-01 3.82238E-01 4.31755E-01 4.87868E-01
 5.51464E-01 6.23579E-01 7.05328E-01 7.98060E-01 9.03257E-01 1.02248E+00 1.15684E+00 1.30912E+00
 1.47872E+00 1.66690E+00 1.87820E+00 2.11347E+00 2.31959E+00 2.30203E+00 2.68267E+00 3.24197E+00
 3.95204E+00 4.86141E+00 6.03674E+00 7.72665E+00 1.03956E+01 1.42580E+01 1.96245E+01 2.68882E+01
 3.69934E+01 5.12193E+01 7.19558E+01 1.02054E+02 1.46169E+02 2.11855E+02 3.11335E+02 4.64550E+02
 1.00000E+00 1.00000E+00 1.00000E+00 1.00000E+00 1.00000E+00 1.00000E+00 1.00000E+00 1.00000E+00
 1.00000E+00 1.00000E+00 1.00000E+00 1.00000E+00 1.00000E+00 1.00000E+00 1.00000E+00 1.00000E+00
 1.00000E+00 1.00000E+00 1.00000E+00 1.00000E+00 1.00000E+00 1.00000E+00 1.00000E+00 1.00000E+00
 1.00000E+00 1.00000E+00 1.00000E+00 1.00000E+00 1.00000E+00 1.00000E+00 1.00000E+00 1.00000E+00
 1.00000E+00 1.00000E+00 1.00000E+00 1.00000E+00 1.00000E+00 1.00000E+00 1.00000E+00 1.00000E+00
 1.00000E+00 1.00000E+00 1.00000E+00 1.00000E+00 1.00000E+00 1.00000E+00 1.00000E+00 1.00000E+00
 1.00000E+00 1.00000E+00 1.00000E+00 1.00000E+00 1.00000E+00 1.00000E+00 1.00000E+00 1.00000E+00
 1.00000E+00 1.00000E+00 1.00000E+00 1.00000E+00 1.00000E+00 1.00000E+00 1.00000E+00 1.00000E+00
 1.00000E+00 1.00000E+00 1.00000E+00 1.00000E+00 1.00000E+00 1.00000E+00 1.00000E+00 1.00000E+00
 1.00000E+00 1.00000E+00 1.00000E+00 1.00000E+00 1.00000E+00 1.00000E+00 1.00000E+00 1.00000E+00
 1.00000E+00 1.00000E+00 1.00000E+00 1.00000E+00 1.00000E+00 1.00000E+00 1.00000E+00 1.00000E+00
 1.00000E+00 1.00000E+00 1.00000E+00 1.00000E+00 1.00000E+00 1.00000E+00 1.00000E+00 1.00000E+00
 1.00000E+00 1.00000E+00 1.00000E+00 1.00000E+00 1.00000E+00 1.00000E+00 1.00000E+00 1.00000E+00
 1.00000E+00 1.00000E+00 1.00000E+00 1.00000E+00 1.00000E+00 1.00000E+00 1.00000E+00 1.00000E+00
 1.00000E+00 1.00000E+00 1.00000E+00 1.00000E+00 1.00000E+00 1.00000E+00 1.00000E+00 1.00000E+00
 1.00000E+00 1.00000E+00 1.00000E+00 1.00000E+00 1.00000E+00 1.00000E+00 1.00000E+00 1.00000E+00
 1.00000E+00 1.00000E+00 1.00000E+00 1.00000E+00 1.00000E+00 1.00000E+00 1.00000E+00 1.00000E+00
 1.00000E+00 1.00000E+00 1.00000E+00 1.00000E+00 1.00000E+00 1.00000E+00 1.00000E+00 1.00000E+00
 1.00000E+00 1.00000E+00 1.00000E+00 1.00000E+00 1.00000E+00 1.00000E+00 1.00000E+00 1.00000E+00
 1.00000E+00 1.00000E+00 1.00000E+00 1.00000E+00 1.00000E+00 1.00000E+00 1.00000E+00 1.00000E+00
 1.00000E+00 1.00000E+00 1.00000E+00 1.00000E+00 1.00000E+00 1.00000E+00 1.00000E+00 1.00000E+00
 1.00000E+00 1.00000E+00 1.00000E+00 1.00000E+00 1.00000E+00 1.00000E+00 1.00000E+00 1.00000E+00
 1.00000E+00 1.00000E+00 1.00000E+00 1.00000E+00 1.00000E+00 1.00000E+00 1.00000E+00 1.00000E+00
 1.00000E+00 1.00000E+00 1.00000E+00 1.00000E+00 1.00000E+00 1.00000E+00 1.00000E+00 1.00000E+00
 1.00000E+00 1.00000E+00 1.00000E+00 1.00000E+00 1.00000E+00 1.00000E+00 1.00000E+00 1.00000E+00
 1.00000E-05 1.00000E-05 1.00000E-05 1.00000E-05 1.00000E-05 1.00000E-05 1.00000E-05 1.00000E-05
 1.00000E-05 1.00000E-05 1.00000E-05 1.00000E-05 1.00000E-05 1.00000E-05 1.00000E-05 1.00000E-05
 1.00000E-05 1.00000E-05 1.00000E-05 1.00000E-05 1.00000E-05 1.00000E-05 1.00000E-05 1.00000E-05
 1.00000E-05 1.00000E-05 1.00000E-05 1.00000E-05 1.00000E-05 1.00000E-05 1.00000E-05 1.00000E-05
 1.00000E-05 1.00000E-05 1.00000E-05 1.00000E-05 1.00000E-05 1.00000E-05 1.00000E-05 1.00000E-05
 1.00000E-05 1.00000E-05 1.00000E-05 1.00000E-05 1.00000E-05 1.00000E-05 1.00000E-05 1.00000E-05
 1.00000E-05 1.00000E-05 1.00000E-05 1.00000E-05 1.00000E-05 1.00000E-05 1.00000E-05 1.00000E-05
 1.00000E-05 1.00000E-05 1.00000E-05 1.00000E-05 1.00000E-05 1.00000E-05 1.00000E-05 1.00000E-05
 1.00000E-05 1.00000E-05 1.00000E-05 1.00000E-05 1.00000E-05 1.00000E-05 1.00000E-05 1.00000E-05
 1.00000E-05 1.00000E-05 1.00000E-05 1.00000E-05 1.00000E-05 1.00000E-05 1.00000E-05 1.00000E-05
 1.00000E-05 1.00000E-05 1.00000E-05 1.00000E-05 1.00000E-05 1.00000E-05 1.00000E-05 1.00000E-05
 1.00000E-05 1.00000E-05 1.00000E-05 1.00000E-05 1.00000E-05 1.00000E-05 1.00000E-05 1.00000E-05
 1.00000E-05 1.00000E-05 1.00000E-05 1.00000E-05 1.00000E-09 1.00000E-09 1.00000E-09 1.00000E-09
 1.00000E-09 1.00000E-09 1.00000E-09 1.00000E-09 1.00000E-09 1.00000E-09 1.00000E-09 1.00000E-09
 1.00000E-09 1.00000E-09 1.00000E-09 1.00000E-09 1.00000E-09 1.00000E-09 1.00000E-09 1.00000E-09
 1.00000E-09 1.00000E-09 1.00000E-09 1.00000E-09 1.00000E-09 1.00000E-09 1.00000E-09 1.00000E-09
 1.00000E-09 1.00000E-09 1.00000E-09 1.00000E-09 1.00000E-09 1.00000E-09 1.00000E-09 1.00000E-09
 1.00000E-09 1.00000E-09 1.00000E-09 1.00000E-09 1.00000E-09 1.00000E-09 1.00000E-09 1.00000E-09
 1.00000E-09 1.00000E-09 1.00000E-09 1.00000E-09 1.00000E-09 1.00000E-09 1.00000E-09 1.00000E-09
 1.00000E-09 1.00000E-09 1.00000E-09 1.00000E-09 1.00000E-09 1.00000E-09 1.00000E-09 1.00000E-09
 1.00000E-09 1.00000E-09 1.00000E-09 1.00000E-09 1.00000E-09 1.00000E-09 1.00000E-09 1.00000E-09
 1.00000E-09 1.00000E-09 1.00000E-09 1.00000E-09 1.00000E-09 1.00000E-09 1.00000E-09 1.00000E-09
 1.00000E-09 1.00000E-09 1.00000E-09 1.00000E-09 1.00000E-09 1.00000E-09 1.00000E-09 1.00000E-09
 1.00000E-09 1.00000E-09 1.00000E-09 1.00000E-09 1.00000E-09 1.00000E-09 1.00000E-09 1.00000E-09
 1.00000E-09 1.00000E-09 1.00000E-09 1.00000E-09 1.00000E-09 1.00000E-09 1.00000E-09 1.00000E-09
 1.00000E-09 1.00000E-09 1.00000E-09 1.00000E-09 1.00000E-09 1.00000E-09 1.00000E-09 1.00000E-09
 1.00000E-09 1.00000E-09 1.00000E-09 1.00000E-09 1.00000E-09 1.00000E-09 1.00000E-09 1.00000E-09
 1.00000E-09 1.00000E-09 1.00000E-09 1.00000E-09 1.00000E-09 1.00000E-09 1.00000E-09 1.00000E-09
 1.00000E-09 1.00000E-09 1.00000E-09 1.00000E-09 1.00000E-09 1.00000E-09 1.00000E-09 1.00000E-09
 1.00000E-09 1.00000E-09 1.00000E-09 1.00000E-09 1.00000E-09 1.00000E-09 1.00000E-09 1.00000E-09
 1.00000E-09 1.00000E-09 1.00000E-09 1.00000E-09 1.00000E-09 1.00000E-09 1.00000E-09 1.00000E-09
 1.00000E-09 1.00000E-09 1.00000E-09 1.00000E-09 1.00000E-09 1.00000E-09 1.00000E-09 1.00000E-09
 1.00000E-09 1.00000E-09 1.00000E-09 1.00000E-09 1.00000E-09 1.00000E-09 1.00000E-09 1.00000E-09
 1.00000E-09 1.00000E-09 1.00000E-09 1.00000E-09 1.00000E-09 1.00000E-09 1.00000E-09 1.00000E-09
 1.00000E-09 1.00000E-09 1.00000E-09 1.00000E-09 1.00000E-09 1.00000E-09 1.00000E-09 1.00000E-09
 1.00000E-09 1.00000E-09 1.00000E-09 1.00000E-09 1.00000E-09 1.00000E-09 1.00000E-09 1.00000E-09
 1.00000E-09 1.00000E-09 1.00000E-09 1.00000E-09 1.00000E-09 1.00000E-09 1.00000E-09 1.00000E-09
 1.00000E-09 1.00000E-09 1.00000E-09 1.00000E-09
