 6.34235E-10 6.52493E-16 1.68202E-02 4.01055E-18 2.35782E-12 5.51380E-10 9.31717E-09 3.69305E-20
 2.07448E-03 4.00000E-03 3.66682E-05 1.12389E-09 3.35312E-12 8.11478E-07 1.49804E-12 5.23538E-11
 4.21727E-19 1.70895E-11 9.79443E-14 1.67290E-14 2.72694E-16 8.05216E-35 6.24626E-08 2.07557E-18
 2.63496E-23 1.76262E-20 8.87799E-13 5.31985E-17 3.14715E-10 1.90356E-18 2.15824E-19 7.23878E-11
 1.49822E-15 5.40028E-13 7.54392E-10 8.07730E-16 1.38138E-02 5.17632E-18 2.66226E-12 6.89277E-10
 1.00753E-08 4.79863E-20 2.07448E-03 3.99999E-03 3.66682E-05 1.38451E-09 3.49884E-12 8.11385E-07
 1.85997E-12 5.99348E-11 6.15432E-19 2.32425E-11 1.76508E-13 1.69510E-14 3.96040E-16 1.53648E-34
 6.24607E-08 2.88703E-18 3.45844E-23 2.15751E-20 1.33477E-12 7.28914E-17 3.18817E-10 2.81940E-18
 5.44369E-19 1.24165E-10 2.74743E-15 9.22615E-13 9.18079E-10 1.00107E-15 1.11308E-02 6.64854E-18
 2.97944E-12 9.08048E-10 1.09208E-08 6.21770E-20 2.07448E-03 3.99998E-03 3.66682E-05 1.78536E-09
 3.58821E-12 8.11286E-07 2.27851E-12 6.77782E-11 8.82087E-19 3.00706E-11 3.19209E-13 1.69491E-14
 5.70716E-16 3.02626E-34 6.24587E-08 3.83613E-18 4.51946E-23 2.65772E-20 1.98387E-12 9.35986E-17
 3.22486E-10 3.83558E-18 1.13385E-18 1.79308E-10 4.29620E-15 1.31345E-12 1.11787E-09 1.24002E-15
 8.87389E-03 8.57793E-18 3.33660E-12 1.20716E-09 1.18432E-08 8.08730E-20 2.07448E-03 3.99997E-03
 3.66683E-05 2.32247E-09 3.68587E-12 8.11180E-07 2.75357E-12 7.58319E-11 1.25278E-18 3.72148E-11
 5.86373E-13 1.67157E-14 8.11087E-16 6.24019E-34 6.24565E-08 5.00512E-18 5.93734E-23 3.31686E-20
 2.86326E-12 1.15585E-16 3.25670E-10 4.99600E-18 2.14857E-18 2.38498E-10 6.19139E-15 1.70862E-12
 1.33872E-09 1.53177E-15 6.92586E-03 1.10799E-17 3.72557E-12 1.57498E-09 1.28268E-08 1.05004E-19
 2.07448E-03 3.99995E-03 3.66684E-05 2.97158E-09 3.78354E-12 8.11066E-07 3.29031E-12 8.38900E-11
 1.76170E-18 4.38761E-11 1.09675E-12 1.62012E-14 1.14311E-15 1.34094E-33 6.24541E-08 6.49132E-18
 7.81998E-23 4.17353E-20 3.96967E-12 1.39005E-16 3.28315E-10 6.34857E-18 3.83895E-18 3.00988E-10
 8.41496E-15 2.09806E-12 1.57210E-09 1.88365E-15 5.34117E-03 1.43811E-17 4.15245E-12 2.00904E-09
 1.38492E-08 1.36383E-19 2.07448E-03 3.99994E-03 3.66685E-05 3.72625E-09 3.89404E-12 8.10945E-07
 3.88164E-12 9.15210E-11 2.45782E-18 4.96056E-11 2.09006E-12 1.53615E-14 1.57305E-15 3.03132E-33
 6.24516E-08 8.41687E-18 1.03667E-22 5.31525E-20 5.31762E-12 1.63857E-16 3.30365E-10 7.95660E-18
 6.58612E-18 3.65744E-10 1.09756E-14 2.47325E-12 1.81172E-09 2.30637E-15 3.95236E-03 1.85548E-17
 4.60862E-12 2.51047E-09 1.48813E-08 1.76030E-19 2.07448E-03 3.99993E-03 3.66687E-05 4.58721E-09
 4.00759E-12 8.10815E-07 4.50443E-12 9.80034E-11 3.34945E-18 5.41535E-11 3.96285E-12 1.42227E-14
 2.15177E-15 7.02066E-33 6.24490E-08 1.09305E-17 1.36859E-22 6.80651E-20 6.93044E-12 1.89880E-16
 3.31759E-10 9.89895E-18 1.09298E-17 4.31456E-10 1.38629E-14 2.82713E-12 2.05262E-09 2.80567E-15
 2.86206E-03 2.38909E-17 5.10886E-12 3.08264E-09 1.58874E-08 2.26354E-19 2.07448E-03 3.99991E-03
 3.66689E-05 5.55974E-09 4.14569E-12 8.10678E-07 5.09749E-12 1.02103E-10 4.43750E-18 5.74516E-11
 7.47009E-12 1.27295E-14 2.82382E-15 1.70343E-32 6.24461E-08 1.42247E-17 1.80687E-22 8.84600E-20
 8.83797E-12 2.16580E-16 3.32438E-10 1.22893E-17 1.76632E-17 4.96493E-10 1.70423E-14 3.15365E-12
 2.29061E-09 3.37886E-15 1.99759E-03 3.04392E-17 5.62819E-12 3.72983E-09 1.68280E-08 2.87257E-19
 2.07448E-03 3.99990E-03 3.66691E-05 6.65065E-09 4.30243E-12 8.10531E-07 5.54914E-12 1.01824E-10
 5.59919E-18 5.96160E-11 1.39610E-11 1.07981E-14 3.48551E-15 4.43348E-32 6.24431E-08 1.85150E-17
 2.36864E-22 1.17034E-19 1.10746E-11 2.43142E-16 3.32335E-10 1.52843E-17 2.79993E-17 5.58840E-10
 2.04219E-14 3.44599E-12 2.52451E-09 4.07336E-15 1.45254E-03 3.81685E-17 6.21074E-12 4.45817E-09
 1.76674E-08 3.63951E-19 2.07448E-03 3.99988E-03 3.66693E-05 7.86911E-09 4.55381E-12 8.10376E-07
 5.75288E-12 9.71895E-11 6.57241E-18 6.09686E-11 2.31508E-11 8.88216E-15 3.81168E-15 1.13227E-31
 6.24398E-08 2.40151E-17 3.05684E-22 1.57850E-19 1.36820E-11 2.68587E-16 3.31383E-10 1.90616E-17
 4.27946E-17 6.16167E-10 2.38924E-14 3.69382E-12 2.76425E-09 4.96328E-15 1.17943E-03 4.74547E-17
 6.94273E-12 5.30441E-09 1.84082E-08 4.68058E-19 2.07448E-03 3.99986E-03 3.66696E-05 9.27241E-09
 4.94784E-12 8.10204E-07 5.77546E-12 9.10463E-11 7.30764E-18 6.19253E-11 3.26167E-11 7.36872E-15
 3.66929E-15 2.59783E-31 6.24362E-08 3.11055E-17 3.90003E-22 2.14793E-19 1.68177E-11 2.92936E-16
 3.29432E-10 2.37252E-17 6.23311E-17 6.67595E-10 2.74464E-14 3.89065E-12 3.05167E-09 6.09558E-15
 9.91184E-04 5.90795E-17 7.85418E-12 6.44139E-09 1.91290E-08 6.11164E-19 2.07448E-03 3.99984E-03
 3.66699E-05 1.11358E-08 5.46822E-12 8.09985E-07 5.65723E-12 8.42420E-11 7.87387E-18 6.28971E-11
 4.19918E-11 6.13876E-15 3.37137E-15 5.67567E-31 6.24316E-08 4.12721E-17 4.97513E-22 2.95419E-19
 2.11797E-11 3.19101E-16 3.25793E-10 2.92412E-17 8.80739E-17 7.16072E-10 3.14203E-14 4.03916E-12
 3.49945E-09 7.60136E-15 5.83083E-04 7.43266E-17 9.10949E-12 8.39728E-09 1.99663E-08 8.19919E-19
 2.07448E-03 3.99980E-03 3.66706E-05 1.42910E-08 6.14673E-12 8.09625E-07 5.40621E-12 7.77159E-11
 8.29777E-18 6.45520E-11 5.05167E-11 5.22502E-15 4.35693E-15 1.18853E-30 6.24238E-08 5.90851E-17
 6.39576E-22 4.13025E-19 2.89534E-11 3.53946E-16 3.17929E-10 3.51003E-17 1.20916E-16 7.63443E-10
 3.67230E-14 4.11733E-12 4.28355E-09 9.66320E-15 4.35959E-04 1.01033E-16 1.11330E-11 1.21595E-08
 2.09934E-08 1.19958E-18 2.07449E-03 3.99972E-03 3.66719E-05 2.02468E-08 7.28200E-12 8.08909E-07
 5.03007E-12 7.24359E-11 9.10861E-18 6.60497E-11 5.78825E-11 4.61979E-15 4.65817E-15 2.58952E-30
 6.24081E-08 9.60976E-17 8.78874E-22 6.14509E-19 4.46073E-11 4.08641E-16 2.98454E-10 3.98792E-17
 1.55321E-16 7.78944E-10 4.39888E-14 3.99823E-12 5.67682E-09 1.22558E-14 4.16324E-04 1.48508E-16
 1.43166E-11 1.94249E-08 2.19561E-08 1.90005E-18 2.07450E-03 3.99956E-03 3.66746E-05 3.14452E-08
 8.95447E-12 8.07479E-07 4.39774E-12 6.54653E-11 1.01300E-17 6.67217E-11 6.57107E-11 3.96269E-15
 3.72682E-15 6.22446E-30 6.23764E-08 1.74233E-16 1.30012E-21 9.73906E-19 7.63874E-11 4.87205E-16
 2.66971E-10 4.30071E-17 1.93576E-16 8.02651E-10 5.54336E-14 3.59661E-12 7.92404E-09 1.50312E-14
 4.16336E-04 2.29783E-16 1.89090E-11 3.19858E-08 2.22832E-08 3.14854E-18 2.07452E-03 3.99927E-03
 3.66793E-05 5.00679E-08 1.10366E-11 8.04897E-07 3.69115E-12 5.73318E-11 1.14068E-17 6.54063E-11
 7.73534E-11 3.16569E-15 2.58901E-15 1.53373E-29 6.23182E-08 3.22561E-16 2.03873E-21 1.53385E-18
 1.34577E-10 5.69636E-16 2.23131E-10 4.40616E-17 2.36317E-16 8.32384E-10 7.27005E-14 3.00265E-12
 1.09736E-08 1.75994E-14 4.16336E-04 3.52700E-16 2.46680E-11 4.99635E-08 2.16269E-08 5.16582E-18
 2.07454E-03 3.99882E-03 3.66858E-05 7.54156E-08 1.33253E-11 8.00978E-07 3.08713E-12 4.96652E-11
 1.27068E-17 6.14992E-11 9.15754E-11 2.37349E-15 1.67375E-15 3.26396E-29 6.22288E-08 5.47265E-16
 3.21891E-21 2.21989E-18 2.23938E-10 6.13649E-16 1.74114E-10 4.32700E-17 2.84055E-16 8.59939E-10
 9.49184E-14 2.38304E-12 1.44891E-08 1.99085E-14 4.16301E-04 5.17336E-16 3.10367E-11 7.15232E-08
 2.02783E-08 8.10732E-18 2.07458E-03 3.99824E-03 3.66925E-05 1.04190E-07 1.56918E-11 7.95867E-07
 2.63871E-12 4.34051E-11 1.38141E-17 5.55797E-11 1.06591E-10 1.72831E-15 1.06051E-15 5.75418E-29
 6.21115E-08 8.18079E-16 4.92849E-21 2.91195E-18 3.41282E-10 6.02328E-16 1.28876E-10 4.09018E-17
 3.37795E-16 8.77532E-10 1.18956E-13 1.82086E-12 1.81794E-08 2.21404E-14 4.16203E-04 7.23695E-16
 3.76633E-11 9.48536E-08 1.86904E-08 1.21453E-17 2.07464E-03 3.99755E-03 3.66974E-05 1.33727E-07
 1.81162E-11 7.89669E-07 2.30161E-12 3.83191E-11 1.46002E-17 4.85227E-11 1.21644E-10 1.24808E-15
 6.72972E-16 8.91866E-29 6.19689E-08 1.10696E-15 7.28183E-21 3.57222E-18 4.83836E-10 5.51776E-16
 9.12457E-11 3.69627E-17 3.98694E-16 8.82512E-10 1.42111E-13 1.33178E-12 2.17047E-08 2.45807E-14
 4.16014E-04 9.67658E-16 4.42254E-11 1.17673E-07 1.71992E-08 1.73953E-17 2.07469E-03 3.99678E-03
 3.66975E-05 1.61272E-07 2.05292E-11 7.82664E-07 2.04072E-12 3.40447E-11 1.49753E-17 4.12639E-11
 1.36006E-10 9.05453E-16 4.31633E-16 1.28286E-28 6.18083E-08 1.39382E-15 1.03619E-20 4.21071E-18
 6.44477E-10 4.84064E-16 6.26223E-11 3.20259E-17 4.68674E-16 8.75631E-10 1.61739E-13 9.35220E-13
 2.48224E-08 2.74926E-14 4.15712E-04 1.24453E-15 5.05444E-11 1.38226E-07 1.59461E-08 2.39658E-17
 2.07476E-03 3.99596E-03 3.66902E-05 1.85019E-07 2.28626E-11 7.75165E-07 1.83319E-12 3.03404E-11
 1.49483E-17 3.44640E-11 1.49130E-10 6.64370E-16 2.80719E-16 1.77117E-28 6.16376E-08 1.67062E-15
 1.42331E-20 4.85276E-18 8.15163E-10 4.14232E-16 4.21652E-11 2.68341E-17 5.49784E-16 8.59908E-10
 1.76390E-13 6.36199E-13 2.74204E-08 3.10860E-14 4.15282E-04 1.55127E-15 5.65670E-11 1.55610E-07
 1.49458E-08 3.20031E-17 2.07483E-03 3.99515E-03 3.66737E-05 2.04256E-07 2.50738E-11 7.67445E-07
 1.66426E-12 2.70741E-11 1.45925E-17 2.84504E-11 1.60738E-10 4.94142E-16 1.85169E-16 2.38849E-28
 6.14637E-08 1.93604E-15 1.89578E-20 5.51983E-18 9.88997E-10 3.49350E-16 2.80859E-11 2.19440E-17
 6.44100E-16 8.38825E-10 1.85901E-13 4.23258E-13 2.94670E-08 3.55648E-14 4.14723E-04 1.88600E-15
 6.22926E-11 1.69494E-07 1.41712E-08 4.16945E-17 2.07489E-03 3.99437E-03 3.66474E-05 2.18900E-07
 2.71396E-11 7.59790E-07 1.52498E-12 2.41822E-11 1.39992E-17 2.33613E-11 1.70694E-10 3.72905E-16
 1.23925E-16 3.16980E-28 6.12937E-08 2.18958E-15 2.45823E-20 6.22468E-18 1.15907E-09 2.92103E-16
 1.86740E-11 1.77096E-17 7.54148E-16 8.15539E-10 1.90860E-13 2.78540E-13 3.09999E-08 4.11425E-14
 4.14046E-04 2.24918E-15 6.77635E-11 1.80048E-07 1.35833E-08 5.33023E-17 2.07496E-03 3.99364E-03
 3.66119E-05 2.29388E-07 2.90592E-11 7.52441E-07 1.40780E-12 2.16083E-11 1.32481E-17 1.91895E-11
 1.79037E-10 2.85266E-16 8.40209E-17 4.15879E-28 6.11328E-08 2.43204E-15 3.11600E-20 6.97645E-18
 1.31995E-09 2.43053E-16 1.25010E-11 1.42571E-17 8.83130E-16 7.92404E-10 1.92282E-13 1.83277E-13
 3.21079E-08 4.80745E-14 4.13264E-04 2.64422E-15 7.30615E-11 1.87814E-07 1.31444E-08 6.72214E-17
 2.07501E-03 3.99297E-03 3.65684E-05 2.36507E-07 3.08641E-11 7.45492E-07 1.30966E-12 1.93524E-11
 1.24295E-17 1.58123E-11 1.85908E-10 2.21465E-16 5.78677E-17 5.40418E-28 6.09830E-08 2.66637E-15
 3.87869E-20 7.78558E-18 1.46972E-09 2.01877E-16 8.45480E-12 1.15057E-17 1.03404E-15 7.70654E-10
 1.91180E-13 1.21139E-13 3.28819E-08 5.66978E-14 4.12388E-04 3.07535E-15 7.82718E-11 1.93365E-07
 1.28248E-08 8.39876E-17 2.07507E-03 3.99236E-03 3.65182E-05 2.41022E-07 3.26026E-11 7.38981E-07
 1.23218E-12 1.74576E-11 1.16384E-17 1.30934E-11 1.91424E-10 1.75308E-16 4.08552E-17 6.93975E-28
 6.08448E-08 2.89485E-15 4.75709E-20 8.66050E-18 1.60792E-09 1.67919E-16 5.78708E-12 9.33166E-18
 1.20933E-15 7.50862E-10 1.88308E-13 8.06081E-14 3.33952E-08 6.73214E-14 4.11430E-04 3.54926E-15
 8.34492E-11 1.97209E-07 1.25925E-08 1.04200E-16 2.07512E-03 3.99182E-03 3.64626E-05 2.43567E-07
 3.42820E-11 7.32920E-07 1.16608E-12 1.57906E-11 1.08556E-17 1.09086E-11 1.95882E-10 1.40488E-16
 2.92418E-17 8.86483E-28 6.07181E-08 3.12081E-15 5.76969E-20 9.61090E-18 1.73465E-09 1.39847E-16
 4.01481E-12 7.62945E-18 1.41425E-15 7.33231E-10 1.84389E-13 5.41363E-14 3.37113E-08 8.03541E-14
 4.10399E-04 4.07333E-15 8.86474E-11 1.99772E-07 1.24253E-08 1.28628E-16 2.07516E-03 3.99133E-03
 3.64029E-05 2.44661E-07 3.59220E-11 7.27289E-07 1.10883E-12 1.43170E-11 1.00985E-17 9.14917E-12
 1.99459E-10 1.13786E-16 2.11781E-17 1.12882E-27 6.06020E-08 3.34650E-15 6.93862E-20 1.06456E-17
 1.85078E-09 1.16695E-16 2.82350E-12 6.29455E-18 1.65389E-15 7.17696E-10 1.79864E-13 3.67198E-14
 3.38821E-08 9.63824E-14 4.09301E-04 4.65418E-15 9.39259E-11 2.01384E-07 1.23094E-08 1.58296E-16
 2.07520E-03 3.99089E-03 3.63398E-05 2.44715E-07 3.75682E-11 7.22049E-07 1.06535E-12 1.30925E-11
 9.42769E-18 7.72799E-12 2.02210E-10 9.37358E-17 1.57046E-17 1.42593E-27 6.04953E-08 3.57204E-15
 8.28422E-20 1.17698E-17 1.95748E-09 9.78280E-17 2.01193E-12 5.23899E-18 1.93155E-15 7.04072E-10
 1.74910E-13 2.51393E-14 3.39453E-08 1.16011E-13 4.08138E-04 5.30091E-15 9.93189E-11 2.02299E-07
 1.22292E-08 1.94381E-16 2.07524E-03 3.99049E-03 3.62741E-05 2.44027E-07 3.92296E-11 7.17154E-07
 1.03271E-12 1.20626E-11 8.83298E-18 6.57398E-12 2.04286E-10 7.83481E-17 1.18860E-17 1.79176E-27
 6.03967E-08 3.79866E-15 9.83750E-20 1.29921E-17 2.05605E-09 8.24487E-17 1.45089E-12 4.39712E-18
 2.25343E-15 6.92127E-10 1.69737E-13 1.73590E-14 3.39290E-08 1.39972E-13 4.06908E-04 6.02324E-15
 1.04858E-10 2.02705E-07 1.21716E-08 2.38349E-16 2.07527E-03 3.99013E-03 3.62061E-05 2.42817E-07
 4.09193E-11 7.12559E-07 1.01053E-12 1.12065E-11 8.31746E-18 5.63180E-12 2.05780E-10 6.64376E-17
 9.18790E-18 2.24042E-27 6.03050E-08 4.02662E-15 1.16337E-19 1.43178E-17 2.14770E-09 6.98998E-17
 1.05731E-12 3.71823E-18 2.62589E-15 6.81632E-10 1.64457E-13 1.20756E-14 3.38556E-08 1.69141E-13
 4.05618E-04 6.83201E-15 1.10574E-10 2.02741E-07 1.21258E-08 2.92020E-16 2.07530E-03 3.98980E-03
 3.61365E-05 2.41258E-07 4.26504E-11 7.08255E-07 9.99298E-13 1.05119E-11 7.88544E-18 4.86421E-12
 2.06756E-10 5.71905E-17 7.26813E-18 2.78659E-27 6.02198E-08 4.25422E-15 1.37118E-19 1.57484E-17
 2.23291E-09 5.97122E-17 7.79173E-13 3.17167E-18 3.05625E-15 6.72448E-10 1.59155E-13 8.47174E-15
 3.37433E-08 2.04586E-13 4.04270E-04 7.73872E-15 1.16498E-10 2.02514E-07 1.20826E-08 3.57694E-16
 2.07533E-03 3.98949E-03 3.60657E-05 2.39485E-07 4.44448E-11 7.04217E-07 1.00140E-12 9.98506E-12
 7.54948E-18 4.23897E-12 2.07252E-10 5.01020E-17 5.91499E-18 3.43962E-27 6.01404E-08 4.47867E-15
 1.61146E-19 1.72825E-17 2.31239E-09 5.14942E-17 5.80695E-13 2.73025E-18 3.55129E-15 6.64412E-10
 1.53846E-13 5.99568E-15 3.36050E-08 2.47604E-13 4.02851E-04 8.75499E-15 1.22665E-10 2.02101E-07
 1.20330E-08 4.38295E-16 2.07535E-03 3.98921E-03 3.59935E-05 2.37583E-07 4.63352E-11 7.00389E-07
 1.02060E-12 9.64069E-12 7.32431E-18 3.72540E-12 2.07282E-10 4.48246E-17 4.98564E-18 4.19648E-27
 6.00653E-08 4.69742E-15 1.88881E-19 1.89150E-17 2.38746E-09 4.48638E-17 4.36461E-13 2.36599E-18
 4.11605E-15 6.57314E-10 1.48482E-13 4.26907E-15 3.34499E-08 2.99560E-13 4.01359E-04 9.89641E-15
 1.29093E-10 2.01569E-07 1.19681E-08 5.37330E-16 2.07537E-03 3.98895E-03 3.59200E-05 2.35621E-07
 4.83276E-11 6.96752E-07 1.05720E-12 9.45593E-12 7.20035E-18 3.30353E-12 2.06895E-10 4.08909E-17
 4.34453E-18 5.06483E-27 5.99941E-08 4.90786E-15 2.20941E-19 2.06403E-17 2.45865E-09 3.95013E-17
 3.30653E-13 2.06398E-18 4.75977E-15 6.51035E-10 1.43106E-13 3.05780E-15 3.32867E-08 3.62024E-13
 3.99804E-04 1.11808E-14 1.35806E-10 2.00977E-07 1.18802E-08 6.59221E-16 2.07539E-03 3.98871E-03
 3.58458E-05 2.33664E-07 5.04346E-11 6.93315E-07 1.11271E-12 9.42020E-12 7.17358E-18 2.95934E-12
 2.06124E-10 3.79991E-17 3.90946E-18 6.04479E-27 5.99268E-08 5.10669E-15 2.58007E-19 2.24465E-17
 2.52594E-09 3.51569E-17 2.52840E-13 1.81585E-18 5.49231E-15 6.45514E-10 1.37769E-13 2.20747E-15
 3.31207E-08 4.36667E-13 3.98184E-04 1.26302E-14 1.42822E-10 2.00373E-07 1.17634E-08 8.09371E-16
 2.07541E-03 3.98848E-03 3.57711E-05 2.31748E-07 5.26552E-11 6.90065E-07 1.18790E-12 9.51615E-12
 7.23558E-18 2.67884E-12 2.05007E-10 3.58793E-17 3.61840E-18 7.14914E-27 5.98630E-08 5.29283E-15
 3.00989E-19 2.43250E-17 2.58974E-09 3.16004E-17 1.95136E-13 1.61179E-18 6.32687E-15 6.40657E-10
 1.32525E-13 1.60693E-15 3.29559E-08 5.25185E-13 3.96491E-04 1.42725E-14 1.50148E-10 1.99798E-07
 1.16130E-08 9.94343E-16 2.07543E-03 3.98827E-03 3.56956E-05 2.29896E-07 5.49735E-11 6.86975E-07
 1.28330E-12 9.72545E-12 7.37839E-18 2.44955E-12 2.03573E-10 3.43090E-17 3.42710E-18 8.41445E-27
 5.98021E-08 5.46716E-15 3.51117E-19 2.62712E-17 2.65068E-09 2.86438E-17 1.51771E-13 1.44193E-18
 7.28150E-15 6.36360E-10 1.27438E-13 1.17845E-15 3.27979E-08 6.29450E-13 3.94724E-04 1.61404E-14
 1.57802E-10 1.99289E-07 1.14269E-08 1.22238E-15 2.07544E-03 3.98807E-03 3.56196E-05 2.28140E-07
 5.73792E-11 6.84037E-07 1.40106E-12 1.00436E-11 7.60280E-18 2.26302E-12 2.01836E-10 3.31654E-17
 3.31249E-18 9.88541E-27 5.97438E-08 5.63033E-15 4.09863E-19 2.82787E-17 2.70896E-09 2.61663E-17
 1.18951E-13 1.30036E-18 8.37704E-15 6.32563E-10 1.22564E-13 8.70967E-16 3.26544E-08 7.51366E-13
 3.92893E-04 1.82756E-14 1.65802E-10 1.98880E-07 1.12055E-08 1.50360E-15 2.07546E-03 3.98789E-03
 3.55435E-05 2.26529E-07 5.98478E-11 6.81261E-07 1.54402E-12 1.04697E-11 7.91462E-18 2.11293E-12
 1.99814E-10 3.23584E-17 3.26083E-18 1.16469E-26 5.96882E-08 5.78321E-15 4.79163E-19 3.03459E-17
 2.76454E-09 2.40862E-17 9.40261E-14 1.18338E-18 9.64174E-15 6.29227E-10 1.17966E-13 6.49573E-16
 3.25352E-08 8.93380E-13 3.91007E-04 2.07224E-14 1.74188E-10 1.98592E-07 1.09510E-08 1.85126E-15
 2.07547E-03 3.98771E-03 3.54679E-05 2.25118E-07 6.23920E-11 6.78651E-07 1.71918E-12 1.10283E-11
 8.33261E-18 1.99390E-12 1.97494E-10 3.19008E-17 3.27573E-18 1.37494E-26 5.96354E-08 5.92472E-15
 5.61083E-19 3.24620E-17 2.81733E-09 2.23425E-17 7.50397E-14 1.08776E-18 1.10999E-14 6.26314E-10
 1.13630E-13 4.89365E-16 3.24513E-08 1.05849E-12 3.89082E-04 2.35306E-14 1.83018E-10 1.98439E-07
 1.06663E-08 2.28249E-15 2.07548E-03 3.98755E-03 3.53935E-05 2.23973E-07 6.50418E-11 6.76219E-07
 1.93540E-12 1.17484E-11 8.87657E-18 1.90135E-12 1.94863E-10 3.18126E-17 3.36361E-18 1.62174E-26
 5.95856E-08 6.05176E-15 6.57926E-19 3.46117E-17 2.86716E-09 2.08827E-17 6.05704E-14 1.01145E-18
 1.27744E-14 6.23795E-10 1.09524E-13 3.72982E-16 3.24132E-08 1.25005E-12 3.87124E-04 2.67568E-14
 1.92352E-10 1.98422E-07 1.03536E-08 2.81926E-15 2.07549E-03 3.98740E-03 3.53205E-05 2.23152E-07
 6.78331E-11 6.73959E-07 2.20276E-12 1.26577E-11 9.56409E-18 1.83051E-12 1.91898E-10 3.20914E-17
 3.52984E-18 1.90455E-26 5.95386E-08 6.16000E-15 7.72370E-19 3.67730E-17 2.91416E-09 1.96458E-17
 4.94765E-14 9.51668E-19 1.46870E-14 6.21626E-10 1.05587E-13 2.87690E-16 3.24313E-08 1.47189E-12
 3.85126E-04 3.04617E-14 2.02267E-10 1.98535E-07 1.00125E-08 3.49036E-15 2.07550E-03 3.98725E-03
 3.52488E-05 2.22711E-07 7.08283E-11 6.71853E-07 2.53355E-12 1.37878E-11 1.04107E-17 1.77682E-12
 1.88560E-10 3.27307E-17 3.78110E-18 2.21265E-26 5.94940E-08 6.24294E-15 9.07229E-19 3.89073E-17
 2.95873E-09 1.85665E-17 4.08768E-14 9.05376E-19 1.68515E-14 6.19756E-10 1.01732E-13 2.24367E-16
 3.25157E-08 1.72883E-12 3.83090E-04 3.47085E-14 2.12862E-10 1.98772E-07 9.64336E-09 4.33406E-15
 2.07551E-03 3.98712E-03 3.51784E-05 2.22708E-07 7.41250E-11 6.69890E-07 2.94191E-12 1.51705E-11
 1.14242E-17 1.73646E-12 1.84812E-10 3.37145E-17 4.12286E-18 2.51964E-26 5.94517E-08 6.29201E-15
 1.06516E-18 4.09612E-17 3.00105E-09 1.75849E-17 3.41609E-14 8.70657E-19 1.92679E-14 6.18148E-10
 9.78582E-14 1.76854E-16 3.26747E-08 2.02677E-12 3.81017E-04 3.95637E-14 2.24245E-10 1.99120E-07
 9.24717E-09 5.40120E-15 2.07551E-03 3.98699E-03 3.51094E-05 2.23191E-07 7.78481E-11 6.68065E-07
 3.44297E-12 1.68329E-11 1.26005E-17 1.70602E-12 1.80623E-10 3.50056E-17 4.55580E-18 2.78403E-26
 5.94115E-08 6.29840E-15 1.24851E-18 4.28721E-17 3.04125E-09 1.66483E-17 2.88900E-14 8.46323E-19
 2.19215E-14 6.16773E-10 9.38719E-14 1.40886E-16 3.29157E-08 2.37313E-12 3.78901E-04 4.50888E-14
 2.36557E-10 1.99572E-07 8.82351E-09 6.76117E-15 2.07552E-03 3.98687E-03 3.50414E-05 2.24199E-07
 8.21842E-11 6.66362E-07 4.05403E-12 1.88033E-11 1.39190E-17 1.68228E-12 1.75947E-10 3.65568E-17
 5.07565E-18 2.94479E-26 5.93731E-08 6.25483E-15 1.45851E-18 4.45549E-17 3.07963E-09 1.57096E-17
 2.47096E-14 8.30623E-19 2.47678E-14 6.15594E-10 8.96851E-14 1.13284E-16 3.32440E-08 2.77329E-12
 3.76732E-04 5.13757E-14 2.49886E-10 2.00123E-07 8.37361E-09 8.49977E-15 2.07552E-03 3.98676E-03
 3.49742E-05 2.25755E-07 8.72032E-11 6.64767E-07 4.79037E-12 2.10931E-11 1.53630E-17 1.66247E-12
 1.70756E-10 3.82605E-17 5.66751E-18 2.98308E-26 5.93362E-08 6.16002E-15 1.69819E-18 4.59572E-17
 3.11649E-09 1.47398E-17 2.13598E-14 8.22379E-19 2.77976E-14 6.14584E-10 8.53319E-14 9.18998E-17
 3.36602E-08 3.22989E-12 3.74518E-04 5.85593E-14 2.64256E-10 2.00770E-07 7.90326E-09 1.07198E-14
 2.07552E-03 3.98665E-03 3.49078E-05 2.27860E-07 9.28432E-11 6.63280E-07 5.66278E-12 2.36909E-11
 1.69240E-17 1.64434E-12 1.65066E-10 3.99732E-17 6.30361E-18 2.92910E-26 5.93009E-08 6.01798E-15
 1.97376E-18 4.70793E-17 3.15180E-09 1.37315E-17 1.86690E-14 8.21682E-19 3.10550E-14 6.13722E-10
 8.09337E-14 7.53119E-17 3.41622E-08 3.74958E-12 3.72271E-04 6.67555E-14 2.79761E-10 2.01502E-07
 7.41890E-09 1.35630E-14 2.07552E-03 3.98655E-03 3.48427E-05 2.30498E-07 9.92066E-11 6.61902E-07
 6.68189E-12 2.65822E-11 1.85592E-17 1.62599E-12 1.58901E-10 4.15883E-17 6.94634E-18 2.78286E-26
 5.92673E-08 5.83162E-15 2.28890E-18 4.78959E-17 3.18548E-09 1.26864E-17 1.65071E-14 8.28576E-19
 3.45273E-14 6.12995E-10 7.65421E-14 6.23832E-17 3.47495E-08 4.34116E-12 3.69990E-04 7.60630E-14
 2.96555E-10 2.02312E-07 6.92406E-09 1.72231E-14 2.07553E-03 3.98645E-03 3.47785E-05 2.33660E-07
 1.06506E-10 6.60624E-07 7.85939E-12 2.97558E-11 2.02028E-17 1.60576E-12 1.52267E-10 4.30133E-17
 7.55231E-18 2.53654E-26 5.92351E-08 5.60226E-15 2.64467E-18 4.83513E-17 3.21769E-09 1.16083E-17
 1.47582E-14 8.42379E-19 3.81571E-14 6.12380E-10 7.21914E-14 5.21861E-17 3.54247E-08 5.00981E-12
 3.67656E-04 8.65970E-14 3.14783E-10 2.03202E-07 6.42022E-09 2.19490E-14 2.07553E-03 3.98635E-03
 3.47146E-05 2.37355E-07 1.14902E-10 6.59430E-07 9.20599E-12 3.31987E-11 2.17971E-17 1.58229E-12
 1.45158E-10 4.41418E-17 8.07435E-18 2.21058E-26 5.92040E-08 5.33183E-15 3.04282E-18 4.83946E-17
 3.24876E-09 1.05042E-17 1.33249E-14 8.62086E-19 4.19054E-14 6.11858E-10 6.80302E-14 4.40330E-17
 3.61865E-08 5.76158E-12 3.65262E-04 9.84623E-14 3.34609E-10 2.04172E-07 5.91148E-09 2.80704E-14
 2.07552E-03 3.98626E-03 3.46507E-05 2.41569E-07 1.24600E-10 6.58312E-07 1.07234E-11 3.68671E-11
 2.32582E-17 1.55468E-12 1.37618E-10 4.48572E-17 8.45797E-18 1.83536E-26 5.91739E-08 5.02555E-15
 3.48325E-18 4.79948E-17 3.27885E-09 9.39213E-18 1.21407E-14 8.87103E-19 4.57189E-14 6.11414E-10
 6.44570E-14 3.74465E-17 3.70265E-08 6.60489E-12 3.62819E-04 1.11756E-13 3.56175E-10 2.05216E-07
 5.40586E-09 3.60193E-14 2.07552E-03 3.98617E-03 3.45870E-05 2.46251E-07 1.35825E-10 6.57270E-07
 1.23977E-11 4.06712E-11 2.44821E-17 1.52269E-12 1.29774E-10 4.50481E-17 8.65286E-18 1.45026E-26
 5.91449E-08 4.69356E-15 3.96444E-18 4.71684E-17 3.30789E-09 8.30193E-18 1.11614E-14 9.17349E-19
 4.95452E-14 6.11037E-10 6.23861E-14 3.20934E-17 3.79409E-08 7.54173E-12 3.60317E-04 1.26596E-13
 3.79628E-10 2.06339E-07 4.90854E-09 4.63482E-14 2.07552E-03 3.98608E-03 3.45231E-05 2.51372E-07
 1.48727E-10 6.56296E-07 1.42137E-11 4.45354E-11 2.54071E-17 1.48625E-12 1.21717E-10 4.46470E-17
 8.63384E-18 1.09385E-26 5.91167E-08 4.34583E-15 4.48666E-18 4.59434E-17 3.33606E-09 7.25630E-18
 1.03432E-14 9.52220E-19 5.33644E-14 6.10717E-10 6.36887E-14 2.77031E-17 3.89283E-08 8.56995E-12
 3.57737E-04 1.43104E-13 4.05142E-10 2.07552E-07 4.42405E-09 5.97717E-14 2.07552E-03 3.98600E-03
 3.44582E-05 2.56918E-07 1.63449E-10 6.55379E-07 1.61529E-11 4.83905E-11 2.59968E-17 1.44552E-12
 1.13531E-10 4.36318E-17 8.39922E-18 7.90398E-27 5.90892E-08 3.99206E-15 5.05055E-18 4.43602E-17
 3.36359E-09 6.27291E-18 9.65046E-15 9.90900E-19 5.71645E-14 6.10441E-10 7.21744E-14 2.40688E-17
 3.99795E-08 9.68638E-12 3.55081E-04 1.61450E-13 4.32832E-10 2.08859E-07 3.96006E-09 7.71900E-14
 2.07552E-03 3.98591E-03 3.43924E-05 2.62831E-07 1.80031E-10 6.54516E-07 1.81832E-11 5.21397E-11
 2.62414E-17 1.40118E-12 1.05357E-10 4.20262E-17 7.97051E-18 5.52297E-27 5.90622E-08 3.64436E-15
 5.66048E-18 4.25194E-17 3.39052E-09 5.37151E-18 9.05987E-15 1.03314E-18 6.09769E-14 6.10203E-10
 9.45536E-14 2.10506E-17 4.10858E-08 1.08842E-11 3.52347E-04 1.81860E-13 4.62807E-10 2.10261E-07
 3.52279E-09 9.97348E-14 2.07551E-03 3.98583E-03 3.43254E-05 2.69054E-07 1.98437E-10 6.53705E-07
 2.02713E-11 5.57002E-11 2.61693E-17 1.35406E-12 9.73219E-11 3.99061E-17 7.38867E-18 3.77590E-27
 5.90359E-08 3.31300E-15 6.32489E-18 4.05320E-17 3.41688E-09 4.56363E-18 8.55225E-15 1.07875E-18
 6.48616E-14 6.09996E-10 1.40610E-13 1.85363E-17 4.22357E-08 1.21571E-11 3.49541E-04 2.04634E-13
 4.95148E-10 2.11752E-07 3.11757E-09 1.28827E-13 2.07551E-03 3.98575E-03 3.42573E-05 2.75513E-07
 2.18573E-10 6.52944E-07 2.23820E-11 5.89961E-11 2.58304E-17 1.30518E-12 8.95517E-11 3.73857E-17
 6.70580E-18 2.55935E-27 5.90101E-08 3.00647E-15 7.05631E-18 3.85164E-17 3.44264E-09 3.85494E-18
 8.11307E-15 1.12779E-18 6.88986E-14 6.09814E-10 2.18046E-13 1.64370E-17 4.34135E-08 1.35030E-11
 3.46683E-04 2.30182E-13 5.29865E-10 2.13316E-07 2.74911E-09 1.66226E-13 2.07550E-03 3.98568E-03
 3.41883E-05 2.82107E-07 2.40266E-10 6.52236E-07 2.44785E-11 6.19542E-11 2.52898E-17 1.25577E-12
 8.21819E-11 3.46035E-17 5.97804E-18 1.74652E-27 5.89851E-08 2.73163E-15 7.87335E-18 3.65977E-17
 3.46766E-09 3.24705E-18 7.73224E-15 1.18078E-18 7.31977E-14 6.09654E-10 3.21366E-13 1.46835E-17
 4.46062E-08 1.49280E-11 3.43791E-04 2.58963E-13 5.67002E-10 2.14932E-07 2.41919E-09 2.14197E-13
 2.07550E-03 3.98560E-03 3.41189E-05 2.88748E-07 2.63455E-10 6.51581E-07 2.65326E-11 6.45305E-11
 2.46012E-17 1.20688E-12 7.53048E-11 3.16988E-17 5.25396E-18 1.21227E-27 5.89609E-08 2.49175E-15
 8.79434E-18 3.48623E-17 3.49185E-09 2.73470E-18 7.40071E-15 1.23818E-18 7.78327E-14 6.09513E-10
 4.05223E-13 1.32124E-17 4.58105E-08 1.64404E-11 3.40865E-04 2.91470E-13 6.06699E-10 2.16586E-07
 2.12617E-09 2.75698E-13 2.07549E-03 3.98553E-03 3.40489E-05 2.95395E-07 2.88212E-10 6.50974E-07
 2.85296E-11 6.67222E-11 2.38064E-17 1.15914E-12 6.89410E-11 2.87868E-17 4.56649E-18 8.59356E-28
 5.89375E-08 2.28643E-15 9.83608E-18 3.33473E-17 3.51526E-09 2.30641E-18 7.10906E-15 1.29995E-18
 8.28351E-14 6.09387E-10 4.73211E-13 1.19663E-17 4.70322E-08 1.80449E-11 3.37887E-04 3.28268E-13
 6.49166E-10 2.18272E-07 1.86657E-09 3.54546E-13 2.07549E-03 3.98546E-03 3.39777E-05 3.02055E-07
 3.14655E-10 6.50409E-07 3.04648E-11 6.85539E-11 2.29432E-17 1.11275E-12 6.30611E-11 2.59512E-17
 3.93345E-18 6.22996E-28 5.89147E-08 2.11358E-15 1.10174E-17 3.20626E-17 3.53808E-09 1.94856E-18
 6.84836E-15 1.36578E-18 8.82256E-14 6.09272E-10 5.28522E-13 1.08972E-17 4.82783E-08 1.97487E-11
 3.34841E-04 3.69985E-13 6.94670E-10 2.19985E-07 1.63683E-09 4.55726E-13 2.07548E-03 3.98539E-03
 3.39050E-05 3.08731E-07 3.42999E-10 6.49879E-07 3.23355E-11 7.00537E-11 2.20364E-17 1.06787E-12
 5.76315E-11 2.32496E-17 3.36337E-18 4.61666E-28 5.88923E-08 1.97146E-15 1.23573E-17 3.10110E-17
 3.56047E-09 1.64922E-18 6.61168E-15 1.43533E-18 9.40059E-14 6.09166E-10 5.73586E-13 9.96756E-18
 4.95473E-08 2.15748E-11 3.31735E-04 4.17295E-13 7.43478E-10 2.21699E-07 1.43456E-09 5.85881E-13
 2.07548E-03 3.98532E-03 3.38309E-05 3.15376E-07 3.73628E-10 6.49385E-07 3.41351E-11 7.12336E-11
 2.10925E-17 1.02494E-12 5.26556E-11 2.07225E-17 2.86188E-18 3.49133E-28 5.88703E-08 1.86004E-15
 1.38721E-17 3.02070E-17 3.58241E-09 1.40013E-18 6.39533E-15 1.50862E-18 1.00145E-13 6.09067E-10
 6.09982E-13 9.14965E-18 5.08342E-08 2.35533E-11 3.28590E-04 4.70980E-13 7.95851E-10 2.23388E-07
 1.25757E-09 7.53813E-13 2.07547E-03 3.98525E-03 3.37558E-05 3.21920E-07 4.06989E-10 6.48927E-07
 3.58575E-11 7.21054E-11 2.01189E-17 9.84410E-13 4.81412E-11 1.83949E-17 2.43039E-18 2.69131E-28
 5.88490E-08 1.77993E-15 1.55788E-17 2.96700E-17 3.60378E-09 1.19436E-18 6.19688E-15 1.58590E-18
 1.06606E-13 6.08975E-10 6.38958E-13 8.42329E-18 5.21442E-08 2.57040E-11 3.25404E-04 5.32007E-13
 8.52143E-10 2.25035E-07 1.10272E-09 9.71119E-13 2.07546E-03 3.98519E-03 3.36796E-05 3.28342E-07
 4.43563E-10 6.48502E-07 3.75027E-11 7.27011E-11 1.91312E-17 9.46373E-13 4.40541E-11 1.62739E-17
 2.06346E-18 2.11178E-28 5.88281E-08 1.73172E-15 1.75010E-17 2.94073E-17 3.62464E-09 1.02423E-18
 6.01292E-15 1.66707E-18 1.13365E-13 6.08887E-10 6.61805E-13 7.77071E-18 5.34910E-08 2.80549E-11
 3.22155E-04 6.01214E-13 9.13031E-10 2.26634E-07 9.66631E-10 1.25410E-12 2.07546E-03 3.98513E-03
 3.36019E-05 3.34657E-07 4.84263E-10 6.48104E-07 3.90754E-11 7.30577E-11 1.81198E-17 9.10647E-13
 4.03386E-11 1.43507E-17 1.75260E-18 1.67609E-28 5.88076E-08 1.71709E-15 1.96421E-17 2.94144E-17
 3.64516E-09 8.82536E-19 5.83962E-15 1.75125E-18 1.20285E-13 6.08804E-10 6.79674E-13 7.17552E-18
 5.48813E-08 3.06318E-11 3.18838E-04 6.79991E-13 9.78930E-10 2.28173E-07 8.47443E-10 1.62377E-12
 2.07545E-03 3.98507E-03 3.35223E-05 3.40838E-07 5.29561E-10 6.47732E-07 4.05774E-11 7.31997E-11
 1.71121E-17 8.77251E-13 3.69647E-11 1.26233E-17 1.49130E-18 1.35193E-28 5.87874E-08 1.73968E-15
 2.20344E-17 2.97325E-17 3.66539E-09 7.64301E-19 5.67471E-15 1.83842E-18 1.27372E-13 6.08723E-10
 6.93388E-13 6.63028E-18 5.63132E-08 3.34392E-11 3.15474E-04 7.71458E-13 1.04944E-09 2.29626E-07
 7.44421E-10 2.10372E-12 2.07545E-03 3.98501E-03 3.34415E-05 3.46815E-07 5.78730E-10 6.47386E-07
 4.20040E-11 7.31468E-11 1.62028E-17 8.46382E-13 3.39239E-11 1.11036E-17 1.27457E-18 1.13437E-28
 5.87675E-08 1.80419E-15 2.48140E-17 3.04568E-17 3.68525E-09 6.66058E-19 5.51731E-15 1.93043E-18
 1.35009E-13 6.08645E-10 7.03552E-13 6.13496E-18 5.77904E-08 3.65156E-11 3.12067E-04 8.78910E-13
 1.12462E-09 2.30976E-07 6.55934E-10 2.72682E-12 2.07544E-03 3.98495E-03 3.33595E-05 3.52545E-07
 6.31902E-10 6.47064E-07 4.33578E-11 7.29213E-11 1.54172E-17 8.18042E-13 3.11910E-11 9.78159E-18
 1.09606E-18 9.99827E-29 5.87480E-08 1.91601E-15 2.80976E-17 3.16529E-17 3.70471E-09 5.84423E-19
 5.36618E-15 2.02826E-18 1.43351E-13 6.08568E-10 7.10723E-13 5.68431E-18 5.93212E-08 3.99301E-11
 3.08618E-04 1.00565E-12 1.20507E-09 2.32209E-07 5.79971E-10 3.54044E-12 2.07543E-03 3.98489E-03
 3.32763E-05 3.57999E-07 6.90141E-10 6.46765E-07 4.46464E-11 7.25443E-11 1.47356E-17 7.92129E-13
 2.87339E-11 8.63382E-18 9.49329E-19 9.23429E-29 5.87289E-08 2.08162E-15 3.19683E-17 3.33733E-17
 3.72381E-09 5.16405E-19 5.21999E-15 2.13211E-18 1.52337E-13 6.08492E-10 7.15363E-13 5.27101E-18
 6.09100E-08 4.37438E-11 3.05137E-04 1.15696E-12 1.29083E-09 2.33306E-07 5.15059E-10 4.60414E-12
 2.07543E-03 3.98483E-03 3.31922E-05 3.63132E-07 7.53963E-10 6.46488E-07 4.58736E-11 7.20365E-11
 1.41767E-17 7.68598E-13 2.65294E-11 7.64620E-18 8.29176E-19 8.97477E-29 5.87102E-08 2.30803E-15
 3.66034E-17 3.57040E-17 3.74253E-09 4.59758E-19 5.07809E-15 2.24330E-18 1.62112E-13 6.08417E-10
 7.17836E-13 4.89146E-18 6.25673E-08 4.80304E-11 3.01620E-04 1.33981E-12 1.38198E-09 2.34255E-07
 4.59653E-10 5.99725E-12 2.07542E-03 3.98478E-03 3.31070E-05 3.67920E-07 8.24187E-10 6.46231E-07
 4.70441E-11 7.14202E-11 1.37534E-17 7.47292E-13 2.45468E-11 6.80256E-18 7.30625E-19 9.19654E-29
 5.86919E-08 2.60398E-15 4.22377E-17 3.87488E-17 3.76088E-09 4.12428E-19 4.93946E-15 2.36302E-18
 1.72812E-13 6.08343E-10 7.18451E-13 4.54177E-18 6.43153E-08 5.28951E-11 2.98043E-04 1.56225E-12
 1.47916E-09 2.35048E-07 4.12045E-10 7.83359E-12 2.07541E-03 3.98472E-03 3.30203E-05 3.72365E-07
 9.02868E-10 6.45992E-07 4.81661E-11 7.07142E-11 1.34504E-17 7.27934E-13 2.27474E-11 6.08093E-18
 6.49045E-19 9.88169E-29 5.86737E-08 2.98180E-15 4.91013E-17 4.26322E-17 3.77903E-09 3.72523E-19
 4.80242E-15 2.49160E-18 1.84378E-13 6.08268E-10 7.17443E-13 4.21645E-18 6.61730E-08 5.84725E-11
 2.94392E-04 1.83482E-12 1.58299E-09 2.35672E-07 3.70920E-10 1.02720E-11 2.07541E-03 3.98467E-03
 3.29317E-05 3.76447E-07 9.92766E-10 6.45767E-07 4.92473E-11 6.99325E-11 1.32563E-17 7.10339E-13
 2.11037E-11 5.46309E-18 5.81025E-19 1.10768E-28 5.86557E-08 3.45559E-15 5.74862E-17 4.75250E-17
 3.79705E-09 3.38689E-19 4.66586E-15 2.62985E-18 1.96738E-13 6.08193E-10 7.14974E-13 3.91200E-18
 6.81525E-08 6.49277E-11 2.90667E-04 2.17239E-12 1.69382E-09 2.36111E-07 3.35314E-10 1.35322E-11
 2.07540E-03 3.98461E-03 3.28411E-05 3.80122E-07 1.09726E-09 6.45556E-07 5.02932E-11 6.90876E-11
 1.31750E-17 6.94406E-13 1.95982E-11 4.93608E-18 5.24101E-19 1.29300E-28 5.86378E-08 4.03998E-15
 6.78196E-17 5.36672E-17 3.81494E-09 3.09969E-19 4.52933E-15 2.77955E-18 2.09881E-13 6.08116E-10
 7.11177E-13 3.62693E-18 7.02652E-08 7.24810E-11 2.86867E-04 2.59520E-12 1.81229E-09 2.36352E-07
 3.04381E-10 1.79336E-11 2.07539E-03 3.98456E-03 3.27487E-05 3.83339E-07 1.22137E-09 6.45359E-07
 5.13098E-11 6.81896E-11 1.32090E-17 6.80040E-13 1.82156E-11 4.48782E-18 4.76289E-19 1.57104E-28
 5.86200E-08 4.75102E-15 8.06506E-17 6.13947E-17 3.83271E-09 2.85583E-19 4.39248E-15 2.94311E-18
 2.23725E-13 6.08039E-10 7.06157E-13 3.36013E-18 7.25213E-08 8.14344E-11 2.82993E-04 3.13143E-12
 1.93955E-09 2.36381E-07 2.77397E-10 2.39591E-11 2.07539E-03 3.98451E-03 3.26545E-05 3.86039E-07
 1.37240E-09 6.45175E-07 5.23060E-11 6.72445E-11 1.33607E-17 6.67143E-13 1.69425E-11 4.10691E-18
 4.35981E-19 1.99162E-28 5.86024E-08 5.60625E-15 9.66775E-17 7.11912E-17 3.85035E-09 2.64880E-19
 4.25504E-15 3.12387E-18 2.38091E-13 6.07962E-10 7.00000E-13 3.11075E-18 7.49302E-08 9.21837E-11
 2.79044E-04 3.82409E-12 2.07700E-09 2.36189E-07 2.53819E-10 3.23360E-11 2.07538E-03 3.98446E-03
 3.25584E-05 3.88153E-07 1.55982E-09 6.45003E-07 5.32906E-11 6.62562E-11 1.36592E-17 6.55613E-13
 1.57664E-11 3.78660E-18 4.01875E-19 2.65464E-28 5.85849E-08 6.62496E-15 1.16987E-16 8.37805E-17
 3.86787E-09 2.47315E-19 4.11670E-15 3.32707E-18 2.52866E-13 6.07883E-10 6.92773E-13 2.87854E-18
 7.74978E-08 1.05255E-10 2.75016E-04 4.74222E-12 2.22605E-09 2.35766E-07 2.33294E-10 4.41592E-11
 2.07537E-03 3.98441E-03 3.24605E-05 3.89599E-07 1.79506E-09 6.44842E-07 5.42753E-11 6.52249E-11
 1.41771E-17 6.45352E-13 1.46763E-11 3.52569E-18 3.72927E-19 3.74971E-28 5.85675E-08 7.82749E-15
 1.43438E-16 1.00224E-16 3.88527E-09 2.32432E-19 3.97722E-15 3.56075E-18 2.68073E-13 6.07804E-10
 6.84523E-13 2.66390E-18 8.02244E-08 1.21383E-10 2.70909E-04 5.99667E-12 2.38802E-09 2.35105E-07
 2.15579E-10 6.10926E-11 2.07537E-03 3.98436E-03 3.23608E-05 3.90274E-07 2.09163E-09 6.44691E-07
 5.52816E-11 6.41389E-11 1.50292E-17 6.36266E-13 1.36631E-11 3.32631E-18 3.48308E-19 5.60448E-28
 5.85502E-08 9.23415E-15 1.79145E-16 1.21957E-16 3.90254E-09 2.19855E-19 3.83644E-15 3.83578E-18
 2.83791E-13 6.07724E-10 6.75285E-13 2.46741E-18 8.31310E-08 1.41646E-10 2.66679E-04 7.76093E-12
 2.56429E-09 2.34190E-07 2.00305E-10 8.56967E-11 2.07536E-03 3.98431E-03 3.22584E-05 3.90055E-07
 2.46787E-09 6.44549E-07 5.63467E-11 6.29695E-11 1.63528E-17 6.28183E-13 1.27101E-11 3.19105E-18
 3.27132E-19 8.76530E-28 5.85329E-08 1.08805E-14 2.29023E-16 1.50921E-16 3.91983E-09 2.09162E-19
 3.69294E-15 4.16379E-18 2.99962E-13 6.07643E-10 6.64973E-13 2.28744E-18 8.63138E-08 1.67842E-10
 2.62168E-04 1.02901E-11 2.75839E-09 2.32969E-07 1.86759E-10 1.22139E-10 2.07536E-03 3.98426E-03
 3.21495E-05 3.88733E-07 2.95805E-09 6.44411E-07 5.75416E-11 6.16499E-11 1.82540E-17 6.20769E-13
 1.17798E-11 3.11681E-18 3.08241E-19 1.42186E-27 5.85150E-08 1.28582E-14 2.99690E-16 1.90206E-16
 3.93774E-09 1.99785E-19 3.54148E-15 4.55560E-18 3.16152E-13 6.07558E-10 6.53148E-13 2.11779E-18
 8.98630E-08 2.02879E-10 2.57204E-04 1.39319E-11 2.97491E-09 2.31362E-07 1.74353E-10 1.77429E-10
 2.07535E-03 3.98420E-03 3.20302E-05 3.85928E-07 3.61164E-09 6.44272E-07 5.90166E-11 6.00332E-11
 2.07548E-17 6.13779E-13 1.08421E-11 3.08753E-18 2.90846E-19 2.37577E-27 5.84959E-08 1.52877E-14
 3.98286E-16 2.44124E-16 3.95683E-09 1.91344E-19 3.37684E-15 5.02326E-18 3.31559E-13 6.07468E-10
 6.39240E-13 1.95297E-18 9.37666E-08 2.50615E-10 2.51707E-04 1.91692E-11 3.21489E-09 2.29303E-07
 1.63199E-10 2.62078E-10 2.07534E-03 3.98415E-03 3.18988E-05 3.81129E-07 4.46268E-09 6.44132E-07
 6.09638E-11 5.79324E-11 2.39331E-17 6.07166E-13 9.88995E-12 3.08779E-18 2.74724E-19 4.07638E-27
 5.84755E-08 1.82699E-14 5.33773E-16 3.17985E-16 3.97724E-09 1.83741E-19 3.19710E-15 5.57600E-18
 3.46006E-13 6.07371E-10 6.22837E-13 1.79441E-18 9.79286E-08 3.14811E-10 2.45613E-04 2.68142E-11
 3.47156E-09 2.26740E-07 1.54547E-10 3.87054E-10 2.07534E-03 3.98409E-03 3.17543E-05 3.73717E-07
 5.46867E-09 6.43990E-07 6.34092E-11 5.53256E-11 2.84551E-17 6.00931E-13 8.92183E-12 3.14802E-18
 2.59796E-19 7.22747E-27 5.84538E-08 2.19098E-14 7.29887E-16 4.19583E-16 3.99897E-09 1.76949E-19
 3.00144E-15 6.19726E-18 3.61258E-13 6.07267E-10 6.03545E-13 1.65328E-18 1.02148E-07 3.97283E-10
 2.38891E-04 3.85243E-11 3.73450E-09 2.23638E-07 1.50810E-10 5.54883E-10 2.07533E-03 3.98403E-03
 3.15965E-05 3.63050E-07 6.44730E-09 6.43848E-07 6.60317E-11 5.25417E-11 3.63105E-17 5.95111E-13
 7.94242E-12 3.38651E-18 2.46072E-19 1.31186E-26 5.84309E-08 2.63025E-14 1.05899E-15 5.60813E-16
 4.02185E-09 1.70991E-19 2.79074E-15 6.81615E-18 3.80063E-13 6.07151E-10 5.81013E-13 1.54824E-18
 1.06143E-07 4.99820E-10 2.31560E-04 5.70481E-11 4.00598E-09 2.19983E-07 1.53830E-10 7.61827E-10
 2.07533E-03 3.98397E-03 3.14266E-05 3.48598E-07 7.17721E-09 6.43708E-07 6.85429E-11 4.98883E-11
 5.05184E-17 5.89712E-13 6.96506E-12 3.94786E-18 2.33589E-19 2.31419E-26 5.84073E-08 3.14961E-14
 1.66771E-15 7.56770E-16 4.04546E-09 1.65863E-19 2.56807E-15 7.34963E-18 4.01406E-13 6.07025E-10
 5.54918E-13 1.48509E-18 1.09648E-07 6.32166E-10 2.23639E-04 8.54306E-11 4.29702E-09 2.15741E-07
 1.63009E-10 1.02416E-09 2.07533E-03 3.98391E-03 3.12464E-05 3.29975E-07 7.63035E-09 6.43571E-07
 7.12414E-11 4.71027E-11 7.32687E-17 5.84578E-13 6.00635E-12 4.86592E-18 2.22337E-19 3.77915E-26
 5.83834E-08 3.74827E-14 2.74065E-15 1.02109E-15 4.06935E-09 1.61416E-19 2.33706E-15 7.78056E-18
 4.20222E-13 6.06895E-10 5.24652E-13 1.44177E-18 1.12466E-07 8.14094E-10 2.15091E-04 1.27484E-10
 4.60518E-09 2.10832E-07 1.76861E-10 1.37855E-09 2.07533E-03 3.98386E-03 3.10570E-05 3.06929E-07
 7.90882E-09 6.43441E-07 7.45101E-11 4.38385E-11 1.06159E-16 5.79353E-13 5.07977E-12 6.14236E-18
 2.12249E-19 5.71696E-26 5.83595E-08 4.42050E-14 4.50988E-15 1.36419E-15 4.09322E-09 1.57348E-19
 2.10027E-15 8.09699E-18 4.34256E-13 6.06765E-10 4.89008E-13 1.39333E-18 1.14421E-07 1.07309E-09
 2.05833E-04 1.89365E-10 4.91102E-09 2.05165E-07 1.95484E-10 1.85942E-09 2.07533E-03 3.98381E-03
 3.08590E-05 2.79455E-07 8.02547E-09 6.43315E-07 7.83370E-11 4.01229E-11 1.52927E-16 5.73566E-13
 4.19771E-12 7.94508E-18 2.03242E-19 8.13341E-26 5.83359E-08 5.15226E-14 7.41494E-15 1.79234E-15
 4.11680E-09 1.53321E-19 1.86021E-15 8.22992E-18 4.44373E-13 6.06633E-10 4.46177E-13 1.33335E-18
 1.15308E-07 1.45583E-09 1.95771E-04 2.80132E-10 5.18563E-09 1.98668E-07 2.19920E-10 2.51873E-09
 2.07533E-03 3.98376E-03 3.06541E-05 2.47921E-07 7.96379E-09 6.43197E-07 8.27134E-11 3.59547E-11
 2.18862E-16 5.66667E-13 3.37483E-12 1.05130E-17 1.95248E-19 1.09624E-25 5.83129E-08 5.91496E-14
 1.21766E-14 2.30040E-15 4.13979E-09 1.49018E-19 1.62041E-15 8.10287E-18 4.52043E-13 6.06499E-10
 3.93689E-13 1.26266E-18 1.14888E-07 2.04257E-09 1.84796E-04 4.13436E-10 5.38981E-09 1.91320E-07
 2.51690E-10 3.44189E-09 2.07534E-03 3.98372E-03 3.04450E-05 2.13164E-07 7.70168E-09 6.43087E-07
 8.76445E-11 3.13030E-11 3.11357E-16 5.58082E-13 2.62696E-12 1.41788E-17 1.88214E-19 1.39934E-25
 5.82908E-08 6.66275E-14 1.99948E-14 2.86283E-15 4.16181E-09 1.44196E-19 1.38564E-15 7.65903E-18
 4.58443E-13 6.06364E-10 3.60437E-13 1.18393E-18 1.12897E-07 2.97069E-09 1.72779E-04 6.09600E-10
 5.47333E-09 1.83192E-07 2.92332E-10 4.77470E-09 2.07535E-03 3.98368E-03 3.02356E-05 1.76575E-07
 7.21902E-09 6.42986E-07 9.30965E-11 2.61692E-11 4.40092E-16 5.47317E-13 1.96966E-12 1.93916E-17
 1.82099E-19 1.68253E-25 5.82702E-08 7.33402E-14 3.28724E-14 3.42216E-15 4.18241E-09 1.38761E-19
 1.16196E-15 6.88904E-18 4.64021E-13 6.06229E-10 3.45531E-13 1.09937E-18 1.09119E-07 4.47375E-09
 1.59568E-04 8.96526E-10 5.38048E-09 1.74520E-07 3.43049E-10 6.76575E-09 2.07535E-03 3.98365E-03
 3.00326E-05 1.40150E-07 6.50596E-09 6.42896E-07 9.89034E-11 2.06867E-11 6.15102E-16 5.34142E-13
 1.41634E-12 2.67094E-17 1.76882E-19 1.89055E-25 5.82515E-08 7.86114E-14 5.40506E-14 3.87911E-15
 4.20107E-09 1.32840E-19 9.56635E-16 5.85241E-18 4.68311E-13 6.06098E-10 3.45295E-13 1.00993E-18
 1.03546E-07 6.94414E-09 1.44987E-04 1.30498E-09 5.07183E-09 1.65773E-07 4.04877E-10 9.81852E-09
 2.07536E-03 3.98362E-03 2.98454E-05 1.06391E-07 5.58506E-09 6.42818E-07 1.04668E-10 1.52240E-11
 8.39916E-16 5.18894E-13 9.76133E-13 3.66925E-17 1.72564E-19 1.97206E-25 5.82354E-08 8.19149E-14
 8.82988E-14 4.10106E-15 4.21720E-09 1.26817E-19 7.77622E-16 4.67702E-18 4.70153E-13 6.05977E-10
 3.55736E-13 9.15485E-19 9.66905E-08 1.10505E-08 1.28827E-04 1.85388E-09 4.56234E-09 1.57692E-07
 4.80451E-10 1.45437E-08 2.07537E-03 3.98360E-03 2.96876E-05 7.79743E-08 4.54887E-09 6.42755E-07
 1.09797E-10 1.03501E-11 1.10042E-15 5.02831E-13 6.51767E-13 4.96704E-17 1.69180E-19 1.91204E-25
 5.82224E-08 8.31505E-14 1.41402E-13 3.97273E-15 4.23012E-09 1.21286E-19 6.32832E-16 3.52502E-18
 4.68769E-13 6.05876E-10 3.72145E-13 8.16562E-19 8.99275E-08 1.82592E-08 1.15013E-04 2.54673E-09
 3.92548E-09 1.51247E-07 5.79402E-10 2.19210E-08 2.07538E-03 3.98359E-03 2.95771E-05 5.72239E-08
 3.58103E-09 6.42710E-07 1.13800E-10 6.53686E-12 1.36059E-15 4.88376E-13 4.39243E-13 6.58978E-17
 1.66804E-19 1.75625E-25 5.82132E-08 8.28077E-14 2.19166E-13 3.44943E-15 4.23919E-09 1.16926E-19
 5.29433E-16 2.51548E-18 4.66091E-13 6.05800E-10 3.88886E-13 7.14577E-19 8.55018E-08 3.40413E-08
 1.07190E-04 3.16967E-09 3.10682E-09 1.47544E-07 7.22441E-10 3.18388E-08 2.07538E-03 3.98359E-03
 2.95354E-05 4.60389E-08 2.91768E-09 6.42686E-07 1.16440E-10 4.00440E-12 1.50428E-15 4.79108E-13
 3.33284E-13 8.10511E-17 1.65543E-19 1.60602E-25 5.82085E-08 8.18909E-14 3.05804E-13 2.42496E-15
 4.24384E-09 1.14401E-19 4.74601E-16 1.56190E-18 4.75654E-13 6.05747E-10 3.99405E-13 5.93561E-19
 2.92296E+02 2.89137E+02 2.85858E+02 2.82461E+02 2.78912E+02 2.75209E+02 2.71480E+02 2.67699E+02
 2.63734E+02 2.60319E+02 2.57934E+02 2.56113E+02 2.54874E+02 2.54296E+02 2.53879E+02 2.53212E+02
 2.52381E+02 2.51492E+02 2.50569E+02 2.49613E+02 2.48632E+02 2.47638E+02 2.46639E+02 2.45640E+02
 2.44653E+02 2.43708E+02 2.42771E+02 2.41834E+02 2.40930E+02 2.40043E+02 2.39171E+02 2.38311E+02
 2.37474E+02 2.36679E+02 2.35918E+02 2.35186E+02 2.34467E+02 2.33736E+02 2.32973E+02 2.32152E+02
 2.31277E+02 2.30362E+02 2.29425E+02 2.28495E+02 2.27617E+02 2.26840E+02 2.26233E+02 2.25793E+02
 2.25447E+02 2.25210E+02 2.25133E+02 2.25235E+02 2.25540E+02 2.26066E+02 2.26801E+02 2.27724E+02
 2.28790E+02 2.29941E+02 2.31116E+02 2.32246E+02 2.33298E+02 2.34271E+02 2.35165E+02 2.35993E+02
 2.36787E+02 2.37573E+02 2.38366E+02 2.39231E+02 2.40161E+02 2.40980E+02 2.41639E+02 2.42188E+02
 2.42583E+02 2.42787E+02 2.42847E+02 2.42808E+02 2.42684E+02 2.42512E+02 2.42359E+02 2.42256E+02
 2.42158E+02 2.41973E+02 2.41627E+02 2.41246E+02 2.41244E+02 2.41875E+02 2.42355E+02 2.40528E+02
 2.35134E+02 2.28005E+02 2.21081E+02 2.14368E+02 2.07859E+02 2.01547E+02 1.95427E+02 1.89492E+02
 1.83738E+02 1.78159E+02 1.72749E+02 1.67503E+02 1.00000E+05 1.00000E+05 1.00000E+05 1.00000E+05
 1.00000E+05 1.00000E+05 1.00000E+05 1.00000E+05 1.00000E+05 1.00000E+05 9.33426E+04 6.92150E+04
 3.92298E+04 1.99687E+04 1.11330E+04 6.91739E+03 5.41563E+03 4.53728E+03 4.09043E+03 3.92717E+03
 3.93228E+03 4.06630E+03 4.37567E+03 4.81133E+03 5.32259E+03 5.94309E+03 6.64841E+03 7.42757E+03
 8.26717E+03 9.14487E+03 1.00572E+04 1.11441E+04 1.22007E+04 1.32087E+04 1.43800E+04 1.57065E+04
 1.70463E+04 1.83757E+04 1.99409E+04 2.16757E+04 2.37520E+04 2.62167E+04 2.88296E+04 3.15948E+04
 3.47246E+04 3.82109E+04 4.16891E+04 4.55535E+04 5.01230E+04 5.54372E+04 6.08989E+04 6.64028E+04
 7.26596E+04 8.00741E+04 8.70393E+04 9.47274E+04 1.03193E+05 1.12350E+05 1.22974E+05 1.35746E+05
 1.50202E+05 1.65420E+05 1.80637E+05 1.96572E+05 2.15770E+05 2.37743E+05 2.60352E+05 2.83030E+05
 3.09289E+05 3.39811E+05 3.72183E+05 4.08074E+05 4.48965E+05 4.90576E+05 5.31530E+05 5.75770E+05
 6.23709E+05 6.76057E+05 7.32893E+05 7.94407E+05 8.60950E+05 9.32926E+05 9.90793E+05 1.00000E+06
 1.00000E+06 1.00000E+06 1.00000E+06 1.00000E+06 1.00000E+06 1.00000E+06 1.00000E+06 1.00000E+06
 1.00000E+06 1.00000E+06 1.00000E+06 1.00000E+06 1.00000E+06 1.00000E+06 1.00000E+06 1.00000E+06
 2.40682E+19 2.23506E+19 2.07475E+19 1.92508E+19 1.78557E+19 1.65549E+19 1.53349E+19 1.41926E+19
 1.31301E+19 1.21085E+19 1.11124E+19 1.01689E+19 9.27960E+18 8.44356E+18 7.67675E+18 6.98516E+18
 6.35840E+18 5.78747E+18 5.26685E+18 4.79211E+18 4.35908E+18 3.96401E+18 3.60350E+18 3.27459E+18
 2.97448E+18 2.70044E+18 2.45071E+18 2.22329E+18 2.01600E+18 1.82728E+18 1.65557E+18 1.49941E+18
 1.35741E+18 1.22824E+18 1.11087E+18 1.00430E+18 9.07634E+17 8.20082E+17 7.40852E+17 6.69229E+17
 6.04461E+17 5.45853E+17 4.92785E+17 4.44689E+17 4.01042E+17 3.61392E+17 3.25320E+17 2.92571E+17
 2.62965E+17 2.36215E+17 2.12024E+17 1.90166E+17 1.70429E+17 1.52625E+17 1.36601E+17 1.22209E+17
 1.09322E+17 9.78123E+16 8.75568E+16 7.84367E+16 7.03279E+16 6.31104E+16 5.66781E+16 5.09369E+16
 4.58019E+16 4.12014E+16 3.70758E+16 3.33663E+16 3.00323E+16 2.70549E+16 2.43973E+16 2.20168E+16
 1.98857E+16 1.79777E+16 1.62637E+16 1.47195E+16 1.33264E+16 1.20671E+16 1.09255E+16 9.88955E+15
 8.95148E+15 8.10501E+15 7.34284E+15 6.65248E+15 6.01723E+15 5.42922E+15 4.90300E+15 4.46915E+15
 4.12951E+15 3.83627E+15 3.55249E+15 3.27872E+15 3.01561E+15 2.76377E+15 2.52368E+15 2.29575E+15
 2.08027E+15 1.87746E+15 1.68740E+15 1.51011E+15 4.85615E-13 5.53696E-13 7.00887E-13 9.25766E-13
 1.22070E-12 1.58621E-12 2.02616E-12 2.54637E-12 3.15380E-12 3.85709E-12 4.69558E-12 5.85060E-12
 7.88669E-12 1.19209E-11 1.99563E-11 3.43152E-11 5.56593E-11 8.25071E-11 1.13387E-10 1.45923E-10
 1.77845E-10 2.07490E-10 2.33604E-10 2.55550E-10 2.73429E-10 2.87599E-10 2.98492E-10 3.06578E-10
 3.12290E-10 3.16001E-10 3.18015E-10 3.18567E-10 3.17864E-10 3.16063E-10 3.13293E-10 3.09686E-10
 3.05345E-10 3.00337E-10 2.94740E-10 2.88653E-10 2.82174E-10 2.75417E-10 2.68452E-10 2.61302E-10
 2.54008E-10 2.46619E-10 2.39138E-10 2.31563E-10 2.23951E-10 2.16371E-10 2.08773E-10 2.01260E-10
 1.93859E-10 1.86620E-10 1.79450E-10 1.72364E-10 1.65377E-10 1.58494E-10 1.51764E-10 1.45250E-10
 1.38969E-10 1.32888E-10 1.26962E-10 1.21176E-10 1.15583E-10 1.10204E-10 1.05004E-10 9.99447E-11
 9.50553E-11 9.03612E-11 8.58457E-11 8.15112E-11 7.73686E-11 7.33864E-11 6.95306E-11 6.58015E-11
 6.22002E-11 5.87286E-11 5.53860E-11 5.21708E-11 4.90811E-11 4.61159E-11 4.32183E-11 4.02518E-11
 3.72051E-11 3.40977E-11 3.09580E-11 2.78294E-11 2.47584E-11 2.17768E-11 1.89055E-11 1.61684E-11
 1.35952E-11 1.12133E-11 9.04983E-12 7.12727E-12 5.46221E-12 4.06366E-12 2.93446E-12 2.08088E-12
 1.03944E+00 9.33025E-01 9.44973E-01 1.02528E+00 1.18703E+00 1.36441E+00 1.52085E+00 1.68681E+00
 1.83996E+00 1.99484E+00 2.17743E+00 2.41877E+00 2.69649E+00 3.54351E+00 5.32293E+00 8.29377E+00
 1.22190E+01 1.64619E+01 2.05646E+01 2.40656E+01 2.66779E+01 2.83047E+01 2.89684E+01 2.87950E+01
 2.79825E+01 2.67111E+01 2.51454E+01 2.34171E+01 2.16094E+01 1.97963E+01 1.80333E+01 1.63426E+01
 1.47416E+01 1.32378E+01 1.18403E+01 1.05529E+01 9.37933E+00 8.31588E+00 7.35742E+00 6.49964E+00
 5.73396E+00 5.05173E+00 4.44557E+00 3.90532E+00 3.42188E+00 2.98863E+00 2.59891E+00 2.25040E+00
 1.94302E+00 1.67294E+00 1.43632E+00 1.22926E+00 1.04837E+00 8.91370E-01 7.56920E-01 6.40881E-01
 5.41755E-01 4.57445E-01 3.87054E-01 3.28036E-01 2.78297E-01 2.36290E-01 2.00807E-01 1.70868E-01
 1.45407E-01 1.23855E-01 1.05473E-01 8.97298E-02 7.63071E-02 6.49478E-02 5.53318E-02 4.71660E-02
 4.02483E-02 3.43780E-02 2.93663E-02 2.50764E-02 2.14089E-02 1.82630E-02 1.55582E-02 1.32327E-02
 1.12402E-02 9.54149E-03 8.08766E-03 6.81365E-03 5.68020E-03 4.67263E-03 3.81288E-03 3.13446E-03
 2.61654E-03 2.18520E-03 1.79612E-03 1.45056E-03 1.15470E-03 9.03085E-04 6.94623E-04 5.25014E-04
 3.90719E-04 2.88396E-04 2.17983E-04 2.00842E-04 1.00000E-12 1.00000E-12 1.00000E-12 1.00000E-12
 1.00000E-12 1.00000E-12 1.00000E-12 1.00000E-12 1.00000E-12 1.00000E-12 1.00000E-12 1.00000E-12
 1.00000E-12 1.00000E-12 1.00000E-12 1.00000E-12 1.00000E-12 1.00000E-12 1.00000E-12 1.00000E-12
 1.00000E-12 1.00000E-12 1.00000E-12 1.00000E-12 1.00000E-12 1.00000E-12 1.00000E-12 1.00000E-12
 1.00000E-12 1.00000E-12 1.00000E-12 1.00000E-12 1.00000E-12 1.00000E-12 1.00000E-12 1.00000E-12
 1.00000E-12 1.00000E-12 1.00000E-12 1.00000E-12 1.00000E-12 1.00000E-12 1.00000E-12 1.00000E-12
 1.00000E-12 1.00000E-12 1.00000E-12 1.00000E-12 1.00000E-12 1.00000E-12 1.00000E-12 1.00000E-12
 1.00000E-12 1.00000E-12 1.00000E-12 1.00000E-12 1.00000E-12 1.00000E-12 1.00000E-12 1.00000E-12
 1.00000E-12 1.00000E-12 1.00000E-12 1.00000E-12 1.00000E-12 1.00000E-12 1.00000E-12 1.00000E-12
 1.00000E-12 1.00000E-12 1.00000E-12 1.00000E-12 1.00000E-12 1.00000E-12 1.00000E-12 1.00000E-12
 1.00000E-12 1.00000E-12 1.00000E-12 1.00000E-12 1.00000E-12 1.00000E-12 1.00000E-12 1.00000E-12
 1.00000E-12 1.00000E-12 1.00000E-12 1.00000E-12 1.00000E-12 1.00000E-12 1.00000E-12 1.00000E-12
 1.00000E-12 1.00000E-12 1.00000E-12 1.00000E-12 1.00000E-12 1.00000E-12 1.00000E-12 1.00000E-12
 1.00000E-12 1.00000E-12 1.00000E-12 1.00000E-12 1.00000E-12 1.00000E-12 1.00000E-12 1.00000E-12
 1.00000E-12 1.00000E-12 1.00000E-12 1.00000E-12 1.00000E-12 1.00000E-12 1.00000E-12 1.00000E-12
 1.00000E-12 1.00000E-12 1.00000E-12 1.00000E-12 1.00000E-12 1.00000E-12 1.00000E-12 1.00000E-12
 1.00000E-12 1.00000E-12 1.00000E-12 1.00000E-12 1.00000E-12 1.00000E-12 1.00000E-12 1.00000E-12
 1.00000E-12 1.00000E-12 1.00000E-12 1.00000E-12 1.00000E-12 1.00000E-12 1.00000E-12 1.00000E-12
 1.00000E-12 1.00000E-12 1.00000E-12 1.00000E-12 1.00000E-12 1.00000E-12 1.00000E-12 1.00000E-12
 1.00000E-12 1.00000E-12 1.00000E-12 1.00000E-12 1.00000E-12 1.00000E-12 1.00000E-12 1.00000E-12
 1.00000E-12 1.00000E-12 1.00000E-12 1.00000E-12 1.00000E-12 1.00000E-12 1.00000E-12 1.00000E-12
 1.00000E-12 1.00000E-12 1.00000E-12 1.00000E-12 1.00000E-12 1.00000E-12 1.00000E-12 1.00000E-12
 1.00000E-12 1.00000E-12 1.00000E-12 1.00000E-12 1.00000E-12 1.00000E-12 1.00000E-12 1.00000E-12
 1.00000E-12 1.00000E-12 1.00000E-12 1.00000E-12 1.00000E-12 1.00000E-12 1.00000E-12 1.00000E-12
 1.00000E-12 1.00000E-12 1.00000E-12 1.00000E-12 1.00000E-12 1.00000E-12 1.00000E-12 1.00000E-12
 1.00000E-12 1.00000E-12 1.00000E-12 1.00000E-12 2.74471E-04 2.96210E-04 3.20671E-04 3.47138E-04
 3.71549E-04 3.98184E-04 4.29473E-04 4.63276E-04 5.01624E-04 5.43266E-04 5.87061E-04 6.36433E-04
 7.07355E-04 7.75445E-04 8.42799E-04 9.14904E-04 9.94190E-04 1.08183E-03 1.17884E-03 1.28614E-03
 1.40484E-03 1.53640E-03 1.68232E-03 1.84424E-03 2.02394E-03 2.22358E-03 2.44536E-03 2.69167E-03
 2.96568E-03 3.27044E-03 3.60898E-03 3.98562E-03 4.40499E-03 4.87247E-03 5.39354E-03 5.97440E-03
 6.62109E-03 7.34093E-03 8.14211E-03 9.03316E-03 1.00248E-02 1.11294E-02 1.23601E-02 1.37339E-02
 1.52717E-02 1.69972E-02 1.89389E-02 2.11239E-02 2.35760E-02 2.63294E-02 2.94169E-02 3.28869E-02
 3.67910E-02 4.11806E-02 4.60784E-02 5.15709E-02 5.77064E-02 6.45497E-02 7.21056E-02 8.04656E-02
 8.97356E-02 1.00010E-01 1.11371E-01 1.23898E-01 1.37777E-01 1.53104E-01 1.70073E-01 1.88865E-01
 2.09641E-01 2.32561E-01 2.57830E-01 2.85713E-01 3.16451E-01 3.50316E-01 3.87666E-01 4.28905E-01
 4.74398E-01 5.24690E-01 5.80362E-01 6.42021E-01 7.10254E-01 7.85641E-01 8.68851E-01 9.60946E-01
 1.06363E+00 1.17860E+00 1.30537E+00 1.43973E+00 1.58009E+00 1.73409E+00 1.91065E+00 2.11343E+00
 2.34246E+00 2.60294E+00 2.89668E+00 3.22727E+00 3.59560E+00 3.99689E+00 4.39948E+00 4.64502E+00
 1.00000E+00 1.00000E+00 1.00000E+00 1.00000E+00 1.00000E+00 1.00000E+00 1.00000E+00 1.00000E+00
 1.00000E+00 1.00000E+00 1.00000E+00 1.00000E+00 1.00000E+00 1.00000E+00 1.00000E+00 1.00000E+00
 1.00000E+00 1.00000E+00 1.00000E+00 1.00000E+00 1.00000E+00 1.00000E+00 1.00000E+00 1.00000E+00
 1.00000E+00 1.00000E+00 1.00000E+00 1.00000E+00 1.00000E+00 1.00000E+00 1.00000E+00 1.00000E+00
 1.00000E+00 1.00000E+00 1.00000E+00 1.00000E+00 1.00000E+00 1.00000E+00 1.00000E+00 1.00000E+00
 1.00000E+00 1.00000E+00 1.00000E+00 1.00000E+00 1.00000E+00 1.00000E+00 1.00000E+00 1.00000E+00
 1.00000E+00 1.00000E+00 1.00000E+00 1.00000E+00 1.00000E+00 1.00000E+00 1.00000E+00 1.00000E+00
 1.00000E+00 1.00000E+00 1.00000E+00 1.00000E+00 1.00000E+00 1.00000E+00 1.00000E+00 1.00000E+00
 1.00000E+00 1.00000E+00 1.00000E+00 1.00000E+00 1.00000E+00 1.00000E+00 1.00000E+00 1.00000E+00
 1.00000E+00 1.00000E+00 1.00000E+00 1.00000E+00 1.00000E+00 1.00000E+00 1.00000E+00 1.00000E+00
 1.00000E+00 1.00000E+00 1.00000E+00 1.00000E+00 1.00000E+00 1.00000E+00 1.00000E+00 1.00000E+00
 1.00000E+00 1.00000E+00 1.00000E+00 1.00000E+00 1.00000E+00 1.00000E+00 1.00000E+00 1.00000E+00
 1.00000E+00 1.00000E+00 1.00000E+00 1.00000E+00 1.00000E+00 1.00000E+00 1.00000E+00 1.00000E+00
 1.00000E+00 1.00000E+00 1.00000E+00 1.00000E+00 1.00000E+00 1.00000E+00 1.00000E+00 1.00000E+00
 1.00000E+00 1.00000E+00 1.00000E+00 1.00000E+00 1.00000E+00 1.00000E+00 1.00000E+00 1.00000E+00
 1.00000E+00 1.00000E+00 1.00000E+00 1.00000E+00 1.00000E+00 1.00000E+00 1.00000E+00 1.00000E+00
 1.00000E+00 1.00000E+00 1.00000E+00 1.00000E+00 1.00000E+00 1.00000E+00 1.00000E+00 1.00000E+00
 1.00000E+00 1.00000E+00 1.00000E+00 1.00000E+00 1.00000E+00 1.00000E+00 1.00000E+00 1.00000E+00
 1.00000E+00 1.00000E+00 1.00000E+00 1.00000E+00 1.00000E+00 1.00000E+00 1.00000E+00 1.00000E+00
 1.00000E+00 1.00000E+00 1.00000E+00 1.00000E+00 1.00000E+00 1.00000E+00 1.00000E+00 1.00000E+00
 1.00000E+00 1.00000E+00 1.00000E+00 1.00000E+00 1.00000E+00 1.00000E+00 1.00000E+00 1.00000E+00
 1.00000E+00 1.00000E+00 1.00000E+00 1.00000E+00 1.00000E+00 1.00000E+00 1.00000E+00 1.00000E+00
 1.00000E+00 1.00000E+00 1.00000E+00 1.00000E+00 1.00000E+00 1.00000E+00 1.00000E+00 1.00000E+00
 1.00000E+00 1.00000E+00 1.00000E+00 1.00000E+00 1.00000E+00 1.00000E+00 1.00000E+00 1.00000E+00
 1.00000E+00 1.00000E+00 1.00000E+00 1.00000E+00 1.00000E+00 1.00000E+00 1.00000E+00 1.00000E+00
 1.00000E-05 1.00000E-05 1.00000E-05 1.00000E-05 1.00000E-05 1.00000E-05 1.00000E-05 1.00000E-05
 1.00000E-05 1.00000E-05 1.00000E-05 1.00000E-05 1.00000E-05 1.00000E-05 1.00000E-05 1.00000E-05
 1.00000E-05 1.00000E-05 1.00000E-05 1.00000E-05 1.00000E-05 1.00000E-05 1.00000E-05 1.00000E-05
 1.00000E-05 1.00000E-05 1.00000E-05 1.00000E-05 1.00000E-05 1.00000E-05 1.00000E-05 1.00000E-05
 1.00000E-05 1.00000E-05 1.00000E-05 1.00000E-05 1.00000E-05 1.00000E-05 1.00000E-05 1.00000E-05
 1.00000E-05 1.00000E-05 1.00000E-05 1.00000E-05 1.00000E-05 1.00000E-05 1.00000E-05 1.00000E-05
 1.00000E-05 1.00000E-05 1.00000E-05 1.00000E-05 1.00000E-05 1.00000E-05 1.00000E-05 1.00000E-05
 1.00000E-05 1.00000E-05 1.00000E-05 1.00000E-05 1.00000E-05 1.00000E-05 1.00000E-05 1.00000E-05
 1.00000E-05 1.00000E-05 1.00000E-05 1.00000E-05 1.00000E-05 1.00000E-05 1.00000E-05 1.00000E-05
 1.00000E-05 1.00000E-05 1.00000E-05 1.00000E-05 1.00000E-05 1.00000E-05 1.00000E-05 1.00000E-05
 1.00000E-05 1.00000E-05 1.00000E-05 1.00000E-05 1.00000E-05 1.00000E-05 1.00000E-05 1.00000E-05
 1.00000E-05 1.00000E-05 1.00000E-05 1.00000E-05 1.00000E-05 1.00000E-05 1.00000E-05 1.00000E-05
 1.00000E-05 1.00000E-05 1.00000E-05 1.00000E-05 1.00000E-09 1.00000E-09 1.00000E-09 1.00000E-09
 1.00000E-09 1.00000E-09 1.00000E-09 1.00000E-09 1.00000E-09 1.00000E-09 1.00000E-09 1.00000E-09
 1.00000E-09 1.00000E-09 1.00000E-09 1.00000E-09 1.00000E-09 1.00000E-09 1.00000E-09 1.00000E-09
 1.00000E-09 1.00000E-09 1.00000E-09 1.00000E-09 1.00000E-09 1.00000E-09 1.00000E-09 1.00000E-09
 1.00000E-09 1.00000E-09 1.00000E-09 1.00000E-09 1.00000E-09 1.00000E-09 1.00000E-09 1.00000E-09
 1.00000E-09 1.00000E-09 1.00000E-09 1.00000E-09 1.00000E-09 1.00000E-09 1.00000E-09 1.00000E-09
 1.00000E-09 1.00000E-09 1.00000E-09 1.00000E-09 1.00000E-09 1.00000E-09 1.00000E-09 1.00000E-09
 1.00000E-09 1.00000E-09 1.00000E-09 1.00000E-09 1.00000E-09 1.00000E-09 1.00000E-09 1.00000E-09
 1.00000E-09 1.00000E-09 1.00000E-09 1.00000E-09 1.00000E-09 1.00000E-09 1.00000E-09 1.00000E-09
 1.00000E-09 1.00000E-09 1.00000E-09 1.00000E-09 1.00000E-09 1.00000E-09 1.00000E-09 1.00000E-09
 1.00000E-09 1.00000E-09 1.00000E-09 1.00000E-09 1.00000E-09 1.00000E-09 1.00000E-09 1.00000E-09
 1.00000E-09 1.00000E-09 1.00000E-09 1.00000E-09 1.00000E-09 1.00000E-09 1.00000E-09 1.00000E-09
 1.00000E-09 1.00000E-09 1.00000E-09 1.00000E-09 1.00000E-09 1.00000E-09 1.00000E-09 1.00000E-09
 1.00000E-09 1.00000E-09 1.00000E-09 1.00000E-09 1.00000E-09 1.00000E-09 1.00000E-09 1.00000E-09
 1.00000E-09 1.00000E-09 1.00000E-09 1.00000E-09 1.00000E-09 1.00000E-09 1.00000E-09 1.00000E-09
 1.00000E-09 1.00000E-09 1.00000E-09 1.00000E-09 1.00000E-09 1.00000E-09 1.00000E-09 1.00000E-09
 1.00000E-09 1.00000E-09 1.00000E-09 1.00000E-09 1.00000E-09 1.00000E-09 1.00000E-09 1.00000E-09
 1.00000E-09 1.00000E-09 1.00000E-09 1.00000E-09 1.00000E-09 1.00000E-09 1.00000E-09 1.00000E-09
 1.00000E-09 1.00000E-09 1.00000E-09 1.00000E-09 1.00000E-09 1.00000E-09 1.00000E-09 1.00000E-09
 1.00000E-09 1.00000E-09 1.00000E-09 1.00000E-09 1.00000E-09 1.00000E-09 1.00000E-09 1.00000E-09
 1.00000E-09 1.00000E-09 1.00000E-09 1.00000E-09 1.00000E-09 1.00000E-09 1.00000E-09 1.00000E-09
 1.00000E-09 1.00000E-09 1.00000E-09 1.00000E-09 1.00000E-09 1.00000E-09 1.00000E-09 1.00000E-09
 1.00000E-09 1.00000E-09 1.00000E-09 1.00000E-09 1.00000E-09 1.00000E-09 1.00000E-09 1.00000E-09
 1.00000E-09 1.00000E-09 1.00000E-09 1.00000E-09 1.00000E-09 1.00000E-09 1.00000E-09 1.00000E-09
 1.00000E-09 1.00000E-09 1.00000E-09 1.00000E-09 1.00000E-09 1.00000E-09 1.00000E-09 1.00000E-09
 1.00000E-09 1.00000E-09 1.00000E-09 1.00000E-09
