 7.69025E-11 6.68217E-20 2.19556E-02 3.88513E-19 1.06939E-13 1.69068E-12 1.37707E-09 1.11353E-24
 4.17758E-07 1.00000E-03 2.78668E-06 1.35449E-11 1.29125E-13 4.04223E-06 2.33468E-12 3.64990E-10
 6.10356E-20 9.28316E-11 1.73519E-14 1.37808E-14 1.10851E-15 5.12557E-36 1.71562E-06 4.58666E-15
 2.96509E-22 5.57872E-21 4.09743E-12 1.42639E-13 7.17664E-10 1.15410E-20 5.65301E-23 7.14077E-11
 5.32848E-17 2.35774E-14 9.32303E-11 8.40676E-20 1.84450E-02 5.82317E-19 1.31615E-13 2.10678E-12
 1.49628E-09 1.70635E-24 4.17831E-07 9.99999E-04 2.78692E-06 1.70698E-11 1.55387E-13 4.04221E-06
 2.77247E-12 4.14065E-10 9.87062E-20 1.26484E-10 3.21092E-14 1.39362E-14 1.55554E-15 1.33361E-35
 1.71561E-06 6.28926E-15 4.48192E-22 8.13061E-21 6.07977E-12 1.95264E-13 7.27463E-10 1.69191E-20
 8.96031E-23 1.20364E-10 1.07441E-16 4.17949E-14 1.17011E-10 1.05985E-19 1.53482E-02 7.91606E-19
 1.46168E-13 2.76192E-12 1.64217E-09 2.39680E-24 4.17911E-07 9.99998E-04 2.78719E-06 2.28325E-11
 1.69404E-13 4.04219E-06 3.24790E-12 4.62177E-10 1.43205E-19 1.65490E-10 5.36612E-14 1.40360E-14
 2.15897E-15 3.04581E-35 1.71560E-06 8.14117E-15 6.14810E-22 1.10297E-20 8.93506E-12 2.52031E-13
 7.37174E-10 2.24957E-20 1.29328E-22 1.72282E-10 1.86407E-16 6.32250E-14 1.47956E-10 1.33761E-19
 1.26471E-02 1.04894E-18 1.59486E-13 3.66899E-12 1.81715E-09 3.29495E-24 4.17996E-07 9.99997E-04
 2.78748E-06 3.10567E-11 1.82007E-13 4.04216E-06 3.74136E-12 5.08915E-10 1.99050E-19 2.09406E-10
 8.84183E-14 1.40897E-14 2.97362E-15 6.99006E-35 1.71559E-06 1.01624E-14 8.22390E-22 1.49002E-20
 1.28213E-11 3.13341E-13 7.46735E-10 2.91553E-20 1.82695E-22 2.27953E-10 2.94592E-16 8.84304E-14
 1.84362E-10 1.68765E-19 1.02953E-02 1.37294E-18 1.73256E-13 4.79606E-12 2.02391E-09 4.47954E-24
 4.18088E-07 9.99996E-04 2.78778E-06 4.16132E-11 1.95057E-13 4.04214E-06 4.24519E-12 5.53510E-10
 2.69113E-19 2.54462E-10 1.46342E-13 1.40727E-14 4.07281E-15 1.64983E-34 1.71558E-06 1.23759E-14
 1.08711E-21 2.02469E-20 1.77178E-11 3.79641E-13 7.56069E-10 3.73326E-20 2.56258E-22 2.86756E-10
 4.27413E-16 1.17523E-13 2.25237E-10 2.12649E-19 8.29678E-03 1.78024E-18 1.87729E-13 6.13972E-12
 2.26531E-09 6.03430E-24 4.18186E-07 9.99995E-04 2.78812E-06 5.45999E-11 2.08774E-13 4.04211E-06
 4.75289E-12 5.94757E-10 3.55559E-19 2.98585E-10 2.44185E-13 1.39586E-14 5.52772E-15 4.01757E-34
 1.71557E-06 1.48080E-14 1.42435E-21 2.77004E-20 2.36855E-11 4.51421E-13 7.65092E-10 4.73866E-20
 3.58223E-22 3.47839E-10 5.88321E-16 1.50500E-13 2.69867E-10 2.67268E-19 6.57485E-03 2.26642E-18
 2.00633E-13 7.70799E-12 2.54445E-09 7.98717E-24 4.18292E-07 9.99994E-04 2.78848E-06 7.02193E-11
 2.20837E-13 4.04208E-06 5.26132E-12 6.30922E-10 4.56006E-19 3.40459E-10 4.07627E-13 1.37120E-14
 7.45386E-15 9.92738E-34 1.71555E-06 1.74887E-14 1.83355E-21 3.77762E-20 3.08245E-11 5.29226E-13
 7.73705E-10 5.91277E-20 4.95382E-22 4.10118E-10 7.76273E-16 1.87227E-13 3.17730E-10 3.36378E-19
 5.18403E-03 2.79795E-18 2.10852E-13 9.51824E-12 2.86497E-09 1.03054E-23 4.18406E-07 9.99993E-04
 2.78886E-06 8.87543E-11 2.30636E-13 4.04205E-06 5.73829E-12 6.59676E-10 5.57083E-19 3.79325E-10
 6.50588E-13 1.34443E-14 9.88608E-15 2.37270E-33 1.71554E-06 2.04540E-14 2.28856E-21 5.09381E-20
 3.92670E-11 6.13698E-13 7.81797E-10 7.17297E-20 6.64521E-22 4.72276E-10 9.82171E-16 2.27463E-13
 3.68539E-10 4.26926E-19 4.25864E-03 3.36878E-18 2.24213E-13 1.15988E-11 3.23163E-09 1.30937E-23
 4.18529E-07 9.99992E-04 2.78928E-06 1.10578E-10 2.44848E-13 4.04201E-06 6.08525E-12 6.78091E-10
 6.39718E-19 4.14899E-10 9.48882E-13 1.33437E-14 1.24160E-14 5.33839E-33 1.71552E-06 2.37492E-14
 2.78105E-21 6.88992E-20 4.91850E-11 7.05677E-13 7.89252E-10 8.52575E-20 8.58187E-22 5.32777E-10
 1.19428E-15 2.70944E-13 4.22090E-10 5.45962E-19 3.63151E-03 3.86830E-18 2.44484E-13 1.39830E-11
 3.64990E-09 1.60847E-23 4.18663E-07 9.99990E-04 2.78974E-06 1.36132E-10 2.68276E-13 4.04197E-06
 6.02793E-12 6.83087E-10 6.50400E-19 4.47166E-10 1.27585E-12 1.33972E-14 1.47727E-14 1.09283E-32
 1.71550E-06 2.74300E-14 3.21812E-21 9.19647E-20 6.07878E-11 8.06192E-13 7.95935E-10 9.72015E-20
 1.04413E-21 5.89789E-10 1.39663E-15 3.17399E-13 4.78358E-10 6.99645E-19 3.13506E-03 4.39710E-18
 2.67684E-13 1.67015E-11 4.11933E-09 1.96730E-23 4.18807E-07 9.99989E-04 2.79023E-06 1.65862E-10
 2.96067E-13 4.04193E-06 5.90058E-12 6.77933E-10 6.43774E-19 4.76285E-10 1.64114E-12 1.33920E-14
 1.69711E-14 2.21423E-32 1.71548E-06 3.15581E-14 3.68432E-21 1.23740E-19 7.43052E-11 9.16334E-13
 8.01676E-10 1.10055E-19 1.25314E-21 6.41062E-10 1.58614E-15 3.66616E-13 5.37196E-10 8.97599E-19
 2.74087E-03 4.97414E-18 2.93916E-13 1.97808E-11 4.64004E-09 2.40465E-23 4.18963E-07 9.99987E-04
 2.79077E-06 2.00193E-10 3.28282E-13 4.04189E-06 5.73608E-12 6.65108E-10 6.27900E-19 5.02551E-10
 2.04906E-12 1.32862E-14 1.88550E-14 4.47827E-32 1.71546E-06 3.62013E-14 4.19659E-21 1.67736E-19
 8.99694E-11 1.03724E-12 8.06268E-10 1.24208E-19 1.49300E-21 6.83941E-10 1.75980E-15 4.18341E-13
 5.98373E-10 1.15192E-18 2.40871E-03 5.61038E-18 3.23136E-13 2.32446E-11 5.21299E-09 2.93964E-23
 4.19133E-07 9.99985E-04 2.79136E-06 2.39531E-10 3.64961E-13 4.04184E-06 5.54889E-12 6.46283E-10
 6.06301E-19 5.26370E-10 2.50990E-12 1.30515E-14 2.04113E-14 9.08388E-32 1.71544E-06 4.14365E-14
 4.76589E-21 2.28695E-19 1.08018E-10 1.17015E-12 8.09468E-10 1.39823E-19 1.77083E-21 7.15418E-10
 1.91698E-15 4.72311E-13 6.61613E-10 1.47726E-18 2.11221E-03 6.30206E-18 3.54653E-13 2.71126E-11
 5.83988E-09 3.58775E-23 4.19318E-07 9.99983E-04 2.79200E-06 2.84260E-10 4.05661E-13 4.04178E-06
 5.34087E-12 6.22494E-10 5.78891E-19 5.48237E-10 3.04456E-12 1.26592E-14 2.16612E-14 1.85264E-31
 1.71541E-06 4.73505E-14 5.39177E-21 3.12589E-19 1.28694E-10 1.31641E-12 8.10994E-10 1.56666E-19
 2.09179E-21 7.32143E-10 2.05069E-15 5.28274E-13 7.26543E-10 1.89235E-18 1.84290E-03 6.77873E-18
 3.88002E-13 3.13876E-11 6.52291E-09 4.24275E-23 4.19518E-07 9.99981E-04 2.79270E-06 3.34623E-10
 4.52552E-13 4.04173E-06 4.86518E-12 5.94533E-10 5.02150E-19 5.68402E-10 3.67909E-12 1.21269E-14
 2.26276E-14 3.56554E-31 1.71539E-06 5.40418E-14 5.84812E-21 4.13850E-19 1.52171E-10 1.47749E-12
 8.10521E-10 1.67858E-19 2.36829E-21 7.30397E-10 2.14436E-15 5.86003E-13 7.93171E-10 2.42251E-18
 1.59494E-03 7.65094E-18 4.19144E-13 3.60595E-11 7.25811E-09 5.20709E-23 4.19736E-07 9.99979E-04
 2.79346E-06 3.90764E-10 4.95021E-13 4.04166E-06 4.76203E-12 5.70488E-10 4.88979E-19 5.86987E-10
 4.46955E-12 1.15066E-14 2.37223E-14 7.39847E-31 1.71536E-06 6.16221E-14 6.65476E-21 5.65902E-19
 1.78574E-10 1.65502E-12 8.10016E-10 1.88174E-19 2.81491E-21 7.29477E-10 2.25880E-15 6.45489E-13
 8.61205E-10 3.10229E-18 1.36495E-03 8.63886E-18 4.48625E-13 4.11161E-11 8.04995E-09 6.39642E-23
 4.19973E-07 9.99976E-04 2.79429E-06 4.52817E-10 5.36173E-13 4.04159E-06 4.71040E-12 5.49898E-10
 4.81429E-19 6.04016E-10 5.42657E-12 1.08783E-14 2.51404E-14 1.51768E-30 1.71533E-06 7.02202E-14
 7.57874E-21 7.68109E-19 2.07998E-10 1.85082E-12 8.09476E-10 2.10490E-19 3.34400E-21 7.29099E-10
 2.39918E-15 7.06566E-13 9.30485E-10 3.98103E-18 1.18734E-03 9.78973E-18 4.80422E-13 4.65507E-11
 8.90400E-09 7.88977E-23 4.20230E-07 9.99973E-04 2.79520E-06 5.20973E-10 5.80742E-13 4.04152E-06
 4.68265E-12 5.32152E-10 4.76849E-19 6.19514E-10 6.53454E-12 1.02889E-14 2.63215E-14 3.07243E-30
 1.71530E-06 7.99864E-14 8.66169E-21 1.04098E-18 2.40555E-10 2.06696E-12 8.08898E-10 2.35791E-19
 3.97065E-21 7.29076E-10 2.55250E-15 7.69107E-13 1.00097E-09 5.11902E-18 1.03171E-03 1.11013E-17
 5.13892E-13 5.23622E-11 9.82664E-09 9.74962E-23 4.20511E-07 9.99970E-04 2.79619E-06 5.95513E-10
 6.28324E-13 4.04143E-06 4.67338E-12 5.16726E-10 4.73221E-19 6.33544E-10 7.78459E-12 9.74191E-15
 2.76415E-14 6.11522E-30 1.71526E-06 9.10961E-14 9.90596E-21 1.40593E-18 2.76400E-10 2.30584E-12
 8.08278E-10 2.63799E-19 4.70064E-21 7.29286E-10 2.71547E-15 8.33005E-13 1.07496E-09 6.60874E-18
 9.07319E-04 1.25815E-17 5.48610E-13 5.87519E-11 1.08563E-08 1.20627E-22 4.20826E-07 9.99967E-04
 2.79730E-06 6.79366E-10 6.79413E-13 4.04134E-06 4.66605E-12 5.02778E-10 4.68477E-19 6.46622E-10
 9.20876E-12 9.24364E-15 2.88091E-14 1.20975E-29 1.71522E-06 1.04149E-13 1.13262E-20 1.89834E-18
 3.16970E-10 2.57841E-12 8.07591E-10 2.94349E-19 5.55095E-21 7.29664E-10 2.88226E-15 9.00211E-13
 1.15489E-09 8.57278E-18 7.79806E-04 1.41283E-17 5.78521E-13 6.59551E-11 1.20384E-08 1.48529E-22
 4.21189E-07 9.99963E-04 2.79859E-06 7.76092E-10 7.29260E-13 4.04123E-06 4.65392E-12 4.89708E-10
 4.58562E-19 6.59161E-10 1.08423E-11 8.78156E-15 3.06996E-14 2.37969E-29 1.71517E-06 1.19919E-13
 1.28469E-20 2.54836E-18 3.64034E-10 2.89815E-12 8.06809E-10 3.24694E-19 6.51004E-21 7.30186E-10
 3.04640E-15 9.72666E-13 1.25017E-09 1.12753E-17 6.85407E-04 1.57904E-17 6.07162E-13 7.48838E-11
 1.35324E-08 1.83067E-22 4.21651E-07 9.99958E-04 2.80023E-06 8.98689E-10 7.87433E-13 4.04110E-06
 4.58156E-12 4.76246E-10 4.40466E-19 6.72459E-10 1.27804E-11 8.41488E-15 3.22773E-14 4.83941E-29
 1.71511E-06 1.40897E-13 1.45294E-20 3.46619E-18 4.23998E-10 3.31088E-12 8.05829E-10 3.55148E-19
 7.62757E-21 7.30904E-10 3.11753E-15 1.05844E-12 1.38043E-09 1.53010E-17 6.70404E-04 1.77958E-17
 6.45661E-13 8.75222E-11 1.56897E-08 2.29087E-22 4.22321E-07 9.99951E-04 2.80263E-06 1.07594E-09
 8.80719E-13 4.04090E-06 4.35282E-12 4.60599E-10 4.10909E-19 6.88677E-10 1.51526E-11 8.26315E-15
 3.14206E-14 1.09139E-28 1.71502E-06 1.72799E-13 1.66117E-20 4.96771E-18 5.11117E-10 3.91928E-12
 8.04424E-10 3.88757E-19 9.03936E-21 7.31983E-10 2.96490E-15 1.17412E-12 1.57980E-09 2.18742E-17
 6.50083E-04 2.02644E-17 6.95903E-13 1.07436E-10 1.91644E-08 2.93528E-22 4.23402E-07 9.99940E-04
 2.80650E-06 1.36106E-09 1.04319E-12 4.04057E-06 3.88899E-12 4.40658E-10 3.63534E-19 7.10631E-10
 1.79829E-11 8.45967E-15 3.16395E-14 2.92665E-28 1.71488E-06 2.27041E-13 1.92851E-20 7.76724E-18
 6.51919E-10 4.91947E-12 8.02181E-10 4.23646E-19 1.08936E-20 7.33716E-10 2.77935E-15 1.34739E-12
 1.87299E-09 3.28738E-17 6.35744E-04 2.34791E-17 7.49302E-13 1.37365E-10 2.45076E-08 3.88001E-22
 4.25068E-07 9.99922E-04 2.81247E-06 1.79813E-09 1.31675E-12 4.04007E-06 3.27552E-12 4.17034E-10
 3.07236E-19 7.39109E-10 2.04780E-11 9.01388E-15 3.24173E-14 9.20963E-28 1.71466E-06 3.15602E-13
 2.29051E-20 1.32954E-17 8.68923E-10 6.49031E-12 7.98763E-10 4.61414E-19 1.34992E-20 7.36371E-10
 2.69912E-15 1.59359E-12 2.35372E-09 5.39093E-17 6.35746E-04 2.96030E-17 8.52837E-13 1.87132E-10
 3.36049E-08 5.60560E-22 4.27901E-07 9.99891E-04 2.82267E-06 2.53812E-09 1.93320E-12 4.03922E-06
 2.47837E-12 3.87997E-10 2.49957E-19 7.80015E-10 2.08518E-11 1.04732E-14 3.42664E-14 3.79383E-27
 1.71429E-06 4.77257E-13 2.96041E-20 2.78040E-17 1.23873E-09 9.22636E-12 7.93008E-10 5.24952E-19
 1.77867E-20 7.40869E-10 3.06696E-15 1.97716E-12 3.05292E-09 9.14612E-17 6.35750E-04 3.88151E-17
 9.30400E-13 2.59925E-10 4.72773E-08 8.45581E-22 4.32148E-07 9.99846E-04 2.83801E-06 3.63813E-09
 2.94938E-12 4.03793E-06 1.79177E-12 3.56207E-10 2.00796E-19 8.31431E-10 1.90348E-11 1.24443E-14
 3.62925E-14 1.78241E-26 1.71373E-06 7.42161E-13 3.98921E-20 6.35358E-17 1.79404E-09 1.34474E-11
 7.84474E-10 5.98444E-19 2.48336E-20 7.47584E-10 3.83228E-15 2.49353E-12 3.98143E-09 1.52649E-16
 6.35754E-04 5.19182E-17 9.61342E-13 3.56641E-10 6.59463E-08 1.28636E-21 4.37918E-07 9.99783E-04
 2.85893E-06 5.11412E-09 4.30744E-12 4.03618E-06 1.30441E-12 3.22942E-10 1.66932E-19 8.89546E-10
 1.78583E-11 1.41298E-14 3.66434E-14 9.36986E-26 1.71297E-06 1.14553E-12 5.51415E-20 1.47148E-16
 2.55029E-09 1.93942E-11 7.73017E-10 6.80142E-19 3.76645E-20 7.56667E-10 4.42672E-15 3.10545E-12
 5.28187E-09 2.55785E-16 6.35760E-04 7.34112E-17 1.00482E-12 4.91956E-10 9.26946E-08 2.02626E-21
 4.46123E-07 9.99694E-04 2.88880E-06 7.18049E-09 6.18638E-12 4.03367E-06 9.31040E-13 2.87636E-10
 1.44320E-19 9.58283E-10 1.76230E-11 1.56656E-14 3.56609E-14 5.96509E-25 1.71188E-06 1.80647E-12
 8.06886E-20 3.66272E-16 3.62930E-09 2.82420E-11 7.56939E-10 7.83838E-19 6.21991E-20 7.69522E-10
 4.99198E-15 3.83430E-12 6.98873E-09 4.23639E-16 6.35769E-04 1.07125E-16 1.08567E-12 6.69366E-10
 1.28495E-07 3.24491E-21 4.56998E-07 9.99576E-04 2.92861E-06 9.86489E-09 8.52895E-12 4.03032E-06
 6.69859E-13 2.54577E-10 1.29545E-19 1.03456E-09 1.78713E-11 1.69997E-14 3.36957E-14 3.90563E-24
 1.71043E-06 2.84868E-12 1.21564E-19 9.25467E-16 5.06506E-09 4.06340E-11 7.35974E-10 9.07196E-19
 1.06401E-19 7.86438E-10 5.86007E-15 4.59251E-12 9.17815E-09 6.91904E-16 6.35779E-04 1.58135E-16
 1.20480E-12 8.97096E-10 1.75319E-07 5.22081E-21 4.71040E-07 9.99421E-04 2.98034E-06 1.32464E-08
 1.12941E-11 4.02595E-06 4.90848E-13 2.25664E-10 1.19567E-19 1.11823E-09 1.85999E-11 1.81708E-14
 3.13504E-14 2.48095E-23 1.70855E-06 4.50177E-12 1.85211E-19 2.30643E-15 6.92846E-09 5.77209E-11
 7.09447E-10 1.04048E-18 1.82780E-19 8.08043E-10 7.12864E-15 5.28706E-12 1.17332E-08 1.09359E-15
 6.35791E-04 2.28624E-16 1.35537E-12 1.16409E-09 2.31199E-07 8.22073E-21 4.87533E-07 9.99239E-04
 3.04159E-06 1.71000E-08 1.42769E-11 4.02077E-06 3.78983E-13 2.03587E-10 1.13697E-19 1.20331E-09
 1.99515E-11 1.90782E-14 2.91190E-14 1.34141E-22 1.70632E-06 6.95541E-12 2.76544E-19 5.30224E-15
 9.13030E-09 7.93483E-11 6.79091E-10 1.17844E-18 3.03775E-19 8.32978E-10 8.70724E-15 5.77570E-12
 1.47834E-08 1.70203E-15 6.35805E-04 3.26113E-16 1.53768E-12 1.48586E-09 2.99689E-07 1.28103E-20
 5.07365E-07 9.99017E-04 3.11592E-06 2.15740E-08 1.76275E-11 4.01446E-06 3.03909E-13 1.87537E-10
 1.10526E-19 1.29379E-09 2.18711E-11 2.01188E-14 2.76719E-14 6.44948E-22 1.70362E-06 1.07510E-11
 4.08545E-19 1.15324E-14 1.17971E-08 1.07555E-10 6.43749E-10 1.31058E-18 4.87740E-19 8.62198E-10
 1.06916E-14 6.01400E-12 1.83181E-08 2.60745E-15 6.35820E-04 4.56393E-16 1.75032E-12 1.86446E-09
 3.81567E-07 1.96848E-20 5.30553E-07 9.98754E-04 3.20377E-06 2.66013E-08 2.13574E-11 4.00698E-06
 2.54833E-13 1.77585E-10 1.09923E-19 1.38918E-09 2.43988E-11 2.14640E-14 2.72752E-14 2.68540E-21
 1.70044E-06 1.65243E-11 5.93973E-19 2.34663E-14 1.49414E-08 1.43466E-10 6.04037E-10 1.43022E-18
 7.51554E-19 8.95142E-10 1.31007E-14 5.97178E-12 2.23331E-08 3.93898E-15 6.35836E-04 6.26412E-16
 1.99404E-12 2.30381E-09 4.77959E-07 2.98335E-20 5.57170E-07 9.98449E-04 3.30585E-06 3.21267E-08
 2.55082E-11 3.99824E-06 2.23735E-13 1.73438E-10 1.11926E-19 1.48958E-09 2.76180E-11 2.33003E-14
 2.81314E-14 9.65832E-21 1.69674E-06 2.51814E-11 8.49402E-19 4.46741E-14 1.85857E-08 1.88409E-10
 5.60576E-10 1.53204E-18 1.11279E-18 9.31177E-10 1.59233E-14 5.67536E-12 2.67627E-08 5.86523E-15
 6.35852E-04 8.42290E-16 2.26987E-12 2.80198E-09 5.88606E-07 4.45426E-20 5.86875E-07 9.98103E-04
 3.42137E-06 3.80164E-08 3.00897E-11 3.98832E-06 2.05854E-13 1.74811E-10 1.16621E-19 1.59368E-09
 3.15437E-11 2.57573E-14 3.03950E-14 2.98718E-20 1.69256E-06 3.77807E-11 1.19246E-18 7.95251E-14
 2.26978E-08 2.43026E-10 5.14721E-10 1.61501E-18 1.58952E-18 9.69019E-10 1.90982E-14 5.19574E-12
 3.15865E-08 8.63046E-15 6.35867E-04 1.11282E-15 2.58176E-12 3.36269E-09 7.14298E-07 6.56841E-20
 6.19598E-07 9.97716E-04 3.55060E-06 4.42085E-08 3.51703E-11 3.97716E-06 1.97634E-13 1.81521E-10
 1.24145E-19 1.70133E-09 3.61470E-11 2.90352E-14 3.43797E-14 8.06131E-20 1.68789E-06 5.57658E-11
 1.64724E-18 1.33540E-13 2.72846E-08 3.08320E-10 4.67367E-10 1.67757E-18 2.20607E-18 1.00776E-09
 2.26194E-14 4.61229E-12 3.67490E-08 1.25618E-14 6.35881E-04 1.44729E-15 2.93453E-12 3.98607E-09
 8.54794E-07 9.57905E-20 6.54995E-07 9.97289E-04 3.69272E-06 5.06072E-08 4.08063E-11 3.96482E-06
 1.97249E-13 1.93653E-10 1.34723E-19 1.81147E-09 4.12793E-11 3.33361E-14 4.05342E-14 1.91568E-19
 1.68276E-06 8.07523E-11 2.24094E-18 2.12854E-13 3.23153E-08 3.84553E-10 4.19761E-10 1.72122E-18
 2.99360E-18 1.04622E-09 2.65062E-14 3.99756E-12 4.22767E-08 1.81515E-14 6.35892E-04 1.86106E-15
 3.33745E-12 4.68283E-09 1.01193E-06 1.38731E-19 6.93247E-07 9.96818E-04 3.84908E-06 5.72323E-08
 4.71511E-11 3.95116E-06 2.03617E-13 2.11917E-10 1.48884E-19 1.92465E-09 4.67837E-11 3.90901E-14
 4.98385E-14 4.07505E-19 1.67711E-06 1.15085E-10 3.01399E-18 3.25461E-13 3.78353E-08 4.72851E-10
 3.72354E-10 1.74354E-18 3.99132E-18 1.08392E-09 3.09711E-14 3.39391E-12 4.80969E-08 2.60136E-14
 6.35899E-04 2.36904E-15 3.79811E-12 5.45287E-09 1.18476E-06 1.99520E-19 7.33848E-07 9.96306E-04
 4.01822E-06 6.40023E-08 5.42543E-11 3.93630E-06 2.16827E-13 2.37004E-10 1.67421E-19 2.03915E-09
 5.27233E-11 4.65782E-14 6.33723E-14 7.85278E-19 1.67101E-06 1.60985E-10 4.00997E-18 4.79112E-13
 4.37927E-08 5.72433E-10 3.26367E-10 1.74839E-18 5.25531E-18 1.11977E-09 3.62263E-14 2.83636E-12
 5.41671E-08 3.69691E-14 6.35901E-04 2.99168E-15 4.32635E-12 6.30101E-09 1.37300E-06 2.85163E-19
 7.76504E-07 9.95756E-04 4.19950E-06 7.08946E-08 6.21784E-11 3.92026E-06 2.37515E-13 2.70008E-10
 1.91642E-19 2.15375E-09 5.94900E-11 5.61539E-14 8.27698E-14 1.39597E-18 1.66447E-06 2.21171E-10
 5.28824E-18 6.82462E-13 5.01650E-08 6.82453E-10 2.82571E-10 1.73790E-18 6.86669E-18 1.15311E-09
 4.29024E-14 2.34038E-12 6.03910E-08 5.20300E-14 6.35895E-04 3.75100E-15 4.93248E-12 7.22556E-09
 1.57450E-06 4.04814E-19 8.20552E-07 9.95174E-04 4.39062E-06 7.78479E-08 7.09319E-11 3.90325E-06
 2.67051E-13 3.12169E-10 2.23229E-19 2.26607E-09 6.76670E-11 6.80815E-14 1.10060E-13 2.31935E-18
 1.65756E-06 2.98075E-10 6.91707E-18 9.42885E-13 5.68727E-08 8.00453E-10 2.41900E-10 1.71720E-18
 8.93938E-18 1.18319E-09 5.18669E-14 1.91425E-12 6.66824E-08 7.24576E-14 6.35882E-04 4.67388E-15
 5.62887E-12 8.22586E-09 1.78686E-06 5.70674E-19 8.65389E-07 9.94565E-04 4.58939E-06 8.48290E-08
 8.05132E-11 3.88543E-06 3.07465E-13 3.64980E-10 2.64497E-19 2.37385E-09 7.81338E-11 8.25682E-14
 1.47852E-13 3.65058E-18 1.65038E-06 3.94125E-10 8.98274E-18 1.26689E-12 6.38409E-08 9.23416E-10
 2.04967E-10 1.69071E-18 1.16330E-17 1.20959E-09 6.40893E-14 1.55716E-12 7.30284E-08 9.98886E-14
 6.35859E-04 5.79789E-15 6.43196E-12 9.31239E-09 2.00960E-06 7.99750E-19 9.10911E-07 9.93929E-04
 4.79568E-06 9.18939E-08 9.09571E-11 3.86682E-06 3.61711E-13 4.30585E-10 3.18991E-19 2.47593E-09
 9.22628E-11 9.98810E-14 1.99923E-13 5.53320E-18 1.64290E-06 5.12747E-10 1.16076E-17 1.66216E-12
 7.10683E-08 1.04908E-09 1.71791E-10 1.65819E-18 1.51697E-17 1.23232E-09 7.93554E-14 1.26039E-12
 7.93922E-08 1.36331E-13 6.35825E-04 7.16580E-15 7.36155E-12 1.04911E-08 2.24061E-06 1.11475E-18
 9.56783E-07 9.93271E-04 5.00827E-06 9.90720E-08 1.02286E-10 3.84752E-06 4.33772E-13 5.11214E-10
 3.91130E-19 2.57046E-09 1.11555E-10 1.20142E-13 2.70768E-13 8.14300E-18 1.63519E-06 6.56917E-10
 1.49381E-17 2.13448E-12 7.85156E-08 1.17397E-09 1.42472E-10 1.62121E-18 1.98412E-17 1.25138E-09
 9.85044E-14 1.01623E-12 8.57924E-08 1.84409E-13 6.35779E-04 8.83414E-15 8.44471E-12 1.17770E-08
 2.47883E-06 1.54768E-18 1.00298E-06 9.92588E-04 5.22731E-06 1.06450E-07 1.14597E-10 3.82752E-06
 5.29184E-13 6.09924E-10 4.87131E-19 2.65623E-09 1.37730E-10 1.43630E-13 3.66697E-13 1.16955E-17
 1.62722E-06 8.30527E-10 1.91697E-17 2.69035E-12 8.61922E-08 1.29495E-09 1.16818E-10 1.57836E-18
 2.60163E-17 1.26698E-09 1.21836E-13 8.15430E-13 9.22457E-08 2.47401E-13 6.35718E-04 1.08707E-14
 9.71491E-12 1.31834E-08 2.72200E-06 2.14252E-18 1.04938E-06 9.91881E-04 5.45236E-06 1.14107E-07
 1.27994E-10 3.80686E-06 6.55534E-13 7.30184E-10 6.15358E-19 2.73172E-09 1.72283E-10 1.70554E-13
 4.95491E-13 1.64132E-17 1.61900E-06 1.03713E-09 2.45439E-17 3.33388E-12 9.40883E-08 1.40812E-09
 9.46667E-11 1.52919E-18 3.41591E-17 1.27932E-09 1.49913E-13 6.50670E-13 9.87745E-08 3.29653E-13
 6.35643E-04 1.33615E-14 1.12191E-11 1.47234E-08 2.96685E-06 2.96208E-18 1.09577E-06 9.91152E-04
 5.68261E-06 1.22117E-07 1.42708E-10 3.78563E-06 8.23385E-13 8.76807E-10 7.86928E-19 2.79538E-09
 2.15263E-10 2.01584E-13 6.68150E-13 2.23288E-17 1.61056E-06 1.27970E-09 3.13585E-17 4.06613E-12
 1.02181E-07 1.50908E-09 7.58286E-11 1.47396E-18 4.47657E-17 1.28864E-09 1.86821E-13 5.15869E-13
 1.05414E-07 4.37468E-13 6.35550E-04 1.64278E-14 1.30307E-11 1.64121E-08 3.20958E-06 4.10185E-18
 1.14198E-06 9.90403E-04 5.91732E-06 1.30564E-07 1.59259E-10 3.76391E-06 1.04698E-12 1.05690E-09
 1.01593E-18 2.84573E-09 2.64354E-10 2.38647E-13 9.01832E-13 2.88797E-17 1.60192E-06 1.56080E-09
 3.99889E-17 4.88766E-12 1.10452E-07 1.59345E-09 6.00522E-11 1.41309E-18 5.81844E-17 1.29521E-09
 2.46734E-13 4.05768E-13 1.12216E-07 5.79234E-13 6.35438E-04 2.02354E-14 1.52450E-11 1.82743E-08
 3.44693E-06 5.70272E-18 1.18807E-06 9.89632E-04 6.15679E-06 1.39567E-07 1.78207E-10 3.74170E-06
 1.34521E-12 1.27828E-09 1.32182E-18 2.88127E-09 3.17484E-10 2.83822E-13 1.21771E-12 3.51862E-17
 1.59307E-06 1.88366E-09 5.09389E-17 5.80006E-12 1.18920E-07 1.65751E-09 4.69920E-11 1.34542E-18
 7.46869E-17 1.29938E-09 3.59780E-13 3.15932E-13 1.19199E-07 7.63769E-13 6.35306E-04 2.49737E-14
 1.79542E-11 2.03358E-08 3.67473E-06 7.95010E-18 1.23401E-06 9.88839E-04 6.40095E-06 1.49226E-07
 1.99640E-10 3.71904E-06 1.74299E-12 1.54514E-09 1.73378E-18 2.89980E-09 3.75951E-10 3.36382E-13
 1.62921E-12 4.11100E-17 1.58399E-06 2.25045E-09 6.48667E-17 6.79737E-12 1.27590E-07 1.69791E-09
 3.63267E-11 1.27066E-18 9.49545E-17 1.30145E-09 5.59864E-13 2.43350E-13 1.26391E-07 1.00166E-12
 6.35149E-04 3.08877E-14 2.12760E-11 2.26336E-08 3.88916E-06 1.11053E-17 1.27996E-06 9.88020E-04
 6.65060E-06 1.59670E-07 2.23661E-10 3.69588E-06 2.27412E-12 1.86117E-09 2.29393E-18 2.89883E-09
 4.42401E-10 3.94764E-13 2.14476E-12 4.67525E-17 1.57465E-06 2.66363E-09 8.26453E-17 7.86930E-12
 1.36500E-07 1.71205E-09 2.77100E-11 1.18792E-18 1.19867E-16 1.30174E-09 8.74209E-13 1.85146E-13
 1.33771E-07 1.30706E-12 6.34965E-04 3.83091E-14 2.53790E-11 2.51936E-08 4.08449E-06 1.55524E-17
 1.32573E-06 9.87177E-04 6.90476E-06 1.70954E-07 2.50671E-10 3.67234E-06 2.98056E-12 2.22848E-09
 3.05572E-18 2.87586E-09 5.17618E-10 4.57604E-13 2.76231E-12 5.17051E-17 1.56508E-06 3.12144E-09
 1.05376E-16 9.00165E-12 1.45628E-07 1.69794E-09 2.08716E-11 1.09980E-18 1.50099E-16 1.30052E-09
 1.35348E-12 1.39112E-13 1.41330E-07 1.69730E-12 6.34752E-04 4.76687E-14 3.04725E-11 2.80513E-08
 4.25549E-06 2.18400E-17 1.37129E-06 9.86310E-04 7.16314E-06 1.83148E-07 2.81027E-10 3.64848E-06
 3.91896E-12 2.64781E-09 4.09638E-18 2.82901E-09 6.02716E-10 5.22492E-13 3.46621E-12 5.57617E-17
 1.55527E-06 3.62080E-09 1.34515E-16 1.01720E-11 1.54977E-07 1.65503E-09 1.55267E-11 1.00829E-18
 1.86488E-16 1.29810E-09 2.11123E-12 1.03158E-13 1.49076E-07 2.19435E-12 6.34504E-04 5.95268E-14
 3.68219E-11 3.12546E-08 4.39738E-06 3.07588E-17 1.41673E-06 9.85416E-04 7.42617E-06 1.96337E-07
 3.15089E-10 3.62429E-06 5.16657E-12 3.11888E-09 5.52785E-18 2.75723E-09 6.98727E-10 5.86401E-13
 4.22764E-12 5.88039E-17 1.54520E-06 4.15723E-09 1.72006E-16 1.13503E-11 1.64581E-07 1.58402E-09
 1.14016E-11 9.14704E-19 2.30002E-16 1.29470E-09 3.27068E-12 7.53800E-14 1.56989E-07 2.82782E-12
 6.34219E-04 7.46188E-14 4.47705E-11 3.48502E-08 4.50509E-06 4.34639E-17 1.46203E-06 9.84495E-04
 7.69368E-06 2.10556E-07 3.53341E-10 3.59981E-06 6.82629E-12 3.63969E-09 7.50597E-18 2.66071E-09
 8.04567E-10 6.46468E-13 5.00271E-12 6.04925E-17 1.53486E-06 4.72183E-09 2.20400E-16 1.25007E-11
 1.74455E-07 1.48708E-09 8.26433E-12 8.21199E-19 2.81440E-16 1.29055E-09 5.07293E-12 5.42107E-14
 1.65048E-07 3.63851E-12 6.33889E-04 9.38982E-14 5.47547E-11 3.88902E-08 4.57394E-06 6.16447E-17
 1.50721E-06 9.83545E-04 7.96565E-06 2.25806E-07 3.96315E-10 3.57507E-06 9.03985E-12 4.20774E-09
 1.02523E-17 2.54091E-09 9.16974E-10 7.00326E-13 5.73750E-12 6.04256E-17 1.52423E-06 5.30219E-09
 2.83090E-16 1.35826E-11 1.84627E-07 1.36772E-09 5.91146E-12 7.29604E-19 3.41359E-16 1.28584E-09
 7.92451E-12 3.83026E-14 1.73204E-07 4.68246E-12 6.33509E-04 1.18572E-13 6.73079E-11 4.34257E-08
 4.59976E-06 8.77495E-17 1.55224E-06 9.82566E-04 8.24175E-06 2.42012E-07 4.44449E-10 3.55011E-06
 1.20045E-11 4.81899E-09 1.40828E-17 2.40062E-09 1.03065E-09 7.45762E-13 6.36971E-12 5.83479E-17
 1.51329E-06 5.88130E-09 3.64577E-16 1.45517E-11 1.95121E-07 1.23079E-09 4.17194E-12 6.41613E-19
 4.10096E-16 1.28074E-09 1.23449E-11 2.65417E-14 1.81344E-07 6.03728E-12 6.33073E-04 1.50145E-13
 8.30519E-11 4.84781E-08 4.57939E-06 1.25288E-16 1.59682E-06 9.81561E-04 8.52008E-06 2.58921E-07
 4.97985E-10 3.52509E-06 1.59888E-11 5.46498E-09 1.94377E-17 2.24450E-09 1.13799E-09 7.80468E-13
 6.82939E-12 5.42539E-17 1.50210E-06 6.43528E-09 4.70740E-16 1.53653E-11 2.05905E-07 1.08289E-09
 2.90993E-12 5.59677E-19 4.87728E-16 1.27540E-09 1.70656E-11 1.80425E-14 1.89342E-07 7.81083E-12
 6.32575E-04 1.90451E-13 1.02697E-10 5.40621E-08 4.51156E-06 1.79272E-16 1.64075E-06 9.80535E-04
 8.79904E-06 2.76180E-07 5.56906E-10 3.50013E-06 2.13701E-11 6.13674E-09 2.69315E-17 2.07795E-09
 1.23064E-09 8.03118E-13 7.05866E-12 4.83681E-17 1.49068E-06 6.93866E-09 6.09257E-16 1.59854E-11
 2.16968E-07 9.31101E-10 2.00944E-12 4.85236E-19 5.73864E-16 1.26997E-09 2.14395E-11 1.20370E-14
 1.97113E-07 1.01438E-11 6.32004E-04 2.41512E-13 1.26996E-10 6.02187E-08 4.39629E-06 2.56668E-16
 1.68413E-06 9.79483E-04 9.07906E-06 2.93432E-07 6.20523E-10 3.47516E-06 2.86901E-11 6.82811E-09
 3.74142E-17 1.90545E-09 1.30188E-09 8.13102E-13 7.02680E-12 4.12121E-17 1.47899E-06 7.36873E-09
 7.89824E-16 1.63734E-11 2.28383E-07 7.81458E-10 1.37261E-12 4.17835E-19 6.67881E-16 1.26449E-09
 2.54876E-11 7.87088E-15 2.04524E-07 1.32039E-11 6.31347E-04 3.05342E-13 1.56592E-10 6.69483E-08
 4.23556E-06 3.66725E-16 1.72691E-06 9.78404E-04 9.35945E-06 3.10112E-07 6.87138E-10 3.45016E-06
 3.86732E-11 7.52819E-09 5.19690E-17 1.73181E-09 1.34695E-09 8.09208E-13 6.72757E-12 3.35807E-17
 1.46699E-06 7.70195E-09 1.02383E-15 1.64988E-11 2.40191E-07 6.39893E-10 9.27586E-13 3.57333E-19
 7.69470E-16 1.25903E-09 2.92135E-11 5.04962E-15 2.11439E-07 1.71705E-11 6.30591E-04 3.83685E-13
 1.91908E-10 7.42173E-08 4.03360E-06 5.21285E-16 1.76899E-06 9.77297E-04 9.63926E-06 3.25523E-07
 7.54110E-10 3.42513E-06 5.22412E-11 8.22420E-09 7.18491E-17 1.56127E-09 1.36355E-09 7.90726E-13
 6.18911E-12 2.62274E-17 1.45466E-06 7.91890E-09 1.32364E-15 1.63458E-11 2.52429E-07 5.11204E-10
 6.20151E-13 3.03351E-19 8.78592E-16 1.25363E-09 3.26203E-11 3.18616E-15 2.17734E-07 2.22067E-11
 6.29719E-04 4.77790E-13 2.33027E-10 8.19451E-08 3.79700E-06 7.35019E-16 1.81027E-06 9.76163E-04
 9.91714E-06 3.38883E-07 8.18272E-10 3.40005E-06 7.04757E-11 8.90254E-09 9.82863E-17 1.39733E-09
 1.35153E-09 7.58085E-13 5.46980E-12 1.96965E-17 1.44199E-06 8.00754E-09 1.70144E-15 1.59223E-11
 2.65124E-07 3.98648E-10 4.10089E-13 2.55366E-19 9.95330E-16 1.24831E-09 3.57097E-11 1.98376E-15
 2.23270E-07 2.84393E-11 6.28722E-04 5.88633E-13 2.79581E-10 8.99353E-08 3.53650E-06 1.02583E-15
 1.85029E-06 9.75011E-04 1.01893E-05 3.49349E-07 8.76903E-10 3.37513E-06 9.44671E-11 9.54456E-09
 1.32197E-16 1.24371E-09 1.31330E-09 7.12886E-13 4.64872E-12 1.43213E-17 1.42906E-06 7.96628E-09
 2.16841E-15 1.52764E-11 2.78191E-07 3.04430E-10 2.68997E-13 2.13483E-19 1.12010E-15 1.24311E-09
 3.84622E-11 1.22682E-15 2.27966E-07 3.59283E-11 6.27589E-04 7.16973E-13 3.30726E-10 9.79481E-08
 3.26423E-06 1.41506E-15 1.88869E-06 9.73850E-04 1.04520E-05 3.56289E-07 9.27992E-10 3.35052E-06
 1.25211E-10 1.01332E-08 1.74013E-16 1.10283E-09 1.25453E-09 6.57505E-13 3.81427E-12 1.02041E-17
 1.41595E-06 7.80681E-09 2.73493E-15 1.44786E-11 2.91539E-07 2.28648E-10 1.75568E-13 1.77483E-19
 1.25454E-15 1.23808E-09 4.08708E-11 7.58448E-16 2.31816E-07 4.46616E-11 6.26305E-04 8.63468E-13
 3.85313E-10 1.05764E-07 2.99063E-06 1.92842E-15 1.92541E-06 9.72679E-04 1.07036E-05 3.59400E-07
 9.70569E-10 3.32622E-06 1.63526E-10 1.06584E-08 2.23531E-16 9.75188E-10 1.18164E-09 5.95319E-13
 3.03778E-12 7.20669E-18 1.40264E-06 7.54962E-09 3.41131E-15 1.36002E-11 3.05160E-07 1.69501E-10
 1.14099E-13 1.46628E-19 1.40066E-15 1.23321E-09 4.29501E-11 4.70186E-16 2.34831E-07 5.46086E-11
 6.24855E-04 1.02945E-12 4.42071E-10 1.13134E-07 2.72554E-06 2.59804E-15 1.96032E-06 9.71502E-04
 1.09416E-05 3.58665E-07 1.00531E-09 3.30227E-06 2.09912E-10 1.11126E-08 2.79948E-16 8.60902E-10
 1.10042E-09 5.30278E-13 2.36264E-12 5.09850E-18 1.38917E-06 7.22092E-09 4.20996E-15 1.27139E-11
 3.19010E-07 1.24588E-10 7.39441E-14 1.20382E-19 1.56042E-15 1.22848E-09 4.47118E-11 2.92983E-16
 2.37046E-07 6.57505E-11 6.23226E-04 1.21712E-12 4.99772E-10 1.19834E-07 2.47651E-06 3.46435E-15
 1.99340E-06 9.70320E-04 1.11641E-05 3.54355E-07 1.03382E-09 3.27870E-06 2.64574E-10 1.14918E-08
 3.42132E-16 7.59482E-10 1.01569E-09 4.65843E-13 1.80593E-12 3.65030E-18 1.37553E-06 6.84825E-09
 5.14779E-15 1.18772E-11 3.33058E-07 9.12097E-11 4.78460E-14 9.82110E-20 1.73622E-15 1.22387E-09
 4.61706E-11 1.83671E-16 2.38507E-07 7.81047E-11 6.21396E-04 1.42947E-12 5.57398E-10 1.25692E-07
 2.24789E-06 4.57879E-15 2.02475E-06 9.69129E-04 1.13699E-05 3.46928E-07 1.05805E-09 3.25546E-06
 3.27496E-10 1.17966E-08 4.08849E-16 6.69833E-10 9.30684E-10 4.04641E-13 1.36397E-12 2.66513E-18
 1.36168E-06 6.45612E-09 6.24795E-15 1.11260E-11 3.47322E-07 6.67255E-11 3.08983E-14 7.95200E-20
 1.93062E-15 1.21937E-09 4.73455E-11 1.15684E-16 2.39264E-07 9.17951E-11 6.19346E-04 1.67096E-12
 6.14318E-10 1.30569E-07 2.04207E-06 6.00906E-15 2.05444E-06 9.67929E-04 1.15576E-05 3.36963E-07
 1.08049E-09 3.23253E-06 3.98470E-10 1.20287E-08 4.78903E-16 5.90892E-10 8.46998E-10 3.48630E-13
 1.02142E-12 1.99196E-18 1.34761E-06 6.06608E-09 7.54169E-15 1.04828E-11 3.61804E-07 4.89205E-11
 1.99052E-14 6.38346E-20 2.14523E-15 1.21492E-09 4.82510E-11 7.30543E-17 2.39371E-07 1.07133E-10
 6.17074E-04 1.94833E-12 6.70310E-10 1.34349E-07 1.86077E-06 7.84652E-15 2.08234E-06 9.66727E-04
 1.17245E-05 3.25151E-07 1.10427E-09 3.21007E-06 4.77138E-10 1.21896E-08 5.51443E-16 5.22058E-10
 7.65927E-10 2.99031E-13 7.60518E-13 1.52783E-18 1.33339E-06 5.69843E-09 9.07135E-15 9.96476E-12
 3.76400E-07 3.60997E-11 1.28225E-14 5.08941E-20 2.38084E-15 1.21055E-09 4.88944E-11 4.62648E-17
 2.38890E-07 1.24503E-10 6.14571E-04 2.26953E-12 7.25332E-10 1.36994E-07 1.70341E-06 1.02087E-14
 2.10847E-06 9.65526E-04 1.18691E-05 3.12115E-07 1.13158E-09 3.18814E-06 5.63156E-10 1.22816E-08
 6.26053E-16 4.62336E-10 6.89029E-10 2.55910E-13 5.64566E-13 1.20616E-18 1.31907E-06 5.36772E-09
 1.08913E-14 9.57536E-12 3.91060E-07 2.68865E-11 8.26885E-15 4.03397E-20 2.63950E-15 1.20624E-09
 4.92878E-11 2.93665E-17 2.37880E-07 1.44298E-10 6.11823E-04 2.64340E-12 7.79267E-10 1.38523E-07
 1.56805E-06 1.32410E-14 2.13292E-06 9.64324E-04 1.19903E-05 2.98340E-07 1.16327E-09 3.16676E-06
 6.56234E-10 1.23069E-08 7.02902E-16 4.10566E-10 6.18165E-10 2.18563E-13 4.19645E-13 9.86226E-19
 1.30464E-06 5.08393E-09 1.30714E-14 9.31077E-12 4.05779E-07 2.02410E-11 5.33663E-15 3.17833E-20
 2.92689E-15 1.20196E-09 4.94436E-11 1.86595E-17 2.36391E-07 1.66959E-10 6.08819E-04 3.08052E-12
 8.31972E-10 1.38981E-07 1.45254E-06 1.71247E-14 2.15577E-06 9.63125E-04 1.20870E-05 2.84213E-07
 1.19959E-09 3.14595E-06 7.56134E-10 1.22678E-08 7.82738E-16 3.65743E-10 5.54582E-10 1.86195E-13
 3.13902E-13 8.41187E-19 1.29012E-06 4.85505E-09 1.57022E-14 9.16726E-12 4.20536E-07 1.54225E-11
 3.44659E-15 2.48962E-20 3.25168E-15 1.19770E-09 4.93721E-11 1.18593E-17 2.34479E-07 1.93101E-10
 6.05558E-04 3.59452E-12 8.83554E-10 1.38443E-07 1.35478E-06 2.20977E-14 2.17702E-06 9.61931E-04
 1.21580E-05 2.70076E-07 1.24130E-09 3.12579E-06 8.62666E-10 1.21676E-08 8.66478E-16 3.27057E-10
 4.98174E-10 1.58282E-13 2.37014E-13 7.50262E-19 1.27556E-06 4.68817E-09 1.88979E-14 9.14314E-12
 4.35262E-07 1.19095E-11 2.22960E-15 1.94160E-20 3.62176E-15 1.19347E-09 4.90830E-11 7.54170E-18
 2.32193E-07 2.23535E-10 6.02039E-04 4.20260E-12 9.34363E-10 1.37002E-07 1.27246E-06 2.84760E-14
 2.19672E-06 9.60748E-04 1.22025E-05 2.56178E-07 1.28971E-09 3.10635E-06 9.75628E-10 1.20109E-08
 9.54820E-16 2.93714E-10 4.47868E-10 1.34406E-13 1.80689E-13 6.97837E-19 1.26102E-06 4.58935E-09
 2.28006E-14 9.23722E-12 4.49906E-07 9.32534E-12 1.44566E-15 1.50984E-20 4.04285E-15 1.18924E-09
 4.85855E-11 4.79997E-18 2.29575E-07 2.59064E-10 5.98258E-04 4.92450E-12 9.84424E-10 1.34762E-07
 1.20340E-06 3.66509E-14 2.21493E-06 9.59578E-04 1.22199E-05 2.42686E-07 1.34503E-09 3.08767E-06
 1.09482E-09 1.18016E-08 1.04897E-15 2.64979E-10 4.02681E-10 1.13941E-13 1.39221E-13 6.78269E-19
 1.24653E-06 4.56487E-09 2.75925E-14 9.45001E-12 4.64423E-07 7.40413E-12 9.39951E-16 1.17218E-20
 4.52682E-15 1.18503E-09 4.78887E-11 3.05932E-18 2.26657E-07 3.00762E-10 5.94218E-04 5.78546E-12
 1.03398E-09 1.31832E-07 1.14573E-06 4.71429E-14 2.23170E-06 9.58424E-04 1.22097E-05 2.29725E-07
 1.40832E-09 3.06979E-06 1.21992E-09 1.15441E-08 1.14981E-15 2.40220E-10 3.61502E-10 9.64612E-14
 1.08353E-13 6.87324E-19 1.23214E-06 4.62213E-09 3.35033E-14 9.78582E-12 4.78763E-07 5.96006E-12
 6.13401E-16 9.10338E-21 5.08372E-15 1.18083E-09 4.70008E-11 1.95485E-18 2.23448E-07 3.49857E-10
 5.89895E-04 6.81591E-12 1.08321E-09 1.28302E-07 1.09758E-06 6.06260E-14 2.24717E-06 9.57284E-04
 1.21717E-05 2.17309E-07 1.48068E-09 3.05264E-06 1.35025E-09 1.12416E-08 1.25784E-15 2.18763E-10
 3.23223E-10 8.15489E-14 8.49903E-14 7.24238E-19 1.21779E-06 4.77125E-09 4.08282E-14 1.02525E-11
 4.92957E-07 4.85701E-12 4.01219E-16 7.07142E-21 5.72482E-15 1.17661E-09 4.59238E-11 1.25128E-18
 2.19942E-07 4.07842E-10 5.85265E-04 8.05413E-12 1.13224E-09 1.24254E-07 1.05755E-06 7.79810E-14
 2.26148E-06 9.56155E-04 1.21050E-05 2.05440E-07 1.56342E-09 3.03619E-06 1.48485E-09 1.08968E-08
 1.37358E-15 2.00088E-10 2.87145E-10 6.88346E-14 6.70560E-14 7.92316E-19 1.20348E-06 5.02639E-09
 4.99517E-14 1.08647E-11 5.07020E-07 4.00254E-12 2.62714E-16 5.49499E-21 6.46409E-15 1.17235E-09
 4.46574E-11 8.01971E-19 2.16120E-07 4.76526E-10 5.80307E-04 9.54886E-12 1.18117E-09 1.19763E-07
 1.02463E-06 1.00366E-13 2.27471E-06 9.55036E-04 1.20087E-05 1.94095E-07 1.65814E-09 3.02039E-06
 1.62236E-09 1.05123E-08 1.49765E-15 1.83781E-10 2.52899E-10 5.79954E-14 5.31172E-14 8.99660E-19
 1.18916E-06 5.40683E-09 6.13827E-14 1.16449E-11 5.20951E-07 3.33228E-12 1.71935E-16 4.27159E-21
 7.31913E-15 1.16803E-09 4.31989E-11 5.14453E-19 2.11968E-07 5.58130E-10 5.75027E-04 1.13640E-11
 1.23008E-09 1.14930E-07 9.98229E-07 1.29326E-13 2.28687E-06 9.53934E-04 1.18826E-05 1.83298E-07
 1.76660E-09 3.00532E-06 1.76128E-09 1.00919E-08 1.63140E-15 1.69605E-10 2.20561E-10 4.87580E-14
 4.22295E-14 1.06209E-18 1.17493E-06 5.93487E-09 7.58016E-14 1.26254E-11 5.34656E-07 2.80396E-12
 1.12559E-16 3.33052E-21 8.31451E-15 1.16367E-09 4.15541E-11 3.31094E-19 2.07437E-07 6.55246E-10
 5.69419E-04 1.35829E-11 1.27907E-09 1.09844E-07 9.77876E-07 1.66933E-13 2.29802E-06 9.52849E-04
 1.17262E-05 1.73011E-07 1.89052E-09 2.99099E-06 1.89960E-09 9.63894E-09 1.77671E-15 1.57325E-10
 1.90241E-10 4.08748E-14 3.36719E-14 1.30854E-18 1.16080E-06 6.63954E-09 9.41472E-14 1.38520E-11
 5.48077E-07 2.38551E-12 7.36870E-17 2.61003E-21 9.48439E-15 1.15926E-09 3.97242E-11 2.14216E-19
 2.02454E-07 7.71016E-10 5.63475E-04 1.63185E-11 1.32839E-09 1.04586E-07 9.63262E-07 2.16048E-13
 2.30821E-06 9.51786E-04 1.15390E-05 1.63179E-07 2.03205E-09 2.97739E-06 2.03477E-09 9.15736E-09
 1.93611E-15 1.46752E-10 1.62098E-10 3.41451E-14 2.69028E-14 1.69066E-18 1.14681E-06 7.55726E-09
 1.17740E-13 1.53904E-11 5.61155E-07 2.05383E-12 4.82107E-17 2.06132E-21 1.08740E-14 1.15480E-09
 3.77086E-11 1.39698E-19 1.96921E-07 9.09153E-10 5.57188E-04 1.97273E-11 1.37857E-09 9.92433E-08
 9.54239E-07 2.80703E-13 2.31750E-06 9.50746E-04 1.13206E-05 1.53741E-07 2.19348E-09 2.96455E-06
 2.16367E-09 8.65166E-09 2.11344E-15 1.37748E-10 1.36327E-10 2.84001E-14 2.15200E-14 2.30712E-18
 1.13297E-06 8.73235E-09 1.48489E-13 1.73348E-11 5.73814E-07 1.79272E-12 3.15135E-17 1.64704E-21
 1.25469E-14 1.15029E-09 3.55068E-11 9.21970E-20 1.90679E-07 1.07354E-09 5.50513E-04 2.40283E-11
 1.43029E-09 9.38690E-08 9.50759E-07 3.66574E-13 2.32598E-06 9.49725E-04 1.10695E-05 1.44578E-07
 2.37601E-09 2.95241E-06 2.28212E-09 8.12528E-09 2.31476E-15 1.30169E-10 1.12968E-10 2.34752E-14
 1.71980E-14 3.37164E-18 1.11925E-06 1.02271E-08 1.89298E-13 1.98307E-11 5.86037E-07 1.58991E-12
 2.05196E-17 1.33519E-21 1.46065E-14 1.14570E-09 3.31038E-11 6.17788E-20 1.83555E-07 1.26943E-09
 5.43422E-04 2.95539E-11 1.48566E-09 8.85316E-08 9.52825E-07 4.82410E-13 2.33371E-06 9.48726E-04
 1.07844E-05 1.35592E-07 2.58395E-09 2.94093E-06 2.38502E-09 7.58353E-09 2.54722E-15 1.23936E-10
 9.20844E-11 1.92842E-14 1.36995E-14 5.32799E-18 1.10565E-06 1.21162E-08 2.44599E-13 2.30917E-11
 5.97750E-07 1.43773E-12 1.32743E-17 1.10375E-21 1.71735E-14 1.14102E-09 3.04874E-11 4.22473E-20
 1.75369E-07 1.50201E-09 5.35910E-04 3.68062E-11 1.54784E-09 8.33169E-08 9.60521E-07 6.41464E-13
 2.34072E-06 9.47752E-04 1.04654E-05 1.26694E-07 2.81931E-09 2.93015E-06 2.46701E-09 7.03393E-09
 2.82374E-15 1.19015E-10 7.37590E-11 1.57321E-14 1.08651E-14 9.32740E-18 1.09221E-06 1.44833E-08
 3.21501E-13 2.74453E-11 6.08812E-07 1.33240E-12 8.51631E-18 9.37218E-22 2.04473E-14 1.13627E-09
 2.76535E-11 2.97194E-20 1.65904E-07 1.77674E-09 5.27967E-04 4.65819E-11 1.62185E-09 7.82975E-08
 9.74040E-07 8.64578E-13 2.34706E-06 9.46807E-04 1.01126E-05 1.17738E-07 3.08257E-09 2.92009E-06
 2.52271E-09 6.48405E-09 3.16473E-15 1.15368E-10 5.79696E-11 1.27468E-14 8.57469E-15 1.93381E-17
 1.07900E-06 1.74305E-08 4.31891E-13 3.34168E-11 6.19069E-07 1.27268E-12 5.40220E-18 8.23701E-22
 2.47272E-14 1.13143E-09 2.45931E-11 2.16876E-20 1.54960E-07 2.09890E-09 5.19603E-04 6.01824E-11
 1.71513E-09 7.35437E-08 9.93820E-07 1.18502E-12 2.35274E-06 9.45898E-04 9.72759E-06 1.08537E-07
 3.36879E-09 2.91080E-06 2.54835E-09 5.94180E-09 3.60448E-15 1.12954E-10 4.46452E-11 1.02723E-14
 6.74349E-15 5.56766E-17 1.06611E-06 2.10691E-08 5.96414E-13 4.18677E-11 6.28316E-07 1.25994E-12
 3.37850E-18 7.55318E-22 3.04842E-14 1.12655E-09 2.13033E-11 1.65668E-20 1.42355E-07 2.47267E-09
 5.10832E-04 7.97893E-11 1.83754E-09 6.90982E-08 1.02096E-06 1.65573E-12 2.35779E-06 9.45032E-04
 9.31289E-06 9.88200E-08 3.65934E-09 2.90229E-06 2.54337E-09 5.41276E-09 4.20381E-15 1.11688E-10
 3.36290E-11 8.26073E-15 5.30339E-15 2.29469E-16 1.05363E-06 2.55242E-08 8.52803E-13 5.42863E-11
 6.36328E-07 1.29739E-12 2.07521E-18 7.26942E-22 3.85235E-14 1.12164E-09 1.77780E-11 1.33468E-20
 1.27991E-07 2.89852E-09 5.01657E-04 1.09140E-10 2.00096E-09 6.49591E-08 1.05783E-06 2.35951E-12
 2.36226E-06 9.44216E-04 8.87175E-06 8.82396E-08 3.90794E-09 2.89461E-06 2.51157E-09 4.89898E-09
 5.07657E-15 1.11415E-10 2.46992E-11 6.67416E-15 4.19552E-15 9.89322E-16 1.04167E-06 3.09350E-08
 1.27407E-12 7.33897E-11 6.42860E-07 1.38881E-12 1.24574E-18 7.35777E-22 5.03860E-14 1.11672E-09
 1.40034E-11 1.13935E-20 1.12073E-07 3.37575E-09 4.92102E-04 1.54777E-10 2.21849E-09 6.10623E-08
 1.10854E-06 3.42734E-12 2.36617E-06 9.43458E-04 8.40980E-06 7.65017E-08 4.03990E-09 2.88778E-06
 2.46139E-09 4.40083E-09 6.42992E-15 1.11866E-10 1.76146E-11 5.51884E-15 3.36915E-15 3.45298E-15
 1.03036E-06 3.74301E-08 2.00683E-12 1.04200E-10 6.47642E-07 1.53430E-12 7.27859E-19 7.81071E-22
 6.89652E-14 1.11186E-09 9.96202E-12 1.03165E-20 9.53346E-08 3.93079E-09 4.82138E-04 2.28405E-10
 2.49943E-09 5.72102E-08 1.17981E-06 5.08529E-12 2.36958E-06 9.42763E-04 7.93291E-06 6.35190E-08
 3.99674E-09 2.88180E-06 2.40576E-09 3.91550E-09 8.60133E-15 1.12593E-10 1.20949E-11 4.87498E-15
 2.77487E-15 9.33171E-15 1.01980E-06 4.51331E-08 3.34438E-12 1.55550E-10 6.50439E-07 1.72313E-12
 4.12178E-19 8.60581E-22 9.84960E-14 1.10707E-09 5.60081E-12 9.83115E-21 7.90418E-08 4.66242E-09
 4.71691E-04 3.51127E-10 2.83673E-09 5.30353E-08 1.28242E-06 7.76238E-12 2.37253E-06 9.42137E-04
 7.44861E-06 4.96393E-08 3.78300E-09 2.87667E-06 2.36450E-09 3.43756E-09 1.21166E-14 1.12945E-10
 7.87783E-12 4.86230E-15 2.36708E-15 2.08236E-14 1.01010E-06 5.40979E-08 5.85585E-12 2.41644E-10
 6.51084E-07 1.92658E-12 2.25780E-19 9.63672E-22 1.42697E-13 1.10241E-09 2.33195E-12 9.66534E-21
 6.43632E-08 5.75933E-09 4.60662E-04 5.60841E-10 3.19308E-09 4.80771E-08 1.43325E-06 1.22778E-11
 2.37505E-06 9.41585E-04 6.96970E-06 3.57692E-08 3.43499E-09 2.87240E-06 2.36216E-09 2.96467E-09
 1.79028E-14 1.12135E-10 4.76830E-12 5.62354E-15 2.10584E-15 4.11976E-14 1.00142E-06 6.41523E-08
 1.06540E-11 3.84920E-10 6.49568E-07 2.09846E-12 1.19939E-19 1.06405E-21 2.02487E-13 1.09797E-09
 1.25119E-12 9.56226E-21 5.17717E-08 7.50607E-09 4.49017E-04 9.24124E-10 3.50430E-09 4.21040E-08
 1.65469E-06 2.01908E-11 2.37710E-06 9.41126E-04 6.52133E-06 2.33231E-08 2.97646E-09 2.86904E-06
 2.41846E-09 2.50922E-09 2.77706E-14 1.09498E-10 2.63572E-12 7.42820E-15 1.95751E-15 7.44210E-14
 9.94058E-07 7.45934E-08 2.00061E-11 6.21310E-10 6.46242E-07 2.18540E-12 6.23484E-20 1.12489E-21
 2.75340E-13 1.09395E-09 1.07469E-12 9.38686E-21 4.13551E-08 1.05077E-08 4.36658E-04 1.56934E-09
 3.72598E-09 3.54828E-08 1.97287E-06 3.51450E-11 2.37863E-06 9.40780E-04 6.14080E-06 1.36250E-08
 2.47242E-09 2.86667E-06 2.55412E-09 2.08185E-09 4.55572E-14 1.04874E-10 1.30869E-12 1.08442E-14
 1.88971E-15 1.21561E-13 9.88412E-07 8.39642E-08 3.88286E-11 1.00148E-09 6.42117E-07 2.13961E-12
 3.18857E-20 1.12017E-21 3.46572E-13 1.09064E-09 1.29213E-12 9.03169E-21 3.38242E-08 1.90049E-08
 4.23503E-04 3.00155E-09 3.83219E-09 2.96424E-08 2.39697E-06 7.64062E-11 2.37952E-06 9.40577E-04
 5.89070E-06 7.25583E-09 2.03712E-09 2.86539E-06 2.95719E-09 1.52085E-09 9.04639E-14 9.93233E-11
 5.60567E-13 1.84182E-14 1.87078E-15 1.68266E-13 9.85046E-07 8.96136E-08 8.65038E-11 1.50692E-09
 6.39281E-07 1.94524E-12 1.66667E-20 9.96649E-22 3.76070E-13 1.08853E-09 1.66978E-12 7.62498E-21
 2.96808E+02 2.93965E+02 2.91040E+02 2.88039E+02 2.84938E+02 2.81734E+02 2.78404E+02 2.75234E+02
 2.72695E+02 2.70765E+02 2.69075E+02 2.67538E+02 2.66085E+02 2.64640E+02 2.63161E+02 2.61610E+02
 2.60047E+02 2.58576E+02 2.57195E+02 2.55866E+02 2.54503E+02 2.53099E+02 2.51714E+02 2.50349E+02
 2.49144E+02 2.48880E+02 2.48943E+02 2.48397E+02 2.47518E+02 2.46656E+02 2.45817E+02 2.44979E+02
 2.44190E+02 2.43476E+02 2.42855E+02 2.42347E+02 2.41973E+02 2.41753E+02 2.41719E+02 2.41840E+02
 2.42061E+02 2.42328E+02 2.42585E+02 2.42776E+02 2.42877E+02 2.42891E+02 2.42831E+02 2.42766E+02
 2.42847E+02 2.43159E+02 2.43590E+02 2.44040E+02 2.44521E+02 2.45010E+02 2.45482E+02 2.45949E+02
 2.46435E+02 2.46965E+02 2.47560E+02 2.48248E+02 2.49042E+02 2.49930E+02 2.50888E+02 2.51894E+02
 2.52927E+02 2.53940E+02 2.54896E+02 2.55776E+02 2.56565E+02 2.57253E+02 2.57855E+02 2.58400E+02
 2.58893E+02 2.59301E+02 2.59577E+02 2.59708E+02 2.59714E+02 2.59572E+02 2.59294E+02 2.58894E+02
 2.58380E+02 2.57755E+02 2.57008E+02 2.56119E+02 2.55063E+02 2.53809E+02 2.52287E+02 2.50480E+02
 2.48323E+02 2.45748E+02 2.42677E+02 2.38985E+02 2.34449E+02 2.28819E+02 2.22202E+02 2.15225E+02
 2.08467E+02 2.01921E+02 1.95580E+02 1.89439E+02 1.00000E+05 1.00000E+05 1.00000E+05 1.00000E+05
 1.00000E+05 1.00000E+05 1.00000E+05 1.00000E+05 1.00000E+05 1.00000E+05 1.00000E+05 1.00000E+05
 1.00000E+05 1.00000E+05 1.00000E+05 1.00000E+05 1.00000E+05 1.00000E+05 1.00000E+05 9.39833E+04
 8.90716E+04 6.92150E+04 5.04010E+04 3.15871E+04 2.53438E+04 1.30601E+04 1.35647E+04 8.48558E+03
 7.99581E+03 5.74093E+03 5.68208E+03 4.91603E+03 4.62576E+03 4.21878E+03 4.10419E+03 3.94605E+03
 3.92616E+03 3.90291E+03 3.87965E+03 3.98634E+03 4.03238E+03 4.27500E+03 4.43500E+03 4.71001E+03
 4.94303E+03 5.23836E+03 5.51510E+03 5.88258E+03 6.23049E+03 6.63124E+03 7.02613E+03 7.42101E+03
 7.90684E+03 8.34777E+03 8.83453E+03 9.30058E+03 9.79935E+03 1.02849E+04 1.09166E+04 1.14980E+04
 1.20538E+04 1.26166E+04 1.31395E+04 1.36698E+04 1.43800E+04 1.50777E+04 1.57753E+04 1.65267E+04
 1.72523E+04 1.79201E+04 1.86131E+04 1.95405E+04 2.03777E+04 2.13521E+04 2.22823E+04 2.35022E+04
 2.46510E+04 2.60950E+04 2.74950E+04 2.88902E+04 3.02856E+04 3.16809E+04 3.34949E+04 3.51135E+04
 3.71573E+04 3.90224E+04 4.08802E+04 4.27407E+04 4.49193E+04 4.70030E+04 4.96798E+04 5.22286E+04
 5.53059E+04 5.83245E+04 6.13431E+04 6.39576E+04 6.67715E+04 7.03155E+04 7.35294E+04 7.80133E+04
 2.37345E+19 2.20753E+19 2.05235E+19 1.90720E+19 1.77158E+19 1.64489E+19 1.52665E+19 1.41487E+19
 1.30726E+19 1.20437E+19 1.10800E+19 1.01826E+19 9.35084E+18 8.58290E+18 7.87547E+18 7.22488E+18
 6.62507E+18 6.06996E+18 5.55684E+18 5.08378E+18 4.64956E+18 4.25112E+18 3.88468E+18 3.54789E+18
 3.23676E+18 2.94105E+18 2.66881E+18 2.42753E+18 2.21047E+18 2.01206E+18 1.83074E+18 1.66525E+18
 1.51397E+18 1.37564E+18 1.24917E+18 1.13356E+18 1.02793E+18 9.31455E+17 8.43361E+17 7.63142E+17
 6.90329E+17 6.24423E+17 5.64905E+17 5.11258E+17 4.62915E+17 4.19314E+17 3.79939E+17 3.44267E+17
 3.11765E+17 2.82091E+17 2.55163E+17 2.30833E+17 2.08841E+17 1.88980E+17 1.71056E+17 1.54869E+17
 1.40233E+17 1.26986E+17 1.14988E+17 1.04114E+17 9.42579E+16 8.53333E+16 7.72620E+16 6.99690E+16
 6.33848E+16 5.74487E+16 5.21011E+16 4.72829E+16 4.29401E+16 3.90230E+16 3.54843E+16 3.22811E+16
 2.93792E+16 2.67518E+16 2.43753E+16 2.22244E+16 2.02740E+16 1.85052E+16 1.68986E+16 1.54373E+16
 1.41066E+16 1.28939E+16 1.17884E+16 1.07808E+16 9.86261E+15 9.02620E+15 8.26563E+15 7.57347E+15
 6.94434E+15 6.37308E+15 5.85504E+15 5.38668E+15 4.96641E+15 4.59250E+15 4.25644E+15 3.94224E+15
 3.63849E+15 3.34605E+15 3.06568E+15 2.79802E+15 1.90384E-14 2.15076E-14 2.68165E-14 3.50172E-14
 4.57802E-14 5.90674E-14 7.49443E-14 9.35341E-14 1.15023E-13 1.39661E-13 1.67735E-13 1.99527E-13
 2.35325E-13 2.75435E-13 3.20040E-13 3.69211E-13 4.22962E-13 4.81351E-13 5.44501E-13 6.14770E-13
 6.94975E-13 7.95701E-13 9.40103E-13 1.16993E-12 1.51847E-12 2.10176E-12 2.95936E-12 4.09840E-12
 5.67275E-12 7.68238E-12 1.01542E-11 1.28838E-11 1.59234E-11 1.91506E-11 2.24350E-11 2.55904E-11
 2.84724E-11 3.09283E-11 3.28645E-11 3.41746E-11 3.48060E-11 3.47432E-11 3.40200E-11 3.26959E-11
 3.08487E-11 2.85532E-11 2.58919E-11 2.29488E-11 1.97963E-11 1.64780E-11 1.29852E-11 1.01174E-11
 7.80852E-12 5.95301E-12 4.48382E-12 3.32976E-12 2.43700E-12 1.75437E-12 1.24618E-12 8.70579E-13
 5.96619E-13 4.00500E-13 2.62516E-13 1.67731E-13 1.04873E-13 6.40077E-14 3.80542E-14 2.20292E-14
 1.23782E-14 6.72175E-15 3.52170E-15 1.78980E-15 8.77093E-16 4.15228E-16 1.89038E-16 8.33477E-17
 3.53830E-17 1.45604E-17 5.77774E-18 2.20197E-18 8.02764E-19 2.78767E-19 9.30793E-20 2.95518E-20
 9.00091E-21 2.60167E-21 7.09743E-22 1.81726E-22 4.38590E-23 9.88424E-24 2.10493E-24 4.18798E-25
 7.85781E-26 1.37620E-26 2.22842E-27 3.26496E-28 4.29525E-29 5.13355E-30 5.45440E-31 5.32497E-32
 3.89979E-02 3.47407E-02 3.50060E-02 3.80234E-02 4.37937E-02 5.00805E-02 5.63360E-02 6.25913E-02
 6.85880E-02 7.38632E-02 7.91206E-02 8.43182E-02 8.90568E-02 9.33361E-02 9.76105E-02 1.01392E-01
 1.04398E-01 1.07001E-01 1.09147E-01 1.11246E-01 1.13261E-01 1.17227E-01 1.26810E-01 1.44212E-01
 1.70775E-01 2.12912E-01 2.69022E-01 3.37418E-01 4.24913E-01 5.23240E-01 6.28443E-01 7.24324E-01
 8.12658E-01 8.85988E-01 9.39381E-01 9.67936E-01 9.70821E-01 9.48432E-01 9.04203E-01 8.42710E-01
 7.68363E-01 6.86372E-01 6.01783E-01 5.19127E-01 4.40156E-01 3.66520E-01 2.99276E-01 2.38887E-01
 1.85353E-01 1.38438E-01 9.77861E-02 6.83523E-02 4.73750E-02 3.24406E-02 2.19580E-02 1.46582E-02
 9.64430E-03 6.24052E-03 3.98710E-03 2.50456E-03 1.54251E-03 9.30975E-04 5.48623E-04 3.15278E-04
 1.77382E-04 9.74711E-05 5.22136E-05 2.72623E-05 1.38307E-05 6.78819E-06 3.21879E-06 1.48143E-06
 6.57826E-07 2.82411E-07 1.16719E-07 4.67713E-08 1.80630E-08 6.76930E-09 2.44856E-09 8.51314E-10
 2.83328E-10 8.98749E-11 2.74303E-11 7.96656E-12 2.22157E-12 5.88626E-13 1.47416E-13 3.47014E-14
 7.71545E-15 1.60518E-15 3.16424E-16 5.84745E-17 1.02548E-17 1.69026E-18 2.59506E-19 3.63314E-20
 4.57708E-21 5.28299E-22 5.46939E-23 5.30717E-24 1.00000E-12 1.00000E-12 1.00000E-12 1.00000E-12
 1.00000E-12 1.00000E-12 1.00000E-12 1.00000E-12 1.00000E-12 1.00000E-12 1.00000E-12 1.00000E-12
 1.00000E-12 1.00000E-12 1.00000E-12 1.00000E-12 1.00000E-12 1.00000E-12 1.00000E-12 1.00000E-12
 1.00000E-12 1.00000E-12 1.00000E-12 1.00000E-12 1.00000E-12 1.00000E-12 1.00000E-12 1.00000E-12
 1.00000E-12 1.00000E-12 1.00000E-12 1.00000E-12 1.00000E-12 1.00000E-12 1.00000E-12 1.00000E-12
 1.00000E-12 1.00000E-12 1.00000E-12 1.00000E-12 1.00000E-12 1.00000E-12 1.00000E-12 1.00000E-12
 1.00000E-12 1.00000E-12 1.00000E-12 1.00000E-12 1.00000E-12 1.00000E-12 1.00000E-12 1.00000E-12
 1.00000E-12 1.00000E-12 1.00000E-12 1.00000E-12 1.00000E-12 1.00000E-12 1.00000E-12 1.00000E-12
 1.00000E-12 1.00000E-12 1.00000E-12 1.00000E-12 1.00000E-12 1.00000E-12 1.00000E-12 1.00000E-12
 1.00000E-12 1.00000E-12 1.00000E-12 1.00000E-12 1.00000E-12 1.00000E-12 1.00000E-12 1.00000E-12
 1.00000E-12 1.00000E-12 1.00000E-12 1.00000E-12 1.00000E-12 1.00000E-12 1.00000E-12 1.00000E-12
 1.00000E-12 1.00000E-12 1.00000E-12 1.00000E-12 1.00000E-12 1.00000E-12 1.00000E-12 1.00000E-12
 1.00000E-12 1.00000E-12 1.00000E-12 1.00000E-12 1.00000E-12 1.00000E-12 1.00000E-12 1.00000E-12
 1.00000E-12 1.00000E-12 1.00000E-12 1.00000E-12 1.00000E-12 1.00000E-12 1.00000E-12 1.00000E-12
 1.00000E-12 1.00000E-12 1.00000E-12 1.00000E-12 1.00000E-12 1.00000E-12 1.00000E-12 1.00000E-12
 1.00000E-12 1.00000E-12 1.00000E-12 1.00000E-12 1.00000E-12 1.00000E-12 1.00000E-12 1.00000E-12
 1.00000E-12 1.00000E-12 1.00000E-12 1.00000E-12 1.00000E-12 1.00000E-12 1.00000E-12 1.00000E-12
 1.00000E-12 1.00000E-12 1.00000E-12 1.00000E-12 1.00000E-12 1.00000E-12 1.00000E-12 1.00000E-12
 1.00000E-12 1.00000E-12 1.00000E-12 1.00000E-12 1.00000E-12 1.00000E-12 1.00000E-12 1.00000E-12
 1.00000E-12 1.00000E-12 1.00000E-12 1.00000E-12 1.00000E-12 1.00000E-12 1.00000E-12 1.00000E-12
 1.00000E-12 1.00000E-12 1.00000E-12 1.00000E-12 1.00000E-12 1.00000E-12 1.00000E-12 1.00000E-12
 1.00000E-12 1.00000E-12 1.00000E-12 1.00000E-12 1.00000E-12 1.00000E-12 1.00000E-12 1.00000E-12
 1.00000E-12 1.00000E-12 1.00000E-12 1.00000E-12 1.00000E-12 1.00000E-12 1.00000E-12 1.00000E-12
 1.00000E-12 1.00000E-12 1.00000E-12 1.00000E-12 1.00000E-12 1.00000E-12 1.00000E-12 1.00000E-12
 1.00000E-12 1.00000E-12 1.00000E-12 1.00000E-12 1.00000E-12 1.00000E-12 1.00000E-12 1.00000E-12
 1.00000E-12 1.00000E-12 1.00000E-12 1.00000E-12 2.74853E-04 2.96368E-04 3.19918E-04 3.44890E-04
 3.68177E-04 3.93546E-04 4.21791E-04 4.52649E-04 4.86437E-04 5.24260E-04 5.65246E-04 6.09829E-04
 6.59265E-04 7.14103E-04 7.73730E-04 8.39749E-04 9.13433E-04 9.94406E-04 1.08360E-03 1.18191E-03
 1.29187E-03 1.41210E-03 1.53870E-03 1.67949E-03 1.83565E-03 2.01466E-03 2.21464E-03 2.42995E-03
 2.66473E-03 2.92463E-03 3.21250E-03 3.53113E-03 3.88414E-03 4.27629E-03 4.71231E-03 5.19760E-03
 5.73820E-03 6.34097E-03 7.01322E-03 7.75971E-03 8.58934E-03 9.50941E-03 1.05269E-02 1.16448E-02
 1.28780E-02 1.42384E-02 1.57401E-02 1.74009E-02 1.92440E-02 2.12964E-02 2.35735E-02 2.60838E-02
 2.88478E-02 3.18999E-02 3.52662E-02 3.89805E-02 4.30806E-02 4.76083E-02 5.25892E-02 5.80854E-02
 6.41535E-02 7.08246E-02 7.81712E-02 8.62449E-02 9.51132E-02 1.04852E-01 1.15536E-01 1.27243E-01
 1.40067E-01 1.54110E-01 1.69460E-01 1.86279E-01 2.04708E-01 2.24884E-01 2.46951E-01 2.71079E-01
 2.97476E-01 3.26345E-01 3.57935E-01 3.92524E-01 4.30417E-01 4.71950E-01 5.17484E-01 5.67408E-01
 6.22159E-01 6.82163E-01 7.47940E-01 8.20142E-01 8.99346E-01 9.86428E-01 1.08222E+00 1.18776E+00
 1.30342E+00 1.43116E+00 1.57299E+00 1.73013E+00 1.90752E+00 2.10382E+00 2.32183E+00 2.55642E+00
 1.00000E+00 1.00000E+00 1.00000E+00 1.00000E+00 1.00000E+00 1.00000E+00 1.00000E+00 1.00000E+00
 1.00000E+00 1.00000E+00 1.00000E+00 1.00000E+00 1.00000E+00 1.00000E+00 1.00000E+00 1.00000E+00
 1.00000E+00 1.00000E+00 1.00000E+00 1.00000E+00 1.00000E+00 1.00000E+00 1.00000E+00 1.00000E+00
 1.00000E+00 1.00000E+00 1.00000E+00 1.00000E+00 1.00000E+00 1.00000E+00 1.00000E+00 1.00000E+00
 1.00000E+00 1.00000E+00 1.00000E+00 1.00000E+00 1.00000E+00 1.00000E+00 1.00000E+00 1.00000E+00
 1.00000E+00 1.00000E+00 1.00000E+00 1.00000E+00 1.00000E+00 1.00000E+00 1.00000E+00 1.00000E+00
 1.00000E+00 1.00000E+00 1.00000E+00 1.00000E+00 1.00000E+00 1.00000E+00 1.00000E+00 1.00000E+00
 1.00000E+00 1.00000E+00 1.00000E+00 1.00000E+00 1.00000E+00 1.00000E+00 1.00000E+00 1.00000E+00
 1.00000E+00 1.00000E+00 1.00000E+00 1.00000E+00 1.00000E+00 1.00000E+00 1.00000E+00 1.00000E+00
 1.00000E+00 1.00000E+00 1.00000E+00 1.00000E+00 1.00000E+00 1.00000E+00 1.00000E+00 1.00000E+00
 1.00000E+00 1.00000E+00 1.00000E+00 1.00000E+00 1.00000E+00 1.00000E+00 1.00000E+00 1.00000E+00
 1.00000E+00 1.00000E+00 1.00000E+00 1.00000E+00 1.00000E+00 1.00000E+00 1.00000E+00 1.00000E+00
 1.00000E+00 1.00000E+00 1.00000E+00 1.00000E+00 1.00000E+00 1.00000E+00 1.00000E+00 1.00000E+00
 1.00000E+00 1.00000E+00 1.00000E+00 1.00000E+00 1.00000E+00 1.00000E+00 1.00000E+00 1.00000E+00
 1.00000E+00 1.00000E+00 1.00000E+00 1.00000E+00 1.00000E+00 1.00000E+00 1.00000E+00 1.00000E+00
 1.00000E+00 1.00000E+00 1.00000E+00 1.00000E+00 1.00000E+00 1.00000E+00 1.00000E+00 1.00000E+00
 1.00000E+00 1.00000E+00 1.00000E+00 1.00000E+00 1.00000E+00 1.00000E+00 1.00000E+00 1.00000E+00
 1.00000E+00 1.00000E+00 1.00000E+00 1.00000E+00 1.00000E+00 1.00000E+00 1.00000E+00 1.00000E+00
 1.00000E+00 1.00000E+00 1.00000E+00 1.00000E+00 1.00000E+00 1.00000E+00 1.00000E+00 1.00000E+00
 1.00000E+00 1.00000E+00 1.00000E+00 1.00000E+00 1.00000E+00 1.00000E+00 1.00000E+00 1.00000E+00
 1.00000E+00 1.00000E+00 1.00000E+00 1.00000E+00 1.00000E+00 1.00000E+00 1.00000E+00 1.00000E+00
 1.00000E+00 1.00000E+00 1.00000E+00 1.00000E+00 1.00000E+00 1.00000E+00 1.00000E+00 1.00000E+00
 1.00000E+00 1.00000E+00 1.00000E+00 1.00000E+00 1.00000E+00 1.00000E+00 1.00000E+00 1.00000E+00
 1.00000E+00 1.00000E+00 1.00000E+00 1.00000E+00 1.00000E+00 1.00000E+00 1.00000E+00 1.00000E+00
 1.00000E+00 1.00000E+00 1.00000E+00 1.00000E+00 1.00000E+00 1.00000E+00 1.00000E+00 1.00000E+00
 1.00000E-05 1.00000E-05 1.00000E-05 1.00000E-05 1.00000E-05 1.00000E-05 1.00000E-05 1.00000E-05
 1.00000E-05 1.00000E-05 1.00000E-05 1.00000E-05 1.00000E-05 1.00000E-05 1.00000E-05 1.00000E-05
 1.00000E-05 1.00000E-05 1.00000E-05 1.00000E-05 1.00000E-05 1.00000E-05 1.00000E-05 1.00000E-05
 1.00000E-05 1.00000E-05 1.00000E-05 1.00000E-05 1.00000E-05 1.00000E-05 1.00000E-05 1.00000E-05
 1.00000E-05 1.00000E-05 1.00000E-05 1.00000E-05 1.00000E-05 1.00000E-05 1.00000E-05 1.00000E-05
 1.00000E-05 1.00000E-05 1.00000E-05 1.00000E-05 1.00000E-05 1.00000E-05 1.00000E-05 1.00000E-05
 1.00000E-05 1.00000E-05 1.00000E-05 1.00000E-05 1.00000E-05 1.00000E-05 1.00000E-05 1.00000E-05
 1.00000E-05 1.00000E-05 1.00000E-05 1.00000E-05 1.00000E-05 1.00000E-05 1.00000E-05 1.00000E-05
 1.00000E-05 1.00000E-05 1.00000E-05 1.00000E-05 1.00000E-05 1.00000E-05 1.00000E-05 1.00000E-05
 1.00000E-05 1.00000E-05 1.00000E-05 1.00000E-05 1.00000E-05 1.00000E-05 1.00000E-05 1.00000E-05
 1.00000E-05 1.00000E-05 1.00000E-05 1.00000E-05 1.00000E-05 1.00000E-05 1.00000E-05 1.00000E-05
 1.00000E-05 1.00000E-05 1.00000E-05 1.00000E-05 1.00000E-05 1.00000E-05 1.00000E-05 1.00000E-05
 1.00000E-05 1.00000E-05 1.00000E-05 1.00000E-05 1.00000E-09 1.00000E-09 1.00000E-09 1.00000E-09
 1.00000E-09 1.00000E-09 1.00000E-09 1.00000E-09 1.00000E-09 1.00000E-09 1.00000E-09 1.00000E-09
 1.00000E-09 1.00000E-09 1.00000E-09 1.00000E-09 1.00000E-09 1.00000E-09 1.00000E-09 1.00000E-09
 1.00000E-09 1.00000E-09 1.00000E-09 1.00000E-09 1.00000E-09 1.00000E-09 1.00000E-09 1.00000E-09
 1.00000E-09 1.00000E-09 1.00000E-09 1.00000E-09 1.00000E-09 1.00000E-09 1.00000E-09 1.00000E-09
 1.00000E-09 1.00000E-09 1.00000E-09 1.00000E-09 1.00000E-09 1.00000E-09 1.00000E-09 1.00000E-09
 1.00000E-09 1.00000E-09 1.00000E-09 1.00000E-09 1.00000E-09 1.00000E-09 1.00000E-09 1.00000E-09
 1.00000E-09 1.00000E-09 1.00000E-09 1.00000E-09 1.00000E-09 1.00000E-09 1.00000E-09 1.00000E-09
 1.00000E-09 1.00000E-09 1.00000E-09 1.00000E-09 1.00000E-09 1.00000E-09 1.00000E-09 1.00000E-09
 1.00000E-09 1.00000E-09 1.00000E-09 1.00000E-09 1.00000E-09 1.00000E-09 1.00000E-09 1.00000E-09
 1.00000E-09 1.00000E-09 1.00000E-09 1.00000E-09 1.00000E-09 1.00000E-09 1.00000E-09 1.00000E-09
 1.00000E-09 1.00000E-09 1.00000E-09 1.00000E-09 1.00000E-09 1.00000E-09 1.00000E-09 1.00000E-09
 1.00000E-09 1.00000E-09 1.00000E-09 1.00000E-09 1.00000E-09 1.00000E-09 1.00000E-09 1.00000E-09
 1.00000E-09 1.00000E-09 1.00000E-09 1.00000E-09 1.00000E-09 1.00000E-09 1.00000E-09 1.00000E-09
 1.00000E-09 1.00000E-09 1.00000E-09 1.00000E-09 1.00000E-09 1.00000E-09 1.00000E-09 1.00000E-09
 1.00000E-09 1.00000E-09 1.00000E-09 1.00000E-09 1.00000E-09 1.00000E-09 1.00000E-09 1.00000E-09
 1.00000E-09 1.00000E-09 1.00000E-09 1.00000E-09 1.00000E-09 1.00000E-09 1.00000E-09 1.00000E-09
 1.00000E-09 1.00000E-09 1.00000E-09 1.00000E-09 1.00000E-09 1.00000E-09 1.00000E-09 1.00000E-09
 1.00000E-09 1.00000E-09 1.00000E-09 1.00000E-09 1.00000E-09 1.00000E-09 1.00000E-09 1.00000E-09
 1.00000E-09 1.00000E-09 1.00000E-09 1.00000E-09 1.00000E-09 1.00000E-09 1.00000E-09 1.00000E-09
 1.00000E-09 1.00000E-09 1.00000E-09 1.00000E-09 1.00000E-09 1.00000E-09 1.00000E-09 1.00000E-09
 1.00000E-09 1.00000E-09 1.00000E-09 1.00000E-09 1.00000E-09 1.00000E-09 1.00000E-09 1.00000E-09
 1.00000E-09 1.00000E-09 1.00000E-09 1.00000E-09 1.00000E-09 1.00000E-09 1.00000E-09 1.00000E-09
 1.00000E-09 1.00000E-09 1.00000E-09 1.00000E-09 1.00000E-09 1.00000E-09 1.00000E-09 1.00000E-09
 1.00000E-09 1.00000E-09 1.00000E-09 1.00000E-09 1.00000E-09 1.00000E-09 1.00000E-09 1.00000E-09
 1.00000E-09 1.00000E-09 1.00000E-09 1.00000E-09
