 1.06485E-08 1.03688E-16 4.16830E-03 3.55346E-18 6.16887E-12 1.22722E-08 2.56762E-09 1.27633E-19
 5.66502E-03 1.77359E-02 2.64333E-04 1.72050E-08 6.03820E-12 4.42325E-08 5.40719E-13 4.36143E-11
 1.66422E-19 2.92164E-12 3.69439E-12 2.76442E-15 1.89461E-16 4.54044E-38 4.42971E-09 4.57880E-19
 8.82704E-25 1.37219E-22 1.44200E-12 2.85619E-19 1.31059E-10 5.68232E-17 4.82976E-18 6.98957E-11
 7.94033E-16 3.45414E-12 1.35433E-08 1.42963E-16 3.39340E-03 5.81885E-18 7.90583E-12 1.58594E-08
 2.78366E-09 2.12711E-19 5.66502E-03 1.77353E-02 2.64333E-04 2.20334E-08 7.19862E-12 4.41434E-08
 5.66179E-13 4.80069E-11 2.54973E-19 3.91482E-12 6.80600E-12 2.72298E-15 2.53675E-16 1.61081E-37
 4.42785E-09 6.64852E-19 1.57771E-24 2.35097E-22 2.21947E-12 3.93011E-19 1.33217E-10 8.59658E-17
 1.42806E-17 1.21418E-10 1.77141E-15 5.61002E-12 1.82871E-08 1.95685E-16 2.83714E-03 9.75154E-18
 1.03441E-11 2.19305E-08 2.99989E-09 3.65178E-19 5.66502E-03 1.77346E-02 2.64334E-04 3.00399E-08
 8.49794E-12 4.40476E-08 5.58618E-13 5.05838E-11 3.75186E-19 4.97837E-12 1.17876E-11 2.58403E-15
 3.04422E-16 5.15150E-37 4.42583E-09 9.27999E-19 2.67254E-24 3.88389E-22 3.38863E-12 5.02104E-19
 1.35878E-10 1.12489E-16 3.22724E-17 1.76703E-10 3.53014E-15 7.29555E-12 2.50094E-08 2.65115E-16
 2.42277E-03 1.63622E-17 1.35773E-11 3.06092E-08 3.19486E-09 6.31093E-19 5.66502E-03 1.77338E-02
 2.64334E-04 4.12968E-08 1.00129E-11 4.39450E-08 5.24036E-13 5.11511E-11 5.23112E-19 6.09699E-12
 1.88115E-11 2.35470E-15 3.28859E-16 1.52491E-36 4.42362E-09 1.26487E-18 4.41594E-24 6.27796E-22
 5.00806E-12 6.09958E-19 1.39165E-10 1.36397E-16 6.35351E-17 2.36377E-10 6.58791E-15 8.39464E-12
 3.54732E-08 3.58365E-16 2.05062E-03 2.80931E-17 1.80988E-11 4.40906E-08 3.38157E-09 1.12408E-18
 5.66502E-03 1.77328E-02 2.64336E-04 5.84937E-08 1.19287E-11 4.38131E-08 4.70626E-13 5.05530E-11
 7.10763E-19 7.47258E-12 2.82072E-11 2.10648E-15 3.42591E-16 4.19990E-36 4.42073E-09 1.77600E-18
 7.31594E-24 9.99934E-22 7.51809E-12 7.33068E-19 1.43861E-10 1.53823E-16 1.18768E-16 3.12567E-10
 1.26993E-14 8.94949E-12 6.95639E-08 5.04174E-16 8.46269E-04 6.29301E-17 2.82801E-11 8.79976E-08
 3.69139E-09 2.64479E-18 5.66502E-03 1.77300E-02 2.64341E-04 1.13530E-07 1.57523E-11 4.34456E-08
 3.81035E-13 5.22995E-11 1.12868E-18 1.13110E-11 4.76579E-11 2.03525E-15 7.75668E-16 1.23378E-35
 4.41248E-09 3.41209E-18 1.42624E-23 1.70270E-21 1.57650E-11 1.02714E-18 1.57498E-10 1.33629E-16
 2.66874E-16 5.21053E-10 3.96319E-14 8.69865E-12 2.01033E-07 7.17829E-16 5.09413E-04 2.06018E-16
 5.36399E-11 2.56202E-07 4.03429E-09 9.22043E-18 5.66502E-03 1.77187E-02 2.64377E-04 3.19314E-07
 2.58506E-11 4.20248E-08 3.02308E-13 6.42845E-11 2.54517E-18 2.30324E-11 1.05160E-10 2.26282E-15
 1.62103E-15 4.73848E-35 4.37975E-09 1.06614E-17 4.15293E-23 3.44521E-21 4.84917E-11 2.02147E-18
 2.04604E-10 8.51349E-17 7.93763E-16 1.20137E-09 2.24404E-13 5.64704E-12 4.59278E-07 9.92578E-16
 5.23209E-04 5.37949E-16 8.96280E-11 5.79815E-07 4.24488E-09 2.59597E-17 5.66502E-03 1.76950E-02
 2.64512E-04 7.07266E-07 4.14597E-11 3.91068E-08 2.70011E-13 8.18324E-11 5.13612E-18 4.02938E-11
 2.03849E-10 2.48848E-15 2.16827E-15 1.83698E-34 4.31086E-09 2.96622E-17 1.23159E-22 7.10676E-21
 1.17383E-10 3.98662E-18 2.79101E-10 6.71809E-17 1.95828E-15 2.33177E-09 9.28944E-13 3.31246E-12
 7.37201E-07 1.36239E-15 5.68319E-04 9.92853E-16 1.24808E-10 9.11772E-07 4.44391E-09 5.17662E-17
 5.66499E-03 1.76661E-02 2.64796E-04 1.09985E-06 5.72016E-11 3.56118E-08 2.53503E-13 9.29472E-11
 7.70590E-18 5.16222E-11 2.98807E-10 2.49538E-15 2.25923E-15 5.44259E-34 4.22684E-09 6.08222E-17
 2.75781E-22 1.27306E-20 2.01411E-10 6.10215E-18 3.41139E-10 6.66259E-17 3.58099E-15 3.36226E-09
 2.13331E-12 2.43036E-12 9.61060E-07 1.85644E-15 6.14198E-04 1.49905E-15 1.56140E-10 1.15566E-06
 4.63479E-09 8.43842E-17 5.66494E-03 1.76393E-02 2.65172E-04 1.38693E-06 7.09638E-11 3.23866E-08
 2.42480E-13 9.70268E-11 9.63870E-18 5.41244E-11 3.66377E-10 2.34893E-15 2.04342E-15 1.21867E-33
 4.14845E-09 9.88877E-17 4.90159E-22 1.97232E-20 2.79797E-10 7.49536E-18 3.72500E-10 7.17054E-17
 5.40783E-15 4.01575E-09 3.36251E-12 2.02602E-12 1.12287E-06 2.50632E-15 6.57500E-04 2.03928E-15
 1.84471E-10 1.30699E-06 4.80308E-09 1.23863E-16 5.66487E-03 1.76174E-02 2.65553E-04 1.56653E-06
 8.28802E-11 2.97402E-08 2.35151E-13 9.71033E-11 1.10090E-17 5.11240E-11 4.08664E-10 2.14082E-15
 1.72972E-15 2.22069E-33 4.08379E-09 1.38142E-16 7.53951E-22 2.75114E-20 3.44452E-10 8.00276E-18
 3.75546E-10 7.85690E-17 7.29361E-15 4.30548E-09 4.29632E-12 1.75621E-12 1.24008E-06 3.35224E-15
 6.92186E-04 2.62701E-15 2.11389E-10 1.39462E-06 4.94450E-09 1.72187E-16 5.66477E-03 1.75999E-02
 2.65895E-04 1.67308E-06 9.36865E-11 2.76135E-08 2.30277E-13 9.53342E-11 1.20141E-17 4.59093E-11
 4.33991E-10 1.92092E-15 1.43317E-15 3.53759E-33 4.03177E-09 1.76055E-16 1.06655E-21 3.58687E-20
 3.96480E-10 7.87880E-18 3.58182E-10 8.53353E-17 9.17259E-15 4.33221E-09 4.87645E-12 1.52597E-12
 1.32808E-06 4.44268E-15 7.20242E-04 3.27995E-15 2.37986E-10 1.44275E-06 5.05784E-09 2.32138E-16
 5.66467E-03 1.75858E-02 2.66186E-04 1.73428E-06 1.03940E-10 2.58797E-08 2.27249E-13 9.28605E-11
 1.27925E-17 4.02320E-11 4.48697E-10 1.71131E-15 1.18008E-15 5.14932E-33 3.98941E-09 2.11972E-16
 1.43436E-21 4.47190E-20 4.38840E-10 7.39489E-18 3.26273E-10 9.05418E-17 1.09699E-14 4.17434E-09
 5.13383E-12 1.30589E-12 1.39708E-06 5.83514E-15 7.43500E-04 4.01554E-15 2.64895E-10 1.46680E-06
 5.14630E-09 3.06976E-16 5.66457E-03 1.75741E-02 2.66430E-04 1.76734E-06 1.13909E-10 2.44264E-08
 2.24379E-13 8.98360E-11 1.33536E-17 3.48101E-11 4.57127E-10 1.51326E-15 9.64302E-16 7.07940E-33
 3.95400E-09 2.46415E-16 1.86845E-21 5.41032E-20 4.74245E-10 6.73611E-18 2.83012E-10 9.25001E-17
 1.25723E-14 3.87779E-09 5.13235E-12 1.08949E-12 1.45291E-06 7.64914E-15 7.63085E-04 4.84909E-15
 2.92475E-10 1.47552E-06 5.24392E-09 4.00609E-16 5.66446E-03 1.75643E-02 2.66630E-04 1.78213E-06
 1.23792E-10 2.31857E-08 2.24027E-13 8.71590E-11 1.38906E-17 2.99685E-11 4.64615E-10 1.34906E-15
 8.00371E-16 9.43767E-33 3.92390E-09 2.80347E-16 2.38034E-21 6.43727E-20 5.04342E-10 6.06127E-18
 2.47523E-10 9.57727E-17 1.44799E-14 3.64207E-09 5.09215E-12 9.22702E-13 1.49889E-06 1.00073E-14
 7.79573E-04 5.79431E-15 3.20957E-10 1.47416E-06 5.34952E-09 5.17772E-16 5.66435E-03 1.75561E-02
 2.66787E-04 1.78460E-06 1.33751E-10 2.21248E-08 2.25603E-13 8.49152E-11 1.44027E-17 2.57774E-11
 4.71007E-10 1.21422E-15 6.75447E-16 1.22596E-32 3.89830E-09 3.14061E-16 2.98027E-21 7.56109E-20
 5.29949E-10 5.41753E-18 2.18198E-10 1.00160E-16 1.67351E-14 3.45442E-09 5.04190E-12 7.94498E-13
 1.53667E-06 1.30555E-14 7.93181E-04 6.86729E-15 3.50466E-10 1.46634E-06 5.45890E-09 6.64175E-16
 5.66425E-03 1.75493E-02 2.66903E-04 1.77877E-06 1.43889E-10 2.12340E-08 2.28595E-13 8.29687E-11
 1.48839E-17 2.22293E-11 4.76452E-10 1.10087E-15 5.77313E-16 1.55856E-32 3.87692E-09 3.47304E-16
 3.67907E-21 8.78435E-20 5.51325E-10 4.81802E-18 1.94297E-10 1.05896E-16 1.94112E-14 3.30773E-09
 4.99376E-12 6.95364E-13 1.56761E-06 1.69682E-14 8.04215E-04 8.08754E-15 3.81114E-10 1.45483E-06
 5.56772E-09 8.46860E-16 5.66416E-03 1.75439E-02 2.66983E-04 1.76766E-06 1.54275E-10 2.04986E-08
 2.32374E-13 8.11299E-11 1.53144E-17 1.92548E-11 4.81213E-10 1.00219E-15 4.97023E-16 1.94825E-32
 3.85938E-09 3.79826E-16 4.49069E-21 1.01100E-19 5.68867E-10 4.26582E-18 1.75064E-10 1.13287E-16
 2.25922E-14 3.19495E-09 4.95338E-12 6.18048E-13 1.59327E-06 2.19581E-14 8.13212E-04 9.47604E-15
 4.13022E-10 1.44142E-06 5.67285E-09 1.07451E-15 5.66408E-03 1.75394E-02 2.67035E-04 1.75322E-06
 1.64940E-10 1.98876E-08 2.36537E-13 7.92907E-11 1.56796E-17 1.67277E-11 4.85526E-10 9.14229E-16
 4.29376E-16 2.40451E-32 3.84489E-09 4.11927E-16 5.43335E-21 1.15448E-19 5.83351E-10 3.75708E-18
 1.59438E-10 1.22395E-16 2.63509E-14 3.10768E-09 4.92015E-12 5.56042E-13 1.61450E-06 2.82780E-14
 8.20497E-04 1.10577E-14 4.46285E-10 1.42743E-06 5.77124E-09 1.35778E-15 5.66400E-03 1.75358E-02
 2.67064E-04 1.73692E-06 1.75912E-10 1.93833E-08 2.40675E-13 7.73458E-11 1.59634E-17 1.45788E-11
 4.89566E-10 8.34007E-16 3.70903E-16 2.93917E-32 3.83301E-09 4.43428E-16 6.52797E-21 1.30927E-19
 5.95232E-10 3.29155E-18 1.46794E-10 1.33514E-16 3.07805E-14 3.04060E-09 4.89382E-12 5.05669E-13
 1.63209E-06 3.62260E-14 8.26398E-04 1.28608E-14 4.80989E-10 1.41369E-06 5.86072E-09 1.70962E-15
 5.66394E-03 1.75329E-02 2.67077E-04 1.71974E-06 1.87172E-10 1.89667E-08 2.44241E-13 7.51576E-11
 1.61395E-17 1.27417E-11 4.93540E-10 7.58934E-16 3.18913E-16 3.57115E-32 3.82326E-09 4.74252E-16
 7.80045E-21 1.47597E-19 6.04983E-10 2.86609E-18 1.36533E-10 1.46916E-16 3.59859E-14 2.98902E-09
 4.87312E-12 4.63917E-13 1.64679E-06 4.61187E-14 8.31216E-04 1.49228E-14 5.17147E-10 1.40062E-06
 5.94002E-09 2.14475E-15 5.66389E-03 1.75306E-02 2.67077E-04 1.70229E-06 1.98481E-10 1.86201E-08
 2.45170E-13 7.21591E-11 1.61000E-17 1.11578E-11 4.98076E-10 6.82303E-16 2.68711E-16 4.35810E-32
 3.81519E-09 5.04396E-16 9.29030E-21 1.65599E-19 6.13052E-10 2.47575E-18 1.28127E-10 1.62912E-16
 4.21373E-14 2.94908E-09 4.85639E-12 4.28298E-13 1.65918E-06 5.83315E-14 8.35160E-04 1.72835E-14
 5.54837E-10 1.38843E-06 6.00719E-09 2.68153E-15 5.66384E-03 1.75286E-02 2.67070E-04 1.68523E-06
 2.09725E-10 1.83309E-08 2.43068E-13 6.83568E-11 1.58386E-17 9.80384E-12 5.03190E-10 6.04989E-16
 2.21525E-16 5.35655E-32 3.80850E-09 5.33452E-16 1.10397E-20 1.84977E-19 6.19745E-10 2.12728E-18
 1.21214E-10 1.81893E-16 4.94023E-14 2.91812E-09 4.83851E-12 3.97617E-13 1.66967E-06 7.35511E-14
 8.38358E-04 1.99494E-14 5.94561E-10 1.37725E-06 6.05770E-09 3.35050E-15 5.66380E-03 1.75271E-02
 2.67057E-04 1.66933E-06 2.21918E-10 1.80921E-08 2.45771E-13 6.59887E-11 1.57833E-17 8.68251E-12
 5.06636E-10 5.49166E-16 1.89532E-16 6.39757E-32 3.80300E-09 5.60496E-16 1.30375E-20 2.05249E-19
 6.25246E-10 1.83702E-18 1.15576E-10 2.03985E-16 5.76111E-14 2.89439E-09 4.81077E-12 3.71866E-13
 1.67848E-06 9.25788E-14 8.40925E-04 2.29320E-14 6.36634E-10 1.36724E-06 6.08818E-09 4.18905E-15
 5.66377E-03 1.75258E-02 2.67042E-04 1.65497E-06 2.35742E-10 1.78971E-08 2.57066E-13 6.58552E-11
 1.61133E-17 7.76908E-12 5.07634E-10 5.18602E-16 1.72226E-16 7.30079E-32 3.79853E-09 5.84979E-16
 1.52751E-20 2.26051E-19 6.29719E-10 1.60073E-18 1.11024E-10 2.29428E-16 6.66190E-14 2.87644E-09
 4.77186E-12 3.50310E-13 1.68578E-06 1.15860E-13 8.42997E-04 2.63072E-14 6.80701E-10 1.35849E-06
 6.09986E-09 5.22743E-15 5.66374E-03 1.75248E-02 2.67025E-04 1.64191E-06 2.50124E-10 1.77369E-08
 2.69093E-13 6.57241E-11 1.64105E-17 7.00817E-12 5.08479E-10 4.90149E-16 1.56707E-16 8.27583E-32
 3.79487E-09 6.07204E-16 1.78449E-20 2.47771E-19 6.33379E-10 1.39790E-18 1.07327E-10 2.59061E-16
 7.68555E-14 2.86279E-09 4.72704E-12 3.31315E-13 1.69175E-06 1.43937E-13 8.44676E-04 3.01511E-14
 7.26622E-10 1.35098E-06 6.09367E-09 6.50410E-15 5.66371E-03 1.75240E-02 2.67008E-04 1.63002E-06
 2.64433E-10 1.76048E-08 2.78022E-13 6.46887E-11 1.64964E-17 6.36591E-12 5.10115E-10 4.56265E-16
 1.39487E-16 9.48893E-32 3.79186E-09 6.27292E-16 2.08392E-20 2.70628E-19 6.36386E-10 1.21946E-18
 1.04312E-10 2.93725E-16 8.86859E-14 2.85239E-09 4.67849E-12 3.14031E-13 1.69657E-06 1.77821E-13
 8.46035E-04 3.45034E-14 7.74687E-10 1.34464E-06 6.06899E-09 8.07880E-15 5.66369E-03 1.75233E-02
 2.66992E-04 1.61934E-06 2.79144E-10 1.74963E-08 2.87198E-13 6.36113E-11 1.65378E-17 5.82787E-12
 5.11692E-10 4.24622E-16 1.24006E-16 1.08469E-31 3.78940E-09 6.45076E-16 2.42891E-20 2.94380E-19
 6.38850E-10 1.06529E-18 1.01861E-10 3.33906E-16 1.02094E-13 2.84450E-09 4.62574E-12 2.98292E-13
 1.70039E-06 2.18660E-13 8.47128E-04 3.94131E-14 8.25102E-10 1.33938E-06 6.02624E-09 1.00240E-14
 5.66368E-03 1.75228E-02 2.66976E-04 1.60995E-06 2.94544E-10 1.74078E-08 2.98567E-13 6.29041E-11
 1.66246E-17 5.38434E-12 5.12805E-10 3.98018E-16 1.11374E-16 1.22787E-31 3.78739E-09 6.60390E-16
 2.82363E-20 3.18866E-19 6.40857E-10 9.35435E-19 9.98812E-11 3.80229E-16 1.17105E-13 2.83858E-09
 4.56936E-12 2.84054E-13 1.70341E-06 2.67642E-13 8.48017E-04 4.49456E-14 8.77946E-10 1.33499E-06
 5.96666E-09 1.24234E-14 5.66367E-03 1.75224E-02 2.66962E-04 1.60169E-06 3.10581E-10 1.73348E-08
 3.12275E-13 6.25351E-11 1.67610E-17 5.01796E-12 5.13502E-10 3.75568E-16 1.01109E-16 1.37938E-31
 3.78573E-09 6.73449E-16 3.27507E-20 3.44065E-19 6.42511E-10 8.26621E-19 9.82636E-11 4.33384E-16
 1.33859E-13 2.83408E-09 4.51011E-12 2.71053E-13 1.70580E-06 3.26173E-13 8.48752E-04 5.11709E-14
 9.33323E-10 1.33131E-06 5.89188E-09 1.53803E-14 5.66365E-03 1.75220E-02 2.66950E-04 1.59440E-06
 3.27254E-10 1.72736E-08 3.28752E-13 6.25252E-11 1.69581E-17 4.71406E-12 5.13777E-10 3.56886E-16
 9.28552E-17 1.53917E-31 3.78435E-09 6.84499E-16 3.79074E-20 3.69973E-19 6.43897E-10 7.35650E-19
 9.69219E-11 4.94092E-16 1.52484E-13 2.83064E-09 4.44898E-12 2.59099E-13 1.70766E-06 3.95994E-13
 8.49361E-04 5.81680E-14 9.91342E-10 1.32825E-06 5.80533E-09 1.90222E-14 5.66365E-03 1.75217E-02
 2.66938E-04 1.58803E-06 3.44608E-10 1.72224E-08 3.48622E-13 6.29194E-11 1.72307E-17 4.46502E-12
 5.13591E-10 3.41868E-16 8.64371E-17 1.70718E-31 3.78319E-09 6.93614E-16 4.37888E-20 3.96679E-19
 6.45058E-10 6.60994E-19 9.58095E-11 5.63257E-16 1.73098E-13 2.82800E-09 4.38806E-12 2.48257E-13
 1.70912E-06 4.79101E-13 8.49880E-04 6.60198E-14 1.05209E-09 1.32565E-06 5.70896E-09 2.35054E-14
 5.66364E-03 1.75215E-02 2.66928E-04 1.58237E-06 3.62675E-10 1.71783E-08 3.72553E-13 6.37518E-11
 1.75879E-17 4.25790E-12 5.12922E-10 3.30264E-16 8.16061E-17 1.88225E-31 3.78219E-09 7.01120E-16
 5.04846E-20 4.24212E-19 6.46060E-10 5.99343E-19 9.48605E-11 6.41660E-16 1.95809E-13 2.82593E-09
 4.32795E-12 2.38384E-13 1.71037E-06 5.77233E-13 8.50370E-04 7.48047E-14 1.11568E-09 1.32321E-06
 5.59743E-09 2.90185E-14 5.66363E-03 1.75212E-02 2.66917E-04 1.57688E-06 3.81461E-10 1.71364E-08
 4.01526E-13 6.50885E-11 1.80473E-17 4.07047E-12 5.11723E-10 3.21616E-16 7.79823E-17 2.05835E-31
 3.78123E-09 7.07695E-16 5.80900E-20 4.52163E-19 6.47015E-10 5.44544E-19 9.39662E-11 7.29635E-16
 2.20709E-13 2.82414E-09 4.26507E-12 2.28805E-13 1.71148E-06 6.91973E-13 8.50866E-04 8.46117E-14
 1.18224E-09 1.32077E-06 5.46536E-09 3.57917E-14 5.66362E-03 1.75210E-02 2.66906E-04 1.57121E-06
 4.00966E-10 1.70935E-08 4.36825E-13 6.70179E-11 1.86346E-17 3.89092E-12 5.09915E-10 3.15564E-16
 7.53915E-17 2.22852E-31 3.78025E-09 7.13618E-16 6.67135E-20 4.79997E-19 6.47996E-10 4.93426E-19
 9.30604E-11 8.27614E-16 2.47904E-13 2.82249E-09 4.19709E-12 2.19163E-13 1.71245E-06 8.25415E-13
 8.51371E-04 9.55492E-14 1.25187E-09 1.31834E-06 5.31400E-09 4.41103E-14 5.66362E-03 1.75208E-02
 2.66895E-04 1.56543E-06 4.21255E-10 1.70496E-08 4.79730E-13 6.95985E-11 1.93638E-17 3.72104E-12
 5.07436E-10 3.11915E-16 7.38036E-17 2.38831E-31 3.77924E-09 7.18693E-16 7.64776E-20 5.07526E-19
 6.49004E-10 4.46505E-19 9.21425E-11 9.36497E-16 2.77498E-13 2.82098E-09 4.12612E-12 2.09688E-13
 1.71331E-06 9.79877E-13 8.51884E-04 1.07733E-13 1.32475E-09 1.31591E-06 5.14494E-09 5.43280E-14
 5.66361E-03 1.75205E-02 2.66883E-04 1.55959E-06 4.42463E-10 1.70048E-08 5.31886E-13 7.29094E-11
 2.02510E-17 3.56228E-12 5.04202E-10 3.10553E-16 7.31461E-17 2.53170E-31 3.77821E-09 7.22766E-16
 8.75095E-20 5.34598E-19 6.50039E-10 4.03977E-19 9.12132E-11 1.05720E-15 3.09567E-13 2.81960E-09
 4.05480E-12 2.00564E-13 1.71405E-06 1.15786E-12 8.52406E-04 1.21291E-13 1.40107E-09 1.31349E-06
 4.95998E-09 6.68815E-14 5.66360E-03 1.75203E-02 2.66870E-04 1.55376E-06 4.64745E-10 1.69591E-08
 5.95182E-13 7.70251E-11 2.13086E-17 3.41544E-12 5.00138E-10 3.11294E-16 7.33186E-17 2.65257E-31
 3.77714E-09 7.25736E-16 9.99459E-20 5.61086E-19 6.51103E-10 3.65759E-19 9.02727E-11 1.19065E-15
 3.44170E-13 2.81836E-09 3.98621E-12 1.91927E-13 1.71472E-06 1.36192E-12 8.52937E-04 1.36370E-13
 1.48101E-09 1.31109E-06 4.76133E-09 8.23021E-14 5.66359E-03 1.75200E-02 2.66857E-04 1.54802E-06
 4.88175E-10 1.69125E-08 6.71542E-13 8.19866E-11 2.25431E-17 3.28076E-12 4.95199E-10 3.13776E-16
 7.41936E-17 2.74950E-31 3.77605E-09 7.27560E-16 1.13954E-19 5.86946E-19 6.52196E-10 3.31592E-19
 8.93215E-11 1.33794E-15 3.81419E-13 2.81724E-09 3.92387E-12 1.83881E-13 1.71534E-06 1.59465E-12
 8.53478E-04 1.53142E-13 1.56473E-09 1.30871E-06 4.55156E-09 1.01236E-13 5.66359E-03 1.75197E-02
 2.66844E-04 1.54243E-06 5.12766E-10 1.68650E-08 7.63016E-13 8.78158E-11 2.39566E-17 3.15803E-12
 4.89360E-10 3.17574E-16 7.56321E-17 2.82468E-31 3.77493E-09 7.28249E-16 1.29736E-19 6.12219E-19
 6.53319E-10 3.01127E-19 8.83596E-11 1.50026E-15 4.21468E-13 2.81626E-09 3.87174E-12 1.76507E-13
 1.71597E-06 1.85889E-12 8.54029E-04 1.71800E-13 1.65243E-09 1.30636E-06 4.33346E-09 1.24478E-13
 5.66358E-03 1.75195E-02 2.66831E-04 1.53706E-06 5.38539E-10 1.68167E-08 8.71934E-13 9.45331E-11
 2.55499E-17 3.04670E-12 4.82600E-10 3.22299E-16 7.74974E-17 2.88145E-31 3.77377E-09 7.27862E-16
 1.47520E-19 6.37025E-19 6.54474E-10 2.73980E-19 8.73871E-11 1.67892E-15 4.64476E-13 2.81540E-09
 3.83415E-12 1.69863E-13 1.71665E-06 2.15756E-12 8.54592E-04 1.92569E-13 1.74429E-09 1.30405E-06
 4.10993E-09 1.52992E-13 5.66357E-03 1.75192E-02 2.66818E-04 1.53199E-06 5.65470E-10 1.67677E-08
 1.00094E-12 1.02157E-10 2.73252E-17 2.94593E-12 4.74899E-10 3.27591E-16 7.96618E-17 2.92547E-31
 3.77259E-09 7.26496E-16 1.67583E-19 6.61570E-19 6.55660E-10 2.49774E-19 8.64041E-11 1.87538E-15
 5.10642E-13 2.81466E-09 3.81613E-12 1.63991E-13 1.71746E-06 2.49390E-12 8.55167E-04 2.15702E-13
 1.84056E-09 1.30176E-06 3.88373E-09 1.87964E-13 5.66356E-03 1.75189E-02 2.66804E-04 1.52730E-06
 5.93542E-10 1.67178E-08 1.15313E-12 1.10713E-10 2.92867E-17 2.85470E-12 4.66226E-10 3.33161E-16
 8.20086E-17 2.96257E-31 3.77137E-09 7.24274E-16 1.90239E-19 6.86126E-19 6.56880E-10 2.28159E-19
 8.54108E-11 2.09118E-15 5.60169E-13 2.81405E-09 3.82340E-12 1.58918E-13 1.71846E-06 2.87136E-12
 8.55754E-04 2.41484E-13 1.94146E-09 1.29950E-06 3.65732E-09 2.30849E-13 5.66356E-03 1.75186E-02
 2.66791E-04 1.52309E-06 6.22755E-10 1.66673E-08 1.33225E-12 1.20243E-10 3.14423E-17 2.77183E-12
 4.56538E-10 3.38793E-16 8.44281E-17 2.99795E-31 3.77011E-09 7.21334E-16 2.15851E-19 7.11009E-19
 6.58135E-10 2.08815E-19 8.44073E-11 2.32798E-15 6.13260E-13 2.81354E-09 3.86259E-12 1.54658E-13
 1.71976E-06 3.29389E-12 8.56355E-04 2.70222E-13 2.04734E-09 1.29726E-06 3.43266E-09 2.83455E-13
 5.66355E-03 1.75184E-02 2.66777E-04 1.51948E-06 6.53237E-10 1.66160E-08 1.54291E-12 1.30812E-10
 3.38005E-17 2.69603E-12 4.45765E-10 3.44342E-16 8.68058E-17 3.03274E-31 3.76882E-09 7.17814E-16
 2.44799E-19 7.36524E-19 6.59426E-10 1.91451E-19 8.33943E-11 2.58736E-15 6.70051E-13 2.81315E-09
 3.94171E-12 1.51204E-13 1.72146E-06 3.76582E-12 8.56972E-04 3.02246E-13 2.15860E-09 1.29500E-06
 3.21106E-09 3.48046E-13 5.66354E-03 1.75181E-02 2.66764E-04 1.51660E-06 6.85253E-10 1.65641E-08
 1.79073E-12 1.42505E-10 3.63670E-17 2.62588E-12 4.33819E-10 3.49679E-16 8.90075E-17 3.06412E-31
 3.76749E-09 7.13848E-16 2.77472E-19 7.62949E-19 6.60755E-10 1.75803E-19 8.23722E-11 2.87074E-15
 7.30603E-13 2.81286E-09 4.07093E-12 1.48531E-13 1.72367E-06 4.29216E-12 8.57605E-04 3.37873E-13
 2.27576E-09 1.29269E-06 2.99327E-09 4.27503E-13 5.66354E-03 1.75177E-02 2.66752E-04 1.51460E-06
 7.19376E-10 1.65115E-08 2.08249E-12 1.55414E-10 3.91340E-17 2.55982E-12 4.20601E-10 3.54637E-16
 9.08648E-17 3.08149E-31 3.76612E-09 7.09564E-16 3.14197E-19 7.90495E-19 6.62123E-10 1.61626E-19
 8.13420E-11 3.17900E-15 7.94806E-13 2.81268E-09 4.26259E-12 1.46586E-13 1.72653E-06 4.87838E-12
 8.58256E-04 3.77414E-13 2.39947E-09 1.29030E-06 2.77970E-09 5.25507E-13 5.66353E-03 1.75174E-02
 2.66739E-04 1.51364E-06 7.56432E-10 1.64583E-08 2.42594E-12 1.69610E-10 4.20747E-17 2.49624E-12
 4.06032E-10 3.58937E-16 9.21768E-17 3.07013E-31 3.76471E-09 7.05086E-16 3.55219E-19 8.19356E-19
 6.63534E-10 1.48701E-19 8.03047E-11 3.51248E-15 8.62420E-13 2.81259E-09 4.53012E-12 1.45290E-13
 1.73017E-06 5.52949E-12 8.58927E-04 4.21221E-13 2.53031E-09 1.28776E-06 2.57091E-09 6.46613E-13
 5.66352E-03 1.75171E-02 2.66728E-04 1.51390E-06 7.97096E-10 1.64045E-08 2.82926E-12 1.85103E-10
 4.51543E-17 2.43351E-12 3.90095E-10 3.62182E-16 9.27356E-17 3.02387E-31 3.76326E-09 7.00552E-16
 4.00833E-19 8.49851E-19 6.64990E-10 1.36838E-19 7.92616E-11 3.87153E-15 9.33320E-13 2.81259E-09
 4.89048E-12 1.44548E-13 1.73471E-06 6.25021E-12 8.59620E-04 4.69690E-13 2.66886E-09 1.28504E-06
 2.36766E-09 7.96474E-13 5.66352E-03 1.75167E-02 2.66716E-04 1.51554E-06 8.41974E-10 1.63501E-08
 3.30104E-12 2.01843E-10 4.83295E-17 2.37008E-12 3.72832E-10 3.63940E-16 9.23481E-17 2.94255E-31
 3.76175E-09 6.96111E-16 4.51370E-19 8.82435E-19 6.66493E-10 1.25885E-19 7.82143E-11 4.25651E-15
 1.00746E-12 2.81268E-09 5.35746E-12 1.44248E-13 1.74029E-06 7.04570E-12 8.60337E-04 5.23212E-13
 2.81576E-09 1.28209E-06 2.17079E-09 9.82243E-13 5.66351E-03 1.75164E-02 2.66706E-04 1.51872E-06
 8.91897E-10 1.62951E-08 3.85058E-12 2.19731E-10 5.15409E-17 2.30455E-12 3.54334E-10 3.63792E-16
 9.08563E-17 2.82528E-31 3.76020E-09 6.91933E-16 5.07075E-19 9.17659E-19 6.68047E-10 1.15718E-19
 7.71643E-11 4.66727E-15 1.08469E-12 2.81284E-09 5.93405E-12 1.44255E-13 1.74704E-06 7.92101E-12
 8.61081E-04 5.82216E-13 2.97164E-09 1.27887E-06 1.98123E-09 1.21282E-12 5.66351E-03 1.75160E-02
 2.66696E-04 1.52358E-06 9.47665E-10 1.62395E-08 4.48765E-12 2.38613E-10 5.47267E-17 2.23576E-12
 3.34744E-10 3.61388E-16 8.81676E-17 2.67657E-31 3.75859E-09 6.88200E-16 5.68207E-19 9.56235E-19
 6.69656E-10 1.06246E-19 7.61136E-11 5.10359E-15 1.16498E-12 2.81308E-09 6.59580E-12 1.44420E-13
 1.75508E-06 8.88096E-12 8.61854E-04 6.47199E-13 3.13706E-09 1.27534E-06 1.80007E-09 1.49917E-12
 5.66350E-03 1.75156E-02 2.66686E-04 1.53027E-06 1.00995E-09 1.61833E-08 5.22247E-12 2.58284E-10
 5.78326E-17 2.16284E-12 3.14256E-10 3.56505E-16 8.42742E-17 2.50622E-31 3.75692E-09 6.85113E-16
 6.35114E-19 9.99057E-19 6.71323E-10 9.74048E-20 7.50642E-11 5.56551E-15 1.24837E-12 2.81338E-09
 7.25779E-12 1.44592E-13 1.76450E-06 9.93096E-12 8.62660E-04 7.18691E-13 3.31259E-09 1.27146E-06
 1.62828E-09 1.85499E-12 5.66350E-03 1.75152E-02 2.66677E-04 1.53891E-06 1.07952E-09 1.61264E-08
 6.06604E-12 2.78504E-10 6.08066E-17 2.08524E-12 2.93098E-10 3.49053E-16 7.92534E-17 2.32324E-31
 3.75519E-09 6.82880E-16 7.08129E-19 1.04715E-18 6.73052E-10 8.91481E-20 7.40178E-11 6.05296E-15
 1.33494E-12 2.81375E-09 7.85571E-12 1.44615E-13 1.77541E-06 1.10768E-11 8.63501E-04 7.97275E-13
 3.49878E-09 1.26719E-06 1.46664E-09 2.29720E-12 5.66349E-03 1.75148E-02 2.66669E-04 1.54962E-06
 1.15722E-09 1.60690E-08 7.03037E-12 2.99009E-10 6.36054E-17 2.00278E-12 2.71520E-10 3.39086E-16
 7.32608E-17 2.13598E-31 3.75340E-09 6.81713E-16 7.87613E-19 1.10164E-18 6.74848E-10 8.14439E-20
 7.29764E-11 6.56585E-15 1.42478E-12 2.81416E-09 8.39487E-12 1.44334E-13 1.78788E-06 1.23251E-11
 8.64382E-04 8.83577E-13 3.69619E-09 1.26250E-06 1.31569E-09 2.84689E-12 5.66349E-03 1.75143E-02
 2.66660E-04 1.56249E-06 1.24404E-09 1.60109E-08 8.12886E-12 3.19525E-10 6.61923E-17 1.91558E-12
 2.49782E-10 3.26774E-16 6.65130E-17 1.95041E-31 3.75153E-09 6.81820E-16 8.73913E-19 1.16378E-18
 6.76716E-10 7.42671E-20 7.19414E-11 7.10401E-15 1.51799E-12 2.81461E-09 8.88046E-12 1.43605E-13
 1.80200E-06 1.36835E-11 8.65305E-04 9.78195E-13 3.90543E-09 1.25735E-06 1.17564E-09 3.53057E-12
 5.66348E-03 1.75138E-02 2.66652E-04 1.57760E-06 1.34142E-09 1.59523E-08 9.37707E-12 3.39777E-10
 6.85281E-17 1.82406E-12 2.28139E-10 3.12359E-16 5.92643E-17 1.76840E-31 3.74959E-09 6.83406E-16
 9.67185E-19 1.23483E-18 6.78659E-10 6.75956E-20 7.09139E-11 7.66652E-15 1.61455E-12 2.81511E-09
 9.31757E-12 1.42291E-13 1.81779E-06 1.51603E-11 8.66274E-04 1.08179E-12 4.12704E-09 1.25171E-06
 1.04659E-09 4.38099E-12 5.66348E-03 1.75133E-02 2.66643E-04 1.59502E-06 1.45087E-09 1.58930E-08
 1.07923E-11 3.59488E-10 7.05880E-17 1.72891E-12 2.06850E-10 2.96169E-16 5.17927E-17 1.59256E-31
 3.74756E-09 6.86673E-16 1.06762E-18 1.31620E-18 6.80684E-10 6.14105E-20 6.98947E-11 8.25261E-15
 1.71448E-12 2.81564E-09 9.71114E-12 1.40287E-13 1.83530E-06 1.67648E-11 8.67294E-04 1.19519E-12
 4.36134E-09 1.24555E-06 9.28573E-10 5.43795E-12 5.66348E-03 1.75128E-02 2.66633E-04 1.61480E-06
 1.57367E-09 1.58331E-08 1.23933E-11 3.78379E-10 7.23745E-17 1.63108E-12 1.86169E-10 2.78630E-16
 4.43810E-17 1.42737E-31 3.74545E-09 6.91829E-16 1.17564E-18 1.40943E-18 6.82797E-10 5.56958E-20
 6.88837E-11 8.86238E-15 1.81803E-12 2.81619E-09 1.00660E-11 1.37530E-13 1.85452E-06 1.85076E-11
 8.68370E-04 1.31943E-12 4.60847E-09 1.23885E-06 8.21556E-10 6.74945E-12 5.66348E-03 1.75122E-02
 2.66622E-04 1.63694E-06 1.71085E-09 1.57726E-08 1.41998E-11 3.96181E-10 7.39145E-17 1.53171E-12
 1.66343E-10 2.60217E-16 3.72921E-17 1.27733E-31 3.74324E-09 6.99083E-16 1.29200E-18 1.51623E-18
 6.85003E-10 5.04368E-20 6.78802E-11 9.49679E-15 1.92562E-12 2.81677E-09 1.03866E-11 1.34000E-13
 1.87544E-06 2.04016E-11 8.69506E-04 1.45593E-12 4.86825E-09 1.23157E-06 7.25398E-10 8.37213E-12
 5.66348E-03 1.75116E-02 2.66609E-04 1.66145E-06 1.86284E-09 1.57115E-08 1.62313E-11 4.12647E-10
 7.52658E-17 1.43202E-12 1.47595E-10 2.41445E-16 3.07465E-17 1.14712E-31 3.74094E-09 7.08649E-16
 1.41806E-18 1.63847E-18 6.87308E-10 4.56187E-20 6.68830E-11 1.01585E-14 2.03799E-12 2.81737E-09
 1.06774E-11 1.29728E-13 1.89800E-06 2.24621E-11 8.70707E-04 1.60650E-12 5.14035E-09 1.22370E-06
 6.39742E-10 1.03729E-11 5.66348E-03 1.75110E-02 2.66593E-04 1.68830E-06 2.02977E-09 1.56498E-08
 1.85080E-11 4.27569E-10 7.64994E-17 1.33324E-12 1.30108E-10 2.22788E-16 2.49013E-17 1.03929E-31
 3.73853E-09 7.20740E-16 1.55568E-18 1.77815E-18 6.89720E-10 4.12239E-20 6.58902E-11 1.08511E-14
 2.15608E-12 2.81798E-09 1.09423E-11 1.24780E-13 1.92214E-06 2.47081E-11 8.71979E-04 1.77315E-12
 5.42444E-09 1.21521E-06 5.63946E-10 1.28325E-11 5.66349E-03 1.75103E-02 2.66574E-04 1.71746E-06
 2.21222E-09 1.55876E-08 2.10518E-11 4.40795E-10 7.76721E-17 1.23646E-12 1.14007E-10 2.04605E-16
 1.98384E-17 9.52723E-32 3.73600E-09 7.35563E-16 1.70677E-18 1.93737E-18 6.92244E-10 3.72302E-20
 6.48995E-11 1.15777E-14 2.28073E-12 2.81861E-09 1.11848E-11 1.19241E-13 1.94780E-06 2.71617E-11
 8.73326E-04 1.95827E-12 5.72012E-09 1.20604E-06 4.97202E-10 1.58474E-11 5.66350E-03 1.75096E-02
 2.66551E-04 1.74893E-06 2.41106E-09 1.55248E-08 2.38867E-11 4.52235E-10 7.88346E-17 1.14265E-12
 9.93562E-11 1.87169E-16 1.55723E-17 8.85387E-32 3.73336E-09 7.53320E-16 1.87350E-18 2.11840E-18
 6.94888E-10 3.36115E-20 6.39081E-11 1.23415E-14 2.41280E-12 2.81925E-09 1.14083E-11 1.13212E-13
 1.97489E-06 2.98490E-11 8.74755E-04 2.16456E-12 6.02696E-09 1.19616E-06 4.38605E-10 1.95333E-11
 5.66351E-03 1.75088E-02 2.66523E-04 1.78269E-06 2.62760E-09 1.54616E-08 2.70387E-11 4.61849E-10
 8.00272E-17 1.05255E-12 8.61619E-11 1.70668E-16 1.20634E-17 8.34724E-32 3.73059E-09 7.74213E-16
 2.05823E-18 2.32374E-18 6.97658E-10 3.03389E-20 6.29130E-11 1.31455E-14 2.55315E-12 2.81990E-09
 1.16156E-11 1.06799E-13 2.00333E-06 3.28002E-11 8.76271E-04 2.39503E-12 6.34456E-09 1.18547E-06
 3.87211E-10 2.40319E-11 5.66352E-03 1.75080E-02 2.66488E-04 1.81875E-06 2.86417E-09 1.53979E-08
 3.05386E-11 4.69645E-10 8.12709E-17 9.66706E-13 7.43815E-11 1.55199E-16 9.23586E-18 7.97464E-32
 3.72768E-09 7.98455E-16 2.26325E-18 2.55615E-18 7.00563E-10 2.73819E-20 6.19104E-11 1.39914E-14
 2.70248E-12 2.82057E-09 1.18095E-11 1.00105E-13 2.03303E-06 3.60510E-11 8.77882E-04 2.65293E-12
 6.67254E-09 1.17391E-06 3.42102E-10 2.95163E-11 5.66354E-03 1.75072E-02 2.66445E-04 1.85715E-06
 3.12424E-09 1.53338E-08 3.44214E-11 4.75664E-10 8.25698E-17 8.85488E-13 6.39351E-11 1.40795E-16
 6.99523E-18 7.70145E-32 3.72463E-09 8.26280E-16 2.49071E-18 2.81878E-18 7.03611E-10 2.47101E-20
 6.08964E-11 1.48799E-14 2.86138E-12 2.82125E-09 1.19923E-11 9.32274E-14 2.06391E-06 3.96422E-11
 8.79595E-04 2.94198E-12 7.01042E-09 1.16139E-06 3.02445E-10 3.61989E-11 5.66356E-03 1.75062E-02
 2.66393E-04 1.89793E-06 3.41236E-09 1.52693E-08 3.87267E-11 4.79963E-10 8.39181E-17 8.09100E-13
 5.47216E-11 1.27454E-16 5.24406E-18 7.49667E-32 3.72143E-09 8.57969E-16 2.74282E-18 3.11524E-18
 7.06812E-10 2.22942E-20 5.98667E-11 1.58109E-14 3.03040E-12 2.82194E-09 1.21664E-11 8.62561E-14
 2.09587E-06 4.36219E-11 8.81417E-04 3.26638E-12 7.35753E-09 1.14782E-06 2.67510E-10 4.43386E-11
 5.66359E-03 1.75053E-02 2.66331E-04 1.94111E-06 3.73418E-09 1.52045E-08 4.34968E-11 4.82604E-10
 8.53049E-17 7.37630E-13 4.66315E-11 1.15150E-16 3.89135E-18 7.33468E-32 3.71807E-09 8.93872E-16
 3.02194E-18 3.44970E-18 7.10176E-10 2.01077E-20 5.88166E-11 1.67841E-14 3.21016E-12 2.82265E-09
 1.23338E-11 7.92774E-14 2.12882E-06 4.80452E-11 8.83358E-04 3.63075E-12 7.71312E-09 1.13311E-06
 2.36659E-10 5.42551E-11 5.66362E-03 1.75042E-02 2.66257E-04 1.98672E-06 4.09715E-09 1.51394E-08
 4.87776E-11 4.83645E-10 8.67007E-17 6.71077E-13 3.95558E-11 1.03829E-16 2.85710E-18 7.18654E-32
 3.71453E-09 9.34441E-16 3.33008E-18 3.82697E-18 7.13715E-10 1.81272E-20 5.77410E-11 1.77973E-14
 3.40117E-12 2.82338E-09 1.24968E-11 7.23699E-14 2.16263E-06 5.29755E-11 8.85428E-04 4.04034E-12
 8.07616E-09 1.11720E-06 2.09374E-10 6.63365E-11 5.66366E-03 1.75031E-02 2.66168E-04 2.03475E-06
 4.50982E-09 1.50741E-08 5.46140E-11 4.83135E-10 8.80764E-17 6.09388E-13 3.33954E-11 9.34362E-17
 2.07477E-18 7.03093E-32 3.71080E-09 9.80274E-16 3.66947E-18 4.25257E-18 7.17442E-10 1.63327E-20
 5.66344E-11 1.88482E-14 3.60408E-12 2.82412E-09 1.26571E-11 6.56129E-14 2.19719E-06 5.84862E-11
 8.87636E-04 4.50245E-12 8.44487E-09 1.10005E-06 1.85302E-10 8.10265E-11 5.66370E-03 1.75019E-02
 2.66063E-04 2.08514E-06 4.97884E-09 1.50085E-08 6.10335E-11 4.81124E-10 8.94565E-17 5.52489E-13
 2.80664E-11 8.39629E-17 1.49116E-18 6.88253E-32 3.70688E-09 1.03216E-15 4.04498E-18 4.73304E-18
 7.21370E-10 1.47089E-20 5.54911E-11 1.99384E-14 3.82041E-12 2.82490E-09 1.28169E-11 5.90968E-14
 2.23231E-06 6.46647E-11 8.89993E-04 5.02764E-12 8.81653E-09 1.08163E-06 1.64199E-10 9.88122E-11
 5.66375E-03 1.75007E-02 2.65939E-04 2.13775E-06 5.50728E-09 1.49426E-08 6.80369E-11 4.77680E-10
 9.09326E-17 5.00291E-13 2.34962E-11 7.54342E-17 1.06325E-18 6.79232E-32 3.70273E-09 1.09113E-15
 4.46599E-18 5.27616E-18 7.25513E-10 1.32437E-20 5.43054E-11 2.10749E-14 4.05295E-12 2.82569E-09
 1.29781E-11 5.29150E-14 2.26783E-06 7.16129E-11 8.92510E-04 5.62768E-12 9.18872E-09 1.06194E-06
 1.45779E-10 1.20277E-10 5.66381E-03 1.74993E-02 2.65794E-04 2.19241E-06 6.10019E-09 1.48766E-08
 7.56209E-11 4.72874E-10 9.25571E-17 4.52659E-13 1.96109E-11 6.78077E-17 7.54539E-19 6.78608E-32
 3.69836E-09 1.15846E-15 4.94213E-18 5.89082E-18 7.29886E-10 1.19255E-20 5.30717E-11 2.22624E-14
 4.30425E-12 2.82652E-09 1.31425E-11 4.71306E-14 2.30355E-06 7.94476E-11 8.95199E-04 6.31528E-12
 9.55945E-09 1.04101E-06 1.29719E-10 1.46130E-10 5.66388E-03 1.74979E-02 2.65624E-04 2.24886E-06
 6.76572E-09 1.48105E-08 8.37825E-11 4.66780E-10 9.43322E-17 4.09402E-13 1.63336E-11 6.09976E-17
 5.34630E-19 6.86607E-32 3.69374E-09 1.23575E-15 5.48244E-18 6.58720E-18 7.34504E-10 1.07425E-20
 5.17846E-11 2.35014E-14 4.57651E-12 2.82737E-09 1.33120E-11 4.17751E-14 2.33926E-06 8.83066E-11
 8.98072E-04 7.10636E-12 9.92638E-09 1.01886E-06 1.15739E-10 1.77186E-10 5.66395E-03 1.74963E-02
 2.65426E-04 2.30682E-06 7.51096E-09 1.47444E-08 9.24998E-11 4.59491E-10 9.62840E-17 3.70298E-13
 1.35891E-11 5.49385E-17 3.79581E-19 7.05153E-32 3.68886E-09 1.32501E-15 6.09940E-18 7.37704E-18
 7.39383E-10 9.68345E-21 5.04387E-11 2.47942E-14 4.87260E-12 2.82824E-09 1.34883E-11 3.68650E-14
 2.37477E-06 9.83534E-11 9.01141E-04 8.02019E-12 1.02872E-08 9.95543E-07 1.03582E-10 2.14399E-10
 5.66403E-03 1.74947E-02 2.65197E-04 2.36593E-06 8.34310E-09 1.46783E-08 1.01740E-10 4.51108E-10
 9.84443E-17 3.35098E-13 1.13047E-11 4.95657E-17 2.71040E-19 7.36806E-32 3.68371E-09 1.42873E-15
 6.80837E-18 8.27402E-18 7.44538E-10 8.73730E-21 4.90290E-11 2.61422E-14 5.19575E-12 2.82915E-09
 1.36733E-11 3.24011E-14 2.40985E-06 1.09782E-10 9.04420E-04 9.07898E-12 1.06401E-08 9.71122E-07
 9.30034E-11 2.58923E-10 5.66413E-03 1.74929E-02 2.64933E-04 2.42581E-06 9.27167E-09 1.46123E-08
 1.11470E-10 4.41728E-10 1.00824E-16 3.03538E-13 9.41171E-12 4.48040E-17 1.95257E-19 7.83570E-32
 3.67826E-09 1.55006E-15 7.62626E-18 9.29398E-18 7.49987E-10 7.89333E-21 4.75506E-11 2.75436E-14
 5.54909E-12 2.83008E-09 1.38688E-11 2.83685E-14 2.44430E-06 1.22823E-10 9.07923E-04 1.03096E-11
 1.09836E-08 9.45670E-07 8.37861E-11 3.12150E-10 5.66423E-03 1.74911E-02 2.64630E-04 2.48602E-06
 1.03074E-08 1.45465E-08 1.21650E-10 4.31449E-10 1.03438E-16 2.75348E-13 7.84722E-12 4.05847E-17
 1.42273E-19 8.48327E-32 3.67250E-09 1.69293E-15 8.57354E-18 1.04555E-17 7.55749E-10 7.14132E-21
 4.59989E-11 2.89947E-14 5.93603E-12 2.83104E-09 1.40766E-11 2.47433E-14 2.47789E-06 1.37755E-10
 9.11666E-04 1.17453E-11 1.13162E-08 9.19269E-07 7.57438E-11 3.75772E-10 5.66435E-03 1.74891E-02
 2.64283E-04 2.54605E-06 1.14618E-08 1.44811E-08 1.32241E-10 4.20363E-10 1.06319E-16 2.50265E-13
 6.55554E-12 3.68476E-17 1.05051E-19 9.35490E-32 3.66640E-09 1.86228E-15 9.67576E-18 1.17807E-17
 7.61841E-10 6.47185E-21 4.43696E-11 3.04902E-14 6.36035E-12 2.83202E-09 1.42988E-11 2.14969E-14
 2.51040E-06 1.54915E-10 9.15663E-04 1.34273E-11 1.16369E-08 8.92014E-07 6.87131E-11 4.51897E-10
 5.66448E-03 1.74869E-02 2.63888E-04 2.60536E-06 1.27487E-08 1.44161E-08 1.43205E-10 4.08554E-10
 1.09516E-16 2.28040E-13 5.48838E-12 3.35370E-17 7.86953E-20 1.05125E-31 3.65996E-09 2.06433E-15
 1.09646E-17 1.32962E-17 7.68284E-10 5.87632E-21 4.26588E-11 3.20222E-14 6.82612E-12 2.83303E-09
 1.45372E-11 1.85979E-14 2.54160E-06 1.74709E-10 9.19932E-04 1.54091E-11 1.19449E-08 8.64001E-07
 6.25519E-11 5.43194E-10 5.66463E-03 1.74847E-02 2.63438E-04 2.66334E-06 1.41838E-08 1.43516E-08
 1.54510E-10 3.96091E-10 1.13115E-16 2.08448E-13 4.60472E-12 3.06056E-17 5.98332E-20 1.20524E-31
 3.65314E-09 2.30688E-15 1.24816E-17 1.50351E-17 7.75101E-10 5.34700E-21 4.08628E-11 3.35810E-14
 7.33794E-12 2.83406E-09 1.47940E-11 1.60139E-14 2.57128E-06 1.97630E-10 9.24492E-04 1.77580E-11
 1.22401E-08 8.35332E-07 5.71202E-11 6.53216E-10 5.66478E-03 1.74823E-02 2.62928E-04 2.71930E-06
 1.57908E-08 1.42877E-08 1.66148E-10 3.83018E-10 1.17197E-16 1.91285E-13 3.86992E-12 2.80007E-17
 4.61350E-20 1.40852E-31 3.64593E-09 2.59979E-15 1.42763E-17 1.70390E-17 7.82312E-10 4.87694E-21
 3.89784E-11 3.51514E-14 7.90010E-12 2.83511E-09 1.50715E-11 1.37111E-14 2.59922E-06 2.24281E-10
 9.29361E-04 2.05617E-11 1.25236E-08 8.06105E-07 5.22872E-11 7.86815E-10 5.66496E-03 1.74797E-02
 2.62351E-04 2.77246E-06 1.76043E-08 1.42246E-08 1.78135E-10 3.69347E-10 1.21866E-16 1.76380E-13
 3.25550E-12 2.56699E-17 3.60103E-20 1.67458E-31 3.63830E-09 2.95546E-15 1.64094E-17 1.93622E-17
 7.89943E-10 4.46015E-21 3.70029E-11 3.67124E-14 8.51647E-12 2.83616E-09 1.53719E-11 1.16567E-14
 2.62518E-06 2.55429E-10 9.34560E-04 2.39485E-11 1.27959E-08 7.76421E-07 4.79565E-11 9.50704E-10
 5.66515E-03 1.74769E-02 2.61700E-04 2.82191E-06 1.96640E-08 1.41625E-08 1.90504E-10 3.55069E-10
 1.27388E-16 1.63607E-13 2.73883E-12 2.35836E-17 2.83980E-20 2.03031E-31 3.63022E-09 3.38955E-15
 1.89735E-17 2.20798E-17 7.98020E-10 4.09190E-21 3.49339E-11 3.82463E-14 9.19211E-12 2.83723E-09
 1.56978E-11 9.82414E-15 2.64894E-06 2.92090E-10 9.40111E-04 2.81085E-11 1.30586E-08 7.46377E-07
 4.40432E-11 1.15471E-09 5.66536E-03 1.74740E-02 2.60968E-04 2.86651E-06 2.20257E-08 1.41014E-08
 2.03325E-10 3.40136E-10 1.34196E-16 1.52886E-13 2.30176E-12 2.17191E-17 2.25695E-20 2.52095E-31
 3.62167E-09 3.92172E-15 2.21042E-17 2.52996E-17 8.06569E-10 3.76861E-21 3.27699E-11 3.97365E-14
 9.93233E-12 2.83830E-09 1.60520E-11 8.18968E-15 2.67026E-06 3.35637E-10 9.46036E-04 3.33259E-11
 1.33155E-08 7.16062E-07 4.04411E-11 1.41398E-09 5.66559E-03 1.74709E-02 2.60146E-04 2.90488E-06
 2.47845E-08 1.40415E-08 2.16713E-10 3.24454E-10 1.42847E-16 1.44183E-13 1.92942E-12 2.00489E-17
 1.80003E-20 3.21161E-31 3.61262E-09 4.57660E-15 2.59939E-17 2.91820E-17 8.15619E-10 3.48747E-21
 3.05104E-11 4.11646E-14 1.07402E-11 2.83937E-09 1.64373E-11 6.73134E-15 2.68893E-06 3.87915E-10
 9.52361E-04 4.00273E-11 1.35777E-08 6.85552E-07 3.69790E-11 1.75265E-09 5.66583E-03 1.74676E-02
 2.59225E-04 2.93517E-06 2.81225E-08 1.39830E-08 2.30799E-10 3.07916E-10 1.53834E-16 1.37509E-13
 1.60953E-12 1.85272E-17 1.43030E-20 4.16313E-31 3.60304E-09 5.38512E-15 3.08994E-17 3.39733E-17
 8.25198E-10 3.24645E-21 2.81556E-11 4.25024E-14 1.16102E-11 2.84043E-09 1.68568E-11 5.42936E-15
 2.70463E-06 4.50949E-10 9.59116E-04 4.87338E-11 1.38832E-08 6.54873E-07 3.33341E-11 2.21052E-09
 5.66610E-03 1.74641E-02 2.58193E-04 2.95482E-06 3.24323E-08 1.39260E-08 2.45783E-10 2.90340E-10
 1.66566E-16 1.32945E-13 1.33217E-12 1.69902E-17 1.12006E-20 5.23283E-31 3.59289E-09 6.38693E-15
 3.69529E-17 4.00587E-17 8.35348E-10 3.04470E-21 2.57048E-11 4.36504E-14 1.25045E-11 2.84153E-09
 1.73145E-11 4.26396E-15 2.71653E-06 5.27100E-10 9.66345E-04 6.03139E-11 1.42808E-08 6.24003E-07
 2.93719E-11 2.84883E-09 5.66640E-03 1.74603E-02 2.57035E-04 2.95991E-06 3.81867E-08 1.38705E-08
 2.61790E-10 2.71614E-10 1.81181E-16 1.30747E-13 1.09164E-12 1.53650E-17 8.59921E-21 6.24889E-31
 3.58212E-09 7.63383E-15 4.44107E-17 4.80874E-17 8.46124E-10 2.88713E-21 2.31545E-11 4.45392E-14
 1.33746E-11 2.84271E-09 1.78152E-11 3.23937E-15 2.72275E-06 6.20548E-10 9.74087E-04 7.66662E-11
 1.47933E-08 5.92904E-07 2.54118E-11 3.76218E-09 5.66672E-03 1.74563E-02 2.55734E-04 2.94446E-06
 4.56613E-08 1.38167E-08 2.78923E-10 2.51642E-10 2.02001E-16 1.31447E-13 8.86285E-13 1.38188E-17
 6.54647E-21 7.68400E-31 3.57066E-09 9.19068E-15 5.44173E-17 5.92096E-17 8.57576E-10 2.78745E-21
 2.05030E-11 4.52539E-14 1.42083E-11 2.84398E-09 1.83647E-11 2.37856E-15 2.71988E-06 7.40493E-10
 9.82350E-04 1.01907E-10 1.53970E-08 5.61549E-07 2.20218E-11 5.10965E-09 5.66707E-03 1.74520E-02
 2.54275E-04 2.90000E-06 5.47783E-08 1.37648E-08 2.97475E-10 2.30147E-10 2.40328E-16 1.35776E-13
 7.15330E-13 1.26502E-17 5.09298E-21 1.19259E-30 3.55853E-09 1.11315E-14 7.00448E-17 7.54860E-17
 8.69710E-10 2.76463E-21 1.77608E-11 4.60084E-14 1.50510E-11 2.84528E-09 1.89671E-11 1.69302E-15
 2.70323E-06 9.04888E-10 9.91087E-04 1.44468E-10 1.60526E-08 5.29923E-07 1.96320E-11 7.17188E-09
 5.66745E-03 1.74476E-02 2.52647E-04 2.81588E-06 6.51225E-08 1.37155E-08 3.17860E-10 2.06762E-10
 3.18427E-16 1.44446E-13 5.75152E-13 1.21147E-17 4.17610E-21 3.16829E-30 3.54579E-09 1.35312E-14
 9.80261E-17 1.00562E-16 8.82447E-10 2.83490E-21 1.49599E-11 4.69683E-14 1.59485E-11 2.84653E-09
 1.96230E-11 1.17140E-15 2.66783E-06 1.14355E-09 1.00019E-03 2.21586E-10 1.67846E-08 4.97992E-07
 1.83656E-11 1.04276E-08 5.66787E-03 1.74430E-02 2.50854E-04 2.68055E-06 7.59896E-08 1.36696E-08
 3.40013E-10 1.81659E-10 4.80369E-16 1.57841E-13 4.58743E-13 1.24193E-17 3.62033E-21 1.49897E-29
 3.53261E-09 1.64548E-14 1.53420E-16 1.40824E-16 8.95620E-10 3.00260E-21 1.21602E-11 4.79984E-14
 1.68158E-11 2.84775E-09 2.03287E-11 7.90271E-16 2.61035E-06 1.48643E-09 1.00952E-03 3.64173E-10
 1.78250E-08 4.65517E-07 1.75955E-11 1.56597E-08 5.66831E-03 1.74383E-02 2.48902E-04 2.48304E-06
 8.74919E-08 1.36278E-08 3.63368E-10 1.55572E-10 7.95618E-16 1.75609E-13 3.58642E-13 1.33512E-17
 3.23557E-21 7.33246E-29 3.51921E-09 1.99518E-14 2.63950E-16 2.07598E-16 9.09017E-10 3.24825E-21
 9.44413E-12 4.82746E-14 1.73074E-11 2.84923E-09 2.10780E-11 5.19344E-16 2.52969E-06 1.96104E-09
 1.01893E-03 6.32704E-10 1.94589E-08 4.31871E-07 1.65687E-11 2.41794E-08 5.66878E-03 1.74337E-02
 2.46802E-04 2.21360E-06 9.99264E-08 1.35908E-08 3.87363E-10 1.29263E-10 1.38838E-15 1.96503E-13
 2.70201E-13 1.47063E-17 2.92549E-21 2.69296E-28 3.50579E-09 2.40432E-14 4.85220E-16 3.22222E-16
 9.22434E-10 3.52671E-21 6.90408E-12 4.66423E-14 1.70925E-11 2.85120E-09 2.18639E-11 3.34197E-16
 2.42516E-06 2.62051E-09 1.02823E-03 1.16431E-09 2.18496E-08 3.96127E-07 1.52059E-11 3.83832E-08
 5.66928E-03 1.74292E-02 2.44581E-04 1.86578E-06 1.11445E-07 1.35591E-08 4.12045E-10 1.02837E-10
 2.55181E-15 2.18240E-13 1.91622E-13 1.70870E-17 2.66465E-21 7.51949E-28 3.49263E-09 2.86494E-14
 9.55006E-16 5.24500E-16 9.35583E-10 3.76687E-21 4.64430E-12 4.21004E-14 1.60489E-11 2.85369E-09
 2.26744E-11 2.15157E-16 2.29731E-06 3.59216E-09 1.03705E-03 2.28533E-09 2.48315E-08 3.57340E-07
 1.35310E-11 6.39141E-08 5.66981E-03 1.74250E-02 2.42316E-04 1.44433E-06 1.18363E-07 1.35333E-08
 4.38477E-10 7.52635E-11 4.96750E-15 2.36860E-13 1.23488E-13 2.21040E-17 2.44818E-21 1.67773E-27
 3.48027E-09 3.34080E-14 2.02506E-15 8.77860E-16 9.47941E-10 3.86162E-21 2.77715E-12 3.43913E-14
 1.42976E-11 2.85651E-09 2.34808E-11 1.42847E-16 2.15142E-06 5.34569E-09 1.04465E-03 4.81791E-09
 2.67250E-08 3.15861E-07 1.17022E-11 1.19426E-07 5.67034E-03 1.74215E-02 2.40209E-04 9.85530E-07
 1.15143E-07 1.35145E-08 4.67605E-10 4.55121E-11 1.01168E-14 2.46840E-13 6.93786E-14 3.37951E-17
 2.27426E-21 2.97700E-27 3.46966E-09 3.73535E-14 4.65102E-15 1.40269E-15 9.58539E-10 3.70362E-21
 1.40628E-12 2.44360E-14 1.22567E-11 2.85920E-09 2.42189E-11 9.99758E-17 2.01458E-06 1.33511E-08
 1.04964E-03 1.02510E-08 2.31750E-08 2.79891E-07 1.37743E-11 2.68076E-07 5.67077E-03 1.74192E-02
 2.38754E-04 6.10571E-07 9.46023E-08 1.35041E-08 4.93834E-10 1.90355E-11 1.91695E-14 2.45443E-13
 3.69633E-14 6.05640E-17 2.15487E-21 3.74674E-27 3.46269E-09 3.89257E-14 1.08373E-14 1.59465E-15
 9.65504E-10 3.37242E-21 6.33640E-13 1.35172E-14 1.04975E-11 2.86122E-09 2.47412E-11 7.13491E-17
 2.71951E+02 2.69572E+02 2.67480E+02 2.65687E+02 2.64255E+02 2.63384E+02 2.63127E+02 2.63103E+02
 2.62973E+02 2.62760E+02 2.62517E+02 2.62268E+02 2.62025E+02 2.61758E+02 2.61471E+02 2.61185E+02
 2.60896E+02 2.60592E+02 2.60265E+02 2.59906E+02 2.59501E+02 2.58989E+02 2.58355E+02 2.57839E+02
 2.57558E+02 2.57254E+02 2.56811E+02 2.56328E+02 2.55855E+02 2.55383E+02 2.54909E+02 2.54437E+02
 2.53971E+02 2.53516E+02 2.53076E+02 2.52652E+02 2.52252E+02 2.51884E+02 2.51546E+02 2.51230E+02
 2.50929E+02 2.50634E+02 2.50336E+02 2.50030E+02 2.49720E+02 2.49416E+02 2.49146E+02 2.48948E+02
 2.48841E+02 2.48836E+02 2.48950E+02 2.49192E+02 2.49559E+02 2.50049E+02 2.50659E+02 2.51386E+02
 2.52240E+02 2.53223E+02 2.54324E+02 2.55521E+02 2.56775E+02 2.58042E+02 2.59293E+02 2.60508E+02
 2.61673E+02 2.62790E+02 2.63872E+02 2.64938E+02 2.66006E+02 2.67104E+02 2.68257E+02 2.69446E+02
 2.70606E+02 2.71700E+02 2.72723E+02 2.73652E+02 2.74465E+02 2.75156E+02 2.75721E+02 2.76153E+02
 2.76449E+02 2.76600E+02 2.76616E+02 2.76528E+02 2.76324E+02 2.75989E+02 2.75532E+02 2.75044E+02
 2.75067E+02 2.75967E+02 2.77221E+02 2.77491E+02 2.75345E+02 2.69863E+02 2.62634E+02 2.55550E+02
 2.48657E+02 2.41950E+02 2.35424E+02 2.29074E+02 1.00000E+05 1.00000E+05 1.00000E+05 1.00000E+05
 6.92150E+04 1.46933E+04 5.25650E+03 3.94167E+03 4.13278E+03 5.20761E+03 6.89450E+03 9.04400E+03
 1.16161E+04 1.43800E+04 1.77661E+04 2.18689E+04 2.79600E+04 3.54994E+04 4.46878E+04 5.73183E+04
 7.18344E+04 9.03989E+04 1.12350E+05 1.43717E+05 1.82328E+05 2.30033E+05 2.88789E+05 3.64956E+05
 4.63400E+05 5.70456E+05 7.00961E+05 8.60950E+05 9.96639E+05 1.00000E+06 1.00000E+06 1.00000E+06
 1.00000E+06 1.00000E+06 1.00000E+06 1.00000E+06 1.00000E+06 1.00000E+06 1.00000E+06 1.00000E+06
 1.00000E+06 1.00000E+06 1.00000E+06 1.00000E+06 1.00000E+06 1.00000E+06 1.00000E+06 1.00000E+06
 1.00000E+06 1.00000E+06 1.00000E+06 1.00000E+06 1.00000E+06 1.00000E+06 1.00000E+06 1.00000E+06
 1.00000E+06 1.00000E+06 1.00000E+06 1.00000E+06 1.00000E+06 1.00000E+06 1.00000E+06 1.00000E+06
 1.00000E+06 1.00000E+06 1.00000E+06 1.00000E+06 1.00000E+06 1.00000E+06 1.00000E+06 1.00000E+06
 1.00000E+06 1.00000E+06 1.00000E+06 1.00000E+06 1.00000E+06 1.00000E+06 1.00000E+06 1.00000E+06
 1.00000E+06 1.00000E+06 1.00000E+06 1.00000E+06 1.00000E+06 1.00000E+06 1.00000E+06 1.00000E+06
 1.00000E+06 1.00000E+06 1.00000E+06 1.00000E+06 1.00000E+06 1.00000E+06 1.00000E+06 1.00000E+06
 2.57552E+19 2.36603E+19 2.16978E+19 1.98635E+19 1.81503E+19 1.65435E+19 1.50412E+19 1.36628E+19
 1.24157E+19 1.12854E+19 1.02587E+19 9.32496E+18 8.47545E+18 7.70348E+18 7.00183E+18 6.36354E+18
 5.78302E+18 5.25532E+18 4.77574E+18 4.34002E+18 3.94429E+18 3.58560E+18 3.26045E+18 2.96287E+18
 2.68967E+18 2.44166E+18 2.21746E+18 2.01386E+18 1.82859E+18 1.66010E+18 1.50692E+18 1.36764E+18
 1.24102E+18 1.12590E+18 1.02124E+18 9.26126E+17 8.39673E+17 7.61098E+17 6.89715E+17 6.24907E+17
 5.66100E+17 5.12767E+17 4.64420E+17 4.20605E+17 3.80894E+17 3.44888E+17 3.12215E+17 2.82536E+17
 2.55576E+17 2.31093E+17 2.08866E+17 1.88698E+17 1.70417E+17 1.53862E+17 1.38883E+17 1.25341E+17
 1.13101E+17 1.02045E+17 9.20681E+16 8.30757E+16 7.49836E+16 6.77119E+16 6.11807E+16 5.53152E+16
 5.00456E+16 4.53072E+16 4.10407E+16 3.71941E+16 3.37218E+16 3.05831E+16 2.77429E+16 2.51742E+16
 2.28560E+16 2.07652E+16 1.88779E+16 1.71743E+16 1.56361E+16 1.42460E+16 1.29884E+16 1.18497E+16
 1.08178E+16 9.88184E+15 9.03167E+15 8.25788E+15 7.55331E+15 6.91170E+15 6.32673E+15 5.79115E+15
 5.29078E+15 4.81913E+15 4.38559E+15 4.00636E+15 3.69099E+15 3.43846E+15 3.21891E+15 3.00628E+15
 2.80032E+15 2.60143E+15 2.40997E+15 2.22624E+15 3.57761E-11 4.11949E-11 5.31199E-11 7.15684E-11
 1.01345E-10 2.01131E-10 5.97445E-10 1.42958E-09 2.43117E-09 3.33681E-09 4.04795E-09 4.58535E-09
 4.99264E-09 5.30824E-09 5.55707E-09 5.75353E-09 5.90577E-09 6.02172E-09 6.11050E-09 6.17793E-09
 6.22906E-09 6.26799E-09 6.29759E-09 6.31974E-09 6.33602E-09 6.34796E-09 6.35665E-09 6.36287E-09
 6.36720E-09 6.37017E-09 6.37216E-09 6.37339E-09 6.37409E-09 6.37439E-09 6.37432E-09 6.37385E-09
 6.37295E-09 6.37158E-09 6.36971E-09 6.36729E-09 6.36428E-09 6.36063E-09 6.35627E-09 6.35115E-09
 6.34520E-09 6.33834E-09 6.33047E-09 6.32151E-09 6.31134E-09 6.29984E-09 6.28622E-09 6.27115E-09
 6.25450E-09 6.23610E-09 6.21576E-09 6.19330E-09 6.16850E-09 6.14115E-09 6.11100E-09 6.07779E-09
 6.04125E-09 6.00110E-09 5.95701E-09 5.90868E-09 5.85576E-09 5.79791E-09 5.73476E-09 5.66593E-09
 5.59103E-09 5.50965E-09 5.42138E-09 5.32581E-09 5.22257E-09 5.11132E-09 4.99174E-09 4.86356E-09
 4.72658E-09 4.58067E-09 4.42579E-09 4.26198E-09 4.08954E-09 3.90884E-09 3.72027E-09 3.52439E-09
 3.32191E-09 3.11373E-09 2.90092E-09 2.68474E-09 2.46656E-09 2.24791E-09 2.03065E-09 1.81698E-09
 1.60926E-09 1.40973E-09 1.22093E-09 1.04459E-09 8.81431E-10 7.32094E-10 5.97215E-10 4.77297E-10
 8.19343E+01 6.92604E+01 6.93435E+01 7.79402E+01 9.29037E+01 1.27585E+02 3.14892E+02 6.78405E+02
 1.04813E+03 1.30764E+03 1.44076E+03 1.47906E+03 1.45707E+03 1.40133E+03 1.32686E+03 1.24180E+03
 1.15170E+03 1.06079E+03 9.72348E+02 8.88166E+02 8.09435E+02 7.37086E+02 6.71106E+02 6.09500E+02
 5.51343E+02 4.98476E+02 4.51166E+02 4.08316E+02 3.69319E+02 3.33923E+02 3.01841E+02 2.72864E+02
 2.46706E+02 2.22981E+02 2.01468E+02 1.81964E+02 1.64273E+02 1.48224E+02 1.33676E+02 1.20506E+02
 1.08622E+02 9.78919E+01 8.82083E+01 7.94743E+01 7.15993E+01 6.44863E+01 5.80453E+01 5.22457E+01
 4.69775E+01 4.21925E+01 3.78425E+01 3.38968E+01 3.03246E+01 2.70963E+01 2.41867E+01 2.15894E+01
 1.92543E+01 1.71575E+01 1.52846E+01 1.36070E+01 1.21165E+01 1.07865E+01 9.60117E+00 8.54636E+00
 7.60788E+00 6.77404E+00 6.03079E+00 5.36577E+00 4.77060E+00 4.23655E+00 3.75683E+00 3.32653E+00
 2.94235E+00 2.59991E+00 2.29442E+00 2.02213E+00 1.77993E+00 1.56434E+00 1.37231E+00 1.20118E+00
 1.05084E+00 9.17504E-01 7.98114E-01 6.91313E-01 5.96002E-01 5.11197E-01 4.35951E-01 3.69309E-01
 3.09980E-01 2.57317E-01 2.11536E-01 1.72911E-01 1.41088E-01 1.15139E-01 9.44759E-02 7.72074E-02
 6.20387E-02 4.88664E-02 3.76972E-02 2.84161E-02 1.00000E-12 1.00000E-12 1.00000E-12 1.00000E-12
 1.00000E-12 1.00000E-12 1.00000E-12 1.00000E-12 1.00000E-12 1.00000E-12 1.00000E-12 1.00000E-12
 1.00000E-12 1.00000E-12 1.00000E-12 1.00000E-12 1.00000E-12 1.00000E-12 1.00000E-12 1.00000E-12
 1.00000E-12 1.00000E-12 1.00000E-12 1.00000E-12 1.00000E-12 1.00000E-12 1.00000E-12 1.00000E-12
 1.00000E-12 1.00000E-12 1.00000E-12 1.00000E-12 1.00000E-12 1.00000E-12 1.00000E-12 1.00000E-12
 1.00000E-12 1.00000E-12 1.00000E-12 1.00000E-12 1.00000E-12 1.00000E-12 1.00000E-12 1.00000E-12
 1.00000E-12 1.00000E-12 1.00000E-12 1.00000E-12 1.00000E-12 1.00000E-12 1.00000E-12 1.00000E-12
 1.00000E-12 1.00000E-12 1.00000E-12 1.00000E-12 1.00000E-12 1.00000E-12 1.00000E-12 1.00000E-12
 1.00000E-12 1.00000E-12 1.00000E-12 1.00000E-12 1.00000E-12 1.00000E-12 1.00000E-12 1.00000E-12
 1.00000E-12 1.00000E-12 1.00000E-12 1.00000E-12 1.00000E-12 1.00000E-12 1.00000E-12 1.00000E-12
 1.00000E-12 1.00000E-12 1.00000E-12 1.00000E-12 1.00000E-12 1.00000E-12 1.00000E-12 1.00000E-12
 1.00000E-12 1.00000E-12 1.00000E-12 1.00000E-12 1.00000E-12 1.00000E-12 1.00000E-12 1.00000E-12
 1.00000E-12 1.00000E-12 1.00000E-12 1.00000E-12 1.00000E-12 1.00000E-12 1.00000E-12 1.00000E-12
 1.00000E-12 1.00000E-12 1.00000E-12 1.00000E-12 1.00000E-12 1.00000E-12 1.00000E-12 1.00000E-12
 1.00000E-12 1.00000E-12 1.00000E-12 1.00000E-12 1.00000E-12 1.00000E-12 1.00000E-12 1.00000E-12
 1.00000E-12 1.00000E-12 1.00000E-12 1.00000E-12 1.00000E-12 1.00000E-12 1.00000E-12 1.00000E-12
 1.00000E-12 1.00000E-12 1.00000E-12 1.00000E-12 1.00000E-12 1.00000E-12 1.00000E-12 1.00000E-12
 1.00000E-12 1.00000E-12 1.00000E-12 1.00000E-12 1.00000E-12 1.00000E-12 1.00000E-12 1.00000E-12
 1.00000E-12 1.00000E-12 1.00000E-12 1.00000E-12 1.00000E-12 1.00000E-12 1.00000E-12 1.00000E-12
 1.00000E-12 1.00000E-12 1.00000E-12 1.00000E-12 1.00000E-12 1.00000E-12 1.00000E-12 1.00000E-12
 1.00000E-12 1.00000E-12 1.00000E-12 1.00000E-12 1.00000E-12 1.00000E-12 1.00000E-12 1.00000E-12
 1.00000E-12 1.00000E-12 1.00000E-12 1.00000E-12 1.00000E-12 1.00000E-12 1.00000E-12 1.00000E-12
 1.00000E-12 1.00000E-12 1.00000E-12 1.00000E-12 1.00000E-12 1.00000E-12 1.00000E-12 1.00000E-12
 1.00000E-12 1.00000E-12 1.00000E-12 1.00000E-12 1.00000E-12 1.00000E-12 1.00000E-12 1.00000E-12
 1.00000E-12 1.00000E-12 1.00000E-12 1.00000E-12 1.00000E-12 1.00000E-12 1.00000E-12 1.00000E-12
 1.00000E-12 1.00000E-12 1.00000E-12 1.00000E-12 2.79907E-04 3.06471E-04 3.34638E-04 3.61475E-04
 3.91000E-04 4.49159E-04 4.92388E-04 5.27228E-04 5.64366E-04 6.05522E-04 6.51339E-04 7.02600E-04
 7.59788E-04 8.23206E-04 8.93470E-04 9.71418E-04 1.05783E-03 1.15355E-03 1.25949E-03 1.37663E-03
 1.50603E-03 1.64864E-03 1.80570E-03 1.98001E-03 2.17455E-03 2.38965E-03 2.62648E-03 2.88820E-03
 3.17799E-03 3.49877E-03 3.85381E-03 4.24637E-03 4.68034E-03 5.16097E-03 5.69339E-03 6.28328E-03
 6.93709E-03 7.66199E-03 8.46571E-03 9.35669E-03 1.03434E-02 1.14366E-02 1.26478E-02 1.39895E-02
 1.54757E-02 1.71231E-02 1.89510E-02 2.09738E-02 2.32198E-02 2.57143E-02 2.84854E-02 3.15638E-02
 3.49825E-02 3.87777E-02 4.29872E-02 4.76361E-02 5.27830E-02 5.84774E-02 6.47610E-02 7.17012E-02
 7.93364E-02 8.77489E-02 9.70087E-02 1.07189E-01 1.18373E-01 1.30639E-01 1.44098E-01 1.58881E-01
 1.75107E-01 1.92932E-01 2.12513E-01 2.34010E-01 2.57556E-01 2.83316E-01 3.11495E-01 3.42295E-01
 3.75906E-01 4.12580E-01 4.52591E-01 4.96250E-01 5.43430E-01 5.94641E-01 6.50573E-01 7.11698E-01
 7.78513E-01 8.51564E-01 9.31478E-01 1.01900E+00 1.11529E+00 1.22136E+00 1.33742E+00 1.46292E+00
 1.59739E+00 1.74181E+00 1.89191E+00 2.05249E+00 2.23460E+00 2.44261E+00 2.67935E+00 2.94920E+00
 1.00000E+00 1.00000E+00 1.00000E+00 1.00000E+00 1.00000E+00 1.00000E+00 1.00000E+00 1.00000E+00
 1.00000E+00 1.00000E+00 1.00000E+00 1.00000E+00 1.00000E+00 1.00000E+00 1.00000E+00 1.00000E+00
 1.00000E+00 1.00000E+00 1.00000E+00 1.00000E+00 1.00000E+00 1.00000E+00 1.00000E+00 1.00000E+00
 1.00000E+00 1.00000E+00 1.00000E+00 1.00000E+00 1.00000E+00 1.00000E+00 1.00000E+00 1.00000E+00
 1.00000E+00 1.00000E+00 1.00000E+00 1.00000E+00 1.00000E+00 1.00000E+00 1.00000E+00 1.00000E+00
 1.00000E+00 1.00000E+00 1.00000E+00 1.00000E+00 1.00000E+00 1.00000E+00 1.00000E+00 1.00000E+00
 1.00000E+00 1.00000E+00 1.00000E+00 1.00000E+00 1.00000E+00 1.00000E+00 1.00000E+00 1.00000E+00
 1.00000E+00 1.00000E+00 1.00000E+00 1.00000E+00 1.00000E+00 1.00000E+00 1.00000E+00 1.00000E+00
 1.00000E+00 1.00000E+00 1.00000E+00 1.00000E+00 1.00000E+00 1.00000E+00 1.00000E+00 1.00000E+00
 1.00000E+00 1.00000E+00 1.00000E+00 1.00000E+00 1.00000E+00 1.00000E+00 1.00000E+00 1.00000E+00
 1.00000E+00 1.00000E+00 1.00000E+00 1.00000E+00 1.00000E+00 1.00000E+00 1.00000E+00 1.00000E+00
 1.00000E+00 1.00000E+00 1.00000E+00 1.00000E+00 1.00000E+00 1.00000E+00 1.00000E+00 1.00000E+00
 1.00000E+00 1.00000E+00 1.00000E+00 1.00000E+00 1.00000E+00 1.00000E+00 1.00000E+00 1.00000E+00
 1.00000E+00 1.00000E+00 1.00000E+00 1.00000E+00 1.00000E+00 1.00000E+00 1.00000E+00 1.00000E+00
 1.00000E+00 1.00000E+00 1.00000E+00 1.00000E+00 1.00000E+00 1.00000E+00 1.00000E+00 1.00000E+00
 1.00000E+00 1.00000E+00 1.00000E+00 1.00000E+00 1.00000E+00 1.00000E+00 1.00000E+00 1.00000E+00
 1.00000E+00 1.00000E+00 1.00000E+00 1.00000E+00 1.00000E+00 1.00000E+00 1.00000E+00 1.00000E+00
 1.00000E+00 1.00000E+00 1.00000E+00 1.00000E+00 1.00000E+00 1.00000E+00 1.00000E+00 1.00000E+00
 1.00000E+00 1.00000E+00 1.00000E+00 1.00000E+00 1.00000E+00 1.00000E+00 1.00000E+00 1.00000E+00
 1.00000E+00 1.00000E+00 1.00000E+00 1.00000E+00 1.00000E+00 1.00000E+00 1.00000E+00 1.00000E+00
 1.00000E+00 1.00000E+00 1.00000E+00 1.00000E+00 1.00000E+00 1.00000E+00 1.00000E+00 1.00000E+00
 1.00000E+00 1.00000E+00 1.00000E+00 1.00000E+00 1.00000E+00 1.00000E+00 1.00000E+00 1.00000E+00
 1.00000E+00 1.00000E+00 1.00000E+00 1.00000E+00 1.00000E+00 1.00000E+00 1.00000E+00 1.00000E+00
 1.00000E+00 1.00000E+00 1.00000E+00 1.00000E+00 1.00000E+00 1.00000E+00 1.00000E+00 1.00000E+00
 1.00000E+00 1.00000E+00 1.00000E+00 1.00000E+00 1.00000E+00 1.00000E+00 1.00000E+00 1.00000E+00
 1.00000E-05 1.00000E-05 1.00000E-05 1.00000E-05 1.00000E-05 1.00000E-05 1.00000E-05 1.00000E-05
 1.00000E-05 1.00000E-05 1.00000E-05 1.00000E-05 1.00000E-05 1.00000E-05 1.00000E-05 1.00000E-05
 1.00000E-05 1.00000E-05 1.00000E-05 1.00000E-05 1.00000E-05 1.00000E-05 1.00000E-05 1.00000E-05
 1.00000E-05 1.00000E-05 1.00000E-05 1.00000E-05 1.00000E-05 1.00000E-05 1.00000E-05 1.00000E-05
 1.00000E-05 1.00000E-05 1.00000E-05 1.00000E-05 1.00000E-05 1.00000E-05 1.00000E-05 1.00000E-05
 1.00000E-05 1.00000E-05 1.00000E-05 1.00000E-05 1.00000E-05 1.00000E-05 1.00000E-05 1.00000E-05
 1.00000E-05 1.00000E-05 1.00000E-05 1.00000E-05 1.00000E-05 1.00000E-05 1.00000E-05 1.00000E-05
 1.00000E-05 1.00000E-05 1.00000E-05 1.00000E-05 1.00000E-05 1.00000E-05 1.00000E-05 1.00000E-05
 1.00000E-05 1.00000E-05 1.00000E-05 1.00000E-05 1.00000E-05 1.00000E-05 1.00000E-05 1.00000E-05
 1.00000E-05 1.00000E-05 1.00000E-05 1.00000E-05 1.00000E-05 1.00000E-05 1.00000E-05 1.00000E-05
 1.00000E-05 1.00000E-05 1.00000E-05 1.00000E-05 1.00000E-05 1.00000E-05 1.00000E-05 1.00000E-05
 1.00000E-05 1.00000E-05 1.00000E-05 1.00000E-05 1.00000E-05 1.00000E-05 1.00000E-05 1.00000E-05
 1.00000E-05 1.00000E-05 1.00000E-05 1.00000E-05 1.00000E-09 1.00000E-09 1.00000E-09 1.00000E-09
 1.00000E-09 1.00000E-09 1.00000E-09 1.00000E-09 1.00000E-09 1.00000E-09 1.00000E-09 1.00000E-09
 1.00000E-09 1.00000E-09 1.00000E-09 1.00000E-09 1.00000E-09 1.00000E-09 1.00000E-09 1.00000E-09
 1.00000E-09 1.00000E-09 1.00000E-09 1.00000E-09 1.00000E-09 1.00000E-09 1.00000E-09 1.00000E-09
 1.00000E-09 1.00000E-09 1.00000E-09 1.00000E-09 1.00000E-09 1.00000E-09 1.00000E-09 1.00000E-09
 1.00000E-09 1.00000E-09 1.00000E-09 1.00000E-09 1.00000E-09 1.00000E-09 1.00000E-09 1.00000E-09
 1.00000E-09 1.00000E-09 1.00000E-09 1.00000E-09 1.00000E-09 1.00000E-09 1.00000E-09 1.00000E-09
 1.00000E-09 1.00000E-09 1.00000E-09 1.00000E-09 1.00000E-09 1.00000E-09 1.00000E-09 1.00000E-09
 1.00000E-09 1.00000E-09 1.00000E-09 1.00000E-09 1.00000E-09 1.00000E-09 1.00000E-09 1.00000E-09
 1.00000E-09 1.00000E-09 1.00000E-09 1.00000E-09 1.00000E-09 1.00000E-09 1.00000E-09 1.00000E-09
 1.00000E-09 1.00000E-09 1.00000E-09 1.00000E-09 1.00000E-09 1.00000E-09 1.00000E-09 1.00000E-09
 1.00000E-09 1.00000E-09 1.00000E-09 1.00000E-09 1.00000E-09 1.00000E-09 1.00000E-09 1.00000E-09
 1.00000E-09 1.00000E-09 1.00000E-09 1.00000E-09 1.00000E-09 1.00000E-09 1.00000E-09 1.00000E-09
 1.00000E-09 1.00000E-09 1.00000E-09 1.00000E-09 1.00000E-09 1.00000E-09 1.00000E-09 1.00000E-09
 1.00000E-09 1.00000E-09 1.00000E-09 1.00000E-09 1.00000E-09 1.00000E-09 1.00000E-09 1.00000E-09
 1.00000E-09 1.00000E-09 1.00000E-09 1.00000E-09 1.00000E-09 1.00000E-09 1.00000E-09 1.00000E-09
 1.00000E-09 1.00000E-09 1.00000E-09 1.00000E-09 1.00000E-09 1.00000E-09 1.00000E-09 1.00000E-09
 1.00000E-09 1.00000E-09 1.00000E-09 1.00000E-09 1.00000E-09 1.00000E-09 1.00000E-09 1.00000E-09
 1.00000E-09 1.00000E-09 1.00000E-09 1.00000E-09 1.00000E-09 1.00000E-09 1.00000E-09 1.00000E-09
 1.00000E-09 1.00000E-09 1.00000E-09 1.00000E-09 1.00000E-09 1.00000E-09 1.00000E-09 1.00000E-09
 1.00000E-09 1.00000E-09 1.00000E-09 1.00000E-09 1.00000E-09 1.00000E-09 1.00000E-09 1.00000E-09
 1.00000E-09 1.00000E-09 1.00000E-09 1.00000E-09 1.00000E-09 1.00000E-09 1.00000E-09 1.00000E-09
 1.00000E-09 1.00000E-09 1.00000E-09 1.00000E-09 1.00000E-09 1.00000E-09 1.00000E-09 1.00000E-09
 1.00000E-09 1.00000E-09 1.00000E-09 1.00000E-09 1.00000E-09 1.00000E-09 1.00000E-09 1.00000E-09
 1.00000E-09 1.00000E-09 1.00000E-09 1.00000E-09 1.00000E-09 1.00000E-09 1.00000E-09 1.00000E-09
 1.00000E-09 1.00000E-09 1.00000E-09 1.00000E-09
