 3.15830E-09 6.98025E-16 2.28356E-02 1.53230E-15 2.72183E-11 1.14168E-08 2.43054E-08 2.24833E-19
 1.62287E-04 5.68215E-04 7.36341E-06 2.03952E-08 2.69123E-11 1.01096E-07 4.90541E-12 2.83255E-11
 5.06383E-16 3.87976E-11 3.15820E-13 2.29270E-14 1.35994E-16 1.64207E-30 7.26544E-10 2.99890E-17
 8.44088E-22 8.68950E-19 9.36984E-13 5.97678E-17 4.22137E-11 3.02173E-18 7.96195E-20 6.05239E-11
 1.38396E-13 5.39347E-13 3.52927E-09 8.56177E-16 1.98908E-02 1.95718E-15 3.07193E-11 1.31018E-08
 2.64082E-08 2.92145E-19 1.62310E-04 5.68054E-04 7.36311E-06 2.31771E-08 2.89814E-11 1.01050E-07
 5.57098E-12 3.13490E-11 6.79960E-16 5.06676E-11 4.95282E-13 2.35526E-14 1.81692E-16 2.09102E-31
 7.25099E-10 3.86047E-17 1.09354E-21 1.07144E-18 1.26597E-12 7.61675E-17 4.24468E-11 3.60787E-18
 1.43271E-19 9.48908E-11 2.45281E-13 7.61026E-13 3.95289E-09 1.06377E-15 1.71298E-02 2.50943E-15
 3.45994E-11 1.52398E-08 2.91102E-08 3.80282E-19 1.62335E-04 5.67889E-04 7.36173E-06 2.65685E-08
 3.13606E-11 1.01002E-07 6.19134E-12 3.43333E-11 8.96641E-16 6.39417E-11 7.75733E-13 2.43216E-14
 2.43915E-16 3.99968E-31 7.23615E-10 5.02755E-17 1.42565E-21 1.35933E-18 1.67887E-12 9.48511E-17
 4.24244E-11 4.24479E-18 2.29196E-19 1.29761E-10 3.90314E-13 9.16355E-13 4.45412E-09 1.33060E-15
 1.47083E-02 3.23454E-15 3.90098E-11 1.79411E-08 3.23401E-08 4.97078E-19 1.62359E-04 5.67720E-04
 7.35897E-06 3.07478E-08 3.41521E-11 1.00950E-07 6.77921E-12 3.73611E-11 1.17110E-15 7.94331E-11
 1.22077E-12 2.51607E-14 3.26973E-16 8.02435E-31 7.22098E-10 6.66761E-17 1.87478E-21 1.75976E-18
 2.20759E-12 1.17681E-16 4.21575E-11 4.95598E-18 3.46893E-19 1.65938E-10 5.88512E-13 1.02261E-12
 4.96225E-09 1.66767E-15 1.25372E-02 4.12419E-15 4.35973E-11 2.07999E-08 3.60384E-08 6.41770E-19
 1.62385E-04 5.67548E-04 7.35446E-06 3.50402E-08 3.70068E-11 1.00895E-07 7.38871E-12 4.04666E-11
 1.50566E-15 9.55048E-11 1.92043E-12 2.59731E-14 4.38425E-16 1.62742E-30 7.20556E-10 8.81744E-17
 2.44596E-21 2.27865E-18 2.82100E-12 1.45243E-16 4.16676E-11 5.68022E-18 5.01309E-19 2.02987E-10
 8.39808E-13 1.08771E-12 5.43544E-09 2.08700E-15 1.05882E-02 5.17587E-15 4.81712E-11 2.35924E-08
 4.01340E-08 8.14332E-19 1.62410E-04 5.67373E-04 7.34783E-06 3.90710E-08 3.97349E-11 1.00837E-07
 8.05659E-12 4.36687E-11 1.90588E-15 1.11101E-10 3.01673E-12 2.66672E-14 5.87590E-16 3.27681E-30
 7.18996E-10 1.14897E-16 3.14943E-21 2.92461E-18 3.50254E-12 1.77434E-16 4.09817E-11 6.38433E-18
 6.97674E-19 2.40382E-10 1.14343E-12 1.11951E-12 5.84609E-09 2.59942E-15 8.88758E-03 6.39046E-15
 5.26148E-11 2.61733E-08 4.45218E-08 1.01483E-18 1.62435E-04 5.67198E-04 7.33868E-06 4.26014E-08
 4.22224E-11 1.00776E-07 8.80149E-12 4.69115E-11 2.37759E-15 1.25352E-10 4.73586E-12 2.71063E-14
 7.80919E-16 6.50867E-30 7.17429E-10 1.46795E-16 3.99983E-21 3.70608E-18 4.24082E-12 2.13438E-16
 4.01282E-11 7.05801E-18 9.43068E-19 2.77529E-10 1.49528E-12 1.12556E-12 6.17326E-09 3.21197E-15
 7.36990E-03 7.75833E-15 5.68311E-11 2.84441E-08 4.90470E-08 1.24143E-18 1.62460E-04 5.67021E-04
 7.32667E-06 4.54754E-08 4.43416E-11 1.00710E-07 9.61882E-12 4.99952E-11 2.91770E-15 1.37476E-10
 7.42836E-12 2.70919E-14 1.02417E-15 1.27098E-29 7.15863E-10 1.83427E-16 5.00796E-21 4.62368E-18
 5.02688E-12 2.51316E-16 3.91333E-11 7.69665E-18 1.24636E-18 3.13764E-10 1.88643E-12 1.11245E-12
 6.40106E-09 3.92481E-15 6.03143E-03 9.26497E-15 6.07541E-11 3.03419E-08 5.34877E-08 1.49131E-18
 1.62483E-04 5.66844E-04 7.31147E-06 4.76069E-08 4.60240E-11 1.00640E-07 1.04618E-11 5.25160E-11
 3.50522E-15 1.46784E-10 1.15872E-11 2.63856E-14 1.30617E-15 2.43812E-29 7.14309E-10 2.24091E-16
 6.18357E-21 5.67466E-18 5.85348E-12 2.87687E-16 3.80168E-11 8.30949E-18 1.61954E-18 3.48348E-10
 2.30270E-12 1.08549E-12 6.51792E-09 4.72826E-15 4.92389E-03 1.08940E-14 6.43475E-11 3.18345E-08
 5.75627E-08 1.76113E-18 1.62506E-04 5.66668E-04 7.29285E-06 4.89706E-08 4.72775E-11 1.00566E-07
 1.12226E-11 5.38426E-11 4.08879E-15 1.52744E-10 1.77989E-11 2.47638E-14 1.57108E-15 4.60304E-29
 7.12775E-10 2.67960E-16 7.53677E-21 6.86001E-18 6.71500E-12 3.17686E-16 3.67884E-11 8.91801E-18
 2.07923E-18 3.80449E-10 2.72458E-12 1.04864E-12 6.51605E-09 5.60316E-15 3.88199E-03 1.25681E-14
 6.75559E-11 3.29140E-08 6.09820E-08 2.04118E-18 1.62528E-04 5.66493E-04 7.27064E-06 4.95811E-08
 4.80207E-11 1.00487E-07 1.17554E-11 5.32988E-11 4.56728E-15 1.55075E-10 2.64280E-11 2.21808E-14
 1.79499E-15 8.46903E-29 7.11269E-10 3.13270E-16 9.03364E-21 8.15422E-18 7.60745E-12 3.35500E-16
 3.54427E-11 9.50031E-18 2.63520E-18 4.09137E-10 3.12673E-12 1.00434E-12 6.40051E-09 6.52583E-15
 3.04807E-03 1.42768E-14 7.04292E-11 3.36015E-08 6.34782E-08 2.33092E-18 1.62547E-04 5.66318E-04
 7.24475E-06 4.94987E-08 4.84094E-11 1.00403E-07 1.19835E-11 5.08241E-11 4.88126E-15 1.53840E-10
 3.75806E-11 1.89179E-14 1.88540E-15 1.51190E-28 7.09794E-10 3.58846E-16 1.06821E-20 9.54380E-18
 8.52891E-12 3.37155E-16 3.39510E-11 1.00859E-17 3.31089E-18 4.33368E-10 3.48618E-12 9.53983E-13
 6.17343E-09 7.44053E-15 2.34436E-03 1.59902E-14 7.28783E-11 3.39371E-08 6.48675E-08 2.61601E-18
 1.62566E-04 5.66144E-04 7.21517E-06 4.87862E-08 4.82713E-11 1.00313E-07 1.17412E-11 4.60382E-11
 4.94913E-15 1.49383E-10 5.21560E-11 1.50608E-14 1.79356E-15 2.70820E-28 7.08355E-10 4.04735E-16
 1.24963E-20 1.10337E-17 9.47839E-12 3.20479E-16 3.22589E-11 1.06801E-17 4.16852E-18 4.51952E-10
 3.78315E-12 8.97536E-13 5.84671E-09 8.30558E-15 1.75969E-03 1.76767E-14 7.49004E-11 3.39723E-08
 6.51085E-08 2.88706E-18 1.62582E-04 5.65971E-04 7.18203E-06 4.75207E-08 4.76191E-11 1.00218E-07
 1.08933E-11 3.90698E-11 4.69709E-15 1.42320E-10 7.00965E-11 1.10471E-14 1.50991E-15 4.92782E-28
 7.06954E-10 4.51588E-16 1.44844E-20 1.26461E-17 1.04553E-11 2.86070E-16 3.02839E-11 1.12478E-17
 5.27650E-18 4.63558E-10 4.00113E-12 8.33926E-13 5.44333E-09 9.09776E-15 1.28335E-03 1.93309E-14
 7.65231E-11 3.37697E-08 6.43631E-08 3.13869E-18 1.62596E-04 5.65797E-04 7.14555E-06 4.57864E-08
 4.64703E-11 1.00117E-07 9.40726E-12 3.05951E-11 4.11319E-15 1.33454E-10 9.03967E-11 7.37441E-15
 1.09946E-15 9.24185E-28 7.05591E-10 5.01137E-16 1.66815E-20 1.44305E-17 1.14602E-11 2.38115E-16
 2.79106E-11 1.17079E-17 6.73202E-18 4.66726E-10 4.13176E-12 7.61376E-13 4.99688E-09 9.83020E-15
 9.04729E-04 2.10063E-14 7.78151E-11 3.34021E-08 6.30107E-08 3.37475E-18 1.62608E-04 5.65623E-04
 7.10607E-06 4.36721E-08 4.48427E-11 1.00009E-07 7.45430E-12 2.18599E-11 3.29255E-15 1.23659E-10
 1.11140E-10 4.45833E-15 6.85313E-16 1.81152E-27 7.04265E-10 5.55921E-16 1.91884E-20 1.64522E-17
 1.24955E-11 1.84015E-16 2.49860E-11 1.19112E-17 8.67252E-18 4.59864E-10 4.18013E-12 6.78424E-13
 4.54354E-09 1.05602E-14 6.13158E-04 2.28216E-14 7.88617E-11 3.29326E-08 6.15803E-08 3.60942E-18
 1.62617E-04 5.65447E-04 7.06403E-06 4.12567E-08 4.27552E-11 9.98947E-08 5.39605E-12 1.42369E-11
 2.41412E-15 1.13678E-10 1.30067E-10 2.47505E-15 3.72772E-16 3.74998E-27 7.02973E-10 6.18694E-16
 2.21958E-20 1.87717E-17 1.35608E-11 1.32315E-16 2.13167E-11 1.16031E-17 1.12885E-17 4.41232E-10
 4.16803E-12 5.86844E-13 4.11212E-09 1.13815E-14 3.97700E-04 2.49275E-14 7.97438E-11 3.24103E-08
 6.06186E-08 3.86258E-18 1.62625E-04 5.65268E-04 7.01994E-06 3.86209E-08 4.02494E-11 9.97733E-08
 3.60679E-12 8.57787E-12 1.64857E-15 1.04051E-10 1.45502E-10 1.32227E-15 1.89164E-16 8.26165E-27
 7.01709E-10 6.92709E-16 2.59809E-20 2.14589E-17 1.46528E-11 8.98726E-17 1.81353E-11 1.12900E-17
 1.52284E-17 4.23671E-10 4.14498E-12 5.00524E-13 3.71984E-09 1.24021E-14 2.45702E-04 2.74892E-14
 8.05060E-11 3.18675E-08 6.05663E-08 4.15558E-18 1.62631E-04 5.65086E-04 6.97442E-06 3.58588E-08
 3.73954E-11 9.96447E-08 2.38763E-12 5.13154E-12 1.12795E-15 9.51150E-11 1.58330E-10 7.59734E-16
 1.06743E-16 1.95029E-26 7.00472E-10 7.82258E-16 3.09252E-20 2.46043E-17 1.57663E-11 6.03027E-17
 1.53880E-11 1.09383E-17 2.13668E-17 4.07119E-10 4.13552E-12 4.23628E-13 3.37125E-09 1.37220E-14
 1.44137E-04 3.05964E-14 8.11959E-11 3.13186E-08 6.16765E-08 4.50011E-18 1.62634E-04 5.64899E-04
 6.92816E-06 3.30907E-08 3.42843E-11 9.95085E-08 1.70956E-12 3.33459E-12 8.44053E-16 8.70317E-11
 1.68779E-10 5.17950E-16 8.00648E-17 4.98375E-26 6.99255E-10 8.95246E-16 3.74438E-20 2.84432E-17
 1.68958E-11 4.29262E-17 1.30318E-11 1.05174E-17 3.11117E-17 3.91581E-10 4.14332E-12 3.56928E-13
 3.07002E-09 1.54557E-14 8.02583E-05 3.42785E-14 8.19112E-11 3.07532E-08 6.40407E-08 4.90931E-18
 1.62635E-04 5.64707E-04 6.88194E-06 3.04702E-08 3.10952E-11 9.93644E-08 1.45608E-12 2.59094E-12
 7.56098E-16 7.98600E-11 1.77333E-10 4.27439E-16 8.65001E-17 1.35418E-25 6.98056E-10 1.03825E-15
 4.59601E-20 3.32421E-17 1.80369E-11 3.51493E-17 1.10329E-11 1.00221E-17 4.66749E-17 3.77115E-10
 4.15332E-12 3.00263E-13 2.82485E-09 1.80589E-14 4.55571E-05 3.83021E-14 8.30674E-11 3.01261E-08
 6.76431E-08 5.45107E-18 1.62634E-04 5.64507E-04 6.83644E-06 2.81839E-08 2.87645E-11 9.92118E-08
 1.50922E-12 2.47505E-12 8.09459E-16 7.35903E-11 1.84414E-10 3.99341E-16 1.12713E-16 3.21089E-25
 6.96865E-10 1.20012E-15 5.58924E-20 3.90911E-17 1.91898E-11 3.39612E-17 9.36005E-12 9.39957E-18
 6.86761E-17 3.63787E-10 4.13026E-12 2.53375E-13 2.63198E-09 2.22714E-14 3.71881E-05 4.23991E-14
 8.49804E-11 2.93781E-08 7.26104E-08 6.20702E-18 1.62631E-04 5.64290E-04 6.79036E-06 2.62851E-08
 2.79746E-11 9.90429E-08 1.74523E-12 2.67320E-12 9.32201E-16 6.79580E-11 1.90679E-10 3.88418E-16
 1.35125E-16 5.69888E-25 6.95626E-10 1.36798E-15 6.59870E-20 4.62319E-17 2.04058E-11 3.66882E-17
 7.92669E-12 8.57912E-18 9.44396E-17 3.51134E-10 4.04639E-12 2.14035E-13 2.48199E-09 2.84384E-14
 3.17817E-05 4.67181E-14 8.73748E-11 2.85266E-08 7.91334E-08 7.16611E-18 1.62625E-04 5.64044E-04
 6.74279E-06 2.47471E-08 2.79894E-11 9.88506E-08 2.08052E-12 3.00224E-12 1.08586E-15 6.28360E-11
 1.96515E-10 3.83066E-16 1.59041E-16 8.85884E-25 6.94291E-10 1.55827E-15 7.67804E-20 5.52826E-17
 2.17269E-11 4.19659E-17 6.68922E-12 7.67509E-18 1.25361E-16 3.38885E-10 3.91204E-12 1.80466E-13
 2.35883E-09 3.72064E-14 2.72892E-05 5.14433E-14 8.98576E-11 2.75563E-08 8.80142E-08 8.30433E-18
 1.62614E-04 5.63742E-04 6.68961E-06 2.34412E-08 2.82159E-11 9.86119E-08 2.49729E-12 3.41363E-12
 1.26796E-15 5.78726E-11 2.02487E-10 3.83003E-16 1.86338E-16 1.39558E-24 6.92718E-10 1.81233E-15
 8.95898E-20 6.77537E-17 2.32935E-11 5.01624E-17 5.55744E-12 6.66064E-18 1.64981E-16 3.26064E-10
 3.73906E-12 1.49577E-13 2.25381E-09 5.04524E-14 2.67810E-05 5.66163E-14 9.22194E-11 2.63945E-08
 1.01044E-07 9.64913E-18 1.62597E-04 5.63323E-04 6.62357E-06 2.22832E-08 2.87260E-11 9.82808E-08
 3.02012E-12 3.93976E-12 1.48510E-15 5.26695E-11 2.09296E-10 3.91729E-16 2.14240E-16 2.31551E-24
 6.90636E-10 2.19175E-15 1.05452E-19 8.67698E-17 2.53753E-11 6.35516E-17 4.44589E-12 5.42807E-18
 2.13623E-16 3.11200E-10 3.52160E-12 1.18607E-13 2.16936E-09 7.15772E-14 2.66322E-05 6.23693E-14
 9.43123E-11 2.49910E-08 1.20860E-07 1.12482E-17 1.62566E-04 5.62702E-04 6.53666E-06 2.12894E-08
 2.96557E-11 9.77913E-08 3.67618E-12 4.62756E-12 1.74519E-15 4.70937E-11 2.17471E-10 4.17602E-16
 2.55217E-16 4.19936E-24 6.87684E-10 2.80225E-15 1.26183E-19 1.18233E-16 2.83261E-11 8.68589E-17
 3.34064E-12 4.02070E-18 2.70271E-16 2.93000E-10 3.25576E-12 8.70578E-14 2.11828E-09 1.05049E-13
 2.68844E-05 6.91210E-14 9.62932E-11 2.34700E-08 1.49167E-07 1.32044E-17 1.62516E-04 5.61816E-04
 6.42756E-06 2.05862E-08 3.11210E-11 9.70977E-08 4.46928E-12 5.50260E-12 2.05414E-15 4.16951E-11
 2.26825E-10 4.71633E-16 3.21198E-16 8.33061E-24 6.83652E-10 3.77683E-15 1.54586E-19 1.70420E-16
 3.23568E-11 1.26794E-16 2.34811E-12 2.73019E-18 3.34985E-16 2.71854E-10 2.96851E-12 5.85648E-14
 2.10898E-09 1.59565E-13 2.74588E-05 7.75045E-14 9.81329E-11 2.18692E-08 1.90299E-07 1.56611E-17
 1.62433E-04 5.60504E-04 6.28672E-06 2.02389E-08 3.33604E-11 9.60821E-08 5.41625E-12 6.64246E-12
 2.43317E-15 3.67544E-11 2.37976E-10 5.74730E-16 4.38233E-16 1.87489E-23 6.77929E-10 5.44544E-15
 1.96526E-19 2.63462E-16 3.80784E-11 2.00901E-16 1.49484E-12 1.64753E-18 4.04555E-16 2.46756E-10
 2.66732E-12 3.46868E-14 2.15466E-09 2.47670E-13 2.84034E-05 8.84149E-14 1.00068E-10 2.03159E-08
 2.47564E-07 1.88734E-17 1.62303E-04 5.58612E-04 6.11168E-06 2.03541E-08 3.67495E-11 9.46432E-08
 6.52368E-12 8.13294E-12 2.90615E-15 3.29829E-11 2.51002E-10 7.56060E-16 6.47933E-16 4.67069E-23
 6.70022E-10 8.32372E-15 2.60488E-19 4.32245E-16 4.59818E-11 3.41054E-16 8.46232E-13 8.80603E-19
 4.73641E-16 2.18320E-10 2.36921E-12 1.77699E-14 2.26280E-09 3.85024E-13 2.97946E-05 1.02745E-13
 1.02447E-10 1.89459E-08 3.21378E-07 2.31857E-17 1.62113E-04 5.56063E-04 5.91071E-06 2.09757E-08
 4.16342E-11 9.27480E-08 7.80339E-12 1.00565E-11 3.49712E-15 3.10989E-11 2.65428E-10 1.04915E-15
 1.00978E-15 1.19940E-22 6.59811E-10 1.30896E-14 3.56777E-19 7.28746E-16 5.61878E-11 5.98860E-16
 4.33538E-13 4.32963E-19 5.37699E-16 1.88864E-10 2.09140E-12 8.11065E-15 2.46760E-09 6.21870E-13
 3.19345E-05 1.22969E-13 1.04682E-10 1.75319E-08 4.32097E-07 2.91824E-17 1.61790E-04 5.52030E-04
 5.64350E-06 2.23000E-08 4.93604E-11 8.98347E-08 9.32151E-12 1.28502E-11 4.31272E-15 3.15396E-11
 2.85079E-10 1.60321E-15 1.76793E-15 3.72194E-22 6.44338E-10 2.27451E-14 5.24338E-19 1.36390E-15
 7.16502E-11 1.19763E-15 1.75103E-13 1.65173E-19 5.69326E-16 1.54018E-10 1.78710E-12 2.82108E-15
 2.75486E-09 9.94875E-13 3.47136E-05 1.50091E-13 1.07133E-10 1.62475E-08 5.74345E-07 3.73528E-17
 1.61324E-04 5.46633E-04 5.34746E-06 2.41146E-08 5.98986E-11 8.60706E-08 1.11592E-11 1.66850E-11
 5.42142E-15 3.47639E-11 3.07894E-10 2.51932E-15 3.20102E-15 1.16814E-21 6.24539E-10 3.99660E-14
 7.93431E-19 2.58125E-15 9.14297E-11 2.44817E-15 5.82568E-14 5.31759E-20 5.73708E-16 1.20098E-10
 1.48896E-12 8.06322E-16 3.10760E-09 1.55613E-12 3.80218E-05 1.85088E-13 1.09899E-10 1.51136E-08
 7.45218E-07 4.82929E-17 1.60710E-04 5.39994E-04 5.05080E-06 2.61603E-08 7.32115E-11 8.16301E-08
 1.34331E-11 2.18269E-11 6.90789E-15 4.03782E-11 3.32350E-10 3.94594E-15 5.77911E-15 3.42263E-21
 6.01305E-10 6.82219E-14 1.20415E-18 4.73897E-15 1.14630E-10 4.87714E-15 1.64812E-14 1.50318E-20
 5.57923E-16 9.05853E-11 1.21229E-12 1.98387E-16 3.54097E-09 2.41232E-12 4.20290E-05 2.30960E-13
 1.12869E-10 1.40624E-08 9.56902E-07 6.31149E-17 1.59882E-04 5.31651E-04 4.75237E-06 2.83883E-08
 9.01753E-11 7.63198E-08 1.62702E-11 2.88938E-11 8.94302E-15 4.84087E-11 3.59145E-10 6.23560E-15
 1.05691E-14 9.74535E-21 5.73535E-10 1.15226E-13 1.84626E-18 8.60569E-15 1.42345E-10 9.68692E-15
 3.77007E-15 3.50300E-21 5.15742E-16 6.51497E-11 9.51733E-13 3.97439E-17 4.03476E-09 3.65790E-12
 4.64727E-05 2.89423E-13 1.16536E-10 1.31843E-08 1.20036E-06 8.30266E-17 1.58855E-04 5.22003E-04
 4.48060E-06 3.05448E-08 1.10254E-10 7.05256E-08 1.97729E-11 3.81351E-11 1.16448E-14 5.80508E-11
 3.85169E-10 9.64585E-15 1.87729E-14 2.50578E-20 5.43092E-10 1.86258E-13 2.79921E-18 1.48854E-14
 1.72701E-10 1.82211E-14 7.33046E-16 7.14471E-22 4.63818E-16 4.55664E-11 7.29373E-13 6.89511E-18
 4.62319E-09 5.51650E-12 5.16632E-05 3.66935E-13 1.20896E-10 1.24287E-08 1.49589E-06 1.10472E-16
 1.57502E-04 5.10176E-04 4.22228E-06 3.26777E-08 1.34780E-10 6.38897E-08 2.40799E-11 5.05336E-11
 1.53493E-14 6.99184E-11 4.11223E-10 1.49346E-14 3.32739E-14 6.26518E-20 5.07847E-10 2.98703E-13
 4.28710E-18 2.54335E-14 2.07808E-10 3.38558E-14 1.12266E-16 1.16720E-22 3.93978E-16 3.01378E-11
 5.34428E-13 9.51617E-19 5.29320E-09 8.19814E-12 5.73412E-05 4.68566E-13 1.26469E-10 1.18543E-08
 1.83471E-06 1.48281E-16 1.55819E-04 4.96482E-04 3.99251E-06 3.46039E-08 1.63240E-10 5.67889E-08
 2.93087E-11 6.64520E-11 2.03389E-14 8.32264E-11 4.33818E-10 2.26525E-14 5.70106E-14 1.45428E-19
 4.69463E-10 4.65885E-13 6.54780E-18 4.19309E-14 2.45982E-10 5.99692E-14 1.38751E-17 1.58415E-23
 3.20270E-16 1.90329E-11 3.76509E-13 1.08425E-19 6.03954E-09 1.19849E-11 6.35546E-05 6.02036E-13
 1.33597E-10 1.14650E-08 2.21071E-06 2.00584E-16 1.53784E-04 4.81087E-04 3.79389E-06 3.62247E-08
 1.95376E-10 4.95031E-08 3.55866E-11 8.62321E-11 2.70188E-14 9.72372E-11 4.50185E-10 3.34000E-14
 9.30799E-14 3.11181E-19 4.29067E-10 7.05037E-13 9.94504E-18 6.64462E-14 2.86074E-10 1.00261E-13
 1.39494E-18 1.85998E-24 2.50751E-16 1.15264E-11 2.55833E-13 1.06338E-20 6.86459E-09 1.72766E-11
 7.03759E-05 7.79424E-13 1.42484E-10 1.12290E-08 2.62291E-06 2.73436E-16 1.51332E-04 4.63861E-04
 3.62015E-06 3.74814E-08 2.31376E-10 4.21686E-08 4.30525E-11 1.10267E-10 3.59989E-14 1.11494E-10
 4.58330E-10 4.79094E-14 1.44518E-13 6.23815E-19 3.86969E-10 1.04324E-12 1.50809E-17 1.02008E-13
 3.27740E-10 1.59081E-13 1.12491E-19 2.29747E-25 1.87974E-16 6.65068E-12 1.66825E-13 1.09464E-21
 7.75635E-09 2.45277E-11 7.78080E-05 1.01614E-12 1.53386E-10 1.11189E-08 3.05965E-06 3.74984E-16
 1.48455E-04 4.45097E-04 3.46643E-06 3.82977E-08 2.71004E-10 3.50967E-08 5.18282E-11 1.38423E-10
 4.80181E-14 1.25080E-10 4.56019E-10 6.65204E-14 2.11245E-13 1.17015E-18 3.44498E-10 1.50802E-12
 2.27914E-17 1.51619E-13 3.69617E-10 2.38267E-13 7.36682E-21 5.98661E-26 1.35728E-16 3.67317E-12
 1.04815E-13 2.37692E-22 8.70643E-09 3.43676E-11 8.58511E-05 1.33610E-12 1.66466E-10 1.10893E-08
 3.51570E-06 5.16908E-16 1.45093E-04 4.24741E-04 3.32268E-06 3.86156E-08 3.14507E-10 2.84328E-08
 6.19914E-11 1.70399E-10 6.41343E-14 1.37504E-10 4.42174E-10 8.95019E-14 2.90335E-13 2.08807E-18
 3.02098E-10 2.14441E-12 3.44580E-17 2.19989E-13 4.11212E-10 3.38884E-13 3.99981E-22 3.37273E-26
 9.37691E-17 1.92948E-12 6.31469E-14 1.10869E-22 9.69208E-09 4.75364E-11 9.44295E-05 1.77233E-12
 1.81915E-10 1.10987E-08 3.97902E-06 7.14986E-16 1.41231E-04 4.03045E-04 3.18081E-06 3.83791E-08
 3.61834E-10 2.23940E-08 7.35372E-11 2.05151E-10 8.56564E-14 1.48086E-10 4.16500E-10 1.16438E-13
 3.73015E-13 3.56765E-18 2.60808E-10 3.00579E-12 5.21405E-17 3.12564E-13 4.51429E-10 4.57502E-13
 2.50622E-23 2.24000E-26 6.20473E-17 9.64822E-13 3.65243E-14 6.06012E-23 1.06839E-08 6.50354E-11
 1.03441E-04 2.37534E-12 1.99871E-10 1.10984E-08 4.44316E-06 9.91168E-16 1.36808E-04 3.79975E-04
 3.03141E-06 3.75389E-08 4.13142E-10 1.70650E-08 8.63172E-11 2.41145E-10 1.14330E-13 1.56526E-10
 3.80012E-10 1.46565E-13 4.47153E-13 5.92513E-18 2.21014E-10 4.17788E-12 7.92556E-17 4.38136E-13
 4.89794E-10 5.89051E-13 5.16004E-24 1.46108E-26 3.89343E-17 4.55132E-13 2.01346E-14 3.23868E-23
 1.16371E-08 8.80607E-11 1.12684E-04 3.21753E-12 2.20517E-10 1.10493E-08 4.89623E-06 1.37495E-15
 1.31828E-04 3.55842E-04 2.86894E-06 3.60778E-08 4.68126E-10 1.25613E-08 1.00037E-10 2.76029E-10
 1.52264E-13 1.62427E-10 3.35001E-10 1.78229E-13 4.97918E-13 9.61830E-18 1.83633E-10 5.76751E-12
 1.21094E-16 6.07555E-13 5.25282E-10 7.22940E-13 2.28680E-24 9.14152E-27 2.31102E-17 2.02128E-13
 1.05639E-14 1.65274E-23 1.24962E-08 1.18154E-10 1.21861E-04 4.40776E-12 2.44030E-10 1.09171E-08
 5.32879E-06 1.90644E-15 1.26295E-04 3.30901E-04 2.68964E-06 3.40002E-08 5.26083E-10 8.90916E-09
 1.14255E-10 3.07071E-10 2.02140E-13 1.65674E-10 2.84828E-10 2.09335E-13 5.14003E-13 1.53687E-17
 1.49301E-10 7.92696E-12 1.86282E-16 8.36303E-13 5.57102E-10 8.46681E-13 1.05485E-24 5.42900E-27
 1.28957E-17 8.40620E-14 5.25309E-15 7.96624E-24 1.31943E-08 1.57249E-10 1.30452E-04 6.10886E-12
 2.70582E-10 1.06776E-08 5.73147E-06 2.63953E-15 1.20244E-04 3.05494E-04 2.49282E-06 3.13331E-08
 5.85283E-10 6.07970E-09 1.28477E-10 3.31506E-10 2.67455E-13 1.66351E-10 2.33363E-10 2.37507E-13
 4.91747E-13 2.42887E-17 1.18587E-10 1.08623E-11 2.88903E-16 1.14524E-12 5.84472E-10 9.47138E-13
 4.57843E-25 3.03458E-27 6.72631E-18 3.25741E-14 2.46643E-15 3.59422E-24 1.36597E-08 2.07747E-10
 1.37614E-04 8.56353E-12 3.00250E-10 1.03157E-08 6.09514E-06 3.64579E-15 1.13756E-04 2.80056E-04
 2.28108E-06 2.81295E-08 6.42375E-10 3.99496E-09 1.42296E-10 3.47072E-10 3.52995E-13 1.64720E-10
 1.84272E-10 2.60494E-13 4.36846E-13 3.80595E-17 9.19457E-11 1.48419E-11 4.52073E-16 1.56151E-12
 6.06650E-10 1.01315E-12 1.84933E-25 1.58789E-27 3.27124E-18 1.17355E-14 1.09246E-15 1.50890E-24
 1.38124E-08 2.72816E-10 1.42224E-04 1.21443E-11 3.32717E-10 9.80884E-09 6.41529E-06 5.01717E-15
 1.06841E-04 2.54679E-04 2.05634E-06 2.44339E-08 6.91733E-10 2.51675E-09 1.55419E-10 3.52273E-10
 4.65773E-13 1.61208E-10 1.40120E-10 2.76723E-13 3.61735E-13 5.95505E-17 6.92779E-11 2.02553E-11
 7.15985E-16 2.12665E-12 6.23312E-10 1.04074E-12 6.81274E-26 7.63252E-28 1.46151E-18 3.87416E-15
 4.51237E-16 5.78030E-25 1.36068E-08 3.56361E-10 1.43646E-04 1.74065E-11 3.67470E-10 9.15238E-09
 6.68188E-06 6.88057E-15 9.96316E-05 2.29831E-04 1.82584E-06 2.04013E-08 7.26370E-10 1.52339E-09
 1.67828E-10 3.46746E-10 6.15748E-13 1.56141E-10 1.02596E-10 2.85338E-13 2.80387E-13 9.27929E-17
 5.06806E-11 2.75343E-11 1.14764E-15 2.88989E-12 6.33880E-10 1.02736E-12 2.27104E-26 3.34408E-28
 5.96905E-19 1.16629E-15 1.73572E-16 2.00273E-25 1.30375E-08 4.63670E-10 1.41551E-04 2.51660E-11
 4.03158E-10 8.33557E-09 6.88494E-06 9.41359E-15 9.22486E-05 2.05844E-04 1.59755E-06 1.62545E-08
 7.39269E-10 8.88029E-10 1.79680E-10 3.31197E-10 8.16211E-13 1.49632E-10 7.22249E-11 2.86517E-13
 2.04517E-13 1.43106E-16 3.59391E-11 3.70684E-11 1.85973E-15 3.91022E-12 6.38119E-10 9.73960E-13
 6.77594E-27 1.32107E-28 2.21166E-19 3.18029E-16 6.21939E-17 6.20036E-26 1.21399E-08 6.02048E-10
 1.36515E-04 3.66034E-11 4.37274E-10 7.35173E-09 7.01450E-06 1.28761E-14 8.47760E-05 1.82869E-04
 1.37860E-06 1.22640E-08 7.25376E-10 4.98909E-10 1.91147E-10 3.06972E-10 1.08383E-12 1.41559E-10
 4.86956E-11 2.81026E-13 1.40958E-13 2.16827E-16 2.46113E-11 4.90302E-11 3.04290E-15 5.25551E-12
 6.36228E-10 8.84933E-13 1.77845E-27 4.62907E-29 7.34260E-20 7.76920E-17 2.09147E-17 1.68519E-26
 1.10021E-08 7.81888E-10 1.29697E-04 5.32765E-11 4.65988E-10 6.22151E-09 7.05998E-06 1.76693E-14
 7.73405E-05 1.61148E-04 1.17681E-06 8.72950E-09 6.84689E-10 2.71691E-10 2.02437E-10 2.76113E-10
 1.43531E-12 1.31508E-10 3.13121E-11 2.69921E-13 9.21238E-14 3.18101E-16 1.62411E-11 6.28731E-11
 5.00584E-15 6.97558E-12 6.29152E-10 7.66014E-13 4.06713E-28 1.42679E-29 2.17588E-20 1.69730E-17
 6.90785E-18 3.98434E-27 9.74106E-09 1.01792E-09 1.22927E-04 7.71420E-11 4.85641E-10 5.02039E-09
 7.00519E-06 2.44784E-14 7.00385E-05 1.40801E-04 9.97564E-07 5.87762E-09 6.23459E-10 1.44538E-10
 2.13484E-10 2.40891E-10 1.88104E-12 1.19065E-10 1.91364E-11 2.53837E-13 5.70700E-14 4.43910E-16
 1.02878E-11 7.70805E-11 8.24442E-15 9.07893E-12 6.18931E-10 6.26092E-13 8.13341E-29 3.88479E-30
 5.78572E-21 3.34384E-18 2.51787E-18 8.22714E-28 8.47948E-09 1.32944E-09 1.17614E-04 1.10373E-10
 4.94395E-10 3.87096E-09 6.82996E-06 3.45096E-14 6.30435E-05 1.22140E-04 8.44741E-07 3.78924E-09
 5.51914E-10 7.68366E-11 2.24123E-10 2.03832E-10 2.41810E-12 1.04274E-10 1.11360E-11 2.32981E-13
 3.34356E-14 5.77230E-16 6.26526E-12 8.92478E-11 1.35189E-14 1.14821E-11 6.08525E-10 4.78507E-13
 1.52607E-29 1.00107E-30 1.47433E-21 6.36319E-19 1.19809E-18 1.59159E-28 7.29114E-09 1.73975E-09
 1.13774E-04 1.55066E-10 4.92243E-10 2.87682E-09 6.52083E-06 4.97473E-14 5.64820E-05 1.05327E-04
 7.17604E-07 2.37444E-09 4.78515E-10 4.22352E-11 2.33929E-10 1.67025E-10 3.02557E-12 8.77422E-11
 6.19752E-12 2.07354E-13 1.84262E-14 6.91172E-16 3.67650E-12 9.71034E-11 2.19973E-14 1.40230E-11
 6.00847E-10 3.40094E-13 3.39318E-30 3.07871E-31 4.52216E-22 1.47108E-19 7.78549E-19 3.65143E-29
 6.21015E-09 2.27543E-09 1.10526E-04 2.12740E-10 4.80963E-10 2.09003E-09 6.06947E-06 7.33876E-14
 5.04293E-05 9.03876E-05 6.12990E-07 1.46874E-09 4.08582E-10 2.50774E-11 2.42161E-10 1.32099E-10
 3.65960E-12 7.04760E-11 3.31672E-12 1.77376E-13 9.47001E-15 7.55811E-16 2.08307E-12 9.92510E-11
 3.54313E-14 1.64540E-11 5.97964E-10 2.23885E-13 1.31168E-30 1.64634E-31 2.41875E-22 5.98501E-20
 6.01350E-19 1.45558E-29 5.25551E-09 2.96594E-09 1.06680E-04 2.83406E-10 4.63531E-10 1.51193E-09
 5.47134E-06 1.10423E-13 4.49626E-05 7.73564E-05 5.28135E-07 9.12302E-10 3.45284E-10 1.67610E-11
 2.48035E-10 1.00422E-10 4.25265E-12 5.36701E-11 1.71884E-12 1.44481E-13 4.49557E-15 7.43277E-16
 1.14714E-12 9.51932E-11 5.62459E-14 1.83892E-11 6.01090E-10 1.35584E-13 8.34421E-31 1.42964E-31
 2.09024E-22 3.96455E-20 4.83987E-19 9.47765E-30 4.43514E-09 3.83802E-09 1.02068E-04 3.64773E-10
 4.44243E-10 1.11358E-09 4.72777E-06 1.68323E-13 4.01086E-05 6.61555E-05 4.60776E-07 5.79920E-10
 2.90357E-10 1.27034E-11 2.50495E-10 7.31250E-11 4.70941E-12 3.84792E-11 8.70478E-13 1.10974E-13
 1.95011E-15 6.39929E-16 6.18252E-13 8.53777E-11 8.74093E-14 1.93282E-11 6.10526E-10 7.46912E-14
 6.44952E-31 1.47434E-31 2.10289E-22 3.07972E-20 3.86560E-19 7.41350E-30 3.75176E-09 4.89391E-09
 9.77950E-05 4.51176E-10 4.28245E-10 8.56331E-10 3.89132E-06 2.56354E-13 3.58944E-05 5.67217E-05
 4.09721E-07 3.85954E-10 2.44743E-10 1.05786E-11 2.48414E-10 5.13381E-11 4.91363E-12 2.59754E-11
 4.39899E-13 8.01635E-14 7.76364E-16 4.70284E-16 3.30175E-13 7.15912E-11 1.31242E-13 1.89010E-11
 6.25021E-10 3.73873E-14 5.53238E-31 1.62889E-31 2.18129E-22 2.49703E-20 3.04305E-19 6.32361E-30
 3.18858E-09 6.09649E-09 9.42063E-05 5.33306E-10 4.17718E-10 6.96388E-10 3.09305E-06 3.80936E-13
 3.23002E-05 4.88983E-05 3.73540E-07 2.72850E-10 2.07514E-10 9.23358E-12 2.41262E-10 3.54779E-11
 4.78814E-12 1.67513E-11 2.28686E-13 5.52449E-14 2.94068E-16 3.00994E-16 1.76992E-13 5.70162E-11
 1.87639E-13 1.73471E-11 6.41267E-10 1.75884E-14 5.29591E-31 1.92342E-31 2.33406E-22 2.13145E-20
 2.44334E-19 5.92870E-30 2.72425E-09 7.40239E-09 9.09472E-05 6.03964E-10 4.12269E-10 5.96295E-10
 2.44103E-06 5.44451E-13 2.92675E-05 4.24624E-05 3.50380E-07 2.04637E-10 1.77109E-10 8.15731E-12
 2.29961E-10 2.47424E-11 4.38134E-12 1.05918E-11 1.25224E-13 3.73322E-14 1.11760E-16 1.78606E-16
 9.61844E-14 4.43988E-11 2.54471E-13 1.53466E-11 6.55909E-10 8.21137E-15 5.45201E-31 2.34453E-31
 2.54652E-22 1.90175E-20 1.98261E-19 5.95943E-30 2.34212E-09 8.78829E-09 8.81283E-05 6.62888E-10
 4.11547E-10 5.32021E-10 1.95030E-06 7.51091E-13 2.67277E-05 3.71905E-05 3.38156E-07 1.61093E-10
 1.52289E-10 7.16681E-12 2.16380E-10 1.77044E-11 3.82956E-12 6.72707E-12 7.27917E-14 2.53409E-14
 4.43264E-17 1.04077E-16 5.33629E-14 3.46634E-11 3.30006E-13 1.34175E-11 6.67545E-10 3.95893E-15
 5.85621E-31 2.88456E-31 2.81943E-22 1.76373E-20 1.63062E-19 6.29478E-30 2.02611E-09 1.02391E-08
 8.60644E-05 7.13966E-10 4.15486E-10 4.90149E-10 1.58666E-06 1.00991E-12 2.46061E-05 3.28660E-05
 3.34762E-07 1.31435E-10 1.31903E-10 6.21818E-12 2.02153E-10 1.30811E-11 3.25408E-12 4.35573E-12
 4.47848E-14 1.75082E-14 1.86671E-17 6.15481E-17 3.03011E-14 2.75144E-11 4.14136E-13 1.17634E-11
 6.76289E-10 2.00571E-15 6.47743E-31 3.56368E-31 3.16839E-22 1.69468E-20 1.37082E-19 6.92072E-30
 1.76220E-09 1.17375E-08 8.49229E-05 7.61761E-10 4.24150E-10 4.63573E-10 1.31233E-06 1.33477E-12
 2.28356E-05 2.93047E-05 3.38409E-07 1.09993E-10 1.14962E-10 5.31762E-12 1.88319E-10 9.99095E-12
 2.72426E-12 2.89747E-12 2.89955E-14 1.23809E-14 8.38476E-18 3.74548E-17 1.76114E-14 2.23328E-11
 5.08069E-13 1.04082E-11 6.82745E-10 1.07239E-15 7.29317E-31 4.39628E-31 3.58660E-22 1.66869E-20
 1.17097E-19 7.81853E-30 1.53905E-09 1.32638E-08 8.46487E-05 8.10030E-10 4.37602E-10 4.48418E-10
 1.09965E-06 1.74405E-12 2.13578E-05 2.63524E-05 3.47714E-07 9.36923E-11 1.00671E-10 4.48184E-12
 1.75405E-10 7.87916E-12 2.26720E-12 1.98694E-12 1.96463E-14 8.97519E-15 4.01251E-18 2.35559E-17
 1.04548E-14 1.85651E-11 6.13893E-13 9.31449E-12 6.87509E-10 6.04391E-16 8.33044E-31 5.41921E-31
 4.07613E-22 1.67386E-20 1.01488E-19 9.01596E-30 1.34917E-09 1.47973E-08 8.50835E-05 8.61783E-10
 4.56072E-10 4.42695E-10 9.30160E-07 2.26152E-12 2.01327E-05 2.39021E-05 3.61645E-07 8.08587E-11
 8.85039E-11 3.72886E-12 1.63704E-10 6.40946E-12 1.88768E-12 1.40758E-12 1.38807E-14 6.67389E-15
 2.04250E-18 1.52886E-17 6.34040E-15 1.57936E-11 7.33907E-13 8.42792E-12 6.91051E-10 3.57992E-16
 9.68806E-31 6.71700E-31 4.65924E-22 1.71050E-20 8.98634E-20 1.06084E-29 1.18672E-09 1.63144E-08
 8.60680E-05 9.19702E-10 4.80046E-10 4.45496E-10 7.91560E-07 2.91840E-12 1.91236E-05 2.18600E-05
 3.79391E-07 7.04844E-11 7.80681E-11 3.06810E-12 1.53276E-10 5.37236E-12 1.57873E-12 1.03108E-12
 1.01984E-14 5.08889E-15 1.10313E-18 1.02039E-17 3.92601E-15 1.37278E-11 8.70867E-13 7.70124E-12
 6.93709E-10 2.22030E-16 1.14430E-30 8.36446E-31 5.32649E-22 1.76904E-20 8.11630E-20 1.26478E-29
 1.04709E-09 1.78202E-08 8.69672E-05 9.84279E-10 5.09088E-10 4.55374E-10 6.77401E-07 3.75106E-12
 1.82945E-05 2.01395E-05 4.00780E-07 6.19313E-11 6.90509E-11 2.50075E-12 1.44021E-10 4.62208E-12
 1.32760E-12 7.78229E-13 7.74949E-15 3.96945E-15 6.28012E-19 6.97778E-18 2.47440E-15 1.21501E-11
 1.02709E-12 7.09496E-12 6.95738E-10 1.43348E-16 1.34716E-30 1.02940E-30 6.00051E-22 1.82052E-20
 7.31083E-20 1.50043E-29 9.26915E-10 1.93470E-08 8.70083E-05 1.05445E-09 5.42124E-10 4.70572E-10
 5.83657E-07 4.80146E-12 1.76200E-05 1.86781E-05 4.26035E-07 5.47930E-11 6.12322E-11 2.02402E-12
 1.35843E-10 4.06059E-12 1.12224E-12 6.01706E-13 6.04878E-15 3.15685E-15 3.73721E-19 4.86610E-18
 1.58478E-15 1.08982E-11 1.20377E-12 6.57422E-12 6.97335E-10 9.56325E-17 1.55658E-30 1.23626E-30
 6.61099E-22 1.84495E-20 6.49203E-20 1.75059E-29 8.22415E-10 2.08776E-08 8.62906E-05 1.13231E-09
 5.79933E-10 4.91716E-10 5.05118E-07 6.12797E-12 1.70805E-05 1.74281E-05 4.54749E-07 4.87243E-11
 5.43724E-11 1.62905E-12 1.28620E-10 3.63910E-12 9.55155E-13 4.76683E-13 4.84341E-15 2.55807E-15
 2.31943E-19 3.45360E-18 1.03015E-15 9.90310E-12 1.40478E-12 6.12373E-12 6.98581E-10 6.57804E-17
 1.76235E-30 1.44703E-30 7.08542E-22 1.83129E-20 5.66808E-20 1.99839E-29 7.30782E-10 2.23959E-08
 8.48861E-05 1.21995E-09 6.23341E-10 5.19566E-10 4.38295E-07 7.80527E-12 1.66596E-05 1.63492E-05
 4.86566E-07 4.34864E-11 4.83020E-11 1.30447E-12 1.22225E-10 3.32356E-12 8.19210E-13 3.86829E-13
 3.97316E-15 2.11017E-15 1.49754E-19 2.48874E-18 6.78149E-16 9.11010E-12 1.63444E-12 5.73020E-12
 6.99538E-10 4.65392E-17 1.95084E-30 1.64760E-30 7.34978E-22 1.77155E-20 4.84227E-20 2.22068E-29
 6.49489E-10 2.38888E-08 8.28459E-05 1.31917E-09 6.73036E-10 5.55095E-10 3.81071E-07 9.92379E-12
 1.63449E-05 1.54105E-05 5.21259E-07 3.88921E-11 4.28584E-11 1.03935E-12 1.16551E-10 3.08953E-12
 7.08662E-13 3.21457E-13 3.33516E-15 1.77119E-15 1.00430E-19 1.82090E-18 4.51132E-16 8.48549E-12
 1.89810E-12 5.38622E-12 7.00243E-10 3.38317E-17 2.10400E-30 1.81916E-30 7.34570E-22 1.66231E-20
 4.01341E-20 2.39029E-29 5.77543E-10 2.53564E-08 8.02254E-05 1.43178E-09 7.29764E-10 5.99127E-10
 3.31741E-07 1.26046E-11 1.61287E-05 1.45938E-05 5.58609E-07 3.48526E-11 3.79969E-11 8.24663E-13
 1.11547E-10 2.91956E-12 6.18337E-13 2.73145E-13 2.85942E-15 1.51095E-15 6.97497E-20 1.34614E-18
 3.03520E-16 7.98160E-12 2.19907E-12 5.07605E-12 7.00756E-10 2.51698E-17 2.21575E-30 1.95282E-30
 7.08510E-22 1.51555E-20 3.17191E-20 2.49494E-29 5.15457E-10 2.67630E-08 7.75040E-05 1.56392E-09
 7.96853E-10 6.54161E-10 2.87706E-07 1.60558E-11 1.60028E-05 1.38810E-05 5.97807E-07 3.13628E-11
 3.38013E-11 6.50985E-13 1.07137E-10 2.80910E-12 5.43679E-13 2.37390E-13 2.50420E-15 1.30797E-15
 4.99842E-20 9.91790E-19 2.06488E-16 7.54140E-12 2.53873E-12 4.77552E-12 7.01157E-10 1.90223E-17
 2.36491E-30 2.11296E-30 6.77691E-22 1.38369E-20 2.54535E-20 2.60200E-29 4.62474E-10 2.80083E-08
 7.53858E-05 1.72658E-09 8.80220E-10 7.26065E-10 2.47154E-07 2.05836E-11 1.59602E-05 1.32528E-05
 6.37804E-07 2.83697E-11 3.02318E-11 5.10308E-13 1.03206E-10 2.76396E-12 4.82433E-13 2.12230E-13
 2.25119E-15 1.15107E-15 3.70925E-20 7.24247E-19 1.41674E-16 7.16222E-12 2.92382E-12 4.48021E-12
 7.01447E-10 1.46075E-17 2.63202E-30 2.36496E-30 6.51498E-22 1.28704E-20 2.19815E-20 2.76036E-29
 4.16555E-10 2.92460E-08 7.28475E-05 1.91282E-09 9.75746E-10 8.11522E-10 2.12302E-07 2.64450E-11
 1.59967E-05 1.26962E-05 6.80817E-07 2.57676E-11 2.71275E-11 3.98243E-13 9.97100E-11 2.74986E-12
 4.30614E-13 1.92520E-13 2.05092E-15 1.02370E-15 2.81174E-20 5.25746E-19 9.79821E-17 6.80577E-12
 3.34913E-12 4.18782E-12 7.01670E-10 1.13095E-17 2.90682E-30 2.61848E-30 6.14791E-22 1.18302E-20
 1.84945E-20 2.88520E-29 3.74754E-10 3.05086E-08 6.98986E-05 2.12229E-09 1.08276E-09 9.12433E-10
 1.83145E-07 3.39572E-11 1.61093E-05 1.22009E-05 7.28332E-07 2.34022E-11 2.42670E-11 3.10324E-13
 9.65883E-11 2.75717E-12 3.87220E-13 1.76950E-13 1.89007E-15 9.20813E-16 2.17940E-20 3.83303E-19
 6.83097E-17 6.49712E-12 3.81989E-12 3.91126E-12 7.01785E-10 8.86206E-18 3.11748E-30 2.81048E-30
 5.61553E-22 1.05704E-20 1.49762E-20 2.92255E-29 3.37337E-10 3.18728E-08 6.65369E-05 2.35515E-09
 1.20135E-09 1.02859E-09 1.58732E-07 4.36446E-11 1.62963E-05 1.17568E-05 7.82438E-07 2.12790E-11
 2.16944E-11 2.41884E-13 9.37903E-11 2.77516E-12 3.49684E-13 1.63657E-13 1.75138E-15 8.33974E-16
 1.71007E-20 2.77841E-19 4.79724E-17 6.19035E-12 4.32719E-12 3.63587E-12 7.01860E-10 6.95835E-18
 3.20884E-30 2.89350E-30 4.92930E-22 9.10557E-21 1.13805E-20 2.84485E-29 3.04621E-10 3.34392E-08
 6.27554E-05 2.61014E-09 1.33096E-09 1.15803E-09 1.38272E-07 5.62360E-11 1.65566E-05 1.13560E-05
 8.45823E-07 1.94094E-11 1.94500E-11 1.88850E-13 9.12794E-11 2.79217E-12 3.15960E-13 1.51124E-13
 1.62088E-15 7.56451E-16 1.34247E-20 1.98099E-19 3.39150E-17 5.84371E-12 4.85605E-12 3.35088E-12
 7.01963E-10 5.41563E-18 3.18159E-30 2.87197E-30 4.19771E-22 7.62205E-21 8.26045E-21 2.68266E-29
 2.75816E-10 3.53241E-08 5.85454E-05 2.88240E-09 1.46893E-09 1.29735E-09 1.21371E-07 7.25994E-11
 1.68898E-05 1.09917E-05 9.21653E-07 1.77501E-11 1.74807E-11 1.47901E-13 8.90305E-11 2.79583E-12
 2.85038E-13 1.38450E-13 1.48993E-15 6.84603E-16 1.04598E-20 1.38700E-19 2.41254E-17 5.44927E-12
 5.39321E-12 3.05904E-12 7.02112E-10 4.15636E-18 3.06499E-30 2.77682E-30 3.52842E-22 6.29193E-21
 5.93789E-21 2.48745E-29 2.50337E-10 3.76388E-08 5.40332E-05 3.16737E-09 1.61267E-09 1.44286E-09
 1.07510E-07 9.38779E-11 1.72933E-05 1.06603E-05 1.01244E-06 1.62679E-11 1.57469E-11 1.16411E-13
 8.70328E-11 2.77835E-12 2.56393E-13 1.25330E-13 1.35529E-15 6.16569E-16 8.04443E-21 9.52771E-20
 1.72909E-17 5.01060E-12 5.92603E-12 2.76525E-12 7.02311E-10 3.13536E-18 2.88889E-30 2.63661E-30
 2.96430E-22 5.17742E-21 4.26702E-21 2.29312E-29 2.27726E-10 4.03788E-08 4.96928E-05 3.47169E-09
 1.76549E-09 1.59802E-09 9.58497E-08 1.21761E-10 1.77654E-05 1.03571E-05 1.11860E-06 1.49376E-11
 1.42154E-11 9.20711E-14 8.52546E-11 2.74817E-12 2.30305E-13 1.12590E-13 1.22443E-15 5.53700E-16
 6.13201E-21 6.42564E-20 1.24876E-17 4.55387E-12 6.45202E-12 2.47723E-12 7.02530E-10 2.33150E-18
 2.69795E-30 2.48598E-30 2.50071E-22 4.27415E-21 3.06139E-21 2.11683E-29 2.07680E-10 4.35399E-08
 4.58111E-05 3.80404E-09 1.93160E-09 1.76746E-09 8.57867E-08 1.58619E-10 1.83057E-05 1.00767E-05
 1.23969E-06 1.37415E-11 1.28641E-11 7.30526E-14 8.36631E-11 2.71265E-12 2.06834E-13 1.00760E-13
 1.10207E-15 4.96642E-16 4.64861E-21 4.25524E-20 9.07641E-18 4.09857E-12 6.96943E-12 2.20061E-12
 7.02745E-10 1.71290E-18 2.52691E-30 2.35255E-30 2.12841E-22 3.56269E-21 2.17044E-21 1.97039E-29
 1.90012E-10 4.70649E-08 4.26270E-05 4.17993E-09 2.11861E-09 1.96018E-09 7.68017E-08 2.07897E-10
 1.89137E-05 9.81524E-06 1.37366E-06 1.26691E-11 1.16779E-11 5.80369E-14 8.22287E-11 2.68267E-12
 1.86086E-13 9.03597E-14 9.93043E-16 4.46216E-16 3.52522E-21 2.76690E-20 6.63320E-18 3.66237E-12
 7.47940E-12 1.93967E-12 7.02932E-10 1.24764E-18 2.42817E-30 2.28129E-30 1.84994E-22 3.04300E-21
 1.57886E-21 1.87780E-29 1.74719E-10 5.08306E-08 4.03428E-05 4.62411E-09 2.33906E-09 2.19091E-09
 6.84460E-08 2.74824E-10 1.95905E-05 9.56845E-06 1.51831E-06 1.17218E-11 1.06543E-11 4.60425E-14
 8.09169E-11 2.67159E-12 1.68084E-13 8.17774E-14 9.01282E-16 4.02977E-16 2.69255E-21 1.76391E-20
 4.86416E-18 3.25720E-12 7.98425E-12 1.69671E-12 7.03075E-10 9.04159E-19 2.45675E-30 2.32023E-30
 1.66198E-22 2.70509E-21 1.22190E-21 1.86215E-29 1.62027E-10 5.48670E-08 3.88196E-05 5.15137E-09
 2.60031E-09 2.46444E-09 6.06453E-08 3.66869E-10 2.03317E-05 9.33491E-06 1.67508E-06 1.09138E-11
 9.80856E-12 3.64922E-14 7.97222E-11 2.67725E-12 1.52218E-13 7.45158E-14 8.22373E-16 3.65016E-16
 2.06152E-21 1.09851E-20 3.58190E-18 2.87660E-12 8.47680E-12 1.47182E-12 7.03188E-10 6.49692E-19
 2.64805E-30 2.50472E-30 1.56113E-22 2.53132E-21 1.05553E-21 1.94423E-29 1.52071E-10 5.98394E-08
 3.71390E-05 5.71549E-09 2.87775E-09 2.73923E-09 5.39742E-08 4.92523E-10 2.11351E-05 9.11256E-06
 1.85528E-06 1.02507E-11 9.15564E-12 2.89640E-14 7.86808E-11 2.65222E-12 1.36695E-13 6.64754E-14
 7.36272E-16 3.25760E-16 1.52616E-21 6.66310E-21 2.64934E-18 2.49144E-12 8.93291E-12 1.26473E-12
 7.03324E-10 4.53934E-19 2.93712E-30 2.79478E-30 1.54150E-22 2.47957E-21 1.03362E-21 2.12421E-29
 1.44364E-10 6.59595E-08 3.53015E-05 6.30941E-09 3.16743E-09 3.00387E-09 4.82889E-08 6.64160E-10
 2.19991E-05 8.89927E-06 2.06584E-06 9.70640E-12 8.65818E-12 2.30628E-14 7.77800E-11 2.59400E-12
 1.21663E-13 5.79485E-14 6.45899E-16 2.86090E-16 1.08997E-21 3.95596E-21 1.96814E-18 2.11927E-12
 9.35876E-12 1.07886E-12 7.03456E-10 3.08826E-19 3.25951E-30 3.13570E-30 1.55988E-22 2.47592E-21
 9.55341E-22 2.36538E-29 1.38398E-10 7.34974E-08 3.33113E-05 6.92369E-09 3.46378E-09 3.24708E-09
 4.34796E-08 8.98378E-10 2.29195E-05 8.69360E-06 2.31360E-06 9.25059E-12 8.27764E-12 1.84670E-14
 7.70095E-11 2.50203E-12 1.07333E-13 4.93217E-14 5.54724E-16 2.47232E-16 7.50913E-22 2.31186E-21
 1.46963E-18 1.77432E-12 9.76234E-12 9.15568E-13 7.03561E-10 2.05055E-19 3.56683E-30 3.48859E-30
 1.59814E-22 2.48766E-21 8.55039E-22 2.64945E-29 1.33689E-10 8.28431E-08 3.11601E-05 7.54389E-09
 3.75883E-09 3.45738E-09 3.94806E-08 1.21740E-09 2.38966E-05 8.49294E-06 2.61014E-06 8.84951E-12
 7.97250E-12 1.48964E-14 7.63549E-11 2.37639E-12 9.38834E-14 4.09457E-14 4.65937E-16 2.10347E-16
 4.99361E-22 1.33723E-21 1.10214E-18 1.46526E-12 1.01503E-11 7.74372E-13 7.03623E-10 1.33157E-19
 3.81581E-30 3.81821E-30 1.64892E-22 2.49920E-21 7.48298E-22 2.96566E-29 1.30135E-10 9.45741E-08
 2.88452E-05 8.15149E-09 4.04314E-09 3.62429E-09 3.62498E-08 1.65176E-09 2.49268E-05 8.29546E-06
 2.97593E-06 8.47269E-12 7.70466E-12 1.21455E-14 7.58058E-11 2.21864E-12 8.14453E-14 3.31153E-14
 3.82307E-16 1.76381E-16 3.20912E-22 7.68820E-22 8.30208E-19 1.19552E-12 1.05258E-11 6.53453E-13
 7.03639E-10 8.46699E-20 3.96777E-30 4.09003E-30 1.70944E-22 2.50237E-21 6.42986E-22 3.30602E-29
 1.28663E-10 1.09594E-07 2.63661E-05 8.72102E-09 4.30545E-09 3.74022E-09 3.37943E-08 2.24422E-09
 2.60039E-05 8.09953E-06 3.45433E-06 8.08816E-12 7.43030E-12 1.00611E-14 7.53531E-11 2.03142E-12
 7.01082E-14 2.60499E-14 3.06050E-16 1.46020E-16 1.99691E-22 4.40725E-22 6.28448E-19 9.64925E-13
 1.08838E-11 5.50250E-13 7.03614E-10 5.27387E-20 3.98962E-30 4.26850E-30 1.77947E-22 2.49248E-21
 5.43246E-22 3.66351E-29 1.33017E-10 1.29353E-07 2.37389E-05 9.21939E-09 4.53407E-09 3.80377E-09
 3.21808E-08 3.05738E-09 2.71121E-05 7.90477E-06 4.14211E-06 7.66368E-12 7.09788E-12 8.54299E-15
 7.49914E-11 1.81916E-12 5.99325E-14 1.98990E-14 2.38859E-16 1.19689E-16 1.20761E-22 2.52177E-22
 4.79289E-19 7.71025E-13 1.12024E-11 4.61740E-13 7.03578E-10 3.21569E-20 3.86110E-30 4.32120E-30
 1.86055E-22 2.46686E-21 4.51556E-22 4.03240E-29 1.53164E-10 1.56372E-07 2.09801E-05 9.60042E-09
 4.71701E-09 3.81995E-09 3.15769E-08 4.18994E-09 2.82328E-05 7.71100E-06 5.26821E-06 7.17195E-12
 6.65342E-12 7.52814E-15 7.47153E-11 1.58664E-12 5.09065E-14 1.47120E-14 1.81530E-16 9.74365E-17
 7.12173E-23 1.43538E-22 3.69454E-19 6.09296E-13 1.14277E-11 3.84546E-13 7.03592E-10 1.91171E-20
 3.57819E-30 4.22208E-30 1.95688E-22 2.42423E-21 3.68658E-22 4.41065E-29 2.10335E-10 1.95374E-07
 1.81093E-05 9.80028E-09 4.83968E-09 3.80083E-09 3.23897E-08 5.80752E-09 2.93414E-05 7.51920E-06
 7.36418E-06 6.58126E-12 6.03193E-12 6.99758E-15 7.45206E-11 1.33848E-12 4.30170E-14 1.04732E-14
 1.34081E-16 7.90859E-17 4.11407E-23 8.06938E-23 2.89172E-19 4.75039E-13 1.14568E-11 3.15444E-13
 7.03766E-10 1.09986E-20 3.15233E-30 3.95322E-30 2.07651E-22 2.36435E-21 2.93810E-22 4.80010E-29
 3.44726E-10 2.56445E-07 1.51589E-05 9.74917E-09 4.87929E-09 3.75714E-09 3.55981E-08 8.22295E-09
 3.04010E-05 7.33341E-06 1.15970E-05 5.85990E-12 5.18427E-12 6.97941E-15 7.44090E-11 1.07691E-12
 3.62987E-14 7.11042E-15 9.55222E-17 6.41516E-17 2.32858E-23 4.43799E-23 2.31559E-19 3.64076E-13
 1.11426E-11 2.52056E-13 7.04255E-10 6.03876E-21 2.60399E-30 3.50447E-30 2.23209E-22 2.28860E-21
 2.24578E-22 5.19971E-29 6.26614E-10 3.65507E-07 1.21626E-05 9.40423E-09 4.78706E-09 3.66901E-09
 4.38550E-08 1.21307E-08 3.13630E-05 7.16178E-06 2.03669E-05 5.00555E-12 4.14315E-12 7.53663E-15
 7.43888E-11 7.99085E-13 3.08810E-14 4.49732E-15 6.37326E-17 5.15192E-17 1.25925E-23 2.37665E-23
 1.91651E-19 2.73013E-13 1.03539E-11 1.93873E-13 7.05192E-10 3.07270E-21 1.95182E-30 2.86763E-30
 2.44085E-22 2.20111E-21 1.55221E-22 5.57580E-29 1.16938E-09 6.06190E-07 9.16624E-06 8.84863E-09
 4.49709E-09 3.40917E-09 6.43897E-08 1.97322E-08 3.21569E-05 7.01932E-06 3.81869E-05 4.23068E-12
 3.23862E-12 8.70859E-15 7.44714E-11 5.03633E-13 2.65969E-14 2.44666E-15 3.59309E-17 3.81855E-17
 5.58622E-24 1.21110E-23 1.66226E-19 1.95092E-13 9.15974E-12 1.42029E-13 7.06516E-10 1.31259E-21
 1.25521E-30 2.09004E-30 2.72105E-22 2.11232E-21 7.38266E-23 5.83592E-29 2.09094E-09 1.65503E-06
 6.21273E-06 8.27412E-09 3.78533E-09 2.61224E-09 1.44873E-07 4.75253E-08 3.26790E-05 6.92975E-06
 7.29821E-05 3.79770E-12 2.98683E-12 1.03163E-14 7.46810E-11 1.80242E-13 2.26808E-14 7.67919E-16
 1.04124E-17 1.76993E-17 9.13402E-25 5.37372E-24 1.53496E-19 1.18864E-13 8.17046E-12 9.73470E-14
 7.07627E-10 2.87527E-22 5.44989E-31 1.14612E-30 3.11944E-22 2.04150E-21 4.51156E-23 5.62739E-29
 2.97511E+02 2.95188E+02 2.92811E+02 2.90391E+02 2.87908E+02 2.85362E+02 2.82746E+02 2.80043E+02
 2.77252E+02 2.74385E+02 2.71503E+02 2.68666E+02 2.65654E+02 2.62438E+02 2.58988E+02 2.55272E+02
 2.51260E+02 2.46941E+02 2.42308E+02 2.37377E+02 2.32277E+02 2.28129E+02 2.25878E+02 2.24594E+02
 2.23492E+02 2.22583E+02 2.21872E+02 2.21280E+02 2.20743E+02 2.20296E+02 2.20018E+02 2.19884E+02
 2.19826E+02 2.19823E+02 2.19866E+02 2.19938E+02 2.20026E+02 2.20122E+02 2.20219E+02 2.20309E+02
 2.20388E+02 2.20450E+02 2.20490E+02 2.20496E+02 2.20459E+02 2.20365E+02 2.20191E+02 2.19902E+02
 2.19453E+02 2.18815E+02 2.17987E+02 2.16993E+02 2.15886E+02 2.14770E+02 2.13739E+02 2.12804E+02
 2.11908E+02 2.10964E+02 2.09953E+02 2.08965E+02 2.08030E+02 2.07113E+02 2.06225E+02 2.05397E+02
 2.04647E+02 2.03971E+02 2.03353E+02 2.02786E+02 2.02228E+02 2.01622E+02 2.00953E+02 2.00218E+02
 1.99380E+02 1.98447E+02 1.97572E+02 1.96857E+02 1.96133E+02 1.95228E+02 1.94211E+02 1.93168E+02
 1.92089E+02 1.90974E+02 1.89851E+02 1.88753E+02 1.87717E+02 1.86805E+02 1.86086E+02 1.85590E+02
 1.85301E+02 1.85181E+02 1.85173E+02 1.85215E+02 1.85218E+02 1.85059E+02 1.84578E+02 1.83513E+02
 1.81452E+02 1.77801E+02 1.72650E+02 1.67648E+02 1.00000E+05 1.00000E+05 1.00000E+05 1.00000E+05
 1.00000E+05 1.00000E+05 1.00000E+05 1.00000E+05 1.00000E+05 1.00000E+05 1.00000E+05 1.00000E+05
 1.00000E+05 1.00000E+05 1.00000E+05 1.00000E+05 1.00000E+05 1.00000E+05 1.00000E+05 1.00000E+05
 1.00000E+05 1.00000E+05 9.27804E+04 8.84702E+04 6.92150E+04 5.27048E+04 3.61946E+04 2.98562E+04
 1.90766E+04 1.66743E+04 1.22171E+04 7.76000E+03 7.94980E+03 5.97102E+03 5.85405E+03 5.18181E+03
 4.50956E+03 4.45964E+03 4.10250E+03 4.07837E+03 3.93959E+03 3.92806E+03 3.90765E+03 3.88724E+03
 3.96566E+03 4.00607E+03 4.16398E+03 4.30439E+03 4.44480E+03 4.69574E+03 4.90023E+03 5.15364E+03
 5.39650E+03 5.63936E+03 5.99618E+03 6.30149E+03 6.66348E+03 7.01001E+03 7.35654E+03 7.78086E+03
 8.16780E+03 8.58724E+03 8.99622E+03 9.42278E+03 9.84890E+03 1.02750E+04 1.08336E+04 1.13438E+04
 1.18356E+04 1.23295E+04 1.28234E+04 1.32694E+04 1.37347E+04 1.43800E+04 1.49922E+04 1.56045E+04
 1.62602E+04 1.68969E+04 1.74958E+04 1.81040E+04 1.87121E+04 1.95576E+04 2.02922E+04 2.11433E+04
 2.19596E+04 2.27759E+04 2.39711E+04 2.49793E+04 2.63236E+04 2.75521E+04 2.87763E+04 3.00008E+04
 3.12253E+04 3.27682E+04 3.41886E+04 3.58632E+04 3.74999E+04 3.91366E+04 4.07663E+04 4.23990E+04
 2.38471E+19 2.24610E+19 2.11496E+19 1.99081E+19 1.87341E+19 1.76241E+19 1.65750E+19 1.55844E+19
 1.46488E+19 1.37646E+19 1.29263E+19 1.21290E+19 1.13807E+19 1.06788E+19 1.00213E+19 9.40577E+18
 8.82995E+18 8.29099E+18 7.78607E+18 7.31191E+18 6.86250E+18 6.40604E+18 5.92455E+18 5.45248E+18
 5.01185E+18 4.60117E+18 4.21912E+18 3.86581E+18 3.54047E+18 3.24062E+18 2.96349E+18 2.70811E+18
 2.47383E+18 2.25926E+18 2.06292E+18 1.88347E+18 1.71960E+18 1.57000E+18 1.43350E+18 1.30899E+18
 1.19541E+18 1.09181E+18 9.97340E+17 9.11201E+17 8.32675E+17 7.61106E+17 6.95914E+17 6.36590E+17
 5.82668E+17 5.33668E+17 4.89077E+17 4.48397E+17 4.11150E+17 3.76852E+17 3.45131E+17 3.15818E+17
 2.88834E+17 2.64118E+17 2.41499E+17 2.20701E+17 2.01563E+17 1.83997E+17 1.67875E+17 1.53065E+17
 1.39462E+17 1.26983E+17 1.15555E+17 1.05102E+17 9.55667E+16 8.68954E+16 7.90127E+16 7.18467E+16
 6.53408E+16 5.94285E+16 5.40127E+16 4.90328E+16 4.44993E+16 4.04066E+16 3.66948E+16 3.33119E+16
 3.02311E+16 2.74255E+16 2.48676E+16 2.25329E+16 2.03996E+16 1.84469E+16 1.66568E+16 1.50176E+16
 1.35220E+16 1.21631E+16 1.09339E+16 9.82665E+15 8.83363E+15 7.94770E+15 7.16190E+15 6.47165E+15
 5.87493E+15 5.37249E+15 4.94426E+15 4.53502E+15 2.07320E-11 2.26038E-11 2.64815E-11 3.27194E-11
 4.07854E-11 5.04413E-11 6.15318E-11 7.39208E-11 8.74692E-11 1.02029E-10 1.17447E-10 1.33570E-10
 1.50243E-10 1.67305E-10 1.84606E-10 2.02033E-10 2.19439E-10 2.36642E-10 2.53427E-10 2.69564E-10
 2.84824E-10 2.99034E-10 3.12616E-10 3.25783E-10 3.39499E-10 3.55234E-10 3.74069E-10 3.95356E-10
 4.19783E-10 4.46323E-10 4.72357E-10 5.00802E-10 5.25221E-10 5.42234E-10 5.51264E-10 5.51387E-10
 5.42734E-10 5.26105E-10 5.03003E-10 4.74642E-10 4.42835E-10 4.08634E-10 3.73378E-10 3.37709E-10
 3.02623E-10 2.68792E-10 2.36803E-10 2.07155E-10 1.79799E-10 1.55016E-10 1.32371E-10 1.12312E-10
 9.45796E-11 7.89877E-11 6.56012E-11 5.40449E-11 4.42009E-11 3.58354E-11 2.87712E-11 2.29043E-11
 1.80388E-11 1.40516E-11 1.08092E-11 8.20454E-12 6.13630E-12 4.51565E-12 3.27741E-12 2.33888E-12
 1.63740E-12 1.12247E-12 7.51975E-13 4.90495E-13 3.11000E-13 1.92370E-13 1.15625E-13 6.73161E-14
 3.78978E-14 2.05583E-14 1.06956E-14 5.31639E-15 2.51321E-15 1.13518E-15 4.85275E-16 1.96271E-16
 7.45543E-17 2.64244E-17 8.82719E-18 2.73202E-18 7.88651E-19 2.09203E-19 5.05307E-20 1.10041E-20
 2.13802E-21 3.73307E-22 5.76578E-23 7.91908E-24 9.58939E-25 1.02321E-25 9.64010E-27 7.88305E-28
 4.30228E+01 3.85840E+01 3.76389E+01 3.92901E+01 4.29850E+01 4.78787E+01 5.28543E+01 5.73827E+01
 6.17482E+01 6.59504E+01 6.88138E+01 7.09113E+01 7.28130E+01 7.43280E+01 7.51986E+01 7.55133E+01
 7.55614E+01 7.52498E+01 7.44682E+01 7.32382E+01 7.14484E+01 6.85788E+01 6.61388E+01 6.27676E+01
 5.94131E+01 5.71172E+01 5.51162E+01 5.33388E+01 5.18609E+01 5.04691E+01 4.88026E+01 4.72627E+01
 4.52812E+01 4.26964E+01 3.96517E+01 3.62113E+01 3.25556E+01 2.88176E+01 2.51569E+01 2.16769E+01
 1.84694E+01 1.55661E+01 1.29923E+01 1.07363E+01 8.79169E+00 7.13762E+00 5.74945E+00 4.60098E+00
 3.65598E+00 2.88830E+00 2.26140E+00 1.76000E+00 1.35964E+00 1.04124E+00 7.92618E-01 5.97823E-01
 4.47286E-01 3.31696E-01 2.43587E-01 1.77367E-01 1.27645E-01 9.08067E-02 6.37540E-02 4.41301E-02
 3.00820E-02 2.01663E-02 1.33245E-02 8.65020E-03 5.50581E-03 3.43052E-03 2.08900E-03 1.23887E-03
 7.15281E-04 4.03313E-04 2.20523E-04 1.16409E-04 5.93719E-05 2.92621E-05 1.38588E-05 6.26670E-06
 2.69254E-06 1.10437E-06 4.28419E-07 1.57255E-07 5.41483E-08 1.73656E-08 5.23085E-09 1.45053E-09
 3.72978E-10 8.77097E-11 1.87556E-11 3.61152E-12 6.20479E-13 9.61334E-14 1.32495E-14 1.63916E-15
 1.81722E-16 1.83053E-17 1.69122E-18 1.36186E-19 1.00000E-12 1.00000E-12 1.00000E-12 1.00000E-12
 1.00000E-12 1.00000E-12 1.00000E-12 1.00000E-12 1.00000E-12 1.00000E-12 1.00000E-12 1.00000E-12
 1.00000E-12 1.00000E-12 1.00000E-12 1.00000E-12 1.00000E-12 1.00000E-12 1.00000E-12 1.00000E-12
 1.00000E-12 1.00000E-12 1.00000E-12 1.00000E-12 1.00000E-12 1.00000E-12 1.00000E-12 1.00000E-12
 1.00000E-12 1.00000E-12 1.00000E-12 1.00000E-12 1.00000E-12 1.00000E-12 1.00000E-12 1.00000E-12
 1.00000E-12 1.00000E-12 1.00000E-12 1.00000E-12 1.00000E-12 1.00000E-12 1.00000E-12 1.00000E-12
 1.00000E-12 1.00000E-12 1.00000E-12 1.00000E-12 1.00000E-12 1.00000E-12 1.00000E-12 1.00000E-12
 1.00000E-12 1.00000E-12 1.00000E-12 1.00000E-12 1.00000E-12 1.00000E-12 1.00000E-12 1.00000E-12
 1.00000E-12 1.00000E-12 1.00000E-12 1.00000E-12 1.00000E-12 1.00000E-12 1.00000E-12 1.00000E-12
 1.00000E-12 1.00000E-12 1.00000E-12 1.00000E-12 1.00000E-12 1.00000E-12 1.00000E-12 1.00000E-12
 1.00000E-12 1.00000E-12 1.00000E-12 1.00000E-12 1.00000E-12 1.00000E-12 1.00000E-12 1.00000E-12
 1.00000E-12 1.00000E-12 1.00000E-12 1.00000E-12 1.00000E-12 1.00000E-12 1.00000E-12 1.00000E-12
 1.00000E-12 1.00000E-12 1.00000E-12 1.00000E-12 1.00000E-12 1.00000E-12 1.00000E-12 1.00000E-12
 1.00000E-12 1.00000E-12 1.00000E-12 1.00000E-12 1.00000E-12 1.00000E-12 1.00000E-12 1.00000E-12
 1.00000E-12 1.00000E-12 1.00000E-12 1.00000E-12 1.00000E-12 1.00000E-12 1.00000E-12 1.00000E-12
 1.00000E-12 1.00000E-12 1.00000E-12 1.00000E-12 1.00000E-12 1.00000E-12 1.00000E-12 1.00000E-12
 1.00000E-12 1.00000E-12 1.00000E-12 1.00000E-12 1.00000E-12 1.00000E-12 1.00000E-12 1.00000E-12
 1.00000E-12 1.00000E-12 1.00000E-12 1.00000E-12 1.00000E-12 1.00000E-12 1.00000E-12 1.00000E-12
 1.00000E-12 1.00000E-12 1.00000E-12 1.00000E-12 1.00000E-12 1.00000E-12 1.00000E-12 1.00000E-12
 1.00000E-12 1.00000E-12 1.00000E-12 1.00000E-12 1.00000E-12 1.00000E-12 1.00000E-12 1.00000E-12
 1.00000E-12 1.00000E-12 1.00000E-12 1.00000E-12 1.00000E-12 1.00000E-12 1.00000E-12 1.00000E-12
 1.00000E-12 1.00000E-12 1.00000E-12 1.00000E-12 1.00000E-12 1.00000E-12 1.00000E-12 1.00000E-12
 1.00000E-12 1.00000E-12 1.00000E-12 1.00000E-12 1.00000E-12 1.00000E-12 1.00000E-12 1.00000E-12
 1.00000E-12 1.00000E-12 1.00000E-12 1.00000E-12 1.00000E-12 1.00000E-12 1.00000E-12 1.00000E-12
 1.00000E-12 1.00000E-12 1.00000E-12 1.00000E-12 1.00000E-12 1.00000E-12 1.00000E-12 1.00000E-12
 1.00000E-12 1.00000E-12 1.00000E-12 1.00000E-12 2.73343E-04 2.90629E-04 3.09549E-04 3.29929E-04
 3.49697E-04 3.69192E-04 3.90054E-04 4.13016E-04 4.37439E-04 4.63293E-04 4.92868E-04 5.25284E-04
 5.59741E-04 5.96894E-04 6.37746E-04 6.82673E-04 7.31464E-04 7.84941E-04 8.44171E-04 9.09971E-04
 9.83739E-04 1.06744E-03 1.15303E-03 1.25034E-03 1.35825E-03 1.47100E-03 1.59554E-03 1.73231E-03
 1.88215E-03 2.04652E-03 2.22745E-03 2.42549E-03 2.64211E-03 2.87938E-03 3.13886E-03 3.42338E-03
 3.73433E-03 4.07497E-03 4.44797E-03 4.85611E-03 5.30275E-03 5.79144E-03 6.32619E-03 6.91133E-03
 7.55169E-03 8.25263E-03 9.02011E-03 9.86059E-03 1.07810E-02 1.17897E-02 1.28973E-02 1.41149E-02
 1.54553E-02 1.69322E-02 1.85579E-02 2.03517E-02 2.23305E-02 2.45126E-02 2.69202E-02 2.95738E-02
 3.25077E-02 3.57499E-02 3.93345E-02 4.32991E-02 4.76793E-02 5.25181E-02 5.78683E-02 6.37864E-02
 7.03360E-02 7.75882E-02 8.56143E-02 9.44976E-02 1.04297E-01 1.15129E-01 1.27201E-01 1.40689E-01
 1.55693E-01 1.72244E-01 1.90540E-01 2.10921E-01 2.33663E-01 2.59063E-01 2.87416E-01 3.18989E-01
 3.54269E-01 3.93735E-01 4.38053E-01 4.88259E-01 5.45106E-01 6.09370E-01 6.81388E-01 7.62179E-01
 8.52650E-01 9.53136E-01 1.06433E+00 1.18662E+00 1.31950E+00 1.45961E+00 1.60496E+00 1.76931E+00
 1.00000E+00 1.00000E+00 1.00000E+00 1.00000E+00 1.00000E+00 1.00000E+00 1.00000E+00 1.00000E+00
 1.00000E+00 1.00000E+00 1.00000E+00 1.00000E+00 1.00000E+00 1.00000E+00 1.00000E+00 1.00000E+00
 1.00000E+00 1.00000E+00 1.00000E+00 1.00000E+00 1.00000E+00 1.00000E+00 1.00000E+00 1.00000E+00
 1.00000E+00 1.00000E+00 1.00000E+00 1.00000E+00 1.00000E+00 1.00000E+00 1.00000E+00 1.00000E+00
 1.00000E+00 1.00000E+00 1.00000E+00 1.00000E+00 1.00000E+00 1.00000E+00 1.00000E+00 1.00000E+00
 1.00000E+00 1.00000E+00 1.00000E+00 1.00000E+00 1.00000E+00 1.00000E+00 1.00000E+00 1.00000E+00
 1.00000E+00 1.00000E+00 1.00000E+00 1.00000E+00 1.00000E+00 1.00000E+00 1.00000E+00 1.00000E+00
 1.00000E+00 1.00000E+00 1.00000E+00 1.00000E+00 1.00000E+00 1.00000E+00 1.00000E+00 1.00000E+00
 1.00000E+00 1.00000E+00 1.00000E+00 1.00000E+00 1.00000E+00 1.00000E+00 1.00000E+00 1.00000E+00
 1.00000E+00 1.00000E+00 1.00000E+00 1.00000E+00 1.00000E+00 1.00000E+00 1.00000E+00 1.00000E+00
 1.00000E+00 1.00000E+00 1.00000E+00 1.00000E+00 1.00000E+00 1.00000E+00 1.00000E+00 1.00000E+00
 1.00000E+00 1.00000E+00 1.00000E+00 1.00000E+00 1.00000E+00 1.00000E+00 1.00000E+00 1.00000E+00
 1.00000E+00 1.00000E+00 1.00000E+00 1.00000E+00 1.00000E+00 1.00000E+00 1.00000E+00 1.00000E+00
 1.00000E+00 1.00000E+00 1.00000E+00 1.00000E+00 1.00000E+00 1.00000E+00 1.00000E+00 1.00000E+00
 1.00000E+00 1.00000E+00 1.00000E+00 1.00000E+00 1.00000E+00 1.00000E+00 1.00000E+00 1.00000E+00
 1.00000E+00 1.00000E+00 1.00000E+00 1.00000E+00 1.00000E+00 1.00000E+00 1.00000E+00 1.00000E+00
 1.00000E+00 1.00000E+00 1.00000E+00 1.00000E+00 1.00000E+00 1.00000E+00 1.00000E+00 1.00000E+00
 1.00000E+00 1.00000E+00 1.00000E+00 1.00000E+00 1.00000E+00 1.00000E+00 1.00000E+00 1.00000E+00
 1.00000E+00 1.00000E+00 1.00000E+00 1.00000E+00 1.00000E+00 1.00000E+00 1.00000E+00 1.00000E+00
 1.00000E+00 1.00000E+00 1.00000E+00 1.00000E+00 1.00000E+00 1.00000E+00 1.00000E+00 1.00000E+00
 1.00000E+00 1.00000E+00 1.00000E+00 1.00000E+00 1.00000E+00 1.00000E+00 1.00000E+00 1.00000E+00
 1.00000E+00 1.00000E+00 1.00000E+00 1.00000E+00 1.00000E+00 1.00000E+00 1.00000E+00 1.00000E+00
 1.00000E+00 1.00000E+00 1.00000E+00 1.00000E+00 1.00000E+00 1.00000E+00 1.00000E+00 1.00000E+00
 1.00000E+00 1.00000E+00 1.00000E+00 1.00000E+00 1.00000E+00 1.00000E+00 1.00000E+00 1.00000E+00
 1.00000E+00 1.00000E+00 1.00000E+00 1.00000E+00 1.00000E+00 1.00000E+00 1.00000E+00 1.00000E+00
 1.00000E-05 1.00000E-05 1.00000E-05 1.00000E-05 1.00000E-05 1.00000E-05 1.00000E-05 1.00000E-05
 1.00000E-05 1.00000E-05 1.00000E-05 1.00000E-05 1.00000E-05 1.00000E-05 1.00000E-05 1.00000E-05
 1.00000E-05 1.00000E-05 1.00000E-05 1.00000E-05 1.00000E-05 1.00000E-05 1.00000E-05 1.00000E-05
 1.00000E-05 1.00000E-05 1.00000E-05 1.00000E-05 1.00000E-05 1.00000E-05 1.00000E-05 1.00000E-05
 1.00000E-05 1.00000E-05 1.00000E-05 1.00000E-05 1.00000E-05 1.00000E-05 1.00000E-05 1.00000E-05
 1.00000E-05 1.00000E-05 1.00000E-05 1.00000E-05 1.00000E-05 1.00000E-05 1.00000E-05 1.00000E-05
 1.00000E-05 1.00000E-05 1.00000E-05 1.00000E-05 1.00000E-05 1.00000E-05 1.00000E-05 1.00000E-05
 1.00000E-05 1.00000E-05 1.00000E-05 1.00000E-05 1.00000E-05 1.00000E-05 1.00000E-05 1.00000E-05
 1.00000E-05 1.00000E-05 1.00000E-05 1.00000E-05 1.00000E-05 1.00000E-05 1.00000E-05 1.00000E-05
 1.00000E-05 1.00000E-05 1.00000E-05 1.00000E-05 1.00000E-05 1.00000E-05 1.00000E-05 1.00000E-05
 1.00000E-05 1.00000E-05 1.00000E-05 1.00000E-05 1.00000E-05 1.00000E-05 1.00000E-05 1.00000E-05
 1.00000E-05 1.00000E-05 1.00000E-05 1.00000E-05 1.00000E-05 1.00000E-05 1.00000E-05 1.00000E-05
 1.00000E-05 1.00000E-05 1.00000E-05 1.00000E-05 1.00000E-09 1.00000E-09 1.00000E-09 1.00000E-09
 1.00000E-09 1.00000E-09 1.00000E-09 1.00000E-09 1.00000E-09 1.00000E-09 1.00000E-09 1.00000E-09
 1.00000E-09 1.00000E-09 1.00000E-09 1.00000E-09 1.00000E-09 1.00000E-09 1.00000E-09 1.00000E-09
 1.00000E-09 1.00000E-09 1.00000E-09 1.00000E-09 1.00000E-09 1.00000E-09 1.00000E-09 1.00000E-09
 1.00000E-09 1.00000E-09 1.00000E-09 1.00000E-09 1.00000E-09 1.00000E-09 1.00000E-09 1.00000E-09
 1.00000E-09 1.00000E-09 1.00000E-09 1.00000E-09 1.00000E-09 1.00000E-09 1.00000E-09 1.00000E-09
 1.00000E-09 1.00000E-09 1.00000E-09 1.00000E-09 1.00000E-09 1.00000E-09 1.00000E-09 1.00000E-09
 1.00000E-09 1.00000E-09 1.00000E-09 1.00000E-09 1.00000E-09 1.00000E-09 1.00000E-09 1.00000E-09
 1.00000E-09 1.00000E-09 1.00000E-09 1.00000E-09 1.00000E-09 1.00000E-09 1.00000E-09 1.00000E-09
 1.00000E-09 1.00000E-09 1.00000E-09 1.00000E-09 1.00000E-09 1.00000E-09 1.00000E-09 1.00000E-09
 1.00000E-09 1.00000E-09 1.00000E-09 1.00000E-09 1.00000E-09 1.00000E-09 1.00000E-09 1.00000E-09
 1.00000E-09 1.00000E-09 1.00000E-09 1.00000E-09 1.00000E-09 1.00000E-09 1.00000E-09 1.00000E-09
 1.00000E-09 1.00000E-09 1.00000E-09 1.00000E-09 1.00000E-09 1.00000E-09 1.00000E-09 1.00000E-09
 1.00000E-09 1.00000E-09 1.00000E-09 1.00000E-09 1.00000E-09 1.00000E-09 1.00000E-09 1.00000E-09
 1.00000E-09 1.00000E-09 1.00000E-09 1.00000E-09 1.00000E-09 1.00000E-09 1.00000E-09 1.00000E-09
 1.00000E-09 1.00000E-09 1.00000E-09 1.00000E-09 1.00000E-09 1.00000E-09 1.00000E-09 1.00000E-09
 1.00000E-09 1.00000E-09 1.00000E-09 1.00000E-09 1.00000E-09 1.00000E-09 1.00000E-09 1.00000E-09
 1.00000E-09 1.00000E-09 1.00000E-09 1.00000E-09 1.00000E-09 1.00000E-09 1.00000E-09 1.00000E-09
 1.00000E-09 1.00000E-09 1.00000E-09 1.00000E-09 1.00000E-09 1.00000E-09 1.00000E-09 1.00000E-09
 1.00000E-09 1.00000E-09 1.00000E-09 1.00000E-09 1.00000E-09 1.00000E-09 1.00000E-09 1.00000E-09
 1.00000E-09 1.00000E-09 1.00000E-09 1.00000E-09 1.00000E-09 1.00000E-09 1.00000E-09 1.00000E-09
 1.00000E-09 1.00000E-09 1.00000E-09 1.00000E-09 1.00000E-09 1.00000E-09 1.00000E-09 1.00000E-09
 1.00000E-09 1.00000E-09 1.00000E-09 1.00000E-09 1.00000E-09 1.00000E-09 1.00000E-09 1.00000E-09
 1.00000E-09 1.00000E-09 1.00000E-09 1.00000E-09 1.00000E-09 1.00000E-09 1.00000E-09 1.00000E-09
 1.00000E-09 1.00000E-09 1.00000E-09 1.00000E-09 1.00000E-09 1.00000E-09 1.00000E-09 1.00000E-09
 1.00000E-09 1.00000E-09 1.00000E-09 1.00000E-09
