 4.01463E-10 5.22017E-16 1.66954E-02 1.76016E-18 1.22902E-12 3.38322E-10 1.24539E-08 1.62975E-20
 1.93839E-03 4.00000E-03 4.02629E-05 7.93392E-10 2.74838E-12 1.23179E-07 6.51119E-13 4.58213E-11
 8.05582E-20 1.80854E-11 4.54508E-14 2.03569E-14 2.93233E-16 9.01849E-36 2.15248E-08 1.89772E-18
 5.11982E-24 5.85972E-21 8.55114E-13 4.32084E-17 1.03962E-10 2.84499E-18 8.11997E-19 7.36784E-11
 1.06224E-15 1.23385E-12 4.85561E-10 6.43753E-16 1.36878E-02 2.25842E-18 1.40634E-12 4.30163E-10
 1.34437E-08 2.10724E-20 1.93839E-03 3.99998E-03 4.02629E-05 9.93539E-10 2.89208E-12 1.23086E-07
 8.15458E-13 5.25730E-11 1.17896E-19 2.46724E-11 8.33235E-14 2.06976E-14 4.28944E-16 2.04005E-35
 2.15229E-08 2.73423E-18 7.29078E-24 7.80460E-21 1.29660E-12 6.00212E-17 1.04912E-10 4.47180E-18
 2.30922E-18 1.26504E-10 1.92523E-15 2.13000E-12 6.07691E-10 7.94193E-16 1.10224E-02 2.89137E-18
 1.59643E-12 5.81442E-10 1.45340E-08 2.72689E-20 1.93839E-03 3.99996E-03 4.02630E-05 1.31344E-09
 2.95687E-12 1.22987E-07 1.01021E-12 5.96665E-11 1.70357E-19 3.20579E-11 1.53672E-13 2.07671E-14
 6.22919E-16 4.69051E-35 2.15208E-08 3.80716E-18 1.02734E-23 1.03802E-20 1.94753E-12 7.85844E-17
 1.05322E-10 6.31534E-18 5.20545E-18 1.82884E-10 2.96734E-15 3.06271E-12 7.66196E-10 9.79382E-16
 8.77415E-03 3.74331E-18 1.82476E-12 7.94973E-10 1.57211E-08 3.57031E-20 1.93839E-03 3.99994E-03
 4.02630E-05 1.75592E-09 3.02599E-12 1.22881E-07 1.23722E-12 6.70986E-11 2.46078E-19 3.98689E-11
 2.90194E-13 2.05728E-14 8.95084E-16 1.12862E-34 2.15186E-08 5.22170E-18 1.45694E-23 1.39832E-20
 2.83982E-12 9.92946E-17 1.05190E-10 8.44433E-18 1.04792E-17 2.43513E-10 4.21275E-15 4.01647E-12
 9.54378E-10 1.20558E-15 6.84933E-03 4.89559E-18 2.09406E-12 1.06656E-09 1.69983E-08 4.71324E-20
 1.93839E-03 3.99991E-03 4.02631E-05 2.30881E-09 3.10081E-12 1.22768E-07 1.50006E-12 7.47432E-11
 3.55554E-19 4.72554E-11 5.63111E-13 2.00690E-14 1.27844E-15 2.86766E-34 2.15162E-08 7.11950E-18
 2.08627E-23 1.91146E-20 3.97499E-12 1.22565E-16 1.04519E-10 1.09261E-17 1.96967E-17 3.07623E-10
 5.64641E-15 4.95841E-12 1.16981E-09 1.47998E-15 5.26684E-03 6.48267E-18 2.41171E-12 1.39785E-09
 1.83544E-08 6.27714E-20 1.93839E-03 3.99989E-03 4.02632E-05 2.97271E-09 3.19076E-12 1.22648E-07
 1.79805E-12 8.22851E-11 5.14284E-19 5.37276E-11 1.12246E-12 1.92096E-14 1.79713E-15 7.76649E-34
 2.15136E-08 9.69046E-18 3.02575E-23 2.66142E-20 5.37235E-12 1.48781E-16 1.03321E-10 1.38354E-17
 3.53429E-17 3.74140E-10 7.28251E-15 5.85596E-12 1.41183E-09 1.81479E-15 3.89712E-03 8.60564E-18
 2.77638E-12 1.79299E-09 1.97728E-08 8.37818E-20 1.93839E-03 3.99986E-03 4.02633E-05 3.75379E-09
 3.29792E-12 1.22520E-07 2.12057E-12 8.91593E-11 7.32615E-19 5.89974E-11 2.22787E-12 1.80483E-14
 2.52329E-15 2.19629E-33 2.15108E-08 1.31855E-17 4.41504E-23 3.76962E-20 7.06063E-12 1.78231E-16
 1.01619E-10 1.72586E-17 6.10306E-17 4.41703E-10 9.14375E-15 6.67742E-12 1.68073E-09 2.22475E-15
 2.84104E-03 1.14558E-17 3.19469E-12 2.25781E-09 2.12311E-08 1.12293E-19 1.93839E-03 3.99983E-03
 4.02635E-05 4.66194E-09 3.44778E-12 1.22385E-07 2.44175E-12 9.44695E-11 1.01863E-18 6.29618E-11
 4.28960E-12 1.65948E-14 3.42735E-15 6.44741E-33 2.15078E-08 1.79313E-17 6.46574E-23 5.45405E-20
 9.07617E-12 2.11026E-16 9.94454E-11 2.12944E-17 1.01794E-16 5.08629E-10 1.12576E-14 7.39184E-12
 1.97742E-09 2.74554E-15 2.18098E-03 1.52595E-17 3.69436E-12 2.79985E-09 2.27014E-08 1.52608E-19
 1.93839E-03 3.99980E-03 4.02636E-05 5.71010E-09 3.69910E-12 1.22241E-07 2.71013E-12 9.74244E-11
 1.35468E-18 6.57034E-11 7.41379E-12 1.50988E-14 4.23295E-15 1.85557E-32 2.15046E-08 2.43377E-17
 9.41782E-23 8.07765E-20 1.14639E-11 2.47000E-16 9.68387E-11 2.60493E-17 1.62366E-16 5.72916E-10
 1.36523E-14 7.96856E-12 2.30279E-09 3.41532E-15 1.80105E-03 2.02294E-17 4.29964E-12 3.42807E-09
 2.41521E-08 2.10082E-19 1.93839E-03 3.99977E-03 4.02639E-05 6.91262E-09 4.06643E-12 1.22089E-07
 2.90192E-12 9.80594E-11 1.71286E-18 6.74395E-11 1.12638E-11 1.36886E-14 4.69829E-15 5.04148E-32
 2.15011E-08 3.28786E-17 1.35561E-22 1.21426E-19 1.42777E-11 2.85627E-16 9.38390E-11 3.16096E-17
 2.46924E-16 6.32181E-10 1.63049E-14 8.37946E-12 2.66943E-09 4.26729E-15 1.53462E-03 2.66632E-17
 5.01440E-12 4.17679E-09 2.55943E-08 2.90823E-19 1.93839E-03 3.99973E-03 4.02641E-05 8.32991E-09
 4.52646E-12 1.21923E-07 3.03351E-12 9.70005E-11 2.08775E-18 6.84867E-11 1.56864E-11 1.23482E-14
 4.92206E-15 1.30863E-31 2.14972E-08 4.44073E-17 1.93121E-22 1.83408E-19 1.76911E-11 3.27355E-16
 9.03682E-11 3.79323E-17 3.61663E-16 6.85349E-10 1.92143E-14 8.60629E-12 3.14511E-09 5.38286E-15
 1.14550E-03 3.48728E-17 5.85651E-12 5.20539E-09 2.72007E-08 4.01346E-19 1.93839E-03 3.99968E-03
 4.02645E-05 1.02522E-08 5.07648E-12 1.21712E-07 3.10657E-12 9.49704E-11 2.46087E-18 6.92121E-11
 2.04507E-11 1.12031E-14 5.77515E-15 3.26418E-31 2.14921E-08 6.19292E-17 2.72026E-22 2.77693E-19
 2.24692E-11 3.77766E-16 8.58003E-11 4.43452E-17 5.14717E-16 7.35225E-10 2.27154E-14 8.61044E-12
 3.93373E-09 6.97446E-15 7.39656E-04 4.71166E-17 7.05330E-12 7.01360E-09 2.93817E-08 5.76575E-19
 1.93840E-03 3.99959E-03 4.02651E-05 1.35809E-08 5.90111E-12 1.21369E-07 3.07415E-12 9.27964E-11
 2.87194E-18 7.01181E-11 2.49462E-11 1.05350E-14 7.88052E-15 7.82276E-31 2.14835E-08 9.51600E-17
 3.82002E-22 4.28707E-19 3.10280E-11 4.52463E-16 7.81487E-11 4.84386E-17 7.07072E-16 7.83232E-10
 2.79786E-14 8.19892E-12 5.42266E-09 9.36608E-15 6.03645E-04 7.04333E-17 9.04419E-12 1.05988E-08
 3.26960E-08 9.25783E-19 1.93840E-03 3.99942E-03 4.02665E-05 2.00659E-08 7.31344E-12 1.20698E-07
 2.90526E-12 9.06832E-11 3.52032E-18 6.97278E-11 3.04141E-11 1.03278E-14 8.94563E-15 1.96344E-30
 2.14662E-08 1.70472E-16 5.50865E-22 6.93972E-19 4.83711E-11 5.79292E-16 6.23776E-11 4.45609E-17
 9.04283E-16 7.96059E-10 3.60004E-14 6.84523E-12 8.25208E-09 1.28567E-14 5.90723E-04 1.16300E-16
 1.22886E-11 1.77418E-08 3.72615E-08 1.64130E-18 1.93840E-03 3.99907E-03 4.02695E-05 3.26679E-08
 9.47224E-12 1.19380E-07 2.55670E-12 8.58828E-11 4.43963E-18 6.66857E-11 3.86971E-11 1.00167E-14
 8.29391E-15 5.67706E-30 2.14308E-08 3.46107E-16 8.35669E-22 1.19762E-18 8.37788E-11 7.81659E-16
 4.30807E-11 3.39442E-17 1.13645E-15 8.08974E-10 4.86177E-14 4.58318E-12 1.31126E-08 1.74922E-14
 5.91245E-04 2.01555E-16 1.71319E-11 3.05074E-08 4.21961E-08 3.04135E-18 1.93841E-03 3.99843E-03
 4.02749E-05 5.43563E-08 1.23030E-11 1.17051E-07 2.20318E-12 8.03196E-11 5.76150E-18 5.98961E-11
 5.15610E-11 9.45081E-15 7.26791E-15 1.69520E-29 2.13655E-08 7.26843E-16 1.34015E-21 2.07279E-18
 1.49050E-10 1.04743E-15 2.46644E-11 2.11067E-17 1.40674E-15 8.13957E-10 6.72573E-14 2.38603E-12
 2.01182E-08 2.28819E-14 5.92048E-04 3.39129E-16 2.34531E-11 4.94544E-08 4.59516E-08 5.47396E-18
 1.93842E-03 3.99742E-03 4.02829E-05 8.48859E-08 1.55309E-11 1.13594E-07 1.91791E-12 7.43407E-11
 7.33235E-18 5.00623E-11 6.78824E-11 8.44277E-15 5.97472E-15 4.57355E-29 2.12643E-08 1.43154E-15
 2.20505E-21 3.38795E-18 2.50267E-10 1.30337E-15 1.18256E-11 1.12599E-17 1.71979E-15 8.04539E-10
 9.02848E-14 1.03475E-12 2.87051E-08 2.86725E-14 5.93100E-04 5.33506E-16 3.07931E-11 7.30882E-08
 4.79035E-08 9.22697E-18 1.93844E-03 3.99609E-03 4.02921E-05 1.20586E-07 1.89088E-11 1.09196E-07
 1.69675E-12 6.79781E-11 8.86007E-18 3.93471E-11 8.54485E-11 7.11506E-15 4.57742E-15 1.06746E-28
 2.11296E-08 2.53859E-15 3.59653E-21 5.13066E-18 3.84973E-10 1.47336E-15 4.97263E-12 5.44886E-18
 2.08070E-15 7.81675E-10 1.14010E-13 4.04734E-13 3.83424E-08 3.49532E-14 5.94368E-04 7.89721E-16
 3.88373E-11 9.97203E-08 4.85517E-08 1.46471E-17 1.93847E-03 3.99444E-03 4.02998E-05 1.58150E-07
 2.23988E-11 1.04005E-07 1.50707E-12 6.12418E-11 1.01044E-17 2.94477E-11 1.02565E-10 5.73597E-15
 3.30384E-15 2.23370E-28 2.09631E-08 4.12381E-15 5.74782E-21 7.33440E-18 5.51453E-10 1.53748E-15
 1.87752E-12 2.41438E-18 2.48926E-15 7.49102E-10 1.36003E-13 1.45340E-13 4.82827E-08 4.21740E-14
 5.95777E-04 1.10916E-15 4.72214E-11 1.26816E-07 4.86717E-08 2.20654E-17 1.93849E-03 3.99255E-03
 4.03021E-05 1.93950E-07 2.59587E-11 9.83005E-08 1.33750E-12 5.44820E-11 1.09119E-17 2.14278E-11
 1.17805E-10 4.51480E-15 2.29733E-15 4.33589E-28 2.07716E-08 6.23613E-15 8.92060E-21 1.00749E-17
 7.42996E-10 1.51259E-15 6.56946E-13 9.96573E-19 2.94568E-15 7.11112E-10 1.54480E-13 4.87750E-14
 5.78987E-08 5.09986E-14 5.97239E-04 1.49328E-15 5.56983E-11 1.52145E-07 4.88654E-08 3.18571E-17
 1.93851E-03 3.99051E-03 4.02946E-05 2.25510E-07 2.95503E-11 9.23700E-08 1.18583E-12 4.80464E-11
 1.12696E-17 1.54684E-11 1.30621E-10 3.52843E-15 1.57094E-15 8.01976E-28 2.05631E-08 8.93340E-15
 1.34055E-20 1.34834E-17 9.51460E-10 1.43072E-15 2.18801E-13 3.90104E-19 3.45295E-15 6.71145E-10
 1.68727E-13 1.55679E-14 6.68140E-08 6.21767E-14 5.98677E-04 1.94578E-15 6.41623E-11 1.74353E-07
 4.94297E-08 4.44994E-17 1.93853E-03 3.98839E-03 4.02734E-05 2.51776E-07 3.31448E-11 8.64429E-08
 1.05179E-12 4.21364E-11 1.12538E-17 1.12298E-11 1.41134E-10 2.76387E-15 1.06976E-15 1.43752E-27
 2.03451E-08 1.22980E-14 1.95340E-20 1.77306E-17 1.16949E-09 1.31873E-15 7.05976E-14 1.46922E-19
 4.01737E-15 6.31509E-10 1.78852E-13 4.79323E-15 7.48047E-08 7.65161E-14 6.00018E-04 2.47199E-15
 7.25756E-11 1.92764E-07 5.04370E-08 6.05766E-17 1.93855E-03 3.98628E-03 4.02362E-05 2.72526E-07
 3.67115E-11 8.07391E-08 9.34620E-13 3.68189E-11 1.09620E-17 8.26810E-12 1.49713E-10 2.17674E-15
 7.29174E-16 2.51462E-27 2.01256E-08 1.64004E-14 2.76591E-20 2.29829E-17 1.38895E-09 1.19309E-15
 2.24718E-14 5.42543E-20 4.65175E-15 5.93993E-10 1.85443E-13 1.45024E-15 8.18123E-08 9.49002E-14
 6.01207E-04 3.08041E-15 8.09664E-11 2.07373E-07 5.18309E-08 8.08522E-17 1.93856E-03 3.98424E-03
 4.01825E-05 2.88224E-07 4.02403E-11 7.54236E-08 8.32888E-13 3.20985E-11 1.04889E-17 6.19628E-12
 1.56735E-10 1.72344E-15 4.98115E-16 4.29931E-27 1.99118E-08 2.12851E-14 3.81728E-20 2.93849E-17
 1.60278E-09 1.06360E-15 7.18459E-15 2.00620E-20 5.37404E-15 5.59757E-10 1.89343E-13 4.40059E-16
 8.79488E-08 1.18365E-13 6.02223E-04 3.78446E-15 8.94282E-11 2.18723E-07 5.35095E-08 1.06393E-16
 1.93856E-03 3.98230E-03 4.01131E-05 2.99826E-07 4.37615E-11 7.05437E-08 7.45704E-13 2.79890E-11
 9.92557E-18 4.72428E-12 1.62475E-10 1.37258E-15 3.41982E-16 7.18313E-27 1.97066E-08 2.70018E-14
 5.15752E-20 3.70828E-17 1.80796E-09 9.37248E-16 2.32913E-15 7.54315E-21 6.20043E-15 5.29053E-10
 1.91356E-13 1.35841E-16 9.33589E-08 1.48168E-13 6.03061E-04 4.60051E-15 9.80661E-11 2.27450E-07
 5.53609E-08 1.38615E-16 1.93856E-03 3.98047E-03 4.00291E-05 3.08284E-07 4.73252E-11 6.61018E-08
 6.73235E-13 2.45172E-11 9.35348E-18 3.66391E-12 1.67098E-10 1.10273E-15 2.37564E-16 1.16952E-26
 1.95114E-08 3.35742E-14 6.84616E-20 4.62005E-17 2.00312E-09 8.19499E-16 7.73635E-16 2.95454E-21
 7.14537E-15 5.01793E-10 1.92087E-13 4.36368E-17 9.81694E-08 1.85825E-13 6.03723E-04 5.54746E-15
 1.06977E-10 2.34130E-07 5.72754E-08 1.79351E-16 1.93854E-03 3.97876E-03 3.99323E-05 3.14398E-07
 5.09852E-11 6.20841E-08 6.15367E-13 2.16728E-11 8.83229E-18 2.89237E-12 1.70739E-10 8.96691E-16
 1.68243E-16 1.85046E-26 1.93270E-08 4.09888E-14 8.95251E-20 5.68287E-17 2.18754E-09 7.13724E-16
 2.69011E-16 1.27162E-21 8.22366E-15 4.77765E-10 1.91945E-13 1.53556E-17 1.02490E-07 2.33099E-13
 6.04217E-04 6.64857E-15 1.16238E-10 2.39264E-07 5.91597E-08 2.30904E-16 1.93853E-03 3.97716E-03
 3.98241E-05 3.18803E-07 5.47752E-11 5.84532E-08 5.69953E-13 1.93579E-11 8.38136E-18 2.32365E-12
 1.73587E-10 7.37865E-16 1.21607E-16 2.85049E-26 1.91529E-08 4.92318E-14 1.15649E-19 6.90626E-17
 2.36168E-09 6.20650E-16 1.02449E-16 6.61513E-22 9.45551E-15 4.56619E-10 1.91243E-13 6.50329E-18
 1.06403E-07 2.92066E-13 6.04554E-04 7.93123E-15 1.25911E-10 2.43249E-07 6.09371E-08 2.96165E-16
 1.93850E-03 3.97566E-03 3.97060E-05 3.21969E-07 5.87175E-11 5.51656E-08 5.35069E-13 1.74805E-11
 8.00819E-18 1.89936E-12 1.75796E-10 6.14095E-16 8.97293E-17 4.28895E-26 1.89881E-08 5.82797E-14
 1.47936E-19 8.29941E-17 2.52642E-09 5.39995E-16 4.65355E-17 4.56427E-22 1.08650E-14 4.37982E-10
 1.90190E-13 3.64671E-18 1.09970E-07 3.65215E-13 6.04744E-04 9.42670E-15 1.36049E-10 2.46384E-07
 6.25474E-08 3.78809E-16 1.93847E-03 3.97425E-03 3.95786E-05 3.24242E-07 6.28369E-11 5.21757E-08
 5.09976E-13 1.59889E-11 7.72492E-18 1.58029E-12 1.77459E-10 5.17629E-16 6.78067E-17 6.31677E-26
 1.88315E-08 6.80977E-14 1.87727E-19 9.87039E-17 2.68298E-09 4.71271E-16 2.75797E-17 4.10991E-22
 1.24766E-14 4.21493E-10 1.88898E-13 2.67562E-18 1.13240E-07 4.55509E-13 6.04796E-04 1.11705E-14
 1.46694E-10 2.48889E-07 6.39437E-08 4.83488E-16 1.93844E-03 3.97291E-03 3.94427E-05 3.25874E-07
 6.71585E-11 4.94418E-08 4.94617E-13 1.48511E-11 7.54563E-18 1.33959E-12 1.78636E-10 4.42983E-16
 5.27358E-17 9.11888E-26 1.86819E-08 7.86388E-14 2.36633E-19 1.16257E-16 2.83261E-09 4.13715E-16
 2.12653E-17 4.34574E-22 1.43151E-14 4.06831E-10 1.87419E-13 2.31156E-18 1.16228E-07 5.66330E-13
 6.04716E-04 1.32027E-14 1.57879E-10 2.50912E-07 6.50817E-08 6.16026E-16 1.93840E-03 3.97165E-03
 3.92994E-05 3.27035E-07 7.16984E-11 4.69454E-08 4.89139E-13 1.40376E-11 7.48202E-18 1.15931E-12
 1.79375E-10 3.85661E-16 4.23861E-17 1.29154E-25 1.85390E-08 8.97776E-14 2.96532E-19 1.35653E-16
 2.97544E-09 3.66407E-16 1.94153E-17 4.94405E-22 1.64134E-14 3.93818E-10 1.85800E-13 2.15030E-18
 1.18953E-07 7.01596E-13 6.04509E-04 1.55696E-14 1.69631E-10 2.52568E-07 6.59314E-08 7.83788E-16
 1.93836E-03 3.97045E-03 3.91498E-05 3.27862E-07 7.64720E-11 4.46617E-08 4.94077E-13 1.35283E-11
 7.54732E-18 1.02591E-12 1.79712E-10 3.42237E-16 3.53433E-17 1.79683E-25 1.84024E-08 1.01380E-13
 3.69700E-19 1.56879E-16 3.11207E-09 3.28237E-16 1.92058E-17 5.79680E-22 1.88062E-14 3.82257E-10
 1.84050E-13 2.06052E-18 1.21454E-07 8.66030E-13 6.04179E-04 1.83231E-14 1.81993E-10 2.53957E-07
 6.64748E-08 9.96297E-16 1.93832E-03 3.96929E-03 3.89930E-05 3.28476E-07 8.15188E-11 4.25491E-08
 5.10958E-13 1.33269E-11 7.76330E-18 9.28868E-13 1.79649E-10 3.10538E-16 3.07405E-17 2.45373E-25
 1.82702E-08 1.13363E-13 4.58862E-19 1.79927E-16 3.24427E-09 2.97982E-16 1.96607E-17 6.88606E-22
 2.15173E-14 3.71876E-10 1.82090E-13 1.99860E-18 1.23745E-07 1.06500E-12 6.03726E-04 2.15206E-14
 1.95001E-10 2.55146E-07 6.66936E-08 1.26568E-15 1.93827E-03 3.96818E-03 3.88295E-05 3.28964E-07
 8.68810E-11 4.05899E-08 5.41531E-13 1.34348E-11 8.15005E-18 8.60911E-13 1.79189E-10 2.88555E-16
 2.79573E-17 3.28361E-25 1.81419E-08 1.25550E-13 5.67084E-19 2.04680E-16 3.37254E-09 2.74436E-16
 2.04475E-17 8.23845E-22 2.45739E-14 3.62540E-10 1.79871E-13 1.95040E-18 1.25830E-07 1.30444E-12
 6.03157E-04 2.52298E-14 2.08682E-10 2.56187E-07 6.65797E-08 1.60723E-15 1.93822E-03 3.96711E-03
 3.86609E-05 3.29391E-07 9.25867E-11 3.87811E-08 5.87375E-13 1.38426E-11 8.72208E-18 8.16330E-13
 1.78351E-10 2.74262E-16 2.65241E-17 4.30602E-25 1.80180E-08 1.37704E-13 6.97935E-19 2.30963E-16
 3.49646E-09 2.56326E-16 2.14537E-17 9.90674E-22 2.80156E-14 3.54189E-10 1.77411E-13 1.91142E-18
 1.27724E-07 1.59110E-12 6.02473E-04 2.95290E-14 2.23068E-10 2.57139E-07 6.61367E-08 2.04052E-15
 1.93817E-03 3.96608E-03 3.84876E-05 3.29812E-07 9.86722E-11 3.71089E-08 6.50552E-13 1.45470E-11
 9.49572E-18 7.90215E-13 1.77139E-10 2.66116E-16 2.61434E-17 5.53514E-25 1.78980E-08 1.49653E-13
 8.55705E-19 2.58605E-16 3.61638E-09 2.42395E-16 2.26520E-17 1.19641E-21 3.18800E-14 3.46715E-10
 1.74708E-13 1.88001E-18 1.29450E-07 1.93238E-12 6.01673E-04 3.45113E-14 2.38197E-10 2.58065E-07
 6.53730E-08 2.59058E-15 1.93811E-03 3.96508E-03 3.83090E-05 3.30276E-07 1.05173E-10 3.55527E-08
 7.33494E-13 1.55474E-11 1.04880E-17 7.78658E-13 1.75555E-10 2.62830E-16 2.66153E-17 6.98218E-25
 1.77812E-08 1.61303E-13 1.04568E-18 2.87448E-16 3.73323E-09 2.31521E-16 2.40532E-17 1.45066E-21
 3.62059E-14 3.39988E-10 1.71765E-13 1.85568E-18 1.31027E-07 2.33583E-12 6.00757E-04 4.02917E-14
 2.54093E-10 2.59031E-07 6.43069E-08 3.28883E-15 1.93805E-03 3.96411E-03 3.81259E-05 3.30821E-07
 1.12093E-10 3.41043E-08 8.38590E-13 1.68359E-11 1.17148E-17 7.78733E-13 1.73608E-10 2.63134E-16
 2.77756E-17 8.67617E-25 1.76673E-08 1.72550E-13 1.27449E-18 3.17340E-16 3.84711E-09 2.22796E-16
 2.56791E-17 1.76582E-21 4.10582E-14 3.33938E-10 1.68660E-13 1.83865E-18 1.32473E-07 2.80935E-12
 5.99732E-04 4.70110E-14 2.70784E-10 2.60105E-07 6.29657E-08 4.17506E-15 1.93799E-03 3.96317E-03
 3.79393E-05 3.31489E-07 1.19421E-10 3.27620E-08 9.68678E-13 1.84095E-11 1.31970E-17 7.88218E-13
 1.71304E-10 2.66042E-16 2.95129E-17 1.06696E-24 1.75567E-08 1.83302E-13 1.55043E-18 3.48140E-16
 3.95767E-09 2.15515E-16 2.75602E-17 2.15781E-21 4.65221E-14 3.28525E-10 1.65494E-13 1.82939E-18
 1.33819E-07 3.36174E-12 5.98605E-04 5.48355E-14 2.88329E-10 2.61353E-07 6.13789E-08 5.30100E-15
 1.93793E-03 3.96226E-03 3.77509E-05 3.32343E-07 1.27177E-10 3.15238E-08 1.12760E-12 2.02797E-11
 1.49631E-17 8.05428E-13 1.68635E-10 2.70987E-16 3.17798E-17 1.30127E-24 1.74499E-08 1.93460E-13
 1.88333E-18 3.79653E-16 4.06450E-09 2.09131E-16 2.97423E-17 2.64730E-21 5.26801E-14 3.23710E-10
 1.62337E-13 1.82833E-18 1.35105E-07 4.00283E-12 5.97388E-04 6.39644E-14 3.06808E-10 2.62833E-07
 5.95799E-08 6.73378E-15 1.93787E-03 3.96138E-03 3.75625E-05 3.33467E-07 1.35397E-10 3.03905E-08
 1.31965E-12 2.24590E-11 1.70428E-17 8.28906E-13 1.65591E-10 2.77517E-16 3.45368E-17 1.57585E-24
 1.73474E-08 2.02885E-13 2.28492E-18 4.11649E-16 4.16698E-09 2.03198E-16 3.22841E-17 3.26107E-21
 5.96193E-14 3.19465E-10 1.59249E-13 1.83594E-18 1.36389E-07 4.74172E-12 5.96090E-04 7.46395E-14
 3.26322E-10 2.64604E-07 5.75912E-08 8.55944E-15 1.93781E-03 3.96054E-03 3.73749E-05 3.34971E-07
 1.44094E-10 2.93549E-08 1.54915E-12 2.49559E-11 1.94664E-17 8.57383E-13 1.62165E-10 2.85100E-16
 3.77280E-17 1.89899E-24 1.72492E-08 2.11436E-13 2.77021E-18 4.43865E-16 4.26513E-09 1.97313E-16
 3.52813E-17 4.03524E-21 6.74413E-14 3.15734E-10 1.56262E-13 1.85339E-18 1.37744E-07 5.58818E-12
 5.94708E-04 8.71339E-14 3.47041E-10 2.66719E-07 5.54165E-08 1.08929E-14 1.93774E-03 3.95973E-03
 3.71880E-05 3.37006E-07 1.53369E-10 2.84052E-08 1.82154E-12 2.77934E-11 2.22611E-17 8.89686E-13
 1.58329E-10 2.93432E-16 4.13197E-17 2.26916E-24 1.71548E-08 2.18887E-13 3.35606E-18 4.75752E-16
 4.35951E-09 1.91054E-16 3.88888E-17 5.02015E-21 7.62005E-14 3.12448E-10 1.53314E-13 1.88236E-18
 1.39247E-07 6.55436E-12 5.93247E-04 1.01746E-13 3.69201E-10 2.69215E-07 5.30569E-08 1.38902E-14
 1.93768E-03 3.95894E-03 3.70019E-05 3.39751E-07 1.63439E-10 2.75340E-08 2.14303E-12 3.10014E-11
 2.54357E-17 9.24334E-13 1.54051E-10 3.02313E-16 4.52659E-17 2.66422E-24 1.70640E-08 2.24877E-13
 4.05942E-18 5.06424E-16 4.45035E-09 1.83989E-16 4.33181E-17 6.28564E-21 8.58821E-14 3.09559E-10
 1.50272E-13 1.92453E-18 1.40974E-07 7.65457E-12 5.91711E-04 1.18804E-13 3.93089E-10 2.72111E-07
 5.05161E-08 1.77636E-14 1.93761E-03 3.95818E-03 3.68173E-05 3.43386E-07 1.74609E-10 2.67361E-08
 2.51983E-12 3.46049E-11 2.89691E-17 9.59461E-13 1.49303E-10 3.11440E-16 4.94648E-17 3.03865E-24
 1.69767E-08 2.28988E-13 4.89676E-18 5.34757E-16 4.53766E-09 1.75732E-16 4.88485E-17 7.92873E-21
 9.64092E-14 3.07029E-10 1.46971E-13 1.98176E-18 1.43005E-07 8.90478E-12 5.90097E-04 1.38657E-13
 4.19068E-10 2.75436E-07 4.77887E-08 2.28057E-14 1.93755E-03 3.95743E-03 3.66336E-05 3.48101E-07
 1.87316E-10 2.60023E-08 2.95866E-12 3.86344E-11 3.28031E-17 9.93162E-13 1.44049E-10 3.20438E-16
 5.37645E-17 3.31758E-24 1.68924E-08 2.30855E-13 5.88179E-18 5.59300E-16 4.62199E-09 1.65976E-16
 5.58848E-17 1.00888E-20 1.07608E-13 3.04808E-10 1.43224E-13 2.05662E-18 1.45407E-07 1.03215E-11
 5.88399E-04 1.61685E-13 4.47540E-10 2.79225E-07 4.48815E-08 2.94169E-14 1.93748E-03 3.95671E-03
 3.64500E-05 3.54062E-07 2.02060E-10 2.53243E-08 3.46523E-12 4.31075E-11 3.68365E-17 1.02352E-12
 1.38267E-10 3.28719E-16 5.79238E-17 3.42368E-24 1.68105E-08 2.30247E-13 7.02528E-18 5.78589E-16
 4.70385E-09 1.54618E-16 6.49634E-17 1.29635E-20 1.19257E-13 3.02854E-10 1.38916E-13 2.15223E-18
 1.48215E-07 1.19105E-11 5.86626E-04 1.88388E-13 4.78757E-10 2.83487E-07 4.18428E-08 3.80984E-14
 1.93741E-03 3.95599E-03 3.62670E-05 3.61337E-07 2.18989E-10 2.47001E-08 4.03998E-12 4.79816E-11
 4.09729E-17 1.04874E-12 1.32004E-10 3.35217E-16 6.15886E-17 3.35873E-24 1.67313E-08 2.27202E-13
 8.34877E-18 5.92106E-16 4.78308E-09 1.41929E-16 7.66903E-17 1.68224E-20 1.31353E-13 3.01143E-10
 1.34141E-13 2.27245E-18 1.51439E-07 1.36761E-11 5.84788E-04 2.19359E-13 5.12943E-10 2.88216E-07
 3.87389E-08 4.95035E-14 1.93735E-03 3.95530E-03 3.60854E-05 3.69926E-07 2.38194E-10 2.41285E-08
 4.67988E-12 5.31853E-11 4.51076E-17 1.06735E-12 1.25343E-10 3.39040E-16 6.44048E-17 3.15926E-24
 1.66550E-08 2.21955E-13 9.87976E-18 5.99881E-16 4.85940E-09 1.28383E-16 9.17643E-17 2.20303E-20
 1.43945E-13 2.99653E-10 1.29062E-13 2.42059E-18 1.55094E-07 1.56260E-11 5.82884E-04 2.55242E-13
 5.50449E-10 2.93414E-07 3.56190E-08 6.45251E-14 1.93728E-03 3.95462E-03 3.59047E-05 3.79861E-07
 2.59980E-10 2.36042E-08 5.38126E-12 5.86581E-11 4.91088E-17 1.07832E-12 1.18349E-10 3.39684E-16
 6.60982E-17 2.85226E-24 1.65813E-08 2.14774E-13 1.16426E-17 6.01808E-16 4.93306E-09 1.14428E-16
 1.11106E-16 2.90945E-20 1.56964E-13 2.98354E-10 1.23805E-13 2.59992E-18 1.59217E-07 1.77595E-11
 5.80903E-04 2.96746E-13 5.91712E-10 2.99110E-07 3.25142E-08 8.43571E-14 1.93721E-03 3.95395E-03
 3.57231E-05 3.91228E-07 2.84686E-10 2.31196E-08 6.13961E-12 6.43521E-11 5.28487E-17 1.08097E-12
 1.11072E-10 3.36819E-16 6.64871E-17 2.47144E-24 1.65096E-08 2.05907E-13 1.36627E-17 5.97712E-16
 5.00474E-09 1.00442E-16 1.35947E-16 3.87285E-20 1.70321E-13 2.97212E-10 1.18536E-13 2.81486E-18
 1.63820E-07 2.00784E-11 5.78838E-04 3.44656E-13 6.37176E-10 3.05292E-07 2.94663E-08 1.10595E-13
 1.93714E-03 3.95329E-03 3.55399E-05 4.04068E-07 3.12699E-10 2.26706E-08 6.94784E-12 7.01991E-11
 5.61945E-17 1.07476E-12 1.03589E-10 3.30333E-16 6.54718E-17 2.05621E-24 1.64397E-08 1.95652E-13
 1.59658E-17 5.87803E-16 5.07471E-09 8.68233E-17 1.67625E-16 5.18676E-20 1.83927E-13 2.96203E-10
 1.13619E-13 3.06729E-18 1.68875E-07 2.25994E-11 5.76702E-04 3.99825E-13 6.87252E-10 3.11891E-07
 2.65301E-08 1.45390E-13 1.93708E-03 3.95264E-03 3.53554E-05 4.18307E-07 3.44538E-10 2.22565E-08
 7.79603E-12 7.60967E-11 5.90028E-17 1.05951E-12 9.60176E-11 3.20395E-16 6.30676E-17 1.64298E-24
 1.63717E-08 1.84407E-13 1.85720E-17 5.72809E-16 5.14273E-09 7.39895E-17 2.07329E-16 6.96426E-20
 1.97670E-13 2.95316E-10 1.09858E-13 3.35346E-18 1.74384E-07 2.53327E-11 5.74485E-04 4.63128E-13
 7.42465E-10 3.18878E-07 2.37316E-08 1.91646E-13 1.93701E-03 3.95199E-03 3.51684E-05 4.33963E-07
 3.80851E-10 2.18732E-08 8.67599E-12 8.19748E-11 6.11562E-17 1.03548E-12 8.84365E-11 3.07321E-16
 5.94128E-17 1.25803E-24 1.63053E-08 1.72485E-13 2.14953E-17 5.53175E-16 5.20914E-09 6.21777E-17
 2.56494E-16 9.34880E-20 2.11395E-13 2.94529E-10 1.08893E-13 3.66936E-18 1.80361E-07 2.82796E-11
 5.72173E-04 5.35475E-13 8.03370E-10 3.26244E-07 2.10868E-08 2.53214E-13 1.93694E-03 3.95134E-03
 3.49771E-05 4.51082E-07 4.22292E-10 2.15158E-08 9.57977E-12 8.77732E-11 6.25778E-17 1.00319E-12
 8.09101E-11 2.91506E-16 5.47289E-17 9.22202E-25 1.62400E-08 1.60167E-13 2.47474E-17 5.29410E-16
 5.27447E-09 5.15247E-17 3.16670E-16 1.25145E-19 2.24974E-13 2.93823E-10 1.14071E-13 4.00956E-18
 1.86767E-07 3.14533E-11 5.69766E-04 6.17882E-13 8.70371E-10 3.33923E-07 1.86243E-08 3.35157E-13
 1.93687E-03 3.95070E-03 3.47811E-05 4.69572E-07 4.69463E-10 2.11827E-08 1.04977E-11 9.33960E-11
 6.32401E-17 9.63789E-13 7.35460E-11 2.73519E-16 4.93209E-17 6.49398E-25 1.61757E-08 1.47821E-13
 2.83435E-17 5.02652E-16 5.33874E-09 4.21623E-17 3.88807E-16 1.66445E-19 2.38371E-13 2.93187E-10
 1.31998E-13 4.36245E-18 1.93553E-07 3.48613E-11 5.67263E-04 7.11526E-13 9.43782E-10 3.41849E-07
 1.63634E-08 4.44021E-13 1.93679E-03 3.95005E-03 3.45797E-05 4.89316E-07 5.22802E-10 2.08722E-08
 1.14216E-11 9.87590E-11 6.31938E-17 9.18744E-13 6.64375E-11 2.54018E-16 4.35268E-17 4.43035E-25
 1.61124E-08 1.35786E-13 3.23134E-17 4.74153E-16 5.40203E-09 3.41244E-17 4.73462E-16 2.19301E-19
 2.51655E-13 2.92609E-10 1.74228E-13 4.71571E-18 2.00641E-07 3.85158E-11 5.64668E-04 8.17871E-13
 1.02377E-09 3.49936E-07 1.43182E-08 5.88194E-13 1.93672E-03 3.94941E-03 3.43727E-05 5.10126E-07
 5.82558E-10 2.05833E-08 1.23449E-11 1.03779E-10 6.25550E-17 8.69847E-13 5.96764E-11 2.33723E-16
 3.76815E-17 2.95902E-25 1.60502E-08 1.24377E-13 3.67089E-17 4.45305E-16 5.46426E-09 2.73802E-17
 5.70431E-16 2.85528E-19 2.65000E-13 2.92080E-10 2.57600E-13 5.05627E-18 2.07910E-07 4.24425E-11
 5.62000E-04 9.38904E-13 1.11024E-09 3.58056E-07 1.25002E-08 7.78248E-13 1.93665E-03 3.94878E-03
 3.41610E-05 5.31689E-07 6.48675E-10 2.03164E-08 1.32624E-11 1.08369E-10 6.14991E-17 8.19134E-13
 5.33610E-11 2.13377E-16 3.20904E-17 1.96726E-25 1.59894E-08 1.13890E-13 4.16217E-17 4.17638E-16
 5.52507E-09 2.18563E-17 6.78345E-16 3.66611E-19 2.78717E-13 2.91596E-10 3.97423E-13 5.37126E-18
 2.15243E-07 4.66799E-11 5.59276E-04 1.07716E-12 1.20311E-09 3.66085E-07 1.09065E-08 1.02779E-12
 1.93658E-03 3.94815E-03 3.39455E-05 5.53708E-07 7.21133E-10 2.00711E-08 1.41725E-11 1.12470E-10
 6.01986E-17 7.68396E-13 4.75555E-11 1.93612E-16 2.69707E-17 1.32073E-25 1.59303E-08 1.04511E-13
 4.71693E-17 3.92262E-16 5.58419E-09 1.74179E-17 7.95247E-16 4.63830E-19 2.93097E-13 2.91149E-10
 5.86783E-13 5.65167E-18 2.22575E-07 5.12740E-11 5.56495E-04 1.23559E-12 1.30265E-09 3.73954E-07
 9.51778E-09 1.35497E-12 1.93652E-03 3.94753E-03 3.37256E-05 5.76036E-07 8.00374E-10 1.98455E-08
 1.50775E-11 1.16073E-10 5.87674E-17 7.18777E-13 4.22669E-11 1.74837E-16 2.24259E-17 9.01034E-26
 1.58727E-08 9.62860E-14 5.34664E-17 3.69568E-16 5.64175E-09 1.38857E-17 9.19469E-16 5.78531E-19
 3.08250E-13 2.90734E-10 7.61325E-13 5.89376E-18 2.29892E-07 5.62637E-11 5.53642E-04 1.41775E-12
 1.40933E-09 3.81630E-07 8.30764E-09 1.78382E-12 1.93645E-03 3.94692E-03 3.34997E-05 5.98665E-07
 8.87066E-10 1.96367E-08 1.59825E-11 1.19199E-10 5.72943E-17 6.70849E-13 3.74638E-11 1.57279E-16
 1.84738E-17 6.26291E-26 1.58163E-08 8.91774E-14 6.06440E-17 3.49570E-16 5.69817E-09 1.10795E-17
 1.04983E-15 7.12309E-19 3.24219E-13 2.90341E-10 9.08890E-13 6.09822E-18 2.37183E-07 6.16945E-11
 5.50701E-04 1.62794E-12 1.52368E-09 3.89072E-07 7.25169E-09 2.34598E-12 1.93638E-03 3.94631E-03
 3.32664E-05 6.21585E-07 9.82053E-10 1.94423E-08 1.68941E-11 1.21873E-10 5.58527E-17 6.24946E-13
 3.31093E-11 1.41061E-16 1.50907E-17 4.44265E-26 1.57607E-08 8.31476E-14 6.88591E-17 3.32218E-16
 5.75383E-09 8.84941E-18 1.18504E-15 8.66778E-19 3.41038E-13 2.89964E-10 1.03463E-12 6.26611E-18
 2.44383E-07 6.76540E-11 5.47682E-04 1.87130E-12 1.64620E-09 3.96169E-07 6.33242E-09 3.08396E-12
 1.93631E-03 3.94570E-03 3.30260E-05 6.44601E-07 1.08661E-09 1.92620E-08 1.78206E-11 1.24103E-10
 5.44851E-17 5.81531E-13 2.91914E-11 1.26248E-16 1.22464E-17 3.21752E-26 1.57059E-08 7.82079E-14
 7.82755E-17 3.17590E-16 5.80862E-09 7.08619E-18 1.32263E-15 1.04285E-18 3.58692E-13 2.89601E-10
 1.14171E-12 6.39510E-18 2.51411E-07 7.42567E-11 5.44605E-04 2.15387E-12 1.77743E-09 4.02789E-07
 5.53421E-09 4.05514E-12 1.93625E-03 3.94510E-03 3.27799E-05 6.67432E-07 1.20248E-09 1.90958E-08
 1.87727E-11 1.25894E-10 5.32112E-17 5.41015E-13 2.56996E-11 1.12826E-16 9.89675E-18 2.37588E-26
 1.56523E-08 7.43757E-14 8.90573E-17 3.05744E-16 5.86224E-09 5.70108E-18 1.45958E-15 1.24085E-18
 3.77109E-13 2.89251E-10 1.23252E-12 6.48281E-18 2.58249E-07 8.16023E-11 5.41468E-04 2.48275E-12
 1.91801E-09 4.08858E-07 4.83851E-09 5.33601E-12 1.93619E-03 3.94450E-03 3.25278E-05 6.89960E-07
 1.33178E-09 1.89424E-08 1.97642E-11 1.27270E-10 5.20486E-17 5.03411E-13 2.25943E-11 1.00713E-16
 7.97253E-18 1.78399E-26 1.55997E-08 7.16390E-14 1.01390E-16 2.96559E-16 5.91481E-09 4.61114E-18
 1.59399E-15 1.46147E-18 3.96211E-13 2.88912E-10 1.30981E-12 6.53066E-18 2.64922E-07 8.97903E-11
 5.38252E-04 2.86615E-12 2.06877E-09 4.14334E-07 4.22742E-09 7.02975E-12 1.93612E-03 3.94391E-03
 3.22680E-05 7.12172E-07 1.47732E-09 1.88000E-08 2.08115E-11 1.28262E-10 5.10015E-17 4.68518E-13
 1.98238E-11 8.97880E-17 6.40035E-18 1.35632E-26 1.55478E-08 6.99972E-14 1.15461E-16 2.89843E-16
 5.96673E-09 3.74700E-18 1.72476E-15 1.70564E-18 4.15868E-13 2.88578E-10 1.37619E-12 6.54123E-18
 2.71419E-07 9.89560E-11 5.34953E-04 3.31404E-12 2.23047E-09 4.19145E-07 3.68936E-09 9.27627E-12
 1.93606E-03 3.94332E-03 3.20001E-05 7.33905E-07 1.64252E-09 1.86675E-08 2.19342E-11 1.28881E-10
 5.00799E-17 4.36355E-13 1.73570E-11 7.99455E-17 5.12427E-18 1.04221E-26 1.54964E-08 6.94966E-14
 1.31469E-16 2.85662E-16 6.01810E-09 3.06025E-18 1.85012E-15 1.97355E-18 4.35967E-13 2.88248E-10
 1.43346E-12 6.51673E-18 2.77688E-07 1.09243E-10 5.31589E-04 3.84071E-12 2.40273E-09 4.23196E-07
 3.21857E-09 1.22520E-11 1.93600E-03 3.94273E-03 3.17254E-05 7.54828E-07 1.82948E-09 1.85449E-08
 2.31516E-11 1.29126E-10 4.93884E-17 4.07158E-13 1.51794E-11 7.11569E-17 4.10148E-18 8.18035E-27
 1.54458E-08 7.02060E-14 1.49868E-16 2.84519E-16 6.06870E-09 2.51661E-18 1.96758E-15 2.26543E-18
 4.56831E-13 2.87923E-10 1.48278E-12 6.46330E-18 2.83710E-07 1.20783E-10 5.28167E-04 4.46663E-12
 2.58423E-09 4.26430E-07 2.80891E-09 1.61716E-11 1.93594E-03 3.94215E-03 3.14443E-05 7.74682E-07
 2.03895E-09 1.84317E-08 2.44806E-11 1.29006E-10 4.90942E-17 3.81004E-13 1.32662E-11 6.34160E-17
 3.28847E-18 6.67845E-27 1.53960E-08 7.21997E-14 1.71496E-16 2.87029E-16 6.11850E-09 2.08627E-18
 2.07538E-15 2.58294E-18 4.79154E-13 2.87600E-10 1.52536E-12 6.39058E-18 2.89488E-07 1.33769E-10
 5.24685E-04 5.21719E-12 2.77455E-09 4.28803E-07 2.45277E-09 2.13271E-11 1.93589E-03 3.94157E-03
 3.11568E-05 7.93249E-07 2.27386E-09 1.83271E-08 2.59413E-11 1.28529E-10 4.92793E-17 3.57827E-13
 1.15891E-11 5.66317E-17 2.64485E-18 5.71817E-27 1.53469E-08 7.55636E-14 1.97239E-16 2.93636E-16
 6.16755E-09 1.74472E-18 2.17222E-15 2.92757E-18 5.03244E-13 2.87278E-10 1.56226E-12 6.30516E-18
 2.95019E-07 1.48462E-10 5.21155E-04 6.12451E-12 2.97397E-09 4.30277E-07 2.14343E-09 2.81228E-11
 1.93583E-03 3.94100E-03 3.08638E-05 8.10261E-07 2.53903E-09 1.82308E-08 2.75584E-11 1.27696E-10
 4.99844E-17 3.37560E-13 1.01254E-11 5.06800E-17 2.13786E-18 5.14185E-27 1.52987E-08 8.03796E-14
 2.28060E-16 3.04811E-16 6.21577E-09 1.47356E-18 2.25680E-15 3.30011E-18 5.29145E-13 2.86957E-10
 1.59422E-12 6.21144E-18 3.00338E-07 1.65142E-10 5.17574E-04 7.23270E-12 3.18209E-09 4.30832E-07
 1.87446E-09 3.70772E-11 1.93578E-03 3.94043E-03 3.05651E-05 8.25526E-07 2.83894E-09 1.81420E-08
 2.93536E-11 1.26510E-10 5.13126E-17 3.20017E-13 8.84851E-12 4.54788E-17 1.73846E-18 4.87751E-27
 1.52513E-08 8.67517E-14 2.65459E-16 3.21204E-16 6.26323E-09 1.25734E-18 2.32844E-15 3.70258E-18
 5.57148E-13 2.86636E-10 1.62199E-12 6.11472E-18 3.05518E-07 1.84151E-10 5.13918E-04 8.60028E-12
 3.39870E-09 4.30453E-07 1.63913E-09 4.88779E-11 1.93573E-03 3.93987E-03 3.02586E-05 8.38933E-07
 3.17968E-09 1.80595E-08 3.13487E-11 1.24978E-10 5.33768E-17 3.04902E-13 7.72814E-12 4.09437E-17
 1.42155E-18 4.89013E-27 1.52042E-08 9.48443E-14 3.11428E-16 3.43611E-16 6.31031E-09 1.08315E-18
 2.38703E-15 4.13753E-18 5.87487E-13 2.86312E-10 1.64629E-12 6.01893E-18 3.10627E-07 2.05955E-10
 5.10172E-04 1.03028E-11 3.62469E-09 4.29117E-07 1.43182E-09 6.44967E-11 1.93568E-03 3.93930E-03
 2.99432E-05 8.50300E-07 3.57127E-09 1.79828E-08 3.35736E-11 1.23090E-10 5.62557E-17 2.91976E-13
 6.74193E-12 3.69663E-17 1.16865E-18 5.15672E-27 1.51573E-08 1.04836E-13 3.68235E-16 3.73035E-16
 6.35718E-09 9.41751E-19 2.43229E-15 4.60636E-18 6.20042E-13 2.85983E-10 1.66759E-12 5.92536E-18
 3.15720E-07 2.31129E-10 5.06337E-04 1.24412E-11 3.86129E-09 4.26810E-07 1.24821E-09 8.52826E-11
 1.93564E-03 3.93874E-03 2.96190E-05 8.59378E-07 4.02660E-09 1.79114E-08 3.60615E-11 1.20831E-10
 6.00503E-17 2.81058E-13 5.87419E-12 3.34512E-17 9.66254E-19 5.68698E-27 1.51106E-08 1.16893E-13
 4.38779E-16 4.10861E-16 6.40387E-09 8.26521E-19 2.46386E-15 5.11020E-18 6.54610E-13 2.85650E-10
 1.68618E-12 5.83473E-18 3.20854E-07 2.60349E-10 5.02413E-04 1.51536E-11 4.10969E-09 4.23527E-07
 1.08475E-09 1.13074E-10 1.93559E-03 3.93818E-03 2.92860E-05 8.65908E-07 4.56090E-09 1.78450E-08
 3.88437E-11 1.18186E-10 6.49193E-17 2.71978E-13 5.11129E-12 3.03276E-17 8.03800E-19 6.54266E-27
 1.50641E-08 1.31186E-13 5.27060E-16 4.59021E-16 6.45036E-09 7.32293E-19 2.48157E-15 5.65085E-18
 6.91055E-13 2.85312E-10 1.70228E-12 5.74820E-18 3.26080E-07 2.94425E-10 4.98402E-04 1.86281E-11
 4.37166E-09 4.19276E-07 9.38555E-10 1.50428E-10 1.93555E-03 3.93762E-03 2.89444E-05 8.69617E-07
 5.19355E-09 1.77834E-08 4.19516E-11 1.15139E-10 7.10549E-17 2.64575E-13 4.44138E-12 2.75307E-17
 6.73026E-19 7.85588E-27 1.50178E-08 1.47892E-13 6.38359E-16 5.20143E-16 6.49663E-09 6.55010E-19
 2.48543E-15 6.23062E-18 7.29123E-13 2.84970E-10 1.71606E-12 5.66638E-18 3.31440E-07 3.34351E-10
 4.94301E-04 2.31211E-11 4.65038E-09 4.14075E-07 8.07291E-10 2.00998E-10 1.93551E-03 3.93706E-03
 2.85940E-05 8.70222E-07 5.95058E-09 1.77263E-08 4.54227E-11 1.11665E-10 7.86615E-17 2.58707E-13
 3.85395E-12 2.49928E-17 5.67446E-19 9.90230E-27 1.49717E-08 1.67201E-13 7.79307E-16 5.97839E-16
 6.54270E-09 5.91468E-19 2.47565E-15 6.85223E-18 7.68294E-13 2.84625E-10 1.72768E-12 5.58831E-18
 3.36944E-07 3.81301E-10 4.90107E-04 2.89905E-11 4.94996E-09 4.07950E-07 6.89559E-10 2.69923E-10
 1.93547E-03 3.93650E-03 2.82347E-05 8.67410E-07 6.86179E-09 1.76733E-08 4.92919E-11 1.07742E-10
 8.80174E-17 2.54259E-13 3.33998E-12 2.26630E-17 4.82025E-19 1.33174E-26 1.49258E-08 1.89312E-13
 9.58856E-16 6.97177E-16 6.58859E-09 5.39176E-19 2.45254E-15 7.52016E-18 8.07965E-13 2.84275E-10
 1.73724E-12 5.51297E-18 3.42558E-07 4.36526E-10 4.85814E-04 3.67520E-11 5.27431E-09 4.00936E-07
 5.85190E-10 3.64031E-10 1.93543E-03 3.93594E-03 2.78659E-05 8.60844E-07 7.94953E-09 1.76241E-08
 5.35650E-11 1.03373E-10 9.96088E-17 2.51159E-13 2.89197E-12 2.05312E-17 4.12873E-19 1.95428E-26
 1.48800E-08 2.14426E-13 1.19099E-15 8.25098E-16 6.63432E-09 4.96233E-19 2.41650E-15 8.24220E-18
 8.47734E-13 2.83921E-10 1.74483E-12 5.44175E-18 3.48241E-07 5.01248E-10 4.81375E-04 4.71644E-11
 5.62658E-09 3.93000E-07 4.94189E-10 4.91778E-10 1.93540E-03 3.93538E-03 2.74838E-05 8.50080E-07
 9.21828E-09 1.75782E-08 5.81912E-11 9.86175E-11 1.14272E-16 2.49344E-13 2.49987E-12 1.86271E-17
 3.56419E-19 3.17030E-26 1.48340E-08 2.43006E-13 1.49925E-15 9.91228E-16 6.68034E-09 4.60842E-19
 2.36759E-15 9.02762E-18 8.87434E-13 2.83561E-10 1.75055E-12 5.37859E-18 3.54037E-07 5.76761E-10
 4.76623E-04 6.13632E-11 6.01204E-09 3.83865E-07 4.15108E-10 6.63419E-10 1.93537E-03 3.93480E-03
 2.70739E-05 8.34204E-07 1.06662E-08 1.75337E-08 6.30703E-11 9.35797E-11 1.33356E-16 2.48759E-13
 2.14724E-12 1.69926E-17 3.08833E-19 5.65654E-26 1.47861E-08 2.76423E-13 1.92278E-15 1.21128E-15
 6.72824E-09 4.30949E-19 2.30410E-15 9.88073E-18 9.26661E-13 2.83182E-10 1.75452E-12 5.32591E-18
 3.59892E-07 6.64890E-10 4.71385E-04 8.10399E-11 6.44379E-09 3.73177E-07 3.46213E-10 8.93839E-10
 1.93534E-03 3.93418E-03 2.66213E-05 8.11885E-07 1.23107E-08 1.74895E-08 6.81501E-11 8.83147E-11
 1.58386E-16 2.49413E-13 1.82333E-12 1.56082E-17 2.67644E-19 1.07613E-25 1.47347E-08 3.16357E-13
 2.51740E-15 1.50917E-15 6.77953E-09 4.05238E-19 2.22349E-15 1.07989E-17 9.63444E-13 2.82776E-10
 1.75656E-12 5.27598E-18 3.65477E-07 7.68999E-10 4.65584E-04 1.08662E-10 6.94578E-09 3.60731E-07
 2.85650E-10 1.21001E-09 1.93532E-03 3.93351E-03 2.61192E-05 7.81861E-07 1.42337E-08 1.74455E-08
 7.35547E-11 8.27070E-11 1.90206E-16 2.51306E-13 1.52663E-12 1.43499E-17 2.31881E-19 2.09009E-25
 1.46796E-08 3.63965E-13 3.34519E-15 1.91866E-15 6.83461E-09 3.83206E-19 2.12419E-15 1.17788E-17
 9.93989E-13 2.82340E-10 1.75625E-12 5.20350E-18 3.70149E-07 8.94204E-10 4.59142E-04 1.47873E-10
 7.54564E-09 3.46313E-07 2.31942E-10 1.65640E-09 1.93530E-03 3.93281E-03 2.55611E-05 7.42677E-07
 1.65585E-08 1.74017E-08 7.94923E-11 7.65587E-11 2.29280E-16 2.54457E-13 1.25642E-12 1.31027E-17
 2.00814E-19 4.06233E-25 1.46204E-08 4.20454E-13 4.47403E-15 2.49214E-15 6.89380E-09 3.64465E-19
 2.00470E-15 1.28208E-17 1.01498E-12 2.81876E-10 1.75300E-12 5.08055E-18 3.72645E-07 1.04374E-09
 4.51967E-04 2.04510E-10 8.25561E-09 3.29696E-07 1.86872E-10 2.27773E-09 1.93528E-03 3.93205E-03
 2.49388E-05 6.92534E-07 1.91746E-08 1.73580E-08 8.58420E-11 6.99999E-11 2.79876E-16 2.59062E-13
 1.01186E-12 1.20058E-17 1.73821E-19 7.94549E-25 1.45567E-08 4.87182E-13 6.06652E-15 3.31392E-15
 6.95738E-09 3.48833E-19 1.86328E-15 1.39193E-17 1.02577E-12 2.81378E-10 1.74614E-12 4.91490E-18
 3.70873E-07 1.21400E-09 4.43990E-04 2.89791E-10 9.07497E-09 3.10724E-07 1.54885E-10 3.07098E-09
 1.93527E-03 3.93126E-03 2.42463E-05 6.29701E-07 2.13747E-08 1.73148E-08 9.19241E-11 6.37194E-11
 3.59167E-16 2.65434E-13 7.92957E-13 1.15509E-17 1.50481E-19 1.56638E-24 1.44887E-08 5.65182E-13
 8.66238E-15 4.52547E-15 7.02529E-09 3.36321E-19 1.69897E-15 1.50335E-17 1.02573E-12 2.80845E-10
 1.73489E-12 4.75962E-18 3.62526E-07 1.40286E-09 4.35200E-04 4.25499E-10 1.00216E-08 2.89311E-07
 1.37371E-10 4.00222E-09 1.93528E-03 3.93044E-03 2.34830E-05 5.53509E-07 2.22289E-08 1.72726E-08
 9.73368E-11 5.81322E-11 5.01801E-16 2.73432E-13 6.00650E-13 1.22606E-17 1.30507E-19 2.98301E-24
 1.44171E-08 6.54325E-13 1.35242E-14 6.35552E-15 7.09677E-09 3.26500E-19 1.51256E-15 1.60943E-17
 1.00870E-12 2.80284E-10 1.71814E-12 4.63398E-18 3.46373E-07 1.63348E-09 4.25604E-04 6.48191E-10
 1.11024E-08 2.65201E-07 1.29504E-10 5.16431E-09 1.93530E-03 3.92961E-03 2.26501E-05 4.65171E-07
 2.16736E-08 1.72320E-08 1.02851E-10 5.24810E-11 7.53038E-16 2.81722E-13 4.35760E-13 1.43809E-17
 1.13586E-19 5.19428E-24 1.43429E-08 7.52657E-13 2.27851E-14 9.13173E-15 7.17086E-09 3.17637E-19
 1.30580E-15 1.70390E-17 9.69449E-13 2.79705E-10 1.69398E-12 4.46279E-18 3.22470E-07 1.96516E-09
 4.15134E-04 1.02120E-09 1.22334E-08 2.37756E-07 1.25111E-10 6.84519E-09 1.93534E-03 3.92878E-03
 2.17437E-05 3.67959E-07 2.03039E-08 1.71936E-08 1.09566E-10 4.56701E-11 1.17427E-15 2.87577E-13
 2.98286E-13 1.81712E-17 9.93083E-20 8.25326E-24 1.42667E-08 8.55715E-13 4.00130E-14 1.33014E-14
 7.24698E-09 3.06597E-19 1.08036E-15 1.77285E-17 9.13476E-13 2.79103E-10 1.65888E-12 4.16939E-18
 2.90969E-07 2.49541E-09 4.03655E-04 1.66558E-09 1.31349E-08 2.06260E-07 1.22791E-10 9.45894E-09
 1.93540E-03 3.92795E-03 2.07560E-05 2.67529E-07 1.81067E-08 1.71574E-08 1.17802E-10 3.73770E-11
 1.90102E-15 2.87343E-13 1.88200E-13 2.47923E-17 8.72558E-20 1.22048E-23 1.41888E-08 9.54777E-13
 7.34814E-14 1.93308E-14 7.32472E-09 2.89840E-19 8.40412E-16 1.78125E-17 8.48441E-13 2.78471E-10
 1.60718E-12 3.75637E-18 2.52033E-07 3.43099E-09 3.90998E-04 2.81273E-09 1.32819E-08 1.70538E-07
 1.21932E-10 1.39702E-08 1.93548E-03 3.92713E-03 1.96815E-05 1.72630E-07 1.50682E-08 1.71237E-08
 1.27726E-10 2.74283E-11 3.18489E-15 2.76713E-13 1.05825E-13 3.58174E-17 7.70807E-20 1.69191E-23
 1.41101E-08 1.03468E-12 1.41609E-13 2.72242E-14 7.40327E-09 2.64409E-19 5.97218E-16 1.67202E-17
 7.77556E-13 2.77807E-10 1.52971E-12 3.22841E-18 2.06576E-07 5.16683E-09 3.76958E-04 4.90008E-09
 1.21473E-08 1.31962E-07 1.20619E-10 2.26728E-08 1.93558E-03 3.92634E-03 1.85220E-05 9.42984E-08
 1.13714E-08 1.70930E-08 1.38319E-10 1.68345E-11 5.43183E-15 2.52339E-13 5.06994E-14 5.28535E-17
 6.85143E-20 2.18652E-23 1.40319E-08 1.07619E-12 2.86570E-13 3.55266E-14 7.48128E-09 2.30050E-19
 3.73138E-16 1.38886E-17 6.90512E-13 2.77128E-10 1.54024E-12 2.58202E-18 1.58180E-07 8.17397E-09
 3.61286E-04 8.63500E-09 9.94642E-09 9.42061E-08 1.15009E-10 4.01734E-08 1.93570E-03 3.92560E-03
 1.72973E-05 4.16184E-08 7.60727E-09 1.70655E-08 1.46797E-10 8.37282E-12 9.08626E-15 2.14993E-13
 1.97314E-14 7.61204E-17 6.13947E-20 2.61526E-23 1.39564E-08 1.06786E-12 5.98734E-13 4.13535E-14
 7.55648E-09 1.91082E-19 1.97852E-16 9.76529E-18 5.71262E-13 2.76467E-10 1.63694E-12 1.86587E-18
 1.14205E-07 1.24099E-08 3.43704E-04 1.48575E-08 7.77008E-09 6.19312E-08 1.02777E-10 7.27118E-08
 1.93584E-03 3.92495E-03 1.60639E-05 1.46541E-08 4.62988E-09 1.70418E-08 1.51449E-10 3.74583E-12
 1.43447E-14 1.71069E-13 6.03462E-15 1.02322E-16 5.56623E-20 2.91866E-23 1.38869E-08 1.01890E-12
 1.24064E-12 4.41993E-14 7.62540E-09 1.54098E-19 8.80286E-17 6.06681E-18 4.35264E-13 2.75837E-10
 1.80294E-12 1.23773E-18 8.08741E-08 1.73030E-08 3.23924E-04 2.43751E-08 6.25372E-09 3.80453E-08
 8.70217E-11 1.26646E-07 1.93599E-03 3.92443E-03 1.49321E-05 4.30314E-09 2.73590E-09 1.70226E-08
 1.53464E-10 1.75661E-12 2.10849E-14 1.28901E-13 1.43411E-15 1.25716E-16 5.13045E-20 3.09512E-23
 1.38277E-08 9.51381E-13 2.46199E-12 4.64372E-14 7.68346E-09 1.23605E-19 3.33510E-17 3.71684E-18
 3.19983E-13 2.75252E-10 2.00912E-12 8.06620E-19 5.83035E-08 2.30506E-08 3.01639E-04 3.77962E-08
 5.28570E-09 2.29530E-08 7.38044E-11 2.10918E-07 1.93612E-03 3.92406E-03 1.40690E-05 1.17918E-09
 1.61855E-09 1.70087E-08 1.54334E-10 9.08654E-13 2.86959E-14 9.53057E-14 2.70029E-16 1.43733E-16
 4.83320E-20 3.14669E-23 1.37837E-08 8.86341E-13 4.60065E-12 4.82063E-14 7.72534E-09 1.01788E-19
 1.12738E-17 2.42604E-18 2.39716E-13 2.74772E-10 2.20986E-12 5.46939E-19 4.43736E-08 4.19954E-08
 2.85363E-04 5.14576E-08 4.56239E-09 1.57818E-08 8.55327E-11 3.39637E-07 1.93620E-03 3.92387E-03
 1.36966E-05 3.87000E-10 9.12117E-10 1.70011E-08 1.54756E-10 5.00030E-13 3.40861E-14 7.57333E-14
 5.01891E-17 1.54987E-16 4.67927E-20 3.07503E-23 1.37601E-08 8.42281E-13 7.47663E-12 4.01184E-14
 7.74608E-09 9.00820E-20 4.22083E-18 1.49522E-18 2.01416E-13 2.74486E-10 2.33991E-12 4.17264E-19
 2.92166E+02 2.88997E+02 2.85708E+02 2.82301E+02 2.78738E+02 2.75019E+02 2.71310E+02 2.67732E+02
 2.64770E+02 2.62554E+02 2.60800E+02 2.59409E+02 2.58634E+02 2.58234E+02 2.57731E+02 2.57028E+02
 2.56227E+02 2.55374E+02 2.54477E+02 2.53549E+02 2.52598E+02 2.51624E+02 2.50622E+02 2.49593E+02
 2.48548E+02 2.47510E+02 2.46498E+02 2.45511E+02 2.44535E+02 2.43568E+02 2.42610E+02 2.41659E+02
 2.40713E+02 2.39783E+02 2.38884E+02 2.38014E+02 2.37175E+02 2.36367E+02 2.35569E+02 2.34757E+02
 2.33923E+02 2.33061E+02 2.32159E+02 2.31233E+02 2.30327E+02 2.29495E+02 2.28809E+02 2.28332E+02
 2.28030E+02 2.27860E+02 2.27820E+02 2.27912E+02 2.28137E+02 2.28508E+02 2.29046E+02 2.29762E+02
 2.30648E+02 2.31675E+02 2.32793E+02 2.33931E+02 2.35029E+02 2.36069E+02 2.37044E+02 2.37952E+02
 2.38805E+02 2.39631E+02 2.40454E+02 2.41306E+02 2.42222E+02 2.43149E+02 2.43971E+02 2.44649E+02
 2.45198E+02 2.45583E+02 2.45778E+02 2.45824E+02 2.45773E+02 2.45652E+02 2.45498E+02 2.45382E+02
 2.45366E+02 2.45415E+02 2.45363E+02 2.44978E+02 2.44243E+02 2.43627E+02 2.43757E+02 2.44274E+02
 2.43076E+02 2.38383E+02 2.31488E+02 2.24793E+02 2.18291E+02 2.11977E+02 2.05846E+02 1.99892E+02
 1.94110E+02 1.88496E+02 1.83044E+02 1.77750E+02 1.00000E+05 1.00000E+05 1.00000E+05 1.00000E+05
 1.00000E+05 1.00000E+05 1.00000E+05 1.00000E+05 1.00000E+05 1.00000E+05 9.33426E+04 6.92150E+04
 3.92298E+04 1.99687E+04 1.11330E+04 6.91739E+03 5.41563E+03 4.53728E+03 4.09043E+03 3.92717E+03
 3.93228E+03 4.06630E+03 4.37567E+03 4.81133E+03 5.32259E+03 5.94309E+03 6.64841E+03 7.42757E+03
 8.26717E+03 9.14487E+03 1.00572E+04 1.11441E+04 1.22007E+04 1.32087E+04 1.43800E+04 1.57065E+04
 1.70463E+04 1.83757E+04 1.99409E+04 2.16757E+04 2.37520E+04 2.62167E+04 2.88296E+04 3.15948E+04
 3.47246E+04 3.82109E+04 4.16891E+04 4.55535E+04 5.01230E+04 5.54372E+04 6.08989E+04 6.64028E+04
 7.26596E+04 8.00741E+04 8.70393E+04 9.47274E+04 1.03193E+05 1.12350E+05 1.22974E+05 1.35746E+05
 1.50202E+05 1.65420E+05 1.80637E+05 1.96572E+05 2.15770E+05 2.37743E+05 2.60352E+05 2.83030E+05
 3.09289E+05 3.39811E+05 3.72183E+05 4.08074E+05 4.48965E+05 4.90576E+05 5.31530E+05 5.75770E+05
 6.23709E+05 6.76057E+05 7.32893E+05 7.94407E+05 8.60950E+05 9.32926E+05 9.90793E+05 1.00000E+06
 1.00000E+06 1.00000E+06 1.00000E+06 1.00000E+06 1.00000E+06 1.00000E+06 1.00000E+06 1.00000E+06
 1.00000E+06 1.00000E+06 1.00000E+06 1.00000E+06 1.00000E+06 1.00000E+06 1.00000E+06 1.00000E+06
 2.40785E+19 2.23601E+19 2.07562E+19 1.92589E+19 1.78632E+19 1.65620E+19 1.53396E+19 1.41861E+19
 1.30766E+19 1.20106E+19 1.10051E+19 1.00647E+19 9.17952E+18 8.35850E+18 7.61287E+18 6.93778E+18
 6.32338E+18 5.76297E+18 5.25158E+18 4.78465E+18 4.35824E+18 3.96886E+18 3.61341E+18 3.28899E+18
 2.99278E+18 2.72216E+18 2.47482E+18 2.24892E+18 2.04280E+18 1.85484E+18 1.68351E+18 1.52742E+18
 1.38527E+18 1.25581E+18 1.13791E+18 1.03060E+18 9.32973E+17 8.44217E+17 7.63628E+17 6.90551E+17
 6.24322E+17 5.64320E+17 5.09989E+17 4.60764E+17 4.16097E+17 3.75502E+17 3.38546E+17 3.04875E+17
 2.74300E+17 2.46628E+17 2.21616E+17 1.99032E+17 1.78663E+17 1.60303E+17 1.43759E+17 1.28864E+17
 1.15474E+17 1.03461E+17 9.27112E+16 8.31173E+16 7.45695E+16 6.69518E+16 6.01576E+16 5.40926E+16
 4.86705E+16 4.38141E+16 3.94579E+16 3.55442E+16 3.20233E+16 2.88619E+16 2.60341E+16 2.35053E+16
 2.12391E+16 1.92085E+16 1.73879E+16 1.57505E+16 1.42732E+16 1.29380E+16 1.17290E+16 1.06309E+16
 9.63168E+15 8.72433E+15 7.90587E+15 7.17345E+15 6.51693E+15 5.91615E+15 5.35396E+15 4.83826E+15
 4.40259E+15 4.06013E+15 3.77213E+15 3.49392E+15 3.22612E+15 2.96925E+15 2.72378E+15 2.49008E+15
 2.26843E+15 2.05905E+15 1.86203E+15 1.67742E+15 4.64476E-13 5.29931E-13 6.71762E-13 8.89160E-13
 1.17553E-12 1.53228E-12 1.96427E-12 2.47865E-12 3.08474E-12 3.79398E-12 4.64750E-12 5.83194E-12
 7.93385E-12 1.21324E-11 2.05511E-11 3.56806E-11 5.82960E-11 8.69193E-11 1.20097E-10 1.55416E-10
 1.90538E-10 2.23713E-10 2.53547E-10 2.79244E-10 3.00803E-10 3.18504E-10 3.32716E-10 3.43884E-10
 3.52427E-10 3.58716E-10 3.63059E-10 3.65681E-10 3.66793E-10 3.66570E-10 3.65142E-10 3.62639E-10
 3.59171E-10 3.54814E-10 3.49653E-10 3.43793E-10 3.37344E-10 3.30436E-10 3.23154E-10 3.15537E-10
 3.07638E-10 2.99524E-10 2.91207E-10 2.82692E-10 2.74049E-10 2.65361E-10 2.56582E-10 2.47891E-10
 2.39323E-10 2.30938E-10 2.22622E-10 2.14395E-10 2.06272E-10 1.98256E-10 1.90398E-10 1.82770E-10
 1.75397E-10 1.68243E-10 1.61251E-10 1.54405E-10 1.47769E-10 1.41368E-10 1.35162E-10 1.29109E-10
 1.23242E-10 1.17592E-10 1.12140E-10 1.06891E-10 1.01858E-10 9.70046E-11 9.22905E-11 8.77168E-11
 8.32851E-11 7.89983E-11 7.48569E-11 7.08591E-11 6.70029E-11 6.32863E-11 5.96384E-11 5.58878E-11
 5.20215E-11 4.80620E-11 4.40331E-11 3.99671E-11 3.59159E-11 3.19411E-11 2.80891E-11 2.43862E-11
 2.08632E-11 1.75574E-11 1.45012E-11 1.17280E-11 9.26403E-12 7.12867E-12 5.33127E-12 3.87375E-12
 9.96372E-01 8.93365E-01 9.06185E-01 9.84776E-01 1.14451E+00 1.31829E+00 1.47371E+00 1.63453E+00
 1.79268E+00 1.95954E+00 2.14150E+00 2.30677E+00 2.64247E+00 3.55431E+00 5.43375E+00 8.56467E+00
 1.27207E+01 1.72517E+01 2.16962E+01 2.55648E+01 2.85387E+01 3.05107E+01 3.14863E+01 3.15830E+01
 3.09898E+01 2.98723E+01 2.83825E+01 2.66595E+01 2.48203E+01 2.29433E+01 2.10763E+01 1.92574E+01
 1.75135E+01 1.58603E+01 1.43086E+01 1.28584E+01 1.15134E+01 1.02756E+01 9.14368E+00 8.11793E+00
 7.19466E+00 6.36555E+00 5.62428E+00 4.96132E+00 4.36670E+00 3.83305E+00 3.35128E+00 2.91502E+00
 2.52457E+00 2.17919E+00 1.87457E+00 1.60861E+00 1.37848E+00 1.17856E+00 1.00460E+00 8.55716E-01
 7.27365E-01 6.17233E-01 5.23419E-01 4.44324E-01 3.78234E-01 3.22270E-01 2.74680E-01 2.34164E-01
 1.99951E-01 1.70843E-01 1.46004E-01 1.24771E-01 1.06540E-01 9.10197E-02 7.78182E-02 6.65955E-02
 5.70488E-02 4.89161E-02 4.19682E-02 3.60146E-02 3.08982E-02 2.64961E-02 2.27065E-02 1.94357E-02
 1.66062E-02 1.41664E-02 1.20666E-02 1.02451E-02 8.66159E-03 7.25973E-03 5.99966E-03 4.89831E-03
 4.01055E-03 3.33190E-03 2.78146E-03 2.28499E-03 1.84640E-03 1.47170E-03 1.15214E-03 8.87810E-04
 6.72465E-04 5.01694E-04 3.70765E-04 2.79050E-04 1.00000E-12 1.00000E-12 1.00000E-12 1.00000E-12
 1.00000E-12 1.00000E-12 1.00000E-12 1.00000E-12 1.00000E-12 1.00000E-12 1.00000E-12 1.00000E-12
 1.00000E-12 1.00000E-12 1.00000E-12 1.00000E-12 1.00000E-12 1.00000E-12 1.00000E-12 1.00000E-12
 1.00000E-12 1.00000E-12 1.00000E-12 1.00000E-12 1.00000E-12 1.00000E-12 1.00000E-12 1.00000E-12
 1.00000E-12 1.00000E-12 1.00000E-12 1.00000E-12 1.00000E-12 1.00000E-12 1.00000E-12 1.00000E-12
 1.00000E-12 1.00000E-12 1.00000E-12 1.00000E-12 1.00000E-12 1.00000E-12 1.00000E-12 1.00000E-12
 1.00000E-12 1.00000E-12 1.00000E-12 1.00000E-12 1.00000E-12 1.00000E-12 1.00000E-12 1.00000E-12
 1.00000E-12 1.00000E-12 1.00000E-12 1.00000E-12 1.00000E-12 1.00000E-12 1.00000E-12 1.00000E-12
 1.00000E-12 1.00000E-12 1.00000E-12 1.00000E-12 1.00000E-12 1.00000E-12 1.00000E-12 1.00000E-12
 1.00000E-12 1.00000E-12 1.00000E-12 1.00000E-12 1.00000E-12 1.00000E-12 1.00000E-12 1.00000E-12
 1.00000E-12 1.00000E-12 1.00000E-12 1.00000E-12 1.00000E-12 1.00000E-12 1.00000E-12 1.00000E-12
 1.00000E-12 1.00000E-12 1.00000E-12 1.00000E-12 1.00000E-12 1.00000E-12 1.00000E-12 1.00000E-12
 1.00000E-12 1.00000E-12 1.00000E-12 1.00000E-12 1.00000E-12 1.00000E-12 1.00000E-12 1.00000E-12
 1.00000E-12 1.00000E-12 1.00000E-12 1.00000E-12 1.00000E-12 1.00000E-12 1.00000E-12 1.00000E-12
 1.00000E-12 1.00000E-12 1.00000E-12 1.00000E-12 1.00000E-12 1.00000E-12 1.00000E-12 1.00000E-12
 1.00000E-12 1.00000E-12 1.00000E-12 1.00000E-12 1.00000E-12 1.00000E-12 1.00000E-12 1.00000E-12
 1.00000E-12 1.00000E-12 1.00000E-12 1.00000E-12 1.00000E-12 1.00000E-12 1.00000E-12 1.00000E-12
 1.00000E-12 1.00000E-12 1.00000E-12 1.00000E-12 1.00000E-12 1.00000E-12 1.00000E-12 1.00000E-12
 1.00000E-12 1.00000E-12 1.00000E-12 1.00000E-12 1.00000E-12 1.00000E-12 1.00000E-12 1.00000E-12
 1.00000E-12 1.00000E-12 1.00000E-12 1.00000E-12 1.00000E-12 1.00000E-12 1.00000E-12 1.00000E-12
 1.00000E-12 1.00000E-12 1.00000E-12 1.00000E-12 1.00000E-12 1.00000E-12 1.00000E-12 1.00000E-12
 1.00000E-12 1.00000E-12 1.00000E-12 1.00000E-12 1.00000E-12 1.00000E-12 1.00000E-12 1.00000E-12
 1.00000E-12 1.00000E-12 1.00000E-12 1.00000E-12 1.00000E-12 1.00000E-12 1.00000E-12 1.00000E-12
 1.00000E-12 1.00000E-12 1.00000E-12 1.00000E-12 1.00000E-12 1.00000E-12 1.00000E-12 1.00000E-12
 1.00000E-12 1.00000E-12 1.00000E-12 1.00000E-12 1.00000E-12 1.00000E-12 1.00000E-12 1.00000E-12
 1.00000E-12 1.00000E-12 1.00000E-12 1.00000E-12 2.74419E-04 2.96245E-04 3.20711E-04 3.47231E-04
 3.71555E-04 3.98309E-04 4.29684E-04 4.63890E-04 5.01453E-04 5.41624E-04 5.85405E-04 6.41296E-04
 7.08294E-04 7.72999E-04 8.38149E-04 9.08740E-04 9.86479E-04 1.07228E-03 1.16692E-03 1.27141E-03
 1.38692E-03 1.51465E-03 1.65594E-03 1.81209E-03 1.98476E-03 2.17619E-03 2.38870E-03 2.62466E-03
 2.88633E-03 3.17655E-03 3.49886E-03 3.85688E-03 4.25470E-03 4.69697E-03 5.18864E-03 5.73616E-03
 6.34607E-03 7.02518E-03 7.78141E-03 8.62266E-03 9.55786E-03 1.05987E-02 1.17569E-02 1.30473E-02
 1.44880E-02 1.60993E-02 1.79076E-02 1.99437E-02 2.22331E-02 2.48030E-02 2.76876E-02 3.09216E-02
 3.45362E-02 3.85899E-02 4.31381E-02 4.82016E-02 5.38613E-02 6.01778E-02 6.72095E-02 7.50021E-02
 8.35857E-02 9.30875E-02 1.03609E-01 1.15254E-01 1.28085E-01 1.42267E-01 1.57939E-01 1.75236E-01
 1.94384E-01 2.15497E-01 2.38761E-01 2.64382E-01 2.92602E-01 3.23658E-01 3.57830E-01 3.95466E-01
 4.36969E-01 4.82767E-01 5.33320E-01 5.89193E-01 6.51043E-01 7.19454E-01 7.94890E-01 8.77749E-01
 9.68783E-01 1.06979E+00 1.18312E+00 1.30926E+00 1.44425E+00 1.58495E+00 1.73667E+00 1.91032E+00
 2.10851E+00 2.33125E+00 2.58436E+00 2.86835E+00 3.18698E+00 3.54073E+00 3.92617E+00 4.31576E+00
 1.00000E+00 1.00000E+00 1.00000E+00 1.00000E+00 1.00000E+00 1.00000E+00 1.00000E+00 1.00000E+00
 1.00000E+00 1.00000E+00 1.00000E+00 1.00000E+00 1.00000E+00 1.00000E+00 1.00000E+00 1.00000E+00
 1.00000E+00 1.00000E+00 1.00000E+00 1.00000E+00 1.00000E+00 1.00000E+00 1.00000E+00 1.00000E+00
 1.00000E+00 1.00000E+00 1.00000E+00 1.00000E+00 1.00000E+00 1.00000E+00 1.00000E+00 1.00000E+00
 1.00000E+00 1.00000E+00 1.00000E+00 1.00000E+00 1.00000E+00 1.00000E+00 1.00000E+00 1.00000E+00
 1.00000E+00 1.00000E+00 1.00000E+00 1.00000E+00 1.00000E+00 1.00000E+00 1.00000E+00 1.00000E+00
 1.00000E+00 1.00000E+00 1.00000E+00 1.00000E+00 1.00000E+00 1.00000E+00 1.00000E+00 1.00000E+00
 1.00000E+00 1.00000E+00 1.00000E+00 1.00000E+00 1.00000E+00 1.00000E+00 1.00000E+00 1.00000E+00
 1.00000E+00 1.00000E+00 1.00000E+00 1.00000E+00 1.00000E+00 1.00000E+00 1.00000E+00 1.00000E+00
 1.00000E+00 1.00000E+00 1.00000E+00 1.00000E+00 1.00000E+00 1.00000E+00 1.00000E+00 1.00000E+00
 1.00000E+00 1.00000E+00 1.00000E+00 1.00000E+00 1.00000E+00 1.00000E+00 1.00000E+00 1.00000E+00
 1.00000E+00 1.00000E+00 1.00000E+00 1.00000E+00 1.00000E+00 1.00000E+00 1.00000E+00 1.00000E+00
 1.00000E+00 1.00000E+00 1.00000E+00 1.00000E+00 1.00000E+00 1.00000E+00 1.00000E+00 1.00000E+00
 1.00000E+00 1.00000E+00 1.00000E+00 1.00000E+00 1.00000E+00 1.00000E+00 1.00000E+00 1.00000E+00
 1.00000E+00 1.00000E+00 1.00000E+00 1.00000E+00 1.00000E+00 1.00000E+00 1.00000E+00 1.00000E+00
 1.00000E+00 1.00000E+00 1.00000E+00 1.00000E+00 1.00000E+00 1.00000E+00 1.00000E+00 1.00000E+00
 1.00000E+00 1.00000E+00 1.00000E+00 1.00000E+00 1.00000E+00 1.00000E+00 1.00000E+00 1.00000E+00
 1.00000E+00 1.00000E+00 1.00000E+00 1.00000E+00 1.00000E+00 1.00000E+00 1.00000E+00 1.00000E+00
 1.00000E+00 1.00000E+00 1.00000E+00 1.00000E+00 1.00000E+00 1.00000E+00 1.00000E+00 1.00000E+00
 1.00000E+00 1.00000E+00 1.00000E+00 1.00000E+00 1.00000E+00 1.00000E+00 1.00000E+00 1.00000E+00
 1.00000E+00 1.00000E+00 1.00000E+00 1.00000E+00 1.00000E+00 1.00000E+00 1.00000E+00 1.00000E+00
 1.00000E+00 1.00000E+00 1.00000E+00 1.00000E+00 1.00000E+00 1.00000E+00 1.00000E+00 1.00000E+00
 1.00000E+00 1.00000E+00 1.00000E+00 1.00000E+00 1.00000E+00 1.00000E+00 1.00000E+00 1.00000E+00
 1.00000E+00 1.00000E+00 1.00000E+00 1.00000E+00 1.00000E+00 1.00000E+00 1.00000E+00 1.00000E+00
 1.00000E+00 1.00000E+00 1.00000E+00 1.00000E+00 1.00000E+00 1.00000E+00 1.00000E+00 1.00000E+00
 1.00000E-05 1.00000E-05 1.00000E-05 1.00000E-05 1.00000E-05 1.00000E-05 1.00000E-05 1.00000E-05
 1.00000E-05 1.00000E-05 1.00000E-05 1.00000E-05 1.00000E-05 1.00000E-05 1.00000E-05 1.00000E-05
 1.00000E-05 1.00000E-05 1.00000E-05 1.00000E-05 1.00000E-05 1.00000E-05 1.00000E-05 1.00000E-05
 1.00000E-05 1.00000E-05 1.00000E-05 1.00000E-05 1.00000E-05 1.00000E-05 1.00000E-05 1.00000E-05
 1.00000E-05 1.00000E-05 1.00000E-05 1.00000E-05 1.00000E-05 1.00000E-05 1.00000E-05 1.00000E-05
 1.00000E-05 1.00000E-05 1.00000E-05 1.00000E-05 1.00000E-05 1.00000E-05 1.00000E-05 1.00000E-05
 1.00000E-05 1.00000E-05 1.00000E-05 1.00000E-05 1.00000E-05 1.00000E-05 1.00000E-05 1.00000E-05
 1.00000E-05 1.00000E-05 1.00000E-05 1.00000E-05 1.00000E-05 1.00000E-05 1.00000E-05 1.00000E-05
 1.00000E-05 1.00000E-05 1.00000E-05 1.00000E-05 1.00000E-05 1.00000E-05 1.00000E-05 1.00000E-05
 1.00000E-05 1.00000E-05 1.00000E-05 1.00000E-05 1.00000E-05 1.00000E-05 1.00000E-05 1.00000E-05
 1.00000E-05 1.00000E-05 1.00000E-05 1.00000E-05 1.00000E-05 1.00000E-05 1.00000E-05 1.00000E-05
 1.00000E-05 1.00000E-05 1.00000E-05 1.00000E-05 1.00000E-05 1.00000E-05 1.00000E-05 1.00000E-05
 1.00000E-05 1.00000E-05 1.00000E-05 1.00000E-05 1.00000E-09 1.00000E-09 1.00000E-09 1.00000E-09
 1.00000E-09 1.00000E-09 1.00000E-09 1.00000E-09 1.00000E-09 1.00000E-09 1.00000E-09 1.00000E-09
 1.00000E-09 1.00000E-09 1.00000E-09 1.00000E-09 1.00000E-09 1.00000E-09 1.00000E-09 1.00000E-09
 1.00000E-09 1.00000E-09 1.00000E-09 1.00000E-09 1.00000E-09 1.00000E-09 1.00000E-09 1.00000E-09
 1.00000E-09 1.00000E-09 1.00000E-09 1.00000E-09 1.00000E-09 1.00000E-09 1.00000E-09 1.00000E-09
 1.00000E-09 1.00000E-09 1.00000E-09 1.00000E-09 1.00000E-09 1.00000E-09 1.00000E-09 1.00000E-09
 1.00000E-09 1.00000E-09 1.00000E-09 1.00000E-09 1.00000E-09 1.00000E-09 1.00000E-09 1.00000E-09
 1.00000E-09 1.00000E-09 1.00000E-09 1.00000E-09 1.00000E-09 1.00000E-09 1.00000E-09 1.00000E-09
 1.00000E-09 1.00000E-09 1.00000E-09 1.00000E-09 1.00000E-09 1.00000E-09 1.00000E-09 1.00000E-09
 1.00000E-09 1.00000E-09 1.00000E-09 1.00000E-09 1.00000E-09 1.00000E-09 1.00000E-09 1.00000E-09
 1.00000E-09 1.00000E-09 1.00000E-09 1.00000E-09 1.00000E-09 1.00000E-09 1.00000E-09 1.00000E-09
 1.00000E-09 1.00000E-09 1.00000E-09 1.00000E-09 1.00000E-09 1.00000E-09 1.00000E-09 1.00000E-09
 1.00000E-09 1.00000E-09 1.00000E-09 1.00000E-09 1.00000E-09 1.00000E-09 1.00000E-09 1.00000E-09
 1.00000E-09 1.00000E-09 1.00000E-09 1.00000E-09 1.00000E-09 1.00000E-09 1.00000E-09 1.00000E-09
 1.00000E-09 1.00000E-09 1.00000E-09 1.00000E-09 1.00000E-09 1.00000E-09 1.00000E-09 1.00000E-09
 1.00000E-09 1.00000E-09 1.00000E-09 1.00000E-09 1.00000E-09 1.00000E-09 1.00000E-09 1.00000E-09
 1.00000E-09 1.00000E-09 1.00000E-09 1.00000E-09 1.00000E-09 1.00000E-09 1.00000E-09 1.00000E-09
 1.00000E-09 1.00000E-09 1.00000E-09 1.00000E-09 1.00000E-09 1.00000E-09 1.00000E-09 1.00000E-09
 1.00000E-09 1.00000E-09 1.00000E-09 1.00000E-09 1.00000E-09 1.00000E-09 1.00000E-09 1.00000E-09
 1.00000E-09 1.00000E-09 1.00000E-09 1.00000E-09 1.00000E-09 1.00000E-09 1.00000E-09 1.00000E-09
 1.00000E-09 1.00000E-09 1.00000E-09 1.00000E-09 1.00000E-09 1.00000E-09 1.00000E-09 1.00000E-09
 1.00000E-09 1.00000E-09 1.00000E-09 1.00000E-09 1.00000E-09 1.00000E-09 1.00000E-09 1.00000E-09
 1.00000E-09 1.00000E-09 1.00000E-09 1.00000E-09 1.00000E-09 1.00000E-09 1.00000E-09 1.00000E-09
 1.00000E-09 1.00000E-09 1.00000E-09 1.00000E-09 1.00000E-09 1.00000E-09 1.00000E-09 1.00000E-09
 1.00000E-09 1.00000E-09 1.00000E-09 1.00000E-09 1.00000E-09 1.00000E-09 1.00000E-09 1.00000E-09
 1.00000E-09 1.00000E-09 1.00000E-09 1.00000E-09
