 1.46973E-10 1.90362E-17 2.43731E-02 1.20331E-17 2.52177E-12 2.34277E-10 1.54366E-08 6.96987E-22
 4.16446E-05 3.33535E-04 5.85215E-05 1.05324E-10 7.11807E-13 6.95300E-07 2.87998E-12 1.09679E-10
 2.29538E-18 1.20902E-10 9.76276E-14 6.10176E-14 1.28131E-15 1.00753E-30 2.87808E-07 1.70182E-16
 4.47787E-21 2.70612E-18 4.59033E-12 9.99772E-15 6.28156E-10 2.43875E-19 1.16718E-21 7.02430E-11
 1.16870E-15 2.33626E-13 1.68137E-10 2.30118E-17 2.10458E-02 1.47746E-17 2.73672E-12 2.71994E-10
 1.65248E-08 8.75780E-22 4.16446E-05 3.33531E-04 5.85151E-05 1.20170E-10 7.18742E-13 6.95281E-07
 3.49822E-12 1.23781E-10 3.14174E-18 1.60535E-10 1.52455E-13 6.19914E-14 1.74671E-15 1.63589E-30
 2.87799E-07 2.18149E-16 5.54191E-21 3.16068E-18 6.44939E-12 1.30939E-14 6.35989E-10 2.93584E-19
 1.53100E-21 1.14320E-10 2.08332E-15 3.86156E-13 1.93644E-10 2.78692E-17 1.78508E-02 1.77784E-17
 2.90083E-12 3.21521E-10 1.77289E-08 1.08009E-21 4.16447E-05 3.33527E-04 5.85085E-05 1.38182E-10
 7.06709E-13 6.95261E-07 4.21408E-12 1.38749E-10 4.17926E-18 2.05069E-10 2.33554E-13 6.26285E-14
 2.38681E-15 2.61437E-30 2.87789E-07 2.62270E-16 6.72340E-21 3.64676E-18 8.94320E-12 1.61566E-14
 6.43712E-10 3.45682E-19 1.97420E-21 1.60569E-10 3.24878E-15 5.50843E-13 2.23275E-10 3.37816E-17
 1.52380E-02 2.14357E-17 3.07351E-12 3.83945E-10 1.90446E-08 1.33621E-21 4.16448E-05 3.33523E-04
 5.85016E-05 1.59762E-10 6.95295E-13 6.95239E-07 5.04037E-12 1.54793E-10 5.52872E-18 2.55652E-10
 3.60445E-13 6.29127E-14 3.21582E-15 4.27350E-30 2.87779E-07 3.04750E-16 8.17485E-21 4.23489E-18
 1.22459E-11 1.92004E-14 6.51281E-10 4.07037E-19 2.55987E-21 2.09938E-10 4.73864E-15 7.30250E-13
 2.53514E-10 4.09439E-17 1.26931E-02 2.55655E-17 3.22148E-12 4.51969E-10 2.04655E-08 1.63673E-21
 4.16450E-05 3.33518E-04 5.84945E-05 1.81933E-10 6.77280E-13 6.95215E-07 6.00403E-12 1.72002E-10
 7.20442E-18 3.07247E-10 5.56159E-13 6.28292E-14 4.38060E-15 6.95276E-30 2.87768E-07 3.46741E-16
 9.83535E-21 4.87881E-18 1.62722E-11 2.22194E-14 6.58641E-10 4.73339E-19 3.29929E-21 2.61967E-10
 6.52536E-15 9.22294E-13 2.82404E-10 4.95795E-17 1.07005E-02 3.06093E-17 3.37909E-12 5.22350E-10
 2.19811E-08 2.01381E-21 4.16451E-05 3.33514E-04 5.84871E-05 2.03456E-10 6.60236E-13 6.95190E-07
 7.11800E-12 1.90214E-10 9.37303E-18 3.56863E-10 8.67491E-13 6.22193E-14 5.83887E-15 1.15782E-29
 2.87757E-07 3.89685E-16 1.18826E-20 5.65395E-18 2.10217E-11 2.51971E-14 6.65735E-10 5.51867E-19
 4.28771E-21 3.16031E-10 8.61922E-15 1.12422E-12 3.08464E-10 5.99037E-17 8.75671E-03 3.62097E-17
 3.50357E-12 5.93082E-10 2.35778E-08 2.44933E-21 4.16452E-05 3.33509E-04 5.84795E-05 2.23638E-10
 6.35883E-13 6.95164E-07 8.40765E-12 2.09014E-10 1.20086E-17 4.02218E-10 1.35650E-12 6.09433E-14
 7.85255E-15 1.92115E-29 2.87745E-07 4.33889E-16 1.41917E-20 6.48896E-18 2.65273E-11 2.80845E-14
 6.72493E-10 6.35289E-19 5.54289E-21 3.71346E-10 1.09949E-14 1.33228E-12 3.30640E-10 7.21802E-17
 7.20932E-03 4.28326E-17 3.63013E-12 6.63234E-10 2.52374E-08 2.98007E-21 4.16453E-05 3.33503E-04
 5.84716E-05 2.42267E-10 6.11786E-13 6.95135E-07 9.86114E-12 2.27480E-10 1.52693E-17 4.41569E-10
 2.13934E-12 5.88333E-14 1.02681E-14 3.26035E-29 2.87733E-07 4.80496E-16 1.69560E-20 7.47725E-18
 3.28443E-11 3.08191E-14 6.78840E-10 7.31211E-19 7.20625E-21 4.26959E-10 1.36223E-14 1.54218E-12
 3.47917E-10 8.65998E-17 5.78816E-03 5.00442E-17 3.72771E-12 7.32180E-10 2.69382E-08 3.58177E-21
 4.16454E-05 3.33498E-04 5.84635E-05 2.59267E-10 5.82719E-13 6.95104E-07 1.14586E-11 2.44058E-10
 1.90071E-17 4.73624E-10 3.38788E-12 5.56672E-14 1.32809E-14 5.59008E-29 2.87720E-07 5.29770E-16
 2.00249E-20 8.56904E-18 4.00428E-11 3.33033E-14 6.84688E-10 8.31977E-19 9.33470E-21 4.81718E-10
 1.63964E-14 1.74876E-12 3.59540E-10 1.03456E-16 4.57653E-03 5.76703E-17 3.80538E-12 7.99834E-10
 2.86556E-08 4.24871E-21 4.16455E-05 3.33492E-04 5.84551E-05 2.74777E-10 5.52300E-13 6.95071E-07
 1.30917E-11 2.56321E-10 2.29414E-17 4.97753E-10 5.33446E-12 5.14059E-14 1.66455E-14 9.73516E-29
 2.87707E-07 5.82705E-16 2.33409E-20 9.81482E-18 4.82085E-11 3.54275E-14 6.89938E-10 9.35476E-19
 1.20230E-20 5.34260E-10 1.91831E-14 1.94647E-12 3.65065E-10 1.23328E-16 3.52969E-03 6.54005E-17
 3.87908E-12 8.66467E-10 3.03639E-08 4.97124E-21 4.16456E-05 3.33485E-04 5.84464E-05 2.89042E-10
 5.24644E-13 6.95036E-07 1.46162E-11 2.62625E-10 2.65831E-17 5.14113E-10 8.15653E-12 4.64942E-14
 2.03281E-14 1.69714E-28 2.87693E-07 6.40685E-16 2.67758E-20 1.12668E-17 5.74448E-11 3.70813E-14
 6.94481E-10 1.03776E-18 1.52864E-20 5.83024E-10 2.18321E-14 2.12980E-12 3.64327E-10 1.46242E-16
 2.68713E-03 7.38386E-17 3.96889E-12 9.32435E-10 3.20359E-08 5.79241E-21 4.16458E-05 3.33479E-04
 5.84375E-05 3.02288E-10 4.98560E-13 6.94998E-07 1.60987E-11 2.63955E-10 3.02470E-17 5.23537E-10
 1.26070E-11 4.10181E-14 2.40698E-14 3.04215E-28 2.87678E-07 7.05154E-16 3.06030E-20 1.29873E-17
 6.78662E-11 3.81690E-14 6.98188E-10 1.14875E-18 1.94813E-20 6.26221E-10 2.42357E-14 2.29365E-12
 3.57138E-10 1.72115E-16 1.99183E-03 8.30141E-17 4.07870E-12 9.97758E-10 3.36439E-08 6.71438E-21
 4.16459E-05 3.33471E-04 5.84282E-05 3.14647E-10 4.72277E-13 6.94958E-07 1.74968E-11 2.59768E-10
 3.38568E-17 5.27168E-10 2.01106E-11 3.50604E-14 2.77954E-14 5.68910E-28 2.87662E-07 7.76196E-16
 3.48742E-20 1.50174E-17 7.95823E-11 3.85828E-14 7.00911E-10 1.26954E-18 2.49782E-20 6.61827E-10
 2.62069E-14 2.43282E-12 3.43347E-10 2.00855E-16 1.42992E-03 9.22303E-17 4.20146E-12 1.06208E-09
 3.51599E-08 7.68217E-21 4.16460E-05 3.33464E-04 5.84187E-05 3.26183E-10 4.45039E-13 6.94914E-07
 1.86141E-11 2.48015E-10 3.67142E-17 5.26376E-10 3.30468E-11 2.87599E-14 3.08827E-14 1.11687E-27
 2.87645E-07 8.51412E-16 3.93360E-20 1.74092E-17 9.27004E-11 3.82032E-14 7.02483E-10 1.39124E-18
 3.20644E-20 6.87632E-10 2.74069E-14 2.54230E-12 3.23095E-10 2.32188E-16 9.88020E-04 9.86588E-17
 4.27032E-12 1.12486E-09 3.65593E-08 8.45299E-21 4.16461E-05 3.33455E-04 5.84089E-05 3.36961E-10
 4.12313E-13 6.94867E-07 1.90901E-11 2.25584E-10 3.70352E-17 5.22742E-10 5.45201E-11 2.22583E-14
 3.20646E-14 2.27283E-27 2.87628E-07 9.24423E-16 4.28107E-20 2.00200E-17 1.07336E-10 3.69251E-14
 7.02718E-10 1.47479E-18 4.04532E-20 7.01263E-10 2.73454E-14 2.61788E-12 2.97374E-10 2.65737E-16
 6.52562E-04 9.76600E-17 4.18618E-12 1.18554E-09 3.78310E-08 8.60045E-21 4.16462E-05 3.33447E-04
 5.83988E-05 3.47083E-10 3.69824E-13 6.94817E-07 1.84035E-11 1.90344E-10 3.26311E-17 5.17704E-10
 8.64757E-11 1.58583E-14 2.97919E-14 4.69576E-27 2.87609E-07 9.88052E-16 4.32435E-20 2.24950E-17
 1.23570E-10 3.47476E-14 7.01401E-10 1.45477E-18 4.88386E-20 7.00179E-10 2.56742E-14 2.65791E-12
 2.68635E-10 3.01353E-16 4.09146E-04 8.80166E-17 3.82748E-12 1.24476E-09 3.89839E-08 7.96277E-21
 4.16463E-05 3.33437E-04 5.83882E-05 3.56933E-10 3.13985E-13 6.94763E-07 1.69843E-11 1.50053E-10
 2.51583E-17 5.12459E-10 1.27222E-10 1.03718E-14 2.50574E-14 9.40739E-27 2.87590E-07 1.04350E-15
 3.99272E-20 2.40222E-17 1.41460E-10 3.18825E-14 7.00101E-10 1.31349E-18 5.62381E-20 6.99825E-10
 2.27946E-14 2.66570E-12 2.40013E-10 3.41769E-16 2.42177E-04 7.55960E-17 3.43464E-12 1.30553E-09
 4.00565E-08 7.04981E-21 4.16464E-05 3.33427E-04 5.83772E-05 3.67355E-10 2.67320E-13 6.94705E-07
 1.48774E-11 1.11404E-10 1.75192E-17 5.07696E-10 1.68742E-10 6.35609E-15 1.95760E-14 1.89974E-26
 2.87569E-07 1.12009E-15 3.52111E-20 2.55750E-17 1.61076E-10 2.87274E-14 6.98800E-10 1.13237E-18
 6.35256E-20 6.99968E-10 1.96273E-14 2.64901E-12 2.13938E-10 3.96656E-16 1.72230E-04 7.05379E-17
 3.45734E-12 1.37130E-09 4.10956E-08 6.86879E-21 4.16464E-05 3.33416E-04 5.83655E-05 3.79151E-10
 2.57874E-13 6.94643E-07 1.24732E-11 8.16572E-11 1.24319E-17 5.03623E-10 2.02625E-10 3.98876E-15
 1.30269E-14 4.00635E-26 2.87546E-07 1.26062E-15 3.35419E-20 3.02606E-17 1.82553E-10 2.56550E-14
 6.97474E-10 1.05682E-18 7.35507E-20 7.00451E-10 1.70934E-14 2.61631E-12 1.91178E-10 4.71644E-16
 1.39648E-04 7.12493E-17 3.79307E-12 1.44304E-09 4.21394E-08 7.33894E-21 4.16465E-05 3.33404E-04
 5.83531E-05 3.92533E-10 2.71649E-13 6.94576E-07 1.03790E-11 6.13565E-11 9.29632E-18 5.00140E-10
 2.27335E-10 2.66086E-15 8.22613E-15 8.04177E-26 2.87522E-07 1.47819E-15 3.43501E-20 3.82809E-17
 2.06092E-10 2.28169E-14 6.96101E-10 1.06252E-18 8.60105E-20 7.01170E-10 1.52805E-14 2.57236E-12
 1.71733E-10 5.65383E-16 1.13319E-04 7.31529E-17 4.14392E-12 1.52004E-09 4.32160E-08 8.00967E-21
 4.16466E-05 3.33392E-04 5.83397E-05 4.07365E-10 2.86226E-13 6.94502E-07 8.82047E-12 4.74195E-11
 7.17446E-18 4.97086E-10 2.45527E-10 1.83150E-15 5.40385E-15 1.49170E-25 2.87496E-07 1.75890E-15
 3.57052E-20 4.77569E-17 2.31891E-10 2.02504E-14 6.94665E-10 1.08277E-18 1.00696E-19 7.02059E-10
 1.39268E-14 2.51974E-12 1.55499E-10 6.81638E-16 9.44434E-05 7.61481E-17 4.48688E-12 1.60169E-09
 4.43485E-08 8.89332E-21 4.16467E-05 3.33378E-04 5.83253E-05 4.23558E-10 2.99571E-13 6.94422E-07
 7.70041E-12 3.77892E-11 5.74133E-18 4.94331E-10 2.59230E-10 1.30102E-15 3.67691E-15 2.58096E-25
 2.87468E-07 2.09116E-15 3.76026E-20 5.84179E-17 2.60133E-10 1.79795E-14 6.93156E-10 1.11659E-18
 1.18454E-19 7.03075E-10 1.28943E-14 2.46091E-12 1.42303E-10 8.27480E-16 8.09954E-05 8.07444E-17
 4.84964E-12 1.68779E-09 4.55571E-08 1.00980E-20 4.16468E-05 3.33362E-04 5.83097E-05 4.41125E-10
 3.13384E-13 6.94334E-07 6.92212E-12 3.11932E-11 4.79338E-18 4.91779E-10 2.69736E-10 9.62899E-16
 2.61140E-15 4.16123E-25 2.87437E-07 2.46938E-15 4.02968E-20 7.03697E-17 2.91038E-10 1.60183E-14
 6.91560E-10 1.17175E-18 1.40094E-19 7.04196E-10 1.21158E-14 2.39828E-12 1.31510E-10 1.01111E-15
 7.07152E-05 8.68712E-17 5.23720E-12 1.78193E-09 4.69129E-08 1.16683E-20 4.16469E-05 3.33345E-04
 5.82921E-05 4.60903E-10 3.27963E-13 6.94235E-07 6.36201E-12 2.64754E-11 4.13469E-18 4.89271E-10
 2.78411E-10 7.37156E-16 1.92434E-15 6.40115E-25 2.87401E-07 2.90842E-15 4.38008E-20 8.39300E-17
 3.26218E-10 1.43059E-14 6.89799E-10 1.24782E-18 1.66902E-19 7.05457E-10 1.15196E-14 2.33166E-12
 1.22881E-10 1.24176E-15 6.22882E-05 9.44032E-17 5.64293E-12 1.88712E-09 4.84802E-08 1.36395E-20
 4.16470E-05 3.33325E-04 5.82718E-05 4.83688E-10 3.42565E-13 6.94119E-07 5.94197E-12 2.29260E-11
 3.65305E-18 4.86716E-10 2.86113E-10 5.77430E-16 1.45712E-15 9.65991E-25 2.87360E-07 3.42781E-15
 4.81248E-20 9.94525E-17 3.67198E-10 1.28308E-14 6.87802E-10 1.34577E-18 2.01395E-19 7.06891E-10
 1.10717E-14 2.26186E-12 1.15936E-10 1.53661E-15 5.88362E-05 1.03713E-16 6.09202E-12 2.01480E-09
 5.04569E-08 1.61317E-20 4.16471E-05 3.33299E-04 5.82462E-05 5.12259E-10 3.58387E-13 6.93972E-07
 5.57502E-12 2.00733E-11 3.27326E-18 4.83870E-10 2.93766E-10 4.59693E-16 1.08133E-15 1.48180E-24
 2.87308E-07 4.10393E-15 5.35509E-20 1.18659E-16 4.19043E-10 1.15249E-14 6.85340E-10 1.47451E-18
 2.47727E-19 7.08654E-10 1.07534E-14 2.18573E-12 1.10535E-10 1.93388E-15 5.88856E-05 1.16167E-16
 6.64480E-12 2.18756E-09 5.32426E-08 1.94933E-20 4.16472E-05 3.33263E-04 5.82104E-05 5.52292E-10
 3.80024E-13 6.93764E-07 5.20884E-12 1.77777E-11 2.96665E-18 4.80329E-10 3.02272E-10 3.76989E-16
 7.83450E-16 2.35141E-24 2.87235E-07 5.11049E-15 6.08940E-20 1.45510E-16 4.92090E-10 1.03452E-14
 6.81954E-10 1.65600E-18 3.11607E-19 7.11058E-10 1.05934E-14 2.09774E-12 1.07393E-10 2.49151E-15
 5.89593E-05 1.33422E-16 7.33511E-12 2.43448E-09 5.74033E-08 2.41862E-20 4.16475E-05 3.33209E-04
 5.81573E-05 6.11701E-10 4.09842E-13 6.93455E-07 4.81798E-12 1.59144E-11 2.72186E-18 4.75642E-10
 3.12641E-10 3.20003E-16 5.76539E-16 4.03135E-24 2.87127E-07 6.75374E-15 7.13514E-20 1.86508E-16
 6.00836E-10 9.37459E-15 6.77029E-10 1.91506E-18 4.04958E-19 7.14504E-10 1.06705E-14 1.99658E-12
 1.07856E-10 3.28747E-15 5.90651E-05 1.57473E-16 8.18255E-12 2.77452E-09 6.34070E-08 3.08402E-20
 4.16478E-05 3.33132E-04 5.80815E-05 6.96924E-10 4.47917E-13 6.93011E-07 4.40985E-12 1.43862E-11
 2.53716E-18 4.69686E-10 3.25448E-10 2.80269E-16 4.42639E-16 7.68026E-24 2.86970E-07 9.47630E-15
 8.65672E-20 2.50918E-16 7.56902E-10 8.83679E-15 6.70128E-10 2.28205E-18 5.49307E-19 7.19260E-10
 1.10703E-14 1.89261E-12 1.13505E-10 4.48827E-15 5.92212E-05 1.93241E-16 9.27397E-12 3.25470E-09
 7.23179E-08 4.09408E-20 4.16482E-05 3.33018E-04 5.79703E-05 8.22874E-10 5.01467E-13 6.92356E-07
 3.98471E-12 1.32173E-11 2.42024E-18 4.61955E-10 3.42008E-10 2.58330E-16 3.62118E-16 1.65366E-23
 2.86741E-07 1.43850E-14 1.10318E-19 3.61211E-16 9.86854E-10 8.98801E-15 6.60224E-10 2.79375E-18
 7.77210E-19 7.25977E-10 1.19431E-14 1.79313E-12 1.26409E-10 6.36132E-15 5.94496E-05 2.47904E-16
 1.06753E-11 3.92527E-09 8.54606E-08 5.68737E-20 4.16488E-05 3.32851E-04 5.78086E-05 1.00817E-09
 5.76548E-13 6.91398E-07 3.56357E-12 1.24002E-11 2.38183E-18 4.52054E-10 3.63712E-10 2.52596E-16
 3.20982E-16 4.08261E-23 2.86404E-07 2.37184E-14 1.48997E-19 5.60232E-16 1.32291E-09 1.02635E-14
 6.46175E-10 3.46569E-18 1.14365E-18 7.35344E-10 1.34870E-14 1.70906E-12 1.48042E-10 9.27626E-15
 5.97637E-05 3.29776E-16 1.23981E-11 4.80074E-09 1.03721E-07 8.19827E-20 4.16495E-05 3.32622E-04
 5.75875E-05 1.26545E-09 6.76509E-13 6.90081E-07 3.19580E-12 1.19372E-11 2.43052E-18 4.40208E-10
 3.90891E-10 2.60914E-16 3.09790E-16 1.11045E-22 2.85943E-07 4.14361E-14 2.11779E-19 9.17235E-16
 1.78458E-09 1.32589E-14 6.27556E-10 4.28691E-18 1.72934E-18 7.47532E-10 1.58439E-14 1.64783E-12
 1.84997E-10 1.42355E-14 6.02466E-05 4.66146E-16 1.46622E-11 6.06770E-09 1.32140E-07 1.25567E-19
 4.16506E-05 3.32269E-04 5.72500E-05 1.66654E-09 8.28229E-13 6.88057E-07 2.83200E-12 1.18491E-11
 2.59507E-18 4.24482E-10 4.29313E-10 2.93022E-16 3.33398E-16 3.68418E-22 2.85234E-07 8.12389E-14
 3.27902E-19 1.67453E-15 2.49339E-09 1.99367E-14 6.00203E-10 5.15855E-18 2.67565E-18 7.65062E-10
 1.98276E-14 1.58994E-12 2.38858E-10 2.23459E-14 6.09078E-05 6.78815E-16 1.73823E-11 7.67913E-09
 1.71730E-07 1.98113E-19 4.16520E-05 3.31787E-04 5.67915E-05 2.22610E-09 1.03828E-12 6.85287E-07
 2.55951E-12 1.22174E-11 2.90043E-18 4.06040E-10 4.78039E-10 3.50409E-16 3.96286E-16 1.30952E-21
 2.84265E-07 1.65468E-13 5.33409E-19 3.19850E-15 3.46263E-09 3.28585E-14 5.64830E-10 5.99225E-18
 4.12931E-18 7.87135E-10 2.56527E-14 1.51559E-12 3.10830E-10 3.52349E-14 6.17531E-05 9.94613E-16
 2.04691E-11 9.55676E-09 2.23558E-07 3.14448E-19 4.16537E-05 3.31170E-04 5.62109E-05 2.95797E-09
 1.31782E-12 6.81751E-07 2.39755E-12 1.30966E-11 3.36773E-18 3.86063E-10 5.36015E-10 4.38735E-16
 5.10892E-16 4.61680E-21 2.83028E-07 3.36614E-13 8.85659E-19 6.15428E-15 4.69948E-09 5.67434E-14
 5.22769E-10 6.71538E-18 6.24037E-18 8.12445E-10 3.34653E-14 1.40600E-12 4.08314E-10 5.61421E-14
 6.28559E-05 1.47202E-15 2.39735E-11 1.17347E-08 2.93329E-07 5.03506E-19 4.16555E-05 3.30365E-04
 5.54620E-05 3.93821E-09 1.70703E-12 6.77145E-07 2.31464E-12 1.45952E-11 4.05590E-18 3.64279E-10
 6.06698E-10 5.78847E-16 7.17221E-16 1.67583E-20 2.81417E-07 6.96683E-13 1.50971E-18 1.21472E-14
 6.30958E-09 1.03505E-13 4.72656E-10 7.19478E-18 9.18802E-18 8.41084E-10 4.41378E-14 1.24855E-12
 5.31369E-10 8.89777E-14 6.41984E-05 2.15579E-15 2.77223E-11 1.40142E-08 3.81872E-07 7.96938E-19
 4.16575E-05 3.29386E-04 5.45630E-05 5.16590E-09 2.23038E-12 6.71547E-07 2.32353E-12 1.68334E-11
 5.00788E-18 3.42502E-10 6.87198E-10 7.89036E-16 1.07055E-15 5.82173E-20 2.79461E-07 1.40789E-12
 2.56441E-18 2.37096E-14 8.26473E-09 1.92344E-13 4.18131E-10 7.42421E-18 1.31023E-17 8.69989E-10
 5.74918E-14 1.06409E-12 6.89775E-10 1.41494E-13 6.58660E-05 3.14943E-15 3.16990E-11 1.63409E-08
 4.97707E-07 1.25539E-18 4.16594E-05 3.28169E-04 5.34646E-05 6.73437E-09 2.96725E-12 6.64609E-07
 2.40739E-12 2.01019E-11 6.34486E-18 3.20836E-10 7.80803E-10 1.12231E-15 1.71437E-15 2.02187E-19
 2.77038E-07 2.83742E-12 4.38227E-18 4.67408E-14 1.06857E-08 3.70416E-13 3.59083E-10 7.31335E-18
 1.81448E-17 8.97961E-10 7.44049E-14 8.63702E-13 8.86428E-10 2.24364E-13 6.78642E-05 4.55141E-15
 3.57112E-11 1.84894E-08 6.45578E-07 1.95118E-18 4.16609E-05 3.26712E-04 5.21743E-05 8.66067E-09
 3.99851E-12 6.56318E-07 2.57818E-12 2.47612E-11 8.19423E-18 3.00771E-10 8.85585E-10 1.64990E-15
 2.90669E-15 6.80219E-19 2.74146E-07 5.58911E-12 7.42275E-18 9.15137E-14 1.35754E-08 7.25063E-13
 2.99090E-10 6.90129E-18 2.44501E-17 9.21765E-10 9.45954E-14 6.70334E-13 1.12448E-09 3.53966E-13
 7.02011E-05 6.48384E-15 3.95585E-11 2.02471E-08 8.31803E-07 2.98064E-18 4.16617E-05 3.25008E-04
 5.06999E-05 1.09522E-08 5.44243E-12 6.46651E-07 2.85006E-12 3.13594E-11 1.07385E-17 2.83601E-10
 9.99598E-10 2.49390E-15 5.17512E-15 2.18997E-18 2.70776E-07 1.06684E-11 1.23721E-17 1.76647E-13
 1.69393E-08 1.42860E-12 2.41389E-10 6.25286E-18 3.21916E-17 9.38555E-10 1.17453E-13 4.99010E-13
 1.41853E-09 5.60018E-13 7.29954E-05 9.17733E-15 4.30635E-11 2.14883E-08 1.07357E-06 4.50247E-18
 4.16612E-05 3.22972E-04 4.89837E-05 1.37037E-08 7.54065E-12 6.35132E-07 3.23915E-12 4.09584E-11
 1.43426E-17 2.69946E-10 1.12566E-09 3.91877E-15 9.79877E-15 7.00476E-18 2.66765E-07 2.00362E-11
 2.04895E-17 3.41930E-13 2.09391E-08 2.87138E-12 1.86522E-10 5.36910E-18 4.15646E-17 9.46419E-10
 1.43290E-13 3.51857E-13 1.76502E-09 8.79595E-13 7.61817E-05 1.27726E-14 4.59644E-11 2.20401E-08
 1.37478E-06 6.65813E-18 4.16589E-05 3.20649E-04 4.70861E-05 1.67929E-08 1.04931E-11 6.22050E-07
 3.78843E-12 5.47186E-11 1.93515E-17 2.61476E-10 1.25686E-09 6.27643E-15 1.91976E-14 2.11360E-17
 2.62216E-07 3.59551E-11 3.31229E-17 6.45191E-13 2.54696E-08 5.69161E-12 1.38493E-10 4.41591E-18
 5.29777E-17 9.43280E-10 1.69785E-13 2.37564E-13 2.16409E-09 1.36616E-12 7.97250E-05 1.74408E-14
 4.81484E-11 2.18950E-08 1.74130E-06 9.61569E-18 4.16541E-05 3.18068E-04 4.50480E-05 2.00872E-08
 1.45407E-11 6.07568E-07 4.54373E-12 7.42091E-11 2.62473E-17 2.59139E-10 1.38743E-09 1.01107E-14
 3.81557E-14 5.92283E-17 2.57186E-07 6.11110E-11 5.20841E-17 1.17344E-12 3.04679E-08 1.09598E-11
 9.89800E-11 3.50145E-18 6.71693E-17 9.28808E-10 1.94986E-13 1.54652E-13 2.62817E-09 2.10235E-12
 8.36835E-05 2.34914E-14 4.96275E-11 2.11547E-08 2.18757E-06 1.36161E-17 4.16460E-05 3.15183E-04
 4.28565E-05 2.35045E-08 2.00338E-11 5.91473E-07 5.56116E-12 1.01758E-10 3.58380E-17 2.63510E-10
 1.51441E-09 1.63192E-14 7.63437E-14 1.56523E-16 2.51604E-07 9.91138E-11 8.03337E-17 2.06536E-12
 3.60016E-08 2.05107E-11 6.75913E-11 2.66355E-18 8.51723E-17 9.03280E-10 2.18221E-13 9.66293E-14
 3.16450E-09 3.19513E-12 8.80398E-05 3.12918E-14 5.06067E-11 2.00025E-08 2.71833E-06 1.89465E-17
 4.16336E-05 3.12009E-04 4.05428E-05 2.68668E-08 2.72408E-11 5.73870E-07 6.91178E-12 1.39832E-10
 4.91734E-17 2.74869E-10 1.63087E-09 2.60275E-14 1.50451E-13 3.85880E-16 2.45504E-07 1.53166E-10
 1.21926E-16 3.49097E-12 4.20296E-08 3.68094E-11 4.40461E-11 1.95292E-18 1.08522E-16 8.67984E-10
 2.38758E-13 5.82247E-14 3.79293E-09 4.79856E-12 9.28593E-05 4.15410E-14 5.13764E-11 1.86311E-08
 3.34530E-06 2.60628E-17 4.16158E-05 3.08497E-04 3.80943E-05 3.00517E-08 3.64828E-11 5.54536E-07
 8.68570E-12 1.91567E-10 6.80841E-17 2.93259E-10 1.73174E-09 4.07769E-14 2.89033E-13 9.00312E-16
 2.38807E-07 2.27992E-10 1.84030E-16 5.68984E-12 4.86235E-08 6.33391E-11 2.71021E-11 1.37049E-18
 1.39204E-16 8.23993E-10 2.57273E-13 3.36052E-14 4.52385E-09 7.09446E-12 9.81118E-05 5.52080E-14
 5.23446E-11 1.72429E-08 4.06466E-06 3.55782E-17 4.15914E-05 3.04669E-04 3.55489E-05 3.28752E-08
 4.78188E-11 5.33648E-07 1.09983E-11 2.59474E-10 9.53049E-17 3.17808E-10 1.80923E-09 6.19204E-14
 5.30940E-13 1.98760E-15 2.31566E-07 3.28496E-10 2.77437E-16 8.91135E-12 5.57200E-08 1.03544E-10
 1.56860E-11 9.21800E-19 1.80152E-16 7.73431E-10 2.74453E-13 1.86089E-14 5.37197E-09 1.03156E-11
 1.03788E-04 7.38505E-14 5.38669E-11 1.59788E-08 4.87035E-06 4.84343E-17 4.15593E-05 3.00532E-04
 3.29327E-05 3.52038E-08 6.12761E-11 5.11317E-07 1.40203E-11 3.46471E-10 1.35477E-16 3.46992E-10
 1.85662E-09 9.07833E-14 9.26725E-13 4.17533E-15 2.23809E-07 4.62360E-10 4.19769E-16 1.34558E-11
 6.32814E-08 1.60731E-10 8.48019E-12 5.91672E-19 2.34852E-16 7.18293E-10 2.91383E-13 9.84223E-15
 6.35096E-09 1.47475E-11 1.09861E-04 9.98082E-14 5.62350E-11 1.49186E-08 5.74921E-06 6.60012E-17
 4.15182E-05 2.96103E-04 3.02786E-05 3.69377E-08 7.68415E-11 4.87733E-07 1.79866E-11 4.55507E-10
 1.96111E-16 3.78568E-10 1.86798E-09 1.28405E-13 1.53301E-12 8.37554E-15 2.15586E-07 6.40788E-10
 6.38849E-16 1.96783E-11 7.12441E-08 2.37224E-10 4.25377E-12 3.60314E-19 3.07351E-16 6.60583E-10
 3.09007E-13 4.94108E-15 7.46952E-09 2.07346E-11 1.16283E-04 1.36524E-13 5.96855E-11 1.40878E-08
 6.68020E-06 9.02363E-17 4.14671E-05 2.91418E-04 2.76281E-05 3.80156E-08 9.45146E-11 4.63193E-07
 2.31902E-11 5.88935E-10 2.88913E-16 4.09784E-10 1.83943E-09 1.75275E-13 2.39903E-12 1.60507E-14
 2.06976E-07 8.79329E-10 9.77856E-16 2.80040E-11 7.95102E-08 3.33460E-10 1.97233E-12 2.07271E-19
 4.02033E-16 6.02233E-10 3.27956E-13 2.34290E-15 8.74598E-09 2.87518E-11 1.23102E-04 1.89557E-13
 6.43758E-11 1.34594E-08 7.65234E-06 1.24036E-16 4.14040E-05 2.86440E-04 2.49823E-05 3.84260E-08
 1.14679E-10 4.37643E-07 2.99911E-11 7.49511E-10 4.33075E-16 4.38429E-10 1.76991E-09 2.32187E-13
 3.56603E-12 2.96343E-14 1.97934E-07 1.20402E-09 1.50911E-15 3.91465E-11 8.81004E-08 4.49604E-10
 8.33260E-13 1.10699E-19 5.22134E-16 5.43962E-10 3.48871E-13 1.03064E-15 1.01666E-08 3.93083E-11
 1.30258E-04 2.66759E-13 7.04841E-11 1.29989E-08 8.63716E-06 1.71183E-16 4.13279E-05 2.81211E-04
 2.23861E-05 3.81667E-08 1.37446E-10 4.11456E-07 3.87821E-11 9.36379E-10 6.57354E-16 4.62017E-10
 1.66247E-09 2.97920E-13 5.00875E-12 5.28798E-14 1.88557E-07 1.64668E-09 2.34246E-15 5.38930E-11
 9.68884E-08 5.81708E-10 3.19322E-13 5.45264E-20 6.71529E-16 4.87154E-10 3.71767E-13 4.17756E-16
 1.16980E-08 5.29662E-11 1.37724E-04 3.79700E-13 7.81373E-11 1.26560E-08 9.60950E-06 2.36512E-16
 4.12376E-05 2.75750E-04 1.98713E-05 3.72695E-08 1.62828E-10 3.84906E-07 5.00174E-11 1.14627E-09
 1.00656E-15 4.79150E-10 1.52415E-09 3.69690E-13 6.62699E-12 9.23140E-14 1.78904E-07 2.25155E-09
 3.65089E-15 7.32927E-11 1.05774E-07 7.24379E-10 1.10394E-13 2.45607E-20 8.54605E-16 4.32639E-10
 3.96507E-13 1.54760E-16 1.32938E-08 7.03955E-11 1.45523E-04 5.45886E-13 8.74274E-11 1.23734E-08
 1.05493E-05 3.26271E-16 4.11314E-05 2.70036E-04 1.74523E-05 3.57965E-08 1.91037E-10 3.58100E-07
 6.41951E-11 1.37462E-09 1.54979E-15 4.90019E-10 1.36377E-09 4.44396E-13 8.26486E-12 1.59098E-13
 1.68971E-07 3.07996E-09 5.71083E-15 9.88270E-11 1.14705E-07 8.71915E-10 3.40833E-14 9.98580E-21
 1.07360E-15 3.80687E-10 4.22638E-13 5.17207E-17 1.48850E-08 9.23515E-11 1.53642E-04 7.90944E-13
 9.84564E-11 1.21004E-08 1.14300E-05 4.48345E-16 4.10079E-05 2.64076E-04 1.51559E-05 3.38511E-08
 2.22388E-10 3.31286E-07 8.18113E-11 1.61511E-09 2.38792E-15 4.96051E-10 1.19176E-09 5.18633E-13
 9.72653E-12 2.70190E-13 1.58804E-07 4.20565E-09 8.94906E-15 1.32261E-10 1.23568E-07 1.01638E-09
 9.34585E-15 3.63700E-21 1.32755E-15 3.31721E-10 4.49096E-13 1.54701E-17 1.63953E-08 1.19660E-10
 1.62103E-04 1.15286E-12 1.11316E-10 1.17975E-08 1.22264E-05 6.12160E-16 4.08656E-05 2.57847E-04
 1.29988E-05 3.15542E-08 2.57253E-10 3.04611E-07 1.03373E-10 1.86109E-09 3.66923E-15 4.99678E-10
 1.01820E-09 5.89290E-13 1.08309E-11 4.52198E-13 1.48412E-07 5.72398E-09 1.40369E-14 1.75898E-10
 1.32264E-07 1.15043E-09 2.25587E-15 1.17427E-21 1.61126E-15 2.85883E-10 4.74432E-13 4.09696E-18
 1.77378E-08 1.53045E-10 1.70841E-04 1.68470E-12 1.26150E-10 1.14489E-08 1.29038E-05 8.28548E-16
 4.07047E-05 2.51392E-04 1.10174E-05 2.90581E-08 2.95611E-10 2.78490E-07 1.29383E-10 2.10503E-09
 5.59935E-15 5.03397E-10 8.53120E-10 6.52670E-13 1.14359E-11 7.42487E-13 1.37911E-07 7.73529E-09
 2.19695E-14 2.31966E-10 1.40583E-07 1.26514E-09 4.79723E-16 3.36122E-22 1.91882E-15 2.43710E-10
 4.96891E-13 9.60552E-19 1.88501E-08 1.93180E-10 1.79815E-04 2.46245E-12 1.43216E-10 1.10608E-08
 1.34293E-05 1.11072E-15 4.05254E-05 2.44732E-04 9.23456E-06 2.65117E-08 3.37529E-10 2.53231E-07
 1.60327E-10 2.34131E-09 8.46131E-15 5.09556E-10 7.03646E-10 7.06397E-13 1.14981E-11 1.18956E-12
 1.27389E-07 1.03547E-08 3.42420E-14 3.02873E-10 1.48325E-07 1.35347E-09 8.99383E-17 8.53899E-23
 2.23981E-15 2.05465E-10 5.14698E-13 1.99506E-19 1.97049E-08 2.40673E-10 1.89025E-04 3.59662E-12
 1.62984E-10 1.06575E-08 1.37710E-05 1.47586E-15 4.03277E-05 2.37856E-04 7.65840E-06 2.40434E-08
 3.83397E-10 2.28991E-07 1.96629E-10 2.56669E-09 1.26393E-14 5.20132E-10 5.73526E-10 7.49543E-13
 1.10675E-11 1.84822E-12 1.16887E-07 1.37204E-08 5.31099E-14 3.91225E-10 1.55314E-07 1.41072E-09
 1.48264E-17 1.93022E-23 2.55681E-15 1.71132E-10 5.26136E-13 3.67731E-20 2.03053E-08 2.95911E-10
 1.98438E-04 5.24621E-12 1.86302E-10 1.02817E-08 1.38968E-05 1.94890E-15 4.01126E-05 2.30777E-04
 6.29665E-06 2.17622E-08 4.33632E-10 2.05988E-07 2.38648E-10 2.77931E-09 1.86448E-14 5.36526E-10
 4.64198E-10 7.81382E-13 1.02485E-11 2.76253E-12 1.06485E-07 1.79765E-08 8.18532E-14 4.98845E-10
 1.61329E-07 1.43283E-09 2.15207E-18 4.01274E-24 2.85031E-15 1.40748E-10 5.30030E-13 6.21176E-21
 2.06794E-08 3.59126E-10 2.08042E-04 7.64786E-12 2.14524E-10 9.98140E-09 1.37809E-05 2.56946E-15
 3.98813E-05 2.23485E-04 5.14562E-06 1.97308E-08 4.88831E-10 1.84327E-07 2.86687E-10 2.97880E-09
 2.71777E-14 5.59899E-10 3.74687E-10 8.01454E-13 9.16807E-12 3.94336E-12 9.62339E-08 2.32811E-08
 1.25267E-13 6.26584E-10 1.66161E-07 1.41726E-09 2.74614E-19 9.22616E-25 3.09736E-15 1.14176E-10
 5.25833E-13 1.15631E-21 2.08670E-08 4.30739E-10 2.17772E-04 1.11473E-11 2.49554E-10 9.79771E-09
 1.34097E-05 3.40512E-15 3.96364E-05 2.16011E-04 4.20046E-06 1.79670E-08 5.49238E-10 1.64180E-07
 3.41224E-10 3.16569E-09 3.91820E-14 5.90773E-10 3.02759E-10 8.09008E-13 7.94619E-12 5.31157E-12
 8.62415E-08 2.97184E-08 1.90053E-13 7.72341E-10 1.69623E-07 1.36101E-09 3.09171E-20 4.14090E-25
 3.27675E-15 9.13488E-11 5.13566E-13 4.18158E-22 2.09032E-08 5.11878E-10 2.27563E-04 1.62339E-11
 2.93469E-10 9.74391E-09 1.27883E-05 4.56630E-15 3.93814E-05 2.08378E-04 3.44722E-06 1.64283E-08
 6.14055E-10 1.45637E-07 4.03170E-10 3.33967E-09 5.58984E-14 6.28499E-10 2.45209E-10 8.02837E-13
 6.67740E-12 6.67046E-12 7.66026E-08 3.72033E-08 2.85583E-13 9.30703E-10 1.71714E-07 1.26327E-09
 3.10746E-21 3.96102E-25 3.36984E-15 7.20834E-11 4.93068E-13 3.17717E-22 2.08031E-08 6.04710E-10
 2.37358E-04 2.35465E-11 3.47712E-10 9.79066E-09 1.19434E-05 6.22261E-15 3.91200E-05 2.00596E-04
 2.86434E-06 1.50267E-08 6.80583E-10 1.28694E-07 4.73936E-10 3.49657E-09 7.88154E-14 6.70357E-10
 1.98629E-10 7.81384E-13 5.42993E-12 7.75021E-12 6.73911E-08 4.53558E-08 4.25107E-13 1.09356E-09
 1.72743E-07 1.12835E-09 3.11374E-22 4.72915E-25 3.36573E-15 5.60967E-11 4.63767E-13 2.95900E-22
 2.05654E-08 7.12729E-10 2.47065E-04 3.38294E-11 4.12108E-10 9.86458E-09 1.09252E-05 8.62583E-15
 3.88575E-05 1.92697E-04 2.42741E-06 1.36686E-08 7.44331E-10 1.13339E-07 5.55217E-10 3.62670E-09
 1.09456E-13 7.10946E-10 1.60129E-10 7.43799E-13 4.25890E-12 8.31573E-12 5.87003E-08 5.34133E-08
 6.27457E-13 1.25157E-09 1.73378E-07 9.67046E-10 6.38551E-23 5.78066E-25 3.26959E-15 4.30964E-11
 4.25644E-13 2.76694E-22 2.01914E-08 8.40890E-10 2.56578E-04 4.78253E-11 4.84114E-10 9.86292E-09
 9.79932E-06 1.21311E-14 3.86009E-05 1.84713E-04 2.10902E-06 1.22979E-08 8.00766E-10 9.95126E-08
 6.48424E-10 3.71714E-09 1.48855E-13 7.42626E-10 1.27667E-10 6.91252E-13 3.21168E-12 8.26281E-12
 5.06109E-08 6.03347E-08 9.19630E-13 1.39679E-09 1.74573E-07 7.94827E-10 4.43236E-23 6.98190E-25
 3.09655E-15 3.27364E-11 3.79556E-13 2.50477E-22 1.96999E-08 9.95403E-10 2.65756E-04 6.60889E-11
 5.58836E-10 9.68905E-09 8.64296E-06 1.72089E-14 3.83584E-05 1.76697E-04 1.88204E-06 1.09169E-08
 8.46994E-10 8.71490E-08 7.54122E-10 3.75553E-09 1.96750E-13 7.57044E-10 1.00146E-10 6.26999E-13
 2.32496E-12 7.64773E-12 4.32041E-08 6.50701E-08 1.33816E-12 1.52342E-09 1.77285E-07 6.27769E-10
 4.21931E-23 8.24560E-25 2.86833E-15 2.46572E-11 3.27772E-13 2.17683E-22 1.91046E-08 1.18202E-09
 2.74450E-04 8.88151E-11 6.29987E-10 9.29263E-09 7.53399E-06 2.44201E-14 3.81400E-05 1.68702E-04
 1.72111E-06 9.56402E-09 8.81526E-10 7.61575E-08 8.70952E-10 3.73297E-09 2.50966E-13 7.48255E-10
 7.70937E-11 5.55709E-13 1.61762E-12 6.67554E-12 3.65363E-08 6.69986E-08 1.92758E-12 1.62868E-09
 1.82069E-07 4.79095E-10 4.03850E-23 9.45765E-25 2.61186E-15 1.84777E-11 2.73924E-13 1.81582E-22
 1.84139E-08 1.40536E-09 2.82514E-04 1.15864E-10 6.92056E-10 8.68905E-09 6.53426E-06 3.44007E-14
 3.79559E-05 1.60776E-04 1.60460E-06 8.28656E-09 9.04226E-10 6.64224E-08 9.95100E-10 3.64651E-09
 3.07588E-13 7.15147E-10 5.82388E-11 4.82423E-13 1.08564E-12 5.58610E-12 3.06270E-08 6.61758E-08
 2.73599E-12 1.71282E-09 1.88842E-07 3.55946E-10 3.76126E-23 1.04909E-24 2.35188E-15 1.38191E-11
 2.22090E-13 1.46103E-22 1.76604E-08 1.67184E-09 2.89755E-04 1.47066E-10 7.42509E-10 7.94644E-09
 5.68018E-06 4.79719E-14 3.78175E-05 1.53020E-04 1.51684E-06 7.12828E-09 9.17267E-10 5.78906E-08
 1.12171E-09 3.49984E-09 3.62203E-13 6.61534E-10 4.32368E-11 4.11543E-13 7.06517E-13 4.54587E-12
 2.55038E-08 6.31982E-08 3.81096E-12 1.77809E-09 1.96975E-07 2.59176E-10 3.40544E-23 1.12715E-24
 2.10816E-15 1.03670E-11 1.75980E-13 1.14521E-22 1.68757E-08 1.98907E-09 2.96034E-04 1.82399E-10
 7.81389E-10 7.14480E-09 4.97439E-06 6.62465E-14 3.77347E-05 1.45494E-04 1.44666E-06 6.10971E-09
 9.23311E-10 5.04580E-08 1.24528E-09 3.30120E-09 4.10775E-13 5.93916E-10 3.15959E-11 3.45936E-13
 4.47683E-13 3.64069E-12 2.11341E-08 5.88749E-08 5.20130E-12 1.82833E-09 2.05692E-07 1.85847E-10
 3.00926E-23 1.17799E-24 1.89034E-15 7.83084E-12 1.37350E-13 8.83137E-23 1.60743E-08 2.36445E-09
 3.01285E-04 2.21961E-10 8.09980E-10 6.34758E-09 4.39817E-06 9.07220E-14 3.77160E-05 1.38186E-04
 1.38657E-06 5.22977E-09 9.24110E-10 4.39647E-08 1.35950E-09 3.06095E-09 4.49888E-13 5.18928E-10
 2.27548E-11 2.87012E-13 2.76753E-13 2.89660E-12 1.74305E-08 5.39212E-08 6.96160E-12 1.86777E-09
 2.14363E-07 1.31644E-10 2.60557E-23 1.20234E-24 1.69968E-15 5.96144E-12 1.06151E-13 6.74648E-23
 1.52784E-08 2.80801E-09 3.05426E-04 2.66021E-10 8.30491E-10 5.59894E-09 3.92815E-06 1.23568E-13
 3.77699E-05 1.31106E-04 1.33249E-06 4.48088E-09 9.21587E-10 3.82951E-08 1.45927E-09 2.79097E-09
 4.77276E-13 4.42311E-10 1.61689E-11 2.35205E-13 1.67052E-13 2.29907E-12 1.43176E-08 4.88307E-08
 9.15370E-12 1.89889E-09 2.22574E-07 9.21952E-11 2.22377E-23 1.20519E-24 1.53467E-15 4.57996E-12
 8.16504E-14 5.13801E-23 1.45040E-08 3.33144E-09 3.08380E-04 3.14953E-10 8.45222E-10 4.92328E-09
 3.54178E-06 1.67875E-13 3.79049E-05 1.24264E-04 1.28207E-06 3.84945E-09 9.17106E-10 3.33494E-08
 1.54058E-09 2.50339E-09 4.91847E-13 3.68525E-10 1.13474E-11 1.90411E-13 9.84638E-14 1.82330E-12
 1.17210E-08 4.39064E-08 1.18497E-11 1.92282E-09 2.30098E-07 6.38215E-11 1.88178E-23 1.19281E-24
 1.39285E-15 3.55459E-12 6.27923E-14 3.92140E-23 1.37399E-08 3.94378E-09 3.10081E-04 3.69136E-10
 8.55745E-10 4.32954E-09 3.22016E-06 2.27698E-13 3.81299E-05 1.17650E-04 1.23353E-06 3.31586E-09
 9.10097E-10 2.90283E-08 1.59886E-09 2.21038E-09 4.93561E-13 3.00871E-10 7.87712E-12 1.52449E-13
 5.67673E-14 1.45078E-12 9.56420E-09 3.93571E-08 1.51438E-11 1.94211E-09 2.36802E-07 4.37494E-11
 1.58413E-23 1.16962E-24 1.27345E-15 2.78684E-12 4.84384E-14 3.00977E-23 1.29757E-08 4.65321E-09
 3.10462E-04 4.28983E-10 8.63495E-10 3.81859E-09 2.94829E-06 3.08479E-13 3.84539E-05 1.11256E-04
 1.18569E-06 2.86334E-09 8.99732E-10 2.52497E-08 1.63098E-09 1.92326E-09 4.83378E-13 2.41286E-10
 5.41899E-12 1.20867E-13 3.20882E-14 1.16182E-12 7.77999E-09 3.52886E-08 1.91577E-11 1.95896E-09
 2.42649E-07 2.97603E-11 1.33052E-23 1.13946E-24 1.17508E-15 2.20652E-12 3.75500E-14 2.33032E-23
 1.22208E-08 5.47181E-09 3.09464E-04 4.95123E-10 8.70331E-10 3.38824E-09 2.71506E-06 4.18058E-13
 3.88830E-05 1.05122E-04 1.13835E-06 2.48055E-09 8.86234E-10 2.19684E-08 1.63793E-09 1.65178E-09
 4.63473E-13 1.90604E-10 3.70337E-12 9.50042E-14 1.78353E-14 9.35609E-13 6.31976E-09 3.17166E-08
 2.40355E-11 1.97325E-09 2.47672E-07 2.01061E-11 1.12063E-23 1.10781E-24 1.09612E-15 1.76666E-12
 2.93167E-14 1.82844E-23 1.14826E-08 6.41236E-09 3.07055E-04 5.68360E-10 8.78067E-10 3.03296E-09
 2.51154E-06 5.67474E-13 3.94221E-05 9.92640E-05 1.09144E-06 2.15739E-09 8.69864E-10 1.91304E-08
 1.62209E-09 1.40263E-09 4.36301E-13 1.48685E-10 2.52017E-12 7.41097E-14 9.77041E-15 7.56676E-13
 5.13284E-09 2.86201E-08 2.99553E-11 1.98466E-09 2.51945E-07 1.34977E-11 9.50541E-24 1.07857E-24
 1.03403E-15 1.43115E-12 2.30636E-14 1.45957E-23 1.07558E-08 7.48263E-09 3.03198E-04 6.49653E-10
 8.88263E-10 2.74615E-09 2.33037E-06 7.71614E-13 4.00792E-05 9.36531E-05 1.04451E-06 1.88384E-09
 8.50151E-10 1.66691E-08 1.58510E-09 1.17990E-09 4.04108E-13 1.14834E-10 1.71231E-12 5.74680E-14
 5.29064E-15 6.15541E-13 4.16754E-09 2.59903E-08 3.71620E-11 1.99493E-09 2.55527E-07 9.02290E-12
 8.13836E-24 1.05330E-24 9.86340E-16 1.17174E-12 1.82542E-14 1.18865E-23 1.00336E-08 8.68440E-09
 2.97863E-04 7.40404E-10 9.02718E-10 2.52312E-09 2.16588E-06 1.05084E-12 4.08612E-05 8.82757E-05
 9.97206E-07 1.65155E-09 8.26451E-10 1.45344E-08 1.52962E-09 9.86128E-10 3.69277E-13 8.81765E-11
 1.16630E-12 4.44423E-14 2.84932E-15 5.05314E-13 3.38359E-09 2.38340E-08 4.59981E-11 2.00711E-09
 2.58450E-07 6.03216E-12 7.05383E-24 1.03402E-24 9.51932E-16 9.68904E-13 1.45048E-14 9.91465E-24
 9.31467E-09 1.00141E-08 2.91016E-04 8.42826E-10 9.23864E-10 2.36093E-09 2.01313E-06 1.43398E-12
 4.17749E-05 8.31139E-05 9.49248E-07 1.45416E-09 7.98627E-10 1.26818E-08 1.45909E-09 8.21668E-10
 3.33913E-13 6.76379E-11 7.99952E-13 3.44008E-14 1.53695E-15 4.19902E-13 2.74702E-09 2.21548E-08
 5.69438E-11 2.02451E-09 2.60739E-07 4.05129E-12 6.21248E-24 1.02315E-24 9.29089E-16 8.08418E-13
 1.15520E-14 8.50644E-24 8.59425E-09 1.14543E-08 2.82604E-04 9.60214E-10 9.54649E-10 2.25892E-09
 1.86793E-06 1.96112E-12 4.28299E-05 7.81380E-05 9.00326E-07 1.28586E-09 7.66303E-10 1.10695E-08
 1.37666E-09 6.85475E-10 2.99719E-13 5.21335E-11 5.55524E-13 2.67839E-14 8.37873E-16 3.55024E-13
 2.22885E-09 2.09735E-08 7.07149E-11 2.05234E-09 2.62399E-07 2.75028E-12 5.58198E-24 1.02334E-24
 9.16426E-16 6.79687E-13 9.21342E-15 7.53997E-24 7.86846E-09 1.29731E-08 2.72569E-04 1.09748E-09
 9.98739E-10 2.21900E-09 1.72714E-06 2.68873E-12 4.40357E-05 7.33234E-05 8.50352E-07 1.14152E-09
 7.29110E-10 9.66345E-09 1.28566E-09 5.75518E-10 2.68064E-13 4.06589E-11 3.93039E-13 2.11094E-14
 4.66973E-16 3.07382E-13 1.80624E-09 2.03234E-08 8.83850E-11 2.09729E-09 2.63410E-07 1.90115E-12
 5.13998E-24 1.03804E-24 9.12969E-16 5.75174E-13 7.36720E-15 6.93513E-24 7.14579E-09 1.45419E-08
 2.60851E-04 1.26186E-09 1.06078E-09 2.24448E-09 1.58905E-06 3.70259E-12 4.54017E-05 6.86512E-05
 7.99714E-07 1.01720E-09 6.87807E-10 8.43607E-09 1.19022E-09 4.88376E-10 2.39809E-13 3.22653E-11
 2.84553E-13 1.69319E-14 2.68552E-16 2.73265E-13 1.46122E-09 2.02155E-08 1.11477E-10 2.16433E-09
 2.63773E-07 1.34327E-12 4.87177E-24 1.07139E-24 9.15918E-16 4.89515E-13 5.95204E-15 6.63365E-24
 6.44473E-09 1.61577E-08 2.47445E-04 1.46313E-09 1.14586E-09 2.33808E-09 1.45420E-06 5.13837E-12
 4.69304E-05 6.41251E-05 7.49455E-07 9.09651E-10 6.44088E-10 7.36855E-09 1.09525E-09 4.19820E-10
 2.15386E-13 2.61244E-11 2.11021E-13 1.38681E-14 1.60154E-16 2.48800E-13 1.18078E-09 2.06191E-08
 1.42027E-10 2.25495E-09 2.63529E-07 9.68749E-13 4.76424E-24 1.12747E-24 9.21234E-16 4.19139E-13
 4.89942E-15 6.59027E-24 5.78204E-09 1.78598E-08 2.32318E-04 1.71204E-09 1.25778E-09 2.49845E-09
 1.32560E-06 7.20595E-12 4.86276E-05 5.97380E-05 7.00779E-07 8.15621E-10 5.99704E-10 6.44112E-09
 1.00472E-09 3.65139E-10 1.94587E-13 2.15266E-11 1.59662E-13 1.15927E-14 9.87364E-17 2.30443E-13
 9.53624E-10 2.14463E-08 1.82608E-10 2.36687E-09 2.62777E-07 7.08131E-13 4.78953E-24 1.20667E-24
 9.24157E-16 3.61206E-13 4.11617E-15 6.75597E-24 5.17199E-09 1.97585E-08 2.15375E-04 2.01751E-09
 1.39707E-09 2.71569E-09 1.20809E-06 1.02261E-11 5.05060E-05 5.54685E-05 6.54968E-07 7.32376E-10
 5.56505E-10 5.63342E-09 9.21599E-10 3.19436E-10 1.76638E-13 1.78862E-11 1.22038E-13 9.82330E-15
 6.20546E-17 2.14603E-13 7.70123E-10 2.25194E-08 2.36114E-10 2.49182E-09 2.61709E-07 5.17746E-13
 4.89534E-24 1.30241E-24 9.19936E-16 3.13403E-13 3.51721E-15 7.06627E-24 4.62225E-09 2.20451E-08
 1.96527E-04 2.38226E-09 1.55895E-09 2.96846E-09 1.10705E-06 1.46684E-11 5.25773E-05 5.13039E-05
 6.13586E-07 6.57992E-10 5.15983E-10 4.92930E-09 8.47897E-10 2.78542E-10 1.60528E-13 1.47837E-11
 9.30088E-14 8.33611E-15 3.89196E-17 1.98207E-13 6.23042E-10 2.35846E-08 3.05321E-10 2.61610E-09
 2.60598E-07 3.72842E-13 5.00408E-24 1.39967E-24 9.07032E-16 2.74039E-13 3.03648E-15 7.45060E-24
 4.11983E-09 2.49568E-08 1.75629E-04 2.79553E-09 1.73050E-09 3.22651E-09 1.02739E-06 2.11240E-11
 5.48597E-05 4.72232E-05 5.78579E-07 5.90542E-10 4.77707E-10 4.31365E-09 7.83472E-10 2.40030E-10
 1.45251E-13 1.19978E-11 6.99258E-14 6.99620E-15 2.38973E-17 1.80574E-13 5.06385E-10 2.44271E-08
 3.92762E-10 2.72941E-09 2.59671E-07 2.62176E-13 5.01841E-24 1.47460E-24 8.90548E-16 2.41684E-13
 2.62890E-15 7.85786E-24 3.63385E-09 2.87578E-08 1.52681E-04 3.22676E-09 1.88969E-09 3.45755E-09
 9.73977E-07 3.01704E-11 5.73560E-05 4.32315E-05 5.54074E-07 5.27965E-10 4.39084E-10 3.77758E-09
 7.26962E-10 2.03494E-10 1.30241E-13 9.49286E-12 5.16848E-14 5.77004E-15 1.42943E-17 1.63669E-13
 4.15976E-10 2.49903E-08 5.00822E-10 2.83170E-09 2.58988E-07 1.80836E-13 4.85050E-24 1.50082E-24
 8.82763E-16 2.15344E-13 2.27420E-15 8.29043E-24 3.11974E-09 3.37458E-08 1.27704E-04 3.61681E-09
 2.00365E-09 3.63306E-09 9.53956E-07 4.19768E-11 6.00671E-05 3.93245E-05 5.49966E-07 4.67701E-10
 3.95451E-10 3.31272E-09 6.75971E-10 1.69738E-10 1.15323E-13 7.31652E-12 3.77303E-14 4.68822E-15
 8.43533E-18 1.51509E-13 3.47949E-10 2.54265E-08 6.32338E-10 2.93872E-09 2.58381E-07 1.24694E-13
 4.43809E-24 1.45307E-24 9.01267E-16 1.94106E-13 1.96531E-15 8.79958E-24 2.53750E-09 4.03594E-08
 1.00668E-04 3.86825E-09 2.02712E-09 3.72007E-09 9.82407E-07 5.55782E-11 6.29986E-05 3.54737E-05
 5.89920E-07 4.06940E-10 3.41356E-10 2.91047E-09 6.28303E-10 1.39595E-10 1.00543E-13 5.48727E-12
 2.74400E-14 3.78467E-15 5.02011E-18 1.48871E-13 2.98493E-10 2.59159E-08 7.89887E-10 3.07828E-09
 2.57644E-07 8.83834E-14 3.75123E-24 1.30977E-24 9.70606E-16 1.77121E-13 1.69499E-15 9.45442E-24
 1.94068E-09 5.00796E-08 7.19209E-05 3.86373E-09 1.91628E-09 3.63249E-09 1.08951E-06 6.95209E-11
 6.61135E-05 3.16834E-05 7.23237E-07 3.47459E-10 2.80307E-10 2.56816E-09 5.86451E-10 1.10838E-10
 8.52609E-14 3.87833E-12 1.94444E-14 2.96733E-15 2.91861E-18 1.52703E-13 2.64403E-10 2.58366E-08
 9.62223E-10 3.22013E-09 2.57444E-07 6.31577E-14 2.81070E-24 1.06108E-24 1.11789E-15 1.63871E-13
 1.43794E-15 1.02069E-23 1.50882E-09 6.84095E-08 4.17008E-05 3.45862E-09 1.61793E-09 3.19332E-09
 1.36029E-06 8.34786E-11 6.93858E-05 2.79224E-05 1.03257E-06 2.94834E-10 2.25781E-10 2.28101E-09
 5.56799E-10 7.74548E-11 6.70505E-14 2.31670E-12 1.19927E-14 2.05222E-15 1.41365E-18 1.43338E-13
 2.42068E-10 2.31841E-08 1.09087E-09 3.18726E-09 2.60023E-07 3.98240E-14 1.67930E-24 7.03217E-25
 1.40434E-15 1.53707E-13 1.15486E-15 1.07710E-23 1.66488E-09 1.10711E-07 1.83572E-05 2.80864E-09
 1.21584E-09 2.49069E-09 2.02110E-06 1.05492E-10 7.28279E-05 2.41140E-05 1.61989E-06 2.31329E-10
 1.71832E-10 2.04153E-09 5.38805E-10 4.02822E-11 4.84372E-14 1.02487E-12 5.33153E-15 1.15509E-15
 4.72940E-19 9.54357E-14 2.27889E-10 1.69981E-08 1.04025E-09 2.66000E-09 2.66801E-07 1.75071E-14
 7.42653E-25 3.55914E-25 1.90056E-15 1.45726E-13 8.77801E-16 1.09447E-23 4.80824E-09 2.20359E-07
 7.28099E-06 2.48726E-09 9.48242E-10 1.94983E-09 3.68829E-06 1.73217E-10 7.64334E-05 2.02152E-05
 2.56209E-06 1.27178E-10 9.20630E-11 1.84454E-09 5.22468E-10 1.11574E-11 3.78717E-14 3.06291E-13
 1.29537E-15 4.35691E-16 9.45316E-20 2.21686E-14 2.18869E-10 9.19371E-09 5.69890E-10 1.26218E-09
 2.76483E-07 3.46046E-15 2.80292E-25 1.55013E-25 2.38420E-15 1.39347E-13 7.01391E-16 1.07418E-23
 2.07643E-08 4.20498E-07 2.86182E-06 2.51362E-09 8.35566E-10 1.72405E-09 6.26763E-06 3.12089E-10
 8.01434E-05 1.62566E-05 3.90996E-06 7.91194E-11 5.77685E-11 1.68656E-09 4.96846E-10 2.50736E-12
 3.28341E-14 7.71638E-14 2.52138E-16 1.29577E-16 1.55427E-20 1.72947E-15 2.12426E-10 3.72196E-09
 1.64619E-10 3.03864E-10 2.83325E-07 4.02655E-16 1.29696E-25 8.18097E-26 2.67625E-15 1.34321E-13
 6.22724E-16 1.06325E-23 5.24393E-08 6.64212E-07 1.35866E-06 2.79753E-09 8.46889E-10 1.83674E-09
 8.55995E-06 5.41042E-10 8.37565E-05 1.24435E-05 5.64670E-06 6.52162E-11 4.69782E-11 1.56650E-09
 4.74909E-10 1.16410E-12 3.12256E-14 2.54866E-14 8.96757E-17 6.71082E-17 2.72337E-21 1.67932E-16
 2.07486E-10 1.55484E-09 7.03163E-11 1.04387E-10 2.85790E-07 5.25871E-17 9.26621E-26 6.21921E-26
 2.83347E-15 1.30450E-13 6.15065E-16 1.14137E-23 8.96727E-08 9.85675E-07 1.03568E-06 3.55744E-09
 9.93407E-10 2.29227E-09 1.07551E-05 1.03379E-09 8.68851E-05 9.17087E-06 7.66213E-06 4.98367E-11
 3.36032E-11 1.48399E-09 4.61828E-10 8.03454E-13 3.41859E-14 1.36687E-14 5.19840E-17 5.03669E-17
 6.07207E-22 3.62710E-17 2.03936E-10 8.34035E-10 4.90644E-11 5.71571E-11 2.86583E-07 1.12416E-17
 8.98614E-26 6.16415E-26 2.77414E-15 1.27793E-13 6.79436E-16 1.31146E-23 1.18980E-07 1.67299E-06
 1.15564E-06 5.32813E-09 1.29471E-09 2.94828E-09 1.47430E-05 2.55046E-09 8.89238E-05 7.05028E-06
 9.81836E-06 3.57739E-11 2.34918E-11 1.44033E-09 4.56575E-10 5.88445E-13 4.42565E-14 1.00371E-14
 3.21883E-17 4.19231E-17 2.15370E-22 1.81260E-17 2.01927E-10 6.59023E-10 5.12467E-11 4.45630E-11
 2.86771E-07 4.27089E-18 9.11422E-26 6.58037E-26 2.47772E-15 1.26515E-13 8.00505E-16 1.52707E-23
 2.98668E+02 2.96152E+02 2.93587E+02 2.90965E+02 2.88276E+02 2.85521E+02 2.82666E+02 2.79730E+02
 2.76660E+02 2.73504E+02 2.70440E+02 2.67275E+02 2.63885E+02 2.60231E+02 2.56273E+02 2.51973E+02
 2.47301E+02 2.42691E+02 2.39337E+02 2.37248E+02 2.35514E+02 2.33992E+02 2.32733E+02 2.31651E+02
 2.30614E+02 2.29565E+02 2.28649E+02 2.27804E+02 2.26909E+02 2.26094E+02 2.25351E+02 2.24676E+02
 2.24111E+02 2.23669E+02 2.23358E+02 2.23173E+02 2.23112E+02 2.23169E+02 2.23333E+02 2.23590E+02
 2.23919E+02 2.24295E+02 2.24674E+02 2.25013E+02 2.25281E+02 2.25441E+02 2.25446E+02 2.25299E+02
 2.25032E+02 2.24696E+02 2.24356E+02 2.24021E+02 2.23648E+02 2.23220E+02 2.22755E+02 2.22261E+02
 2.21729E+02 2.21163E+02 2.20585E+02 2.20011E+02 2.19456E+02 2.18948E+02 2.18524E+02 2.18202E+02
 2.17968E+02 2.17800E+02 2.17693E+02 2.17610E+02 2.17490E+02 2.17315E+02 2.17088E+02 2.16803E+02
 2.16487E+02 2.16163E+02 2.15792E+02 2.15333E+02 2.14790E+02 2.14170E+02 2.13456E+02 2.12615E+02
 2.11630E+02 2.10474E+02 2.09109E+02 2.07548E+02 2.05853E+02 2.04099E+02 2.02377E+02 2.00763E+02
 1.99196E+02 1.97420E+02 1.94932E+02 1.90984E+02 1.85393E+02 1.79005E+02 1.72785E+02 1.66782E+02
 1.60987E+02 1.55393E+02 1.49994E+02 1.44782E+02 1.00000E+05 1.00000E+05 1.00000E+05 1.00000E+05
 1.00000E+05 1.00000E+05 1.00000E+05 1.00000E+05 1.00000E+05 1.00000E+05 1.00000E+05 1.00000E+05
 1.00000E+05 1.00000E+05 1.00000E+05 1.00000E+05 1.00000E+05 1.00000E+05 1.00000E+05 1.00000E+05
 1.00000E+05 1.00000E+05 1.00000E+05 9.24424E+04 8.83012E+04 6.92150E+04 5.33523E+04 3.74895E+04
 3.11244E+04 2.07675E+04 1.75482E+04 1.32659E+04 8.98353E+03 8.57059E+03 6.66941E+03 6.11768E+03
 5.47179E+03 4.82591E+03 4.64172E+03 4.29858E+03 3.95544E+03 4.02667E+03 3.89333E+03 3.92206E+03
 3.90245E+03 3.88284E+03 3.97279E+03 4.01162E+03 4.17775E+03 4.31265E+03 4.44755E+03 4.69174E+03
 4.88821E+03 5.12983E+03 5.36317E+03 5.59650E+03 5.93033E+03 6.22367E+03 6.56156E+03 6.89450E+03
 7.22744E+03 7.62153E+03 7.99329E+03 8.38676E+03 8.77971E+03 9.17265E+03 9.58988E+03 9.99929E+03
 1.04087E+04 1.09736E+04 1.14638E+04 1.19325E+04 1.24070E+04 1.28815E+04 1.33059E+04 1.37529E+04
 1.43800E+04 1.49682E+04 1.55565E+04 1.61853E+04 1.67971E+04 1.73766E+04 1.79609E+04 1.85452E+04
 1.93271E+04 2.00329E+04 2.08231E+04 2.16075E+04 2.23918E+04 2.34572E+04 2.44258E+04 2.53944E+04
 2.67813E+04 2.79617E+04 2.91365E+04 3.03129E+04 3.14894E+04 3.30188E+04 3.43835E+04 3.60236E+04
 2.36733E+19 2.21571E+19 2.07300E+19 1.93874E+19 1.81252E+19 1.69384E+19 1.58246E+19 1.47782E+19
 1.37977E+19 1.28764E+19 1.20033E+19 1.11847E+19 1.04218E+19 9.71173E+18 9.05141E+18 8.43786E+18
 7.86782E+18 7.32488E+18 6.77605E+18 6.22976E+18 5.71511E+18 5.23524E+18 4.78783E+18 4.37343E+18
 3.99256E+18 3.64360E+18 3.32197E+18 3.02678E+18 2.75750E+18 2.51045E+18 2.28411E+18 2.07697E+18
 1.88724E+18 1.71356E+18 1.55472E+18 1.40970E+18 1.27745E+18 1.15701E+18 1.04750E+18 9.48073E+17
 8.57929E+17 7.76336E+17 7.02622E+17 6.36137E+17 5.76210E+17 5.22241E+17 4.73678E+17 4.29915E+17
 3.90378E+17 3.54545E+17 3.21968E+17 2.92341E+17 2.65449E+17 2.41055E+17 2.18900E+17 1.98770E+17
 1.80485E+17 1.63872E+17 1.48762E+17 1.35011E+17 1.22493E+17 1.11087E+17 1.00686E+17 9.12029E+16
 8.25709E+16 7.47277E+16 6.76077E+16 6.11581E+16 5.53316E+16 5.00704E+16 4.53172E+16 4.10220E+16
 3.71350E+16 3.36133E+16 3.04279E+16 2.75508E+16 2.49504E+16 2.25978E+16 2.04702E+16 1.85477E+16
 1.68103E+16 1.52408E+16 1.38237E+16 1.25418E+16 1.13778E+16 1.03164E+16 9.34501E+15 8.45382E+15
 7.63989E+15 6.90585E+15 6.25828E+15 5.70529E+15 5.23462E+15 4.81033E+15 4.40294E+15 4.01223E+15
 3.63944E+15 3.28563E+15 2.95164E+15 2.63810E+15 1.66707E-13 1.84321E-13 2.21288E-13 2.79114E-13
 3.53764E-13 4.43661E-13 5.47968E-13 6.66096E-13 7.97480E-13 9.41537E-13 1.09772E-12 1.26546E-12
 1.44396E-12 1.63237E-12 1.83020E-12 2.03686E-12 2.25209E-12 2.47640E-12 2.71138E-12 2.95928E-12
 3.22200E-12 3.50113E-12 3.79845E-12 4.12876E-12 4.50507E-12 4.97151E-12 5.61625E-12 6.55839E-12
 7.88543E-12 9.80236E-12 1.25420E-11 1.62081E-11 2.16549E-11 2.87902E-11 3.74092E-11 4.78673E-11
 5.94753E-11 7.22979E-11 8.55212E-11 9.82876E-11 1.10177E-10 1.19839E-10 1.26412E-10 1.29470E-10
 1.28693E-10 1.24017E-10 1.15651E-10 1.04006E-10 8.96576E-11 7.32798E-11 5.48771E-11 4.05671E-11
 2.94681E-11 2.10638E-11 1.47835E-11 1.01697E-11 6.89001E-12 4.57620E-12 2.98213E-12 1.90189E-12
 1.18437E-12 7.21211E-13 4.27637E-13 2.46523E-13 1.37736E-13 7.43481E-14 3.87035E-14 1.93511E-14
 9.25801E-15 4.26862E-15 1.87918E-15 7.85195E-16 3.10026E-16 1.15058E-16 3.97508E-17 1.27277E-17
 3.80923E-18 1.05520E-18 2.68605E-19 6.25742E-20 1.32101E-20 2.49681E-21 4.18581E-22 6.15572E-23
 8.00577E-24 9.01177E-25 8.72317E-26 7.12542E-27 4.81629E-28 2.73568E-29 1.27013E-30 4.77649E-32
 1.52632E-33 3.93348E-35 7.67700E-37 1.06878E-38 1.02254E-40 7.28557E-43 5.54576E-45 2.30682E-47
 3.36716E-01 3.02696E-01 2.95182E-01 3.13874E-01 3.50594E-01 3.95089E-01 4.34992E-01 4.77172E-01
 5.17273E-01 5.52442E-01 5.76914E-01 6.01710E-01 6.23259E-01 6.40026E-01 6.52827E-01 6.64632E-01
 6.72847E-01 6.71848E-01 6.71536E-01 6.67387E-01 6.57308E-01 6.46018E-01 6.33094E-01 6.20780E-01
 6.12100E-01 6.14682E-01 6.34069E-01 6.75102E-01 7.40446E-01 8.38318E-01 9.75546E-01 1.14539E+00
 1.38806E+00 1.67057E+00 1.96101E+00 2.26284E+00 2.53108E+00 2.76581E+00 2.93744E+00 3.03022E+00
 3.04874E+00 2.97593E+00 2.81829E+00 2.59424E+00 2.32163E+00 2.01928E+00 1.70317E+00 1.38811E+00
 1.08603E+00 8.06310E-01 5.48470E-01 3.68192E-01 2.42953E-01 1.57833E-01 1.00700E-01 6.29801E-02
 3.88017E-02 2.34380E-02 1.38885E-02 8.05157E-03 4.55721E-03 2.51957E-03 1.35426E-03 7.06387E-04
 3.56540E-04 1.73729E-04 8.15579E-05 3.67550E-05 1.58539E-05 6.59348E-06 2.61923E-06 9.87972E-07
 3.52172E-07 1.17963E-07 3.67915E-08 1.06423E-08 2.87949E-09 7.21571E-10 1.66280E-10 3.51025E-11
 6.72300E-12 1.15450E-12 1.76233E-13 2.36399E-14 2.80579E-15 2.88166E-16 2.54060E-17 1.88379E-18
 1.15309E-19 5.94023E-21 2.52228E-22 8.86617E-24 2.72646E-25 6.84496E-27 1.27726E-28 1.68330E-30
 1.54676E-32 1.13176E-34 1.36808E-36 4.91660E-39 1.00000E-12 1.00000E-12 1.00000E-12 1.00000E-12
 1.00000E-12 1.00000E-12 1.00000E-12 1.00000E-12 1.00000E-12 1.00000E-12 1.00000E-12 1.00000E-12
 1.00000E-12 1.00000E-12 1.00000E-12 1.00000E-12 1.00000E-12 1.00000E-12 1.00000E-12 1.00000E-12
 1.00000E-12 1.00000E-12 1.00000E-12 1.00000E-12 1.00000E-12 1.00000E-12 1.00000E-12 1.00000E-12
 1.00000E-12 1.00000E-12 1.00000E-12 1.00000E-12 1.00000E-12 1.00000E-12 1.00000E-12 1.00000E-12
 1.00000E-12 1.00000E-12 1.00000E-12 1.00000E-12 1.00000E-12 1.00000E-12 1.00000E-12 1.00000E-12
 1.00000E-12 1.00000E-12 1.00000E-12 1.00000E-12 1.00000E-12 1.00000E-12 1.00000E-12 1.00000E-12
 1.00000E-12 1.00000E-12 1.00000E-12 1.00000E-12 1.00000E-12 1.00000E-12 1.00000E-12 1.00000E-12
 1.00000E-12 1.00000E-12 1.00000E-12 1.00000E-12 1.00000E-12 1.00000E-12 1.00000E-12 1.00000E-12
 1.00000E-12 1.00000E-12 1.00000E-12 1.00000E-12 1.00000E-12 1.00000E-12 1.00000E-12 1.00000E-12
 1.00000E-12 1.00000E-12 1.00000E-12 1.00000E-12 1.00000E-12 1.00000E-12 1.00000E-12 1.00000E-12
 1.00000E-12 1.00000E-12 1.00000E-12 1.00000E-12 1.00000E-12 1.00000E-12 1.00000E-12 1.00000E-12
 1.00000E-12 1.00000E-12 1.00000E-12 1.00000E-12 1.00000E-12 1.00000E-12 1.00000E-12 1.00000E-12
 1.00000E-12 1.00000E-12 1.00000E-12 1.00000E-12 1.00000E-12 1.00000E-12 1.00000E-12 1.00000E-12
 1.00000E-12 1.00000E-12 1.00000E-12 1.00000E-12 1.00000E-12 1.00000E-12 1.00000E-12 1.00000E-12
 1.00000E-12 1.00000E-12 1.00000E-12 1.00000E-12 1.00000E-12 1.00000E-12 1.00000E-12 1.00000E-12
 1.00000E-12 1.00000E-12 1.00000E-12 1.00000E-12 1.00000E-12 1.00000E-12 1.00000E-12 1.00000E-12
 1.00000E-12 1.00000E-12 1.00000E-12 1.00000E-12 1.00000E-12 1.00000E-12 1.00000E-12 1.00000E-12
 1.00000E-12 1.00000E-12 1.00000E-12 1.00000E-12 1.00000E-12 1.00000E-12 1.00000E-12 1.00000E-12
 1.00000E-12 1.00000E-12 1.00000E-12 1.00000E-12 1.00000E-12 1.00000E-12 1.00000E-12 1.00000E-12
 1.00000E-12 1.00000E-12 1.00000E-12 1.00000E-12 1.00000E-12 1.00000E-12 1.00000E-12 1.00000E-12
 1.00000E-12 1.00000E-12 1.00000E-12 1.00000E-12 1.00000E-12 1.00000E-12 1.00000E-12 1.00000E-12
 1.00000E-12 1.00000E-12 1.00000E-12 1.00000E-12 1.00000E-12 1.00000E-12 1.00000E-12 1.00000E-12
 1.00000E-12 1.00000E-12 1.00000E-12 1.00000E-12 1.00000E-12 1.00000E-12 1.00000E-12 1.00000E-12
 1.00000E-12 1.00000E-12 1.00000E-12 1.00000E-12 1.00000E-12 1.00000E-12 1.00000E-12 1.00000E-12
 1.00000E-12 1.00000E-12 1.00000E-12 1.00000E-12 2.74555E-04 2.93497E-04 3.15331E-04 3.37594E-04
 3.58859E-04 3.80563E-04 4.05301E-04 4.31246E-04 4.59453E-04 4.90671E-04 5.26474E-04 5.64523E-04
 6.06116E-04 6.52172E-04 7.03126E-04 7.58710E-04 8.20655E-04 8.91901E-04 9.67905E-04 1.05108E-03
 1.14501E-03 1.24881E-03 1.36390E-03 1.49168E-03 1.63225E-03 1.78376E-03 1.94859E-03 2.13139E-03
 2.33308E-03 2.55693E-03 2.80530E-03 3.08063E-03 3.38633E-03 3.72617E-03 4.10410E-03 4.52407E-03
 4.99077E-03 5.50895E-03 6.08394E-03 6.71987E-03 7.42263E-03 8.19953E-03 9.05704E-03 1.00015E-02
 1.10392E-02 1.21763E-02 1.34241E-02 1.47939E-02 1.62997E-02 1.79575E-02 1.97874E-02 2.18086E-02
 2.40385E-02 2.64977E-02 2.92123E-02 3.22103E-02 3.55216E-02 3.91807E-02 4.32285E-02 4.77089E-02
 5.26642E-02 5.81624E-02 6.42731E-02 7.10705E-02 7.86281E-02 8.70104E-02 9.63159E-02 1.06636E-01
 1.18060E-01 1.30704E-01 1.44701E-01 1.60199E-01 1.77377E-01 1.96436E-01 2.17563E-01 2.40962E-01
 2.66883E-01 2.95611E-01 3.27462E-01 3.62772E-01 4.01933E-01 4.45366E-01 4.93482E-01 5.46913E-01
 6.06514E-01 6.73174E-01 7.48074E-01 8.32684E-01 9.28138E-01 1.03508E+00 1.15359E+00 1.28167E+00
 1.41876E+00 1.57382E+00 1.76453E+00 1.99333E+00 2.25241E+00 2.51154E+00 2.58037E+00 3.03836E+00
 1.00000E+00 1.00000E+00 1.00000E+00 1.00000E+00 1.00000E+00 1.00000E+00 1.00000E+00 1.00000E+00
 1.00000E+00 1.00000E+00 1.00000E+00 1.00000E+00 1.00000E+00 1.00000E+00 1.00000E+00 1.00000E+00
 1.00000E+00 1.00000E+00 1.00000E+00 1.00000E+00 1.00000E+00 1.00000E+00 1.00000E+00 1.00000E+00
 1.00000E+00 1.00000E+00 1.00000E+00 1.00000E+00 1.00000E+00 1.00000E+00 1.00000E+00 1.00000E+00
 1.00000E+00 1.00000E+00 1.00000E+00 1.00000E+00 1.00000E+00 1.00000E+00 1.00000E+00 1.00000E+00
 1.00000E+00 1.00000E+00 1.00000E+00 1.00000E+00 1.00000E+00 1.00000E+00 1.00000E+00 1.00000E+00
 1.00000E+00 1.00000E+00 1.00000E+00 1.00000E+00 1.00000E+00 1.00000E+00 1.00000E+00 1.00000E+00
 1.00000E+00 1.00000E+00 1.00000E+00 1.00000E+00 1.00000E+00 1.00000E+00 1.00000E+00 1.00000E+00
 1.00000E+00 1.00000E+00 1.00000E+00 1.00000E+00 1.00000E+00 1.00000E+00 1.00000E+00 1.00000E+00
 1.00000E+00 1.00000E+00 1.00000E+00 1.00000E+00 1.00000E+00 1.00000E+00 1.00000E+00 1.00000E+00
 1.00000E+00 1.00000E+00 1.00000E+00 1.00000E+00 1.00000E+00 1.00000E+00 1.00000E+00 1.00000E+00
 1.00000E+00 1.00000E+00 1.00000E+00 1.00000E+00 1.00000E+00 1.00000E+00 1.00000E+00 1.00000E+00
 1.00000E+00 1.00000E+00 1.00000E+00 1.00000E+00 1.00000E+00 1.00000E+00 1.00000E+00 1.00000E+00
 1.00000E+00 1.00000E+00 1.00000E+00 1.00000E+00 1.00000E+00 1.00000E+00 1.00000E+00 1.00000E+00
 1.00000E+00 1.00000E+00 1.00000E+00 1.00000E+00 1.00000E+00 1.00000E+00 1.00000E+00 1.00000E+00
 1.00000E+00 1.00000E+00 1.00000E+00 1.00000E+00 1.00000E+00 1.00000E+00 1.00000E+00 1.00000E+00
 1.00000E+00 1.00000E+00 1.00000E+00 1.00000E+00 1.00000E+00 1.00000E+00 1.00000E+00 1.00000E+00
 1.00000E+00 1.00000E+00 1.00000E+00 1.00000E+00 1.00000E+00 1.00000E+00 1.00000E+00 1.00000E+00
 1.00000E+00 1.00000E+00 1.00000E+00 1.00000E+00 1.00000E+00 1.00000E+00 1.00000E+00 1.00000E+00
 1.00000E+00 1.00000E+00 1.00000E+00 1.00000E+00 1.00000E+00 1.00000E+00 1.00000E+00 1.00000E+00
 1.00000E+00 1.00000E+00 1.00000E+00 1.00000E+00 1.00000E+00 1.00000E+00 1.00000E+00 1.00000E+00
 1.00000E+00 1.00000E+00 1.00000E+00 1.00000E+00 1.00000E+00 1.00000E+00 1.00000E+00 1.00000E+00
 1.00000E+00 1.00000E+00 1.00000E+00 1.00000E+00 1.00000E+00 1.00000E+00 1.00000E+00 1.00000E+00
 1.00000E+00 1.00000E+00 1.00000E+00 1.00000E+00 1.00000E+00 1.00000E+00 1.00000E+00 1.00000E+00
 1.00000E+00 1.00000E+00 1.00000E+00 1.00000E+00 1.00000E+00 1.00000E+00 1.00000E+00 1.00000E+00
 1.00000E-05 1.00000E-05 1.00000E-05 1.00000E-05 1.00000E-05 1.00000E-05 1.00000E-05 1.00000E-05
 1.00000E-05 1.00000E-05 1.00000E-05 1.00000E-05 1.00000E-05 1.00000E-05 1.00000E-05 1.00000E-05
 1.00000E-05 1.00000E-05 1.00000E-05 1.00000E-05 1.00000E-05 1.00000E-05 1.00000E-05 1.00000E-05
 1.00000E-05 1.00000E-05 1.00000E-05 1.00000E-05 1.00000E-05 1.00000E-05 1.00000E-05 1.00000E-05
 1.00000E-05 1.00000E-05 1.00000E-05 1.00000E-05 1.00000E-05 1.00000E-05 1.00000E-05 1.00000E-05
 1.00000E-05 1.00000E-05 1.00000E-05 1.00000E-05 1.00000E-05 1.00000E-05 1.00000E-05 1.00000E-05
 1.00000E-05 1.00000E-05 1.00000E-05 1.00000E-05 1.00000E-05 1.00000E-05 1.00000E-05 1.00000E-05
 1.00000E-05 1.00000E-05 1.00000E-05 1.00000E-05 1.00000E-05 1.00000E-05 1.00000E-05 1.00000E-05
 1.00000E-05 1.00000E-05 1.00000E-05 1.00000E-05 1.00000E-05 1.00000E-05 1.00000E-05 1.00000E-05
 1.00000E-05 1.00000E-05 1.00000E-05 1.00000E-05 1.00000E-05 1.00000E-05 1.00000E-05 1.00000E-05
 1.00000E-05 1.00000E-05 1.00000E-05 1.00000E-05 1.00000E-05 1.00000E-05 1.00000E-05 1.00000E-05
 1.00000E-05 1.00000E-05 1.00000E-05 1.00000E-05 1.00000E-05 1.00000E-05 1.00000E-05 1.00000E-05
 1.00000E-05 1.00000E-05 1.00000E-05 1.00000E-05 1.00000E-09 1.00000E-09 1.00000E-09 1.00000E-09
 1.00000E-09 1.00000E-09 1.00000E-09 1.00000E-09 1.00000E-09 1.00000E-09 1.00000E-09 1.00000E-09
 1.00000E-09 1.00000E-09 1.00000E-09 1.00000E-09 1.00000E-09 1.00000E-09 1.00000E-09 1.00000E-09
 1.00000E-09 1.00000E-09 1.00000E-09 1.00000E-09 1.00000E-09 1.00000E-09 1.00000E-09 1.00000E-09
 1.00000E-09 1.00000E-09 1.00000E-09 1.00000E-09 1.00000E-09 1.00000E-09 1.00000E-09 1.00000E-09
 1.00000E-09 1.00000E-09 1.00000E-09 1.00000E-09 1.00000E-09 1.00000E-09 1.00000E-09 1.00000E-09
 1.00000E-09 1.00000E-09 1.00000E-09 1.00000E-09 1.00000E-09 1.00000E-09 1.00000E-09 1.00000E-09
 1.00000E-09 1.00000E-09 1.00000E-09 1.00000E-09 1.00000E-09 1.00000E-09 1.00000E-09 1.00000E-09
 1.00000E-09 1.00000E-09 1.00000E-09 1.00000E-09 1.00000E-09 1.00000E-09 1.00000E-09 1.00000E-09
 1.00000E-09 1.00000E-09 1.00000E-09 1.00000E-09 1.00000E-09 1.00000E-09 1.00000E-09 1.00000E-09
 1.00000E-09 1.00000E-09 1.00000E-09 1.00000E-09 1.00000E-09 1.00000E-09 1.00000E-09 1.00000E-09
 1.00000E-09 1.00000E-09 1.00000E-09 1.00000E-09 1.00000E-09 1.00000E-09 1.00000E-09 1.00000E-09
 1.00000E-09 1.00000E-09 1.00000E-09 1.00000E-09 1.00000E-09 1.00000E-09 1.00000E-09 1.00000E-09
 1.00000E-09 1.00000E-09 1.00000E-09 1.00000E-09 1.00000E-09 1.00000E-09 1.00000E-09 1.00000E-09
 1.00000E-09 1.00000E-09 1.00000E-09 1.00000E-09 1.00000E-09 1.00000E-09 1.00000E-09 1.00000E-09
 1.00000E-09 1.00000E-09 1.00000E-09 1.00000E-09 1.00000E-09 1.00000E-09 1.00000E-09 1.00000E-09
 1.00000E-09 1.00000E-09 1.00000E-09 1.00000E-09 1.00000E-09 1.00000E-09 1.00000E-09 1.00000E-09
 1.00000E-09 1.00000E-09 1.00000E-09 1.00000E-09 1.00000E-09 1.00000E-09 1.00000E-09 1.00000E-09
 1.00000E-09 1.00000E-09 1.00000E-09 1.00000E-09 1.00000E-09 1.00000E-09 1.00000E-09 1.00000E-09
 1.00000E-09 1.00000E-09 1.00000E-09 1.00000E-09 1.00000E-09 1.00000E-09 1.00000E-09 1.00000E-09
 1.00000E-09 1.00000E-09 1.00000E-09 1.00000E-09 1.00000E-09 1.00000E-09 1.00000E-09 1.00000E-09
 1.00000E-09 1.00000E-09 1.00000E-09 1.00000E-09 1.00000E-09 1.00000E-09 1.00000E-09 1.00000E-09
 1.00000E-09 1.00000E-09 1.00000E-09 1.00000E-09 1.00000E-09 1.00000E-09 1.00000E-09 1.00000E-09
 1.00000E-09 1.00000E-09 1.00000E-09 1.00000E-09 1.00000E-09 1.00000E-09 1.00000E-09 1.00000E-09
 1.00000E-09 1.00000E-09 1.00000E-09 1.00000E-09 1.00000E-09 1.00000E-09 1.00000E-09 1.00000E-09
 1.00000E-09 1.00000E-09 1.00000E-09 1.00000E-09
