 4.25867E-11 5.71569E-19 2.87730E-02 3.79616E-19 8.40858E-13 5.79522E-11 2.80999E-09 8.78158E-23
 5.64789E-05 1.06276E-03 2.32977E-04 2.40745E-11 1.47632E-13 1.00317E-06 1.85751E-12 2.58254E-10
 4.52509E-20 1.06952E-10 5.35656E-14 2.54915E-14 1.00422E-15 4.48738E-36 7.41400E-07 1.42380E-17
 1.14801E-22 6.57292E-21 4.01773E-12 9.06108E-16 7.05126E-10 1.14027E-20 4.92773E-23 7.01602E-11
 6.45376E-17 1.45316E-14 5.04946E-11 7.02746E-19 2.47313E-02 4.92073E-19 9.36184E-13 7.07288E-11
 3.02500E-09 1.16725E-22 5.64790E-05 1.06276E-03 2.32970E-04 2.94794E-11 1.57484E-13 1.00315E-06
 2.22720E-12 2.92513E-10 6.41372E-20 1.44300E-10 8.54483E-14 2.59953E-14 1.38487E-15 8.31621E-36
 7.41389E-07 1.94695E-17 1.49900E-22 8.23059E-21 5.91024E-12 1.22886E-15 7.14469E-10 1.45374E-20
 6.71997E-23 1.16746E-10 1.23829E-16 2.53102E-14 6.14038E-11 8.65927E-19 2.11808E-02 6.14360E-19
 9.97965E-13 9.02820E-11 3.26802E-09 1.49673E-22 5.64791E-05 1.06275E-03 2.32962E-04 3.78547E-11
 1.60275E-13 1.00313E-06 2.64496E-12 3.26940E-10 8.67424E-20 1.86840E-10 1.30233E-13 2.62749E-14
 1.87592E-15 1.49011E-35 7.41379E-07 2.52985E-17 1.88577E-22 1.00907E-20 8.63191E-12 1.57430E-15
 7.23703E-10 1.78421E-20 8.84594E-23 1.65833E-10 2.07134E-16 3.78447E-14 7.51413E-11 1.06859E-18
 1.80006E-02 7.57060E-19 1.05525E-12 1.17188E-10 3.53950E-09 1.89715E-22 5.64793E-05 1.06275E-03
 2.32954E-04 4.95058E-11 1.61983E-13 1.00311E-06 3.10457E-12 3.61510E-10 1.14389E-19 2.34425E-10
 1.96819E-13 2.63727E-14 2.51353E-15 2.69106E-35 7.41367E-07 3.18609E-17 2.34211E-22 1.23704E-20
 1.23631E-11 1.94456E-15 7.32767E-10 2.15974E-20 1.15144E-22 2.18224E-10 3.13468E-16 5.24774E-14
 9.06914E-11 1.31914E-18 1.52070E-02 9.23450E-19 1.10986E-12 1.50301E-10 3.83976E-09 2.38330E-22
 5.64794E-05 1.06274E-03 2.32946E-04 6.40530E-11 1.62840E-13 1.00308E-06 3.60765E-12 3.95847E-10
 1.47743E-19 2.82574E-10 2.96995E-13 2.62589E-14 3.32897E-15 4.91740E-35 7.41355E-07 3.93211E-17
 2.88041E-22 1.51750E-20 1.70888E-11 2.34193E-15 7.41592E-10 2.58616E-20 1.48759E-22 2.73318E-10
 4.22562E-16 6.92835E-14 1.07461E-10 1.62793E-18 1.27335E-02 1.11490E-18 1.16155E-12 1.89475E-10
 4.16894E-09 2.96716E-22 5.64795E-05 1.06274E-03 2.32936E-04 8.15138E-11 1.62836E-13 1.00305E-06
 4.15327E-12 4.29181E-10 1.87029E-19 3.28726E-10 4.47555E-13 2.59207E-14 4.36345E-15 9.07751E-35
 7.41341E-07 4.78774E-17 3.50748E-22 1.86124E-20 2.28749E-11 2.76884E-15 7.50095E-10 3.06428E-20
 1.90806E-22 3.30310E-10 5.38657E-16 8.82941E-14 1.25046E-10 2.00636E-18 1.05763E-02 1.33323E-18
 1.21108E-12 2.34993E-10 4.52702E-09 3.66273E-22 5.64797E-05 1.06273E-03 2.32927E-04 1.02085E-10
 1.62035E-13 1.00302E-06 4.73614E-12 4.60229E-10 2.32223E-19 3.71167E-10 6.75841E-13 2.53075E-14
 5.64064E-15 1.04059E-32 7.41327E-07 5.77688E-17 4.23225E-22 2.28419E-20 2.98269E-11 3.22795E-15
 7.58185E-10 3.59708E-20 2.43465E-22 3.88191E-10 6.58848E-16 1.09498E-13 1.43148E-10 2.46790E-18
 8.69080E-03 1.57779E-18 1.25890E-12 2.87391E-10 4.91393E-09 4.47908E-22 5.64798E-05 1.06273E-03
 2.32916E-04 1.26072E-10 1.60505E-13 1.00299E-06 5.34266E-12 4.87080E-10 2.82197E-19 4.08756E-10
 1.02235E-12 2.43870E-14 7.17525E-15 3.23261E-34 7.41312E-07 6.92836E-17 5.05622E-22 2.80634E-20
 3.80777E-11 3.72208E-15 7.65754E-10 4.18317E-20 3.09115E-22 4.45727E-10 7.72281E-16 1.32837E-13
 1.61534E-10 3.02701E-18 7.04682E-03 1.84463E-18 1.30557E-12 3.47383E-10 5.32959E-09 5.41576E-22
 5.64800E-05 1.06272E-03 2.32905E-04 1.53863E-10 1.58310E-13 1.00296E-06 5.94607E-12 5.07045E-10
 3.34088E-19 4.40892E-10 1.55095E-12 2.31093E-14 8.94242E-15 6.27596E-34 7.41295E-07 8.27691E-17
 5.97100E-22 3.45420E-20 4.77838E-11 4.25434E-15 7.72682E-10 4.81644E-20 3.90614E-22 5.01423E-10
 8.79270E-16 1.58209E-13 1.80028E-10 3.70017E-18 5.66125E-03 2.09890E-18 1.35255E-12 4.15822E-10
 5.77401E-09 6.37928E-22 5.64802E-05 1.06271E-03 2.32893E-04 1.85906E-10 1.55988E-13 1.00292E-06
 6.39190E-12 5.16624E-10 3.72097E-19 4.67542E-10 2.35524E-12 2.14661E-14 1.07934E-14 1.22379E-33
 7.41278E-07 9.86441E-17 6.86704E-22 4.22231E-20 5.91226E-11 4.82822E-15 7.78832E-10 5.41742E-20
 4.85004E-22 5.53506E-10 9.72361E-16 1.85468E-13 1.98587E-10 4.50777E-18 4.44241E-03 2.34054E-18
 1.38743E-12 4.93646E-10 6.24273E-09 7.37239E-22 5.64804E-05 1.06271E-03 2.32880E-04 2.22683E-10
 1.52229E-13 1.00288E-06 6.78320E-12 5.17278E-10 4.00781E-19 4.89237E-10 3.55670E-12 1.95627E-14
 1.28293E-14 2.39612E-33 7.41259E-07 1.17417E-16 7.74475E-22 5.12803E-20 7.22892E-11 5.44808E-15
 7.84047E-10 5.98886E-20 5.95202E-22 5.99928E-10 1.05734E-15 2.14474E-13 2.17240E-10 5.49625E-18
 3.42331E-03 2.57535E-18 1.41601E-12 5.81919E-10 6.73144E-09 8.43776E-22 5.64806E-05 1.06270E-03
 2.32866E-04 2.64719E-10 1.48616E-13 1.00284E-06 7.13398E-12 5.10962E-10 4.20670E-19 5.06862E-10
 5.16885E-12 1.76829E-14 1.50868E-14 4.61135E-33 7.41238E-07 1.39719E-16 8.61596E-22 6.22260E-20
 8.74952E-11 6.11969E-15 7.88153E-10 6.54681E-20 7.20088E-22 6.38388E-10 1.13676E-15 2.45111E-13
 2.36042E-10 6.73786E-18 2.73492E-03 2.84830E-18 1.47047E-12 6.81788E-10 7.23757E-09 9.76542E-22
 5.64808E-05 1.06269E-03 2.32851E-04 3.12563E-10 1.48966E-13 1.00279E-06 7.39364E-12 4.98973E-10
 4.34398E-19 5.21363E-10 7.08808E-12 1.60110E-14 1.68465E-14 8.77460E-33 7.41216E-07 1.66348E-16
 9.62156E-22 7.69912E-20 1.04966E-10 6.85082E-15 7.90952E-10 7.20561E-20 8.66148E-22 6.66347E-10
 1.21382E-15 2.77317E-13 2.55043E-10 8.31484E-18 2.32665E-03 3.20638E-18 1.58016E-12 7.94586E-10
 7.75979E-09 1.15777E-21 5.64810E-05 1.06268E-03 2.32835E-04 3.66841E-10 1.55398E-13 1.00275E-06
 7.51830E-12 4.82092E-10 4.44286E-19 5.33744E-10 9.21086E-12 1.45630E-14 1.74847E-14 1.67591E-32
 7.41192E-07 1.98289E-16 1.09178E-21 9.84059E-20 1.24975E-10 7.65091E-15 7.92211E-10 8.08072E-20
 1.04490E-21 6.80995E-10 1.28920E-15 3.11072E-13 2.74169E-10 1.02693E-17 1.96977E-03 3.53639E-18
 1.71618E-12 9.21116E-10 8.29681E-09 1.34956E-21 5.64813E-05 1.06267E-03 2.32818E-04 4.27990E-10
 1.64410E-13 1.00269E-06 7.36288E-12 4.60622E-10 4.28219E-19 5.44596E-10 1.16939E-11 1.31598E-14
 1.78436E-14 3.10356E-32 7.41167E-07 2.36709E-16 1.21335E-21 1.24993E-19 1.47743E-10 8.52992E-15
 7.91657E-10 8.88142E-20 1.23137E-21 6.79151E-10 1.36252E-15 3.46327E-13 2.93427E-10 1.26571E-17
 1.65734E-03 3.98038E-18 1.84434E-12 1.06169E-09 8.84093E-09 1.60684E-21 5.64816E-05 1.06266E-03
 2.32799E-04 4.96265E-10 1.71650E-13 1.00263E-06 7.50333E-12 4.42372E-10 4.36938E-19 5.54253E-10
 1.48624E-11 1.18226E-14 1.83027E-14 5.84126E-32 7.41139E-07 2.82982E-16 1.37655E-21 1.59623E-19
 1.73416E-10 9.49910E-15 7.91060E-10 9.94488E-20 1.48184E-21 6.78175E-10 1.43874E-15 3.83076E-13
 3.12744E-10 1.55870E-17 1.39842E-03 4.48736E-18 1.97503E-12 1.21649E-09 9.39184E-09 1.91970E-21
 5.64819E-05 1.06265E-03 2.32779E-04 5.71887E-10 1.78569E-13 1.00257E-06 7.70055E-12 4.26616E-10
 4.49142E-19 5.62836E-10 1.88312E-11 1.06053E-14 1.87575E-14 1.08191E-31 7.41108E-07 3.38770E-16
 1.56438E-21 2.02500E-19 2.02104E-10 1.05707E-14 7.90418E-10 1.11418E-19 1.78556E-21 6.77786E-10
 1.52390E-15 4.21289E-13 3.32082E-10 1.91985E-17 1.18514E-03 5.06769E-18 2.11372E-12 1.38576E-09
 9.94949E-09 2.30259E-21 5.64822E-05 1.06263E-03 2.32757E-04 6.55133E-10 1.85834E-13 1.00250E-06
 7.93301E-12 4.12677E-10 4.63060E-19 5.70387E-10 2.36207E-11 9.51552E-15 1.91706E-14 1.96696E-31
 7.41075E-07 4.06110E-16 1.78078E-21 2.55756E-19 2.33921E-10 1.17591E-14 7.89725E-10 1.24985E-19
 2.15254E-21 6.77792E-10 1.61897E-15 4.60971E-13 3.51439E-10 2.36628E-17 1.01429E-03 5.72905E-18
 2.26191E-12 1.56994E-09 1.05139E-08 2.77146E-21 5.64826E-05 1.06262E-03 2.32733E-04 7.46387E-10
 1.93753E-13 1.00243E-06 8.19033E-12 4.00070E-10 4.77545E-19 5.76950E-10 2.91878E-11 8.54574E-15
 1.94325E-14 3.50205E-31 7.41039E-07 4.87496E-16 2.02887E-21 3.21770E-19 2.69009E-10 1.30813E-14
 7.88977E-10 1.40390E-19 2.59584E-21 6.78064E-10 1.72195E-15 5.02159E-13 3.71452E-10 2.92364E-17
 8.74022E-04 6.49506E-18 2.43135E-12 1.77602E-09 1.11030E-08 3.35335E-21 5.64830E-05 1.06260E-03
 2.32706E-04 8.49308E-10 2.03095E-13 1.00234E-06 8.44320E-12 3.88164E-10 4.91607E-19 5.82780E-10
 3.56022E-11 7.69209E-15 1.95809E-14 6.16265E-31 7.40999E-07 5.89083E-16 2.31774E-21 4.05374E-19
 3.08769E-10 1.46035E-14 7.88143E-10 1.58357E-19 3.14503E-21 6.78535E-10 1.82857E-15 5.46268E-13
 3.92762E-10 3.62132E-17 7.63208E-04 7.34253E-18 2.60691E-12 2.01243E-09 1.17346E-08 4.05306E-21
 5.64835E-05 1.06258E-03 2.32675E-04 9.68379E-10 2.13026E-13 1.00224E-06 8.68826E-12 3.76466E-10
 5.02651E-19 5.88075E-10 4.29961E-11 6.92432E-15 1.94784E-14 1.07277E-30 7.40953E-07 7.19529E-16
 2.64090E-21 5.09292E-19 3.54933E-10 1.64094E-14 7.87187E-10 1.78799E-19 3.84066E-21 6.79183E-10
 1.92856E-15 5.94814E-13 4.17815E-10 4.51495E-17 6.44087E-04 8.26334E-18 2.79302E-12 2.31045E-09
 1.24790E-08 4.88285E-21 5.64840E-05 1.06256E-03 2.32636E-04 1.11978E-09 2.24049E-13 1.00212E-06
 8.87019E-12 3.64016E-10 5.06994E-19 5.93369E-10 5.19248E-11 6.24120E-15 1.98939E-14-4.65463E-30
 7.40894E-07 9.04169E-16 2.99829E-21 6.42397E-19 4.13778E-10 1.87727E-14 7.85980E-10 2.02613E-19
 4.78762E-21 6.80075E-10 2.02882E-15 6.53613E-13 4.51625E-10 5.72153E-17 6.10400E-04 9.37526E-18
 3.04497E-12 2.73913E-09 1.34807E-08 5.93884E-21 5.64849E-05 1.06252E-03 2.32580E-04 1.33944E-09
 2.40728E-13 1.00194E-06 8.85223E-12 3.49703E-10 5.03059E-19 5.99474E-10 6.32957E-11 5.67301E-15
 1.83709E-14 3.56469E-30 7.40808E-07 1.20393E-15 3.43683E-21 8.37776E-19 4.99274E-10 2.23153E-14
 7.84241E-10 2.34874E-19 6.26759E-21 6.81419E-10 1.99299E-15 7.34933E-13 5.02776E-10 7.49710E-17
 5.91530E-04 1.09345E-17 3.49706E-12 3.42539E-09 1.49859E-08 7.45368E-21 5.64863E-05 1.06247E-03
 2.32488E-04 1.69430E-09 2.72040E-13 1.00165E-06 8.44510E-12 3.33429E-10 4.87911E-19 6.07189E-10
 7.73408E-11 5.31918E-15 1.68613E-14 7.55420E-30 7.40670E-07 1.75241E-15 4.05627E-21 1.17937E-18
 6.37421E-10 2.82637E-14 7.81447E-10 2.85692E-19 8.83372E-21 6.83580E-10 1.95495E-15 8.60193E-13
 5.77272E-10 1.02059E-16 5.91654E-04 1.32417E-17 4.25029E-12 4.47335E-09 1.71516E-08 9.76970E-21
 5.64884E-05 1.06238E-03 2.32347E-04 2.24175E-09 3.23677E-13 1.00120E-06 7.70877E-12 3.17575E-10
 4.66042E-19 6.16681E-10 9.22730E-11 5.22044E-15 1.55569E-14 2.57109E-29 7.40457E-07 2.73088E-15
 4.97832E-21 1.80630E-18 8.50487E-10 3.78697E-14 7.77167E-10 3.69598E-19 1.34255E-20 6.86899E-10
 2.00291E-15 1.04383E-12 6.98008E-10 1.45025E-16 5.91864E-04 1.61179E-17 5.14012E-12 6.23436E-09
 2.06081E-08 1.28523E-20 5.64920E-05 1.06224E-03 2.32108E-04 3.17376E-09 3.90678E-13 1.00044E-06
 6.70556E-12 2.97565E-10 4.27768E-19 6.29762E-10 1.13533E-10 5.22578E-15 1.44655E-14 5.06285E-29
 7.40094E-07 4.71503E-15 6.19795E-21 2.98877E-18 1.21311E-09 5.51689E-14 7.69933E-10 4.91721E-19
 2.21372E-20 6.92516E-10 2.00055E-15 1.33874E-12 8.72344E-10 2.12837E-16 5.92178E-04 2.02987E-17
 6.27862E-12 8.82903E-09 2.55126E-08 1.75180E-20 5.64973E-05 1.06202E-03 2.31751E-04 4.56931E-09
 4.80298E-13 9.99300E-07 5.65830E-12 2.77486E-10 3.92982E-19 6.45867E-10 1.38485E-10 5.36795E-15
 1.37043E-14 1.66739E-28 7.39552E-07 8.43210E-15 8.04992E-21 5.32941E-18 1.75543E-09 8.30436E-14
 7.59208E-10 6.81776E-19 3.85933E-20 7.00861E-10 2.08081E-15 1.75026E-12 1.10451E-09 3.19465E-16
 5.92606E-04 2.69056E-17 7.79900E-12 1.22942E-08 3.19395E-08 2.52573E-20 5.65046E-05 1.06172E-03
 2.31266E-04 6.47127E-09 6.00115E-13 9.97748E-07 4.79833E-12 2.65164E-10 3.78038E-19 6.64174E-10
 1.60451E-10 5.81424E-15 1.38739E-14 5.53653E-28 7.38815E-07 1.51241E-14 1.10578E-20 9.93645E-18
 2.49269E-09 1.24820E-13 7.44785E-10 9.73916E-19 6.78493E-20 7.12103E-10 2.42888E-15 2.26228E-12
 1.43268E-09 4.89123E-16 5.93217E-04 3.68283E-17 9.58572E-12 1.71307E-08 4.09403E-08 3.74889E-20
 5.65149E-05 1.06130E-03 2.30574E-04 9.19729E-09 7.51773E-13 9.95531E-07 4.00562E-12 2.52345E-10
 3.70546E-19 6.86113E-10 1.90812E-10 6.35141E-15 1.41510E-14 2.13102E-27 7.37762E-07 2.83851E-14
 1.58998E-20 1.95751E-17 3.54579E-09 1.92171E-13 7.24480E-10 1.37424E-18 1.21228E-19 7.27963E-10
 2.82060E-15 2.90873E-12 1.86955E-09 7.51859E-16 5.94032E-04 5.14930E-17 1.16409E-11 2.33892E-08
 5.29396E-08 5.65966E-20 5.65286E-05 1.06073E-03 2.29654E-04 1.28465E-08 9.34322E-13 9.92578E-07
 3.29915E-12 2.36797E-10 3.67281E-19 7.10697E-10 2.33998E-10 6.80944E-15 1.40263E-14 9.11411E-27
 7.36359E-07 5.41280E-14 2.36856E-20 3.97060E-17 4.94836E-09 2.96211E-13 6.97961E-10 1.88643E-18
 2.17161E-19 7.48719E-10 3.21737E-15 3.63055E-12 2.44250E-09 1.16424E-15 5.95090E-04 7.36850E-17
 1.40569E-11 3.12347E-08 6.88903E-08 8.73271E-20 5.65462E-05 1.06000E-03 2.28461E-04 1.76213E-08
 1.16394E-12 9.88741E-07 2.72164E-12 2.23308E-10 3.72582E-19 7.37882E-10 2.87765E-10 7.36809E-15
 1.40733E-14 4.01997E-26 7.34537E-07 1.04798E-13 3.65686E-20 8.17421E-17 6.77015E-09 4.57302E-13
 6.64415E-10 2.49036E-18 3.83205E-19 7.75021E-10 3.81258E-15 4.35554E-12 3.13301E-09 1.78689E-15
 5.96344E-04 1.05126E-16 1.67049E-11 4.01192E-08 8.86522E-08 1.34322E-19 5.65669E-05 1.05913E-03
 2.27053E-04 2.33285E-08 1.44097E-12 9.84198E-07 2.30413E-12 2.13715E-10 3.85660E-19 7.65638E-10
 3.49141E-10 8.00798E-15 1.43536E-14 1.63369E-25 7.32380E-07 1.98256E-13 5.67178E-20 1.62325E-16
 8.92648E-09 6.90509E-13 6.26083E-10 3.16607E-18 6.55553E-19 8.05089E-10 4.63155E-15 4.94107E-12
 3.99200E-09 2.74915E-15 5.97868E-04 1.50539E-16 1.96575E-11 5.03390E-08 1.14227E-07 2.07192E-19
 5.65917E-05 1.05807E-03 2.25347E-04 3.03433E-08 1.79298E-12 9.78683E-07 1.97471E-12 2.06905E-10
 4.04847E-19 7.95149E-10 4.22776E-10 8.81074E-15 1.49600E-14 6.50533E-25 7.29761E-07 3.76780E-13
 8.91937E-20 3.19464E-16 1.15450E-08 1.04365E-12 5.81629E-10 3.83958E-18 1.09181E-18 8.39899E-10
 5.75988E-15 5.31596E-12 5.03851E-09 4.23052E-15 5.99673E-04 2.15162E-16 2.28959E-11 6.16579E-08
 1.46992E-07 3.18794E-19 5.66208E-05 1.05682E-03 2.23336E-04 3.87612E-08 2.24372E-12 9.72158E-07
 1.71882E-12 2.03000E-10 4.29835E-19 8.26217E-10 5.09328E-10 9.81746E-15 1.59633E-14 2.49919E-24
 7.26663E-07 7.11452E-13 1.41126E-19 6.19400E-16 1.46426E-08 1.57359E-12 5.32044E-10 4.44389E-18
 1.76363E-18 8.78512E-10 7.26113E-15 5.40166E-12 6.29883E-09 6.51298E-15 6.01777E-04 3.06400E-16
 2.64113E-11 7.38226E-08 1.88862E-07 4.88562E-19 5.66543E-05 1.05537E-03 2.21004E-04 4.87162E-08
 2.83025E-12 9.64569E-07 1.52373E-12 2.02530E-10 4.61825E-19 8.58989E-10 6.09083E-10 1.11295E-14
 1.75705E-14 9.22177E-24 7.23056E-07 1.33023E-12 2.23824E-19 1.18346E-15 1.82475E-08 2.36717E-12
 4.78424E-10 4.91126E-18 2.75865E-18 9.19793E-10 9.21391E-15 5.17848E-12 7.78440E-09 1.00065E-14
 6.04165E-04 4.33043E-16 3.01603E-11 8.63588E-08 2.41610E-07 7.43098E-19 5.66915E-05 1.05371E-03
 2.18372E-04 6.01990E-08 3.59488E-12 9.55969E-07 1.38080E-12 2.05852E-10 5.01864E-19 8.93327E-10
 7.20800E-10 1.28374E-14 1.99832E-14 3.22877E-23 7.18967E-07 2.44333E-12 3.53378E-19 2.21842E-15
 2.23349E-08 3.53803E-12 4.22841E-10 5.20550E-18 4.17792E-18 9.61760E-10 1.16594E-14 4.69657E-12
 9.52409E-09 1.53559E-14 6.06849E-04 6.07733E-16 3.41208E-11 9.89069E-08 3.07956E-07 1.12242E-18
 5.67326E-05 1.05186E-03 2.15434E-04 7.33036E-08 4.60419E-12 9.46334E-07 1.28085E-12 2.13667E-10
 5.52519E-19 9.29641E-10 8.43732E-10 1.51254E-14 2.36259E-14 1.07689E-22 7.14379E-07 4.41174E-12
 5.54709E-19 4.09363E-15 2.69187E-08 5.25980E-12 3.66838E-10 5.29969E-18 6.14084E-18 1.00279E-09
 1.46584E-14 4.04500E-12 1.15370E-08 2.35172E-14 6.09815E-04 8.46014E-16 3.82490E-11 1.11008E-07
 3.90648E-07 1.68221E-18 5.67771E-05 1.04980E-03 2.12212E-04 8.80048E-08 5.94155E-12 9.35714E-07
 1.21942E-12 2.26939E-10 6.17105E-19 9.68144E-10 9.75632E-10 1.82350E-14 2.91399E-14 3.40617E-22
 7.09316E-07 7.80576E-12 8.62891E-19 7.42957E-15 3.19758E-08 7.76068E-12 3.12349E-10 5.20316E-18
 8.78400E-18 1.04100E-09 1.82358E-14 3.32812E-12 1.38776E-08 3.60246E-14 6.13098E-04 1.17125E-15
 4.25177E-11 1.22414E-07 4.94308E-07 2.50763E-18 5.68250E-05 1.04753E-03 2.08678E-04 1.04476E-07
 7.74113E-12 9.24006E-07 1.19138E-12 2.47101E-10 7.00957E-19 1.00962E-09 1.11588E-09 2.25952E-14
 3.77246E-14 1.03396E-21 7.03724E-07 1.35937E-11 1.33285E-18 1.33481E-14 3.75587E-08 1.13959E-11
 2.60308E-10 4.92115E-18 1.22699E-17 1.07529E-09 2.24695E-14 2.62165E-12 1.65672E-08 5.50803E-14
 6.16674E-04 1.60958E-15 4.68608E-11 1.32709E-07 6.22594E-07 3.71131E-18 5.68757E-05 1.04506E-03
 2.04867E-04 1.22570E-07 1.01540E-11 9.11310E-07 1.19685E-12 2.75795E-10 8.09807E-19 1.05389E-09
 1.26095E-09 2.87198E-14 5.11538E-14 2.98678E-21 6.97646E-07 2.31825E-11 2.03621E-18 2.36476E-14
 4.36217E-08 1.65733E-11 2.12361E-10 4.50608E-18 1.67883E-17 1.10418E-09 2.73664E-14 1.98964E-12
 1.96455E-08 8.40205E-14 6.20535E-04 2.19577E-15 5.12311E-11 1.41654E-07 7.80192E-07 5.45384E-18
 5.69288E-05 1.04239E-03 2.00797E-04 1.42181E-07 1.33902E-11 8.97663E-07 1.23749E-12 3.15576E-10
 9.52513E-19 1.10055E-09 1.40761E-09 3.74441E-14 7.26358E-14 8.19206E-21 6.91097E-07 3.86999E-11
 3.07326E-18 4.12868E-14 5.01483E-08 2.38146E-11 1.69416E-10 4.00484E-18 2.25642E-17 1.12688E-09
 3.29909E-14 1.46084E-12 2.31288E-08 1.27514E-13 6.24642E-04 2.96881E-15 5.55950E-11 1.49066E-07
 9.70570E-07 7.94367E-18 5.69834E-05 1.03955E-03 1.96521E-04 1.62975E-07 1.76703E-11 8.83227E-07
 1.31302E-12 3.67922E-10 1.13615E-18 1.14786E-09 1.55287E-09 4.96098E-14 1.06371E-13 2.12451E-20
 6.84148E-07 6.30311E-11 4.57064E-18 7.07411E-14 5.70630E-08 3.36242E-11 1.32282E-10 3.47462E-18
 2.99076E-17 1.14291E-09 3.93969E-14 1.04460E-12 2.70335E-08 1.91951E-13 6.28956E-04 3.97471E-15
 5.99636E-11 1.54936E-07 1.19667E-06 1.14492E-17 5.70384E-05 1.03658E-03 1.92089E-04 1.84578E-07
 2.32074E-11 8.68156E-07 1.41733E-12 4.31669E-10 1.36317E-18 1.19304E-09 1.69764E-09 6.56777E-14
 1.56238E-13 5.24579E-20 6.76869E-07 1.00054E-10 6.69393E-18 1.18666E-13 6.42922E-08 4.64332E-11
 1.01194E-10 2.95847E-18 3.93076E-17 1.15234E-09 4.65830E-14 7.32162E-13 3.14133E-08 2.86436E-13
 6.33480E-04 5.27868E-15 6.44107E-11 1.59439E-07 1.46291E-06 1.63463E-17 5.70937E-05 1.03345E-03
 1.87507E-04 2.06806E-07 3.02677E-11 8.52451E-07 1.54673E-12 5.05530E-10 1.63953E-18 1.23285E-09
 1.84611E-09 8.60341E-14 2.26296E-13 1.24778E-19 6.69254E-07 1.55277E-10 9.67918E-18 1.95195E-13
 7.18355E-08 6.26411E-11 7.57182E-11 2.47393E-18 5.14433E-17 1.15569E-09 5.47939E-14 5.03803E-13
 3.62972E-08 4.23044E-13 6.38197E-04 6.96175E-15 6.90782E-11 1.62792E-07 1.77144E-06 2.31343E-17
 5.71487E-05 1.03020E-03 1.82804E-04 2.29340E-07 3.90894E-11 8.36201E-07 1.70140E-12 5.87559E-10
 1.97432E-18 1.26328E-09 2.00274E-09 1.10619E-13 3.19049E-13 2.86312E-19 6.61339E-07 2.35572E-10
 1.38323E-17 3.14214E-13 7.96504E-08 8.23091E-11 5.54008E-11 2.03743E-18 6.72522E-17 1.15360E-09
 6.42315E-14 3.41395E-13 4.17386E-08 6.18129E-13 6.43115E-04 9.13755E-15 7.41503E-11 1.65276E-07
 2.12494E-06 3.25085E-17 5.72030E-05 1.02680E-03 1.77978E-04 2.52007E-07 4.99302E-11 8.19394E-07
 1.88271E-12 6.75182E-10 2.38239E-18 1.28073E-09 2.17421E-09 1.38903E-13 4.34437E-13 6.37180E-19
 6.53110E-07 3.50017E-10 1.95825E-17 4.95001E-13 8.77418E-08 1.05248E-10 3.95451E-11 1.65142E-18
 8.80469E-17 1.14681E-09 7.49940E-14 2.27739E-13 4.77714E-08 8.93027E-13 6.48231E-04 1.19569E-14
 7.98640E-11 1.67173E-07 2.52364E-06 4.54288E-17 5.72563E-05 1.02327E-03 1.73044E-04 2.74592E-07
 6.30311E-11 8.02071E-07 2.09859E-12 7.66882E-10 2.89002E-18 1.28259E-09 2.36480E-09 1.70146E-13
 5.70708E-13 1.37088E-18 6.44576E-07 5.09294E-10 2.74952E-17 7.61569E-13 9.60911E-08 1.30802E-10
 2.74876E-11 1.31705E-18 1.15559E-16 1.13608E-09 8.68257E-14 1.49514E-13 5.44088E-08 1.27505E-12
 6.53532E-04 1.56196E-14 8.64952E-11 1.68757E-07 2.96489E-06 6.32231E-17 5.73080E-05 1.01961E-03
 1.68023E-04 2.96878E-07 7.86105E-11 7.84308E-07 2.36394E-12 8.62710E-10 3.53980E-18 1.26815E-09
 2.57508E-09 2.03629E-13 7.25923E-13 2.83051E-18 6.35761E-07 7.25074E-10 3.83057E-17 1.14102E-12
 1.04663E-07 1.57879E-10 1.85827E-11 1.03340E-18 1.52041E-16 1.12218E-09 9.94904E-14 9.65732E-14
 6.16519E-08 1.79883E-12 6.59004E-04 2.03907E-14 9.43465E-11 1.70286E-07 3.44337E-06 8.77339E-17
 5.73576E-05 1.01583E-03 1.62938E-04 3.18710E-07 9.68864E-11 7.66187E-07 2.70420E-12 9.65565E-10
 4.40217E-18 1.23913E-09 2.80056E-09 2.39167E-13 9.02076E-13 5.56333E-18 6.26690E-07 1.00929E-09
 5.29730E-17 1.66062E-12 1.13421E-07 1.85159E-10 1.22071E-11 7.97324E-19 2.00352E-16 1.10585E-09
 1.13416E-13 6.13219E-14 6.95217E-08 2.51205E-12 6.64655E-04 2.66529E-14 1.03776E-10 1.72001E-07
 3.95282E-06 1.21738E-16 5.74046E-05 1.01193E-03 1.57789E-04 3.40087E-07 1.18352E-10 7.47722E-07
 3.16986E-12 1.08670E-09 5.60982E-18 1.19925E-09 3.02746E-09 2.79597E-13 1.11995E-12 1.02436E-17
 6.17352E-07 1.37447E-09 7.27853E-17 2.34634E-12 1.22368E-07 2.11435E-10 7.77445E-12 6.03208E-19
 2.63307E-16 1.08770E-09 1.30525E-13 3.81354E-14 7.80217E-08 3.47906E-12 6.70490E-04 3.49409E-14
 1.15222E-10 1.74125E-07 4.48376E-06 1.69370E-16 5.74489E-05 1.00790E-03 1.52581E-04 3.61044E-07
 1.43724E-10 7.28948E-07 3.83015E-12 1.23981E-09 7.36602E-18 1.15264E-09 3.23888E-09 3.29295E-13
 1.41255E-12 1.73678E-17 6.07741E-07 1.83204E-09 9.94504E-17 3.21945E-12 1.31496E-07 2.35443E-10
 4.79265E-12 4.46389E-19 3.43307E-16 1.06823E-09 1.55097E-13 2.31446E-14 8.71754E-08 4.77775E-12
 6.76537E-04 4.59577E-14 1.29130E-10 1.76886E-07 5.02633E-06 2.36217E-16 5.74900E-05 1.00371E-03
 1.47300E-04 3.81738E-07 1.73606E-10 7.09830E-07 4.75139E-12 1.42907E-09 9.93460E-18 1.10172E-09
 3.43066E-09 3.89168E-13 1.79679E-12 2.73179E-17 5.97814E-07 2.39456E-09 1.35349E-16 4.29871E-12
 1.40839E-07 2.55817E-10 2.84929E-12 3.21480E-19 4.43858E-16 1.04780E-09 1.91828E-13 1.36395E-14
 9.69378E-08 6.49137E-12 6.82784E-04 6.05624E-14 1.45997E-10 1.80499E-07 5.56459E-06 3.29439E-16
 5.75275E-05 9.99390E-04 1.41967E-04 4.02225E-07 2.08197E-10 6.90471E-07 6.00487E-12 1.65074E-09
 1.36636E-17 1.04766E-09 3.60564E-09 4.55828E-13 2.26360E-12 4.04737E-17 5.87594E-07 3.06932E-09
 1.83548E-16 5.58625E-12 1.50368E-07 2.70921E-10 1.63293E-12 2.25057E-19 5.70461E-16 1.02680E-09
 2.44013E-13 7.80103E-15 1.07294E-07 8.72102E-12 6.89232E-04 7.99333E-14 1.66464E-10 1.85177E-07
 6.08152E-06 4.59121E-16 5.75609E-05 9.94920E-04 1.36591E-04 4.22679E-07 2.47982E-10 6.70932E-07
 7.69883E-12 1.90474E-09 1.90879E-17 9.91125E-10 3.76384E-09 5.26649E-13 2.80271E-12 5.68731E-17
 5.77079E-07 3.86123E-09 2.48191E-16 7.07305E-12 1.60081E-07 2.79535E-10 9.01340E-13 1.52904E-19
 7.28867E-16 1.00550E-09 3.17413E-13 4.32265E-15 1.18279E-07 1.15897E-11 6.95903E-04 1.05720E-13
 1.91369E-10 1.91149E-07 6.55928E-06 6.39623E-16 5.75898E-05 9.90287E-04 1.31165E-04 4.43396E-07
 2.93812E-10 6.51220E-07 9.98896E-12 2.19344E-09 2.70344E-17 9.32717E-10 3.90330E-09 5.99447E-13
 3.40112E-12 7.60647E-17 5.66237E-07 4.77293E-09 3.35006E-16 8.74033E-12 1.70008E-07 2.81021E-10
 4.78150E-13 1.00535E-19 9.24851E-16 9.84034E-10 4.22290E-13 2.31260E-15 1.29929E-07 1.52348E-11
 7.02805E-04 1.40181E-13 2.21804E-10 1.98632E-07 6.97698E-06 8.90957E-16 5.76138E-05 9.85484E-04
 1.25693E-04 4.64670E-07 3.46646E-10 6.31390E-07 1.30822E-11 2.51688E-09 3.87552E-17 8.73183E-10
 4.02278E-09 6.70090E-13 4.02736E-12 9.73476E-17 5.55055E-07 5.79974E-09 4.51804E-16 1.05507E-11
 1.80167E-07 2.75258E-10 2.43546E-13 6.39054E-20 1.16540E-15 9.62526E-10 5.68889E-13 1.19228E-15
 1.42307E-07 1.98203E-11 7.09952E-04 1.86562E-13 2.59240E-10 2.07834E-07 7.31254E-06 1.24209E-15
 5.76322E-05 9.80499E-04 1.20177E-04 4.86799E-07 4.07880E-10 6.11487E-07 1.72671E-11 2.87524E-09
 5.62251E-17 8.13498E-10 4.12008E-09 7.33979E-13 4.63931E-12 1.19698E-16 5.43513E-07 6.92967E-09
 6.09615E-16 1.24529E-11 1.90590E-07 2.62661E-10 1.18964E-13 3.92391E-20 1.45800E-15 9.41044E-10
 7.63781E-13 5.90935E-16 1.55458E-07 2.55624E-11 7.17349E-04 2.49652E-13 3.05666E-10 2.18906E-07
 7.54299E-06 1.73654E-15 5.76444E-05 9.75323E-04 1.14625E-04 5.09959E-07 4.79593E-10 5.91573E-07
 2.29606E-11 3.27021E-09 8.26471E-17 7.55000E-10 4.18982E-09 7.87337E-13 5.19169E-12 1.41336E-16
 5.31601E-07 8.13908E-09 8.24403E-16 1.43842E-11 2.01309E-07 2.44087E-10 5.56639E-14 2.32683E-20
 1.80896E-15 9.19647E-10 1.00449E-12 2.80759E-16 1.69300E-07 3.27646E-11 7.24962E-04 3.36469E-13
 3.63615E-10 2.31834E-07 7.64586E-06 2.44026E-15 5.76497E-05 9.69977E-04 1.09074E-04 5.33928E-07
 5.64308E-10 5.71817E-07 3.07631E-11 3.70236E-09 1.23253E-16 6.99398E-10 4.22415E-09 8.26515E-13
 5.63245E-12 1.59823E-16 5.19372E-07 9.38327E-09 1.11947E-15 1.62701E-11 2.12315E-07 2.20801E-10
 2.50089E-14 1.33764E-20 2.22304E-15 8.98493E-10 1.33326E-12 1.27873E-16 1.83653E-07 4.18846E-11
 7.32765E-04 4.57301E-13 4.36034E-10 2.46407E-07 7.60418E-06 3.45301E-15 5.76471E-05 9.64477E-04
 1.03555E-04 5.58010E-07 6.64831E-10 5.52346E-07 4.15752E-11 4.17209E-09 1.86842E-16 6.48222E-10
 4.21481E-09 8.48623E-13 5.91374E-12 1.72874E-16 5.06863E-07 1.06011E-08 1.53050E-15 1.80442E-11
 2.23631E-07 1.94382E-10 1.08192E-14 7.48759E-21 2.70279E-15 8.77689E-10 1.80431E-12 5.58094E-17
 1.98258E-07 5.36187E-11 7.40790E-04 6.27022E-13 5.25977E-10 2.62235E-07 7.40753E-06 4.92339E-15
 5.76358E-05 9.58793E-04 9.80575E-05 5.80941E-07 7.83829E-10 5.33127E-07 5.68044E-11 4.68229E-09
 2.88533E-16 6.02400E-10 4.15309E-09 8.52358E-13 6.00361E-12 1.78752E-16 4.94013E-07 1.17205E-08
 2.11398E-15 1.96607E-11 2.35388E-07 1.66446E-10 4.49807E-15 4.08105E-21 3.24646E-15 8.57182E-10
 2.51830E-12 2.32158E-17 2.12591E-07 6.89708E-11 7.49041E-04 8.66098E-13 6.35948E-10 2.78499E-07
 7.05479E-06 7.06657E-15 5.76145E-05 9.52920E-04 9.25909E-05 6.00460E-07 9.22481E-10 5.14183E-07
 7.85728E-11 5.23333E-09 4.53644E-16 5.62461E-10 4.02983E-09 8.37084E-13 5.88066E-12 1.76328E-16
 4.80803E-07 1.26464E-08 2.95662E-15 2.10734E-11 2.47699E-07 1.38615E-10 1.79687E-15 2.17034E-21
 3.84784E-15 8.36993E-10 3.66486E-12 9.18011E-18 2.25900E-07 8.91958E-11 7.57518E-04 1.20040E-12
 7.66658E-10 2.93941E-07 6.55861E-06 1.01725E-14 5.75817E-05 9.46850E-04 8.71700E-05 6.13444E-07
 1.07865E-09 4.95531E-07 1.09905E-10 5.82154E-09 7.22326E-16 5.28177E-10 3.83843E-09 8.02790E-13
 5.54133E-12 1.65664E-16 4.67216E-07 1.32747E-08 4.18557E-15 2.22260E-11 2.60682E-07 1.12318E-10
 6.89573E-16 1.12877E-21 4.49788E-15 8.17156E-10 5.58913E-12 3.45277E-18 2.37262E-07 1.15469E-10
 7.66206E-04 1.65772E-12 9.15498E-10 3.06924E-07 5.94872E-06 1.45852E-14 5.75359E-05 9.40585E-04
 8.18154E-05 6.16407E-07 1.24489E-09 4.77188E-07 1.54559E-10 6.43632E-09 1.15011E-15 4.98564E-10
 3.57799E-09 7.50621E-13 5.00683E-12 1.48008E-16 4.53247E-07 1.35138E-08 5.96792E-15 2.30404E-11
 2.74435E-07 8.86609E-11 2.54085E-16 5.76011E-22 5.18688E-15 7.97725E-10 8.90166E-12 1.24436E-18
 2.45690E-07 1.48429E-10 7.75012E-04 2.26186E-12 1.07593E-09 3.15630E-07 5.27611E-06 2.06606E-14
 5.74759E-05 9.34180E-04 7.65929E-05 6.06660E-07 1.40934E-09 4.59306E-07 2.16070E-10 7.05473E-09
 1.79617E-15 4.72297E-10 3.25757E-09 6.84029E-13 4.32953E-12 1.25804E-16 4.39013E-07 1.33188E-08
 8.48791E-15 2.34510E-11 2.88883E-07 6.84474E-11 9.04278E-17 2.92915E-22 5.90706E-15 7.78911E-10
 1.45452E-11 4.41069E-19 2.50518E-07 1.87837E-10 7.83839E-04 3.02780E-12 1.23881E-09 3.18681E-07
 4.59985E-06 2.87109E-14 5.74011E-05 9.27687E-04 7.15593E-05 5.83716E-07 1.55990E-09 4.42007E-07
 2.96503E-10 7.64752E-09 2.69924E-15 4.47938E-10 2.89629E-09 6.08874E-13 3.58819E-12 1.02360E-16
 4.24631E-07 1.27248E-08 1.19155E-14 2.34603E-11 3.03876E-07 5.19866E-11 3.13330E-17 1.54387E-22
 6.65399E-15 7.60884E-10 2.33613E-11 1.62144E-19 2.51610E-07 2.32806E-10 7.92645E-04 3.96283E-12
 1.39512E-09 3.15505E-07 3.96910E-06 3.89845E-14 5.73106E-05 9.21116E-04 6.67319E-05 5.49520E-07
 1.68914E-09 4.25278E-07 3.95748E-10 8.18744E-09 3.85666E-15 4.24315E-10 2.51783E-09 5.31851E-13
 2.86346E-12 8.07179E-17 4.10125E-07 1.18355E-08 1.63950E-14 2.31625E-11 3.19285E-07 3.91059E-11
 1.06354E-17 9.19266E-23 7.42626E-15 7.43652E-10 3.46370E-11 6.81923E-20 2.49370E-07 2.82793E-10
 8.01372E-04 5.07689E-12 1.53836E-09 3.06386E-07 3.41745E-06 5.17510E-14 5.72047E-05 9.14485E-04
 6.21326E-05 5.07850E-07 1.79792E-09 4.09141E-07 5.11887E-10 8.65078E-09 5.22921E-15 4.00927E-10
 2.14576E-09 4.58751E-13 2.21660E-12 6.28851E-17 3.95554E-07 1.07913E-08 2.20754E-14 2.27320E-11
 3.34910E-07 2.93685E-11 3.59036E-18 6.98889E-23 8.22848E-15 7.27230E-10 4.47871E-11 3.73491E-20
 2.44610E-07 3.38152E-10 8.09973E-04 6.39134E-12 1.66537E-09 2.92304E-07 2.95759E-06 6.73788E-14
 5.70836E-05 9.07804E-04 5.77727E-05 4.62899E-07 1.89279E-09 3.93598E-07 6.42466E-10 9.02182E-09
 6.76881E-15 3.77772E-10 1.79842E-09 3.92981E-13 1.67816E-12 4.94674E-17 3.80962E-07 9.72256E-09
 2.91674E-14 2.23472E-11 3.50578E-07 2.21806E-11 1.25221E-18 6.98483E-23 9.07426E-15 7.11586E-10
 5.38202E-11 2.74813E-20 2.38253E-07 4.00080E-10 8.18436E-04 7.94185E-12 1.77571E-09 2.74543E-07
 2.58489E-06 8.63751E-14 5.69476E-05 9.01056E-04 5.36447E-05 4.18036E-07 1.98182E-09 3.78596E-07
 7.85455E-10 9.29396E-09 8.43901E-15 3.55007E-10 1.48629E-09 3.35747E-13 1.25112E-12 3.99167E-17
 3.66343E-07 8.71817E-09 3.79837E-14 2.21316E-11 3.66207E-07 1.69244E-11 4.95432E-19 8.24616E-23
 9.97940E-15 6.96622E-10 6.17911E-11 2.43750E-20 2.31138E-07 4.70465E-10 8.26740E-04 9.77774E-12
 1.87078E-09 2.54447E-07 2.28652E-06 1.09434E-13 5.67975E-05 8.94237E-04 4.97458E-05 3.75556E-07
 2.07264E-09 3.64111E-07 9.39387E-10 9.46660E-09 1.02164E-14 3.32785E-10 1.21360E-09 2.86930E-13
 9.22857E-13 3.32495E-17 3.51712E-07 7.82440E-09 4.89441E-14 2.21445E-11 3.81735E-07 1.30695E-11
 2.60028E-19 1.03169E-22 1.09552E-14 6.82255E-10 6.87446E-11 2.33126E-20 2.23954E-07 5.51616E-10
 8.34801E-04 1.19580E-11 1.95284E-09 2.33354E-07 2.04862E-06 1.37461E-13 5.66352E-05 8.87392E-04
 4.60990E-05 3.36919E-07 2.17115E-09 3.50225E-07 1.10304E-09 9.54224E-09 1.20857E-14 3.11277E-10
 9.81369E-10 2.45587E-13 6.76063E-13 2.86561E-17 3.37194E-07 7.05882E-09 6.25571E-14 2.23982E-11
 3.97022E-07 1.02169E-11 1.93045E-19 1.29847E-22 1.20187E-14 6.68508E-10 7.46810E-11 2.27537E-20
 2.17120E-07 6.45823E-10 8.42568E-04 1.45472E-11 2.02419E-09 2.12281E-07 1.85713E-06 1.71526E-13
 5.64622E-05 8.80543E-04 4.27082E-05 3.02605E-07 2.28091E-09 3.36960E-07 1.27514E-09 9.52774E-09
 1.40266E-14 2.90462E-10 7.87045E-10 2.10544E-13 4.92621E-13 2.54622E-17 3.22857E-07 6.41387E-09
 7.94136E-14 2.28691E-11 4.12005E-07 8.06816E-12 1.78450E-19 1.61671E-22 1.31833E-14 6.55344E-10
 7.96362E-11 2.22256E-20 2.10838E-07 7.55779E-10 8.50017E-04 1.76200E-11 2.08716E-09 1.91893E-07
 1.70018E-06 2.13007E-13 5.62799E-05 8.73694E-04 3.95630E-05 2.72514E-07 2.40587E-09 3.24294E-07
 1.45412E-09 9.43206E-09 1.60026E-14 2.70220E-10 6.26214E-10 1.80890E-13 3.56905E-13 2.30681E-17
 3.08724E-07 5.87106E-09 1.00185E-13 2.35209E-11 4.26682E-07 6.41355E-12 1.79169E-19 1.98569E-22
 1.44408E-14 6.42683E-10 8.36649E-11 2.16065E-20 2.05148E-07 8.84236E-10 8.57112E-04 2.12602E-11
 2.14341E-09 1.72639E-07 1.56953E-06 2.63508E-13 5.60895E-05 8.66855E-04 3.66539E-05 2.46272E-07
 2.54810E-09 3.12217E-07 1.63797E-09 9.26410E-09 1.79793E-14 2.50540E-10 4.94701E-10 1.55645E-13
 2.57112E-13 2.12271E-17 2.94829E-07 5.41315E-09 1.25674E-13 2.43283E-11 4.41036E-07 5.12020E-12
 1.83569E-19 2.40755E-22 1.57993E-14 6.30461E-10 8.68154E-11 2.08826E-20 1.99959E-07 1.03372E-09
 8.63798E-04 2.55641E-11 2.19387E-09 1.54826E-07 1.45998E-06 3.24823E-13 5.58931E-05 8.60059E-04
 3.39766E-05 2.23380E-07 2.70624E-09 3.00751E-07 1.82451E-09 9.03285E-09 1.99458E-14 2.31577E-10
 3.88708E-10 1.33870E-13 1.84465E-13 1.99920E-17 2.81244E-07 5.02781E-09 1.56925E-13 2.52912E-11
 4.55006E-07 4.10517E-12 1.87959E-19 2.88428E-22 1.73071E-14 6.18651E-10 8.91282E-11 2.00697E-20
 1.95137E-07 1.20741E-09 8.70026E-04 3.06537E-11 2.23958E-09 1.38588E-07 1.36751E-06 3.99298E-13
 5.56925E-05 8.53333E-04 3.15218E-05 2.03315E-07 2.87963E-09 2.89907E-07 2.01162E-09 8.74762E-09
 2.18965E-14 2.13476E-10 3.04120E-10 1.15000E-13 1.31957E-13 1.93441E-17 2.68026E-07 4.70432E-09
 1.95277E-13 2.64189E-11 4.68547E-07 3.30553E-12 1.91186E-19 3.41847E-22 1.90079E-14 6.07217E-10
 9.06488E-11 1.91878E-20 1.90578E-07 1.40949E-09 8.75754E-04 3.66824E-11 2.28187E-09 1.23932E-07
 1.28875E-06 4.90121E-13 5.54894E-05 8.46701E-04 2.92758E-05 1.85637E-07 3.06957E-09 2.79682E-07
 2.19706E-09 8.41768E-09 2.38180E-14 1.96321E-10 2.36980E-10 9.86873E-14 9.41356E-14 1.91781E-17
 2.55216E-07 4.43296E-09 2.42376E-13 2.77161E-11 4.81628E-07 2.67115E-12 1.92958E-19 4.01395E-22
 2.09275E-14 5.96120E-10 9.14238E-11 1.82564E-20 1.86209E-07 1.64491E-09 8.80942E-04 4.38374E-11
 2.32203E-09 1.10812E-07 1.22105E-06 6.01429E-13 5.52855E-05 8.40187E-04 2.72247E-05 1.69992E-07
 3.27772E-09 2.70073E-07 2.37850E-09 8.05198E-09 2.56955E-14 1.80176E-10 1.83961E-10 8.46253E-14
 6.69813E-14 1.94201E-17 2.42852E-07 4.20581E-09 3.00257E-13 2.91867E-11 4.94218E-07 2.16477E-12
 1.93249E-19 4.67494E-22 2.30926E-14 5.85328E-10 9.14981E-11 1.72933E-20 1.81938E-07 1.91894E-09
 8.85581E-04 5.23470E-11 2.36083E-09 9.90826E-08 1.16227E-06 7.38212E-13 5.50813E-05 8.33775E-04
 2.53424E-05 1.56017E-07 3.50469E-09 2.61020E-07 2.55315E-09 7.65792E-09 2.75173E-14 1.65020E-10
 1.42184E-10 7.24960E-14 4.74980E-14 2.00742E-17 2.30896E-07 4.01600E-09 3.71582E-13 3.08463E-11
 5.06363E-07 1.75805E-12 1.92082E-19 5.40474E-22 2.55411E-14 5.74749E-10 9.09115E-11 1.63122E-20
 1.77688E-07 2.23755E-09 8.89651E-04 6.24949E-11 2.39908E-09 8.86213E-08 1.11082E-06 9.06830E-13
 5.48773E-05 8.27461E-04 2.36072E-05 1.43428E-07 3.75066E-09 2.52481E-07 2.71818E-09 7.24239E-09
 2.92771E-14 1.50848E-10 1.09392E-10 6.20324E-14 3.35513E-14 2.11856E-17 2.19322E-07 3.85897E-09
 4.59786E-13 3.27168E-11 5.18092E-07 1.43027E-12 1.89500E-19 6.20593E-22 2.83226E-14 5.64312E-10
 8.96924E-11 1.53254E-20 1.73405E-07 2.60751E-09 8.93128E-04 7.46331E-11 2.43784E-09 7.93111E-08
 1.06528E-06 1.11552E-12 5.46742E-05 8.21239E-04 2.19997E-05 1.31995E-07 4.01588E-09 2.44417E-07
 2.87066E-09 6.81186E-09 3.09651E-14 1.37638E-10 8.37431E-11 5.30134E-14 2.35882E-14 2.27974E-17
 2.08111E-07 3.73162E-09 5.69254E-13 3.48184E-11 5.29428E-07 1.16501E-12 1.85599E-19 7.08161E-22
 3.14876E-14 5.53952E-10 8.78594E-11 1.43453E-20 1.69072E-07 3.03627E-09 8.95961E-04 8.91945E-11
 2.47863E-09 7.10945E-08 1.02451E-06 1.37534E-12 5.44739E-05 8.15147E-04 2.05112E-05 1.21572E-07
 4.29964E-09 2.36847E-07 3.00830E-09 6.37378E-09 3.25780E-14 1.25427E-10 6.38341E-11 4.52554E-14
 1.65140E-14 2.49720E-17 1.97313E-07 3.63302E-09 7.05492E-13 3.71644E-11 5.40323E-07 9.50218E-13
 1.80557E-19 8.03670E-22 3.51019E-14 5.43680E-10 8.54375E-11 1.33871E-20 1.64659E-07 3.53152E-09
 8.98116E-04 1.06721E-10 2.52313E-09 6.38884E-08 9.87351E-07 1.70067E-12 5.42774E-05 8.09200E-04
 1.91279E-05 1.12007E-07 4.60024E-09 2.29758E-07 3.12878E-09 5.93448E-09 3.41116E-14 1.14207E-10
 4.84606E-11 3.85900E-14 1.15104E-14 2.77940E-17 1.86937E-07 3.56376E-09 8.75663E-13 3.97730E-11
 5.50765E-07 7.75935E-13 1.74574E-19 9.07801E-22 3.92395E-14 5.33474E-10 8.24440E-11 1.24644E-20
 1.60126E-07 4.10072E-09 8.99563E-04 1.27900E-10 2.57329E-09 5.76166E-08 9.52846E-07 2.11046E-12
 5.40859E-05 8.03409E-04 1.78358E-05 1.03160E-07 4.91398E-09 2.23135E-07 3.23016E-09 5.49958E-09
 3.55724E-14 1.03969E-10 3.66530E-11 3.28675E-14 7.98718E-15 3.14197E-17 1.76986E-07 3.52729E-09
 1.08929E-12 4.26767E-11 5.60750E-07 6.34588E-13 1.67854E-19 1.02146E-21 4.39993E-14 5.23312E-10
 7.88911E-11 1.15901E-20 1.55414E-07 4.75042E-09 9.00267E-04 1.53625E-10 2.63148E-09 5.22205E-08
 9.20218E-07 2.62997E-12 5.39004E-05 7.97789E-04 1.66220E-05 9.49092E-08 5.23405E-09 2.16965E-07
 3.31105E-09 5.07401E-09 3.69863E-14 9.47249E-11 2.76425E-11 2.79583E-14 5.52142E-15 3.61347E-17
 1.67463E-07 3.53117E-09 1.35937E-12 4.59343E-11 5.70265E-07 5.20482E-13 1.60605E-19 1.14590E-21
 4.95252E-14 5.13181E-10 7.47880E-11 1.07765E-20 1.50428E-07 5.48529E-09 9.00198E-04 1.85092E-10
 2.70058E-09 4.76320E-08 8.88677E-07 3.29292E-12 5.37208E-05 7.92323E-04 1.54676E-05 8.71195E-08
 5.55136E-09 2.11202E-07 3.36959E-09 4.66098E-09 3.83853E-14 8.64530E-11 2.07868E-11 2.37481E-14
 3.80061E-15 4.23897E-17 1.58318E-07 3.58879E-09 1.70435E-12 4.96485E-11 5.79348E-07 4.28772E-13
 1.53017E-19 1.28300E-21 5.59993E-14 5.03013E-10 7.01130E-11 1.00347E-20 1.45047E-07 6.30550E-09
 8.99314E-04 2.23935E-10 2.78479E-09 4.38249E-08 8.57495E-07 4.14598E-12 5.35477E-05 7.87009E-04
 1.43587E-05 7.96879E-08 5.85179E-09 2.05825E-07 3.40440E-09 4.26404E-09 3.98324E-14 7.91827E-11
 1.55995E-11 2.01443E-14 2.60675E-15 5.09766E-17 1.49533E-07 3.72238E-09 2.15101E-12 5.39848E-11
 5.87996E-07 3.55889E-13 1.45348E-19 1.43602E-21 6.37006E-14 4.92773E-10 6.48451E-11 9.38067E-21
 1.39139E-07 7.20350E-09 8.97574E-04 2.72457E-10 2.89081E-09 4.08150E-08 8.25822E-07 5.25680E-12
 5.33823E-05 7.81871E-04 1.32863E-05 7.25514E-08 6.11642E-09 2.00834E-07 3.41459E-09 3.88765E-09
 4.14240E-14 7.29925E-11 1.17063E-11 1.70773E-14 1.78599E-15 6.31913E-17 1.41122E-07 3.96632E-09
 2.73939E-12 5.91946E-11 5.96157E-07 2.99104E-13 1.37996E-19 1.61116E-21 7.30384E-14 4.82472E-10
 5.89766E-11 8.83866E-21 1.32562E-07 8.15971E-09 8.94935E-04 3.34059E-10 3.02942E-09 3.86440E-08
 7.92442E-07 6.72736E-12 5.32255E-05 7.76924E-04 1.22414E-05 6.56710E-08 6.32374E-09 1.96225E-07
 3.39845E-09 3.53685E-09 4.32797E-14 6.79792E-11 8.80658E-12 1.44953E-14 1.22665E-15 8.10869E-17
 1.33094E-07 4.37319E-09 3.53159E-12 6.56610E-11 6.03771E-07 2.56160E-13 1.31515E-19 1.82009E-21
 8.45677E-14 4.72120E-10 5.24884E-11 8.44333E-21 1.25186E-07 9.13779E-09 8.91365E-04 4.14005E-10
 3.21826E-09 3.73889E-08 7.55920E-07 8.72059E-12 5.30786E-05 7.72198E-04 1.12187E-05 5.90374E-08
 6.44998E-09 1.92004E-07 3.35395E-09 3.21803E-09 4.55718E-14 6.42879E-11 6.66809E-12 1.23690E-14
 8.50436E-16 1.08065E-16 1.25476E-07 5.02094E-09 4.62796E-12 7.39837E-11 6.10732E-07 2.25520E-13
 1.26647E-19 2.08398E-21 9.90600E-14 4.61756E-10 4.53722E-11 8.24607E-21 1.16878E-07 1.00835E-08
 8.86836E-04 5.20914E-10 3.48453E-09 3.71368E-08 7.15038E-07 1.15081E-11 5.29427E-05 7.67718E-04
 1.02142E-05 5.26154E-08 6.46911E-09 1.88176E-07 3.27898E-09 2.93781E-09 4.85753E-14 6.20949E-11
 5.10507E-12 1.06932E-14 6.02200E-16 1.50372E-16 1.18291E-07 6.02396E-09 6.20044E-12 8.51676E-11
 6.16901E-07 2.06392E-13 1.24198E-19 2.43869E-21 1.17600E-13 4.51431E-10 3.76119E-11 8.31977E-21
 1.07491E-07 1.09366E-08 8.81317E-04 6.69601E-10 3.86637E-09 3.79367E-08 6.69875E-07 1.55598E-11
 5.28188E-05 7.63505E-04 9.22507E-06 4.62791E-08 6.35110E-09 1.84739E-07 3.17324E-09 2.70088E-09
 5.27827E-14 6.15854E-11 3.96489E-12 9.49971E-15 4.44083E-16 2.21275E-16 1.11557E-07 7.54689E-09
 8.56266E-12 1.01000E-10 6.22094E-07 1.98869E-13 1.24745E-19 2.93906E-21 1.41769E-13 4.41192E-10
 2.91731E-11 8.76197E-21 9.68862E-08 1.16706E-08 8.74778E-04 8.86506E-10 4.40751E-09 3.96907E-08
 6.23575E-07 2.17155E-11 5.27079E-05 7.59589E-04 8.25209E-06 3.97719E-08 6.06110E-09 1.81695E-07
 3.04277E-09 2.50646E-09 5.91579E-14 6.28885E-11 3.11820E-12 8.88717E-15 3.51508E-16 3.52935E-16
 1.05304E-07 9.81356E-09 1.23226E-11 1.24798E-10 6.26053E-07 2.03918E-13 1.27949E-19 3.65298E-21
 1.73946E-13 4.31114E-10 2.00137E-11 9.68590E-21 8.49428E-08 1.23556E-08 8.67154E-04 1.22054E-09
 5.13523E-09 4.19814E-08 5.83915E-07 3.15020E-11 5.26105E-05 7.55984E-04 7.29648E-06 3.27373E-08
 5.55905E-09 1.79035E-07 2.90456E-09 2.34260E-09 6.97350E-14 6.59385E-11 2.44941E-12 9.08409E-15
 3.09446E-16 6.31668E-16 9.95469E-08 1.31204E-08 1.87543E-11 1.63160E-10 6.28458E-07 2.22887E-13
 1.31376E-19 4.62071E-21 2.17915E-13 4.21258E-10 1.00256E-11 1.11852E-20 7.20239E-08 1.32715E-08
 8.58338E-04 1.76537E-09 6.02989E-09 4.38808E-08 5.62700E-07 4.79840E-11 5.25271E-05 7.52713E-04
 6.36526E-06 2.51045E-08 4.85802E-09 1.76751E-07 2.78973E-09 2.18513E-09 8.85175E-14 7.02090E-11
 1.86386E-12 1.05627E-14 3.09448E-16 1.28842E-15 9.43132E-08 1.78076E-08 3.05912E-11 2.28397E-10
 6.28927E-07 2.55020E-13 1.29708E-19 5.76086E-21 2.76169E-13 4.11720E-10 4.44326E-12 1.32210E-20
 5.91735E-08 1.50006E-08 8.48198E-04 2.70617E-09 7.01475E-09 4.40171E-08 5.74283E-07 7.80310E-11
 5.24584E-05 7.49820E-04 5.47827E-06 1.74775E-08 4.05271E-09 1.74851E-07 2.73986E-09 2.00324E-09
 1.23554E-13 7.43590E-11 1.31407E-12 1.41937E-14 3.44888E-16 2.93075E-15 8.96695E-08 2.41384E-08
 5.37919E-11 3.42636E-10 6.27103E-07 2.93216E-13 1.16532E-19 6.77750E-21 3.41762E-13 4.02694E-10
 2.51927E-12 1.54560E-20 4.78955E-08 1.85960E-08 8.36619E-04 4.41042E-09 8.03278E-09 4.13149E-08
 6.34566E-07 1.38994E-10 5.24058E-05 7.47391E-04 4.67632E-06 1.10184E-08 3.29814E-09 1.73359E-07
 2.79138E-09 1.77419E-09 1.90130E-13 7.60364E-11 8.23414E-13 2.12128E-14 4.02934E-16 6.98862E-15
 8.57537E-08 3.19895E-08 1.00874E-10 5.40533E-10 6.22923E-07 3.19351E-13 9.06982E-20 7.27142E-21
 3.86535E-13 3.94584E-10 2.24541E-12 1.71028E-20 3.86220E-08 2.61971E-08 8.23333E-04 7.63857E-09
 9.10084E-09 3.59267E-08 7.77107E-07 2.78462E-10 5.23702E-05 7.45533E-04 4.01283E-06 6.35949E-09
 2.65114E-09 1.72300E-07 2.96538E-09 1.48522E-09 3.22595E-13 7.25923E-11 4.44828E-13 3.30504E-14
 4.59936E-16 1.62892E-14 8.27424E-08 4.05214E-08 2.00172E-10 8.85132E-10 6.16958E-07 3.09441E-13
 5.87192E-20 6.94452E-21 3.78949E-13 3.87953E-10 2.74848E-12 1.72652E-20 3.13356E-08 5.24858E-08
 8.07964E-04 1.50198E-08 1.03199E-08 2.91062E-08 1.13171E-06 7.51454E-10 5.23527E-05 7.44426E-04
 3.58016E-06 3.27688E-09 2.11858E-09 1.71722E-07 3.40891E-09 9.91727E-10 6.58938E-13 6.27145E-11
 1.73627E-13 5.29146E-14 4.83185E-16 3.19611E-14 8.09337E-08 4.69562E-08 4.49941E-10 1.42730E-09
 6.11540E-07 2.37470E-13 2.74700E-20 5.02554E-21 3.02757E-13 3.83748E-10 3.58047E-12 1.46787E-20
 3.01542E+02 2.99011E+02 2.96428E+02 2.93804E+02 2.91117E+02 2.88371E+02 2.85548E+02 2.82645E+02
 2.79641E+02 2.76533E+02 2.73338E+02 2.70337E+02 2.67806E+02 2.65810E+02 2.63986E+02 2.62138E+02
 2.60333E+02 2.58622E+02 2.57029E+02 2.55559E+02 2.54138E+02 2.52699E+02 2.51271E+02 2.50112E+02
 2.49455E+02 2.48464E+02 2.47547E+02 2.47200E+02 2.46596E+02 2.45663E+02 2.44726E+02 2.43862E+02
 2.43017E+02 2.42217E+02 2.41493E+02 2.40868E+02 2.40358E+02 2.39981E+02 2.39742E+02 2.39645E+02
 2.39698E+02 2.39874E+02 2.40094E+02 2.40304E+02 2.40466E+02 2.40545E+02 2.40534E+02 2.40444E+02
 2.40295E+02 2.40186E+02 2.40235E+02 2.40422E+02 2.40647E+02 2.40878E+02 2.41116E+02 2.41336E+02
 2.41523E+02 2.41693E+02 2.41871E+02 2.42083E+02 2.42359E+02 2.42732E+02 2.43216E+02 2.43809E+02
 2.44494E+02 2.45245E+02 2.46038E+02 2.46837E+02 2.47600E+02 2.48293E+02 2.48910E+02 2.49441E+02
 2.49889E+02 2.50305E+02 2.50691E+02 2.50980E+02 2.51136E+02 2.51168E+02 2.51091E+02 2.50903E+02
 2.50598E+02 2.50178E+02 2.49645E+02 2.49000E+02 2.48237E+02 2.47337E+02 2.46276E+02 2.45015E+02
 2.43499E+02 2.41678E+02 2.39501E+02 2.36909E+02 2.33819E+02 2.30093E+02 2.25474E+02 2.19839E+02
 2.13401E+02 2.06883E+02 2.00564E+02 1.94438E+02 1.00000E+05 1.00000E+05 1.00000E+05 1.00000E+05
 1.00000E+05 1.00000E+05 1.00000E+05 1.00000E+05 1.00000E+05 1.00000E+05 1.00000E+05 1.00000E+05
 1.00000E+05 1.00000E+05 1.00000E+05 1.00000E+05 1.00000E+05 1.00000E+05 1.00000E+05 9.39833E+04
 8.90716E+04 6.92150E+04 5.04010E+04 3.15871E+04 2.53438E+04 1.30601E+04 1.35647E+04 8.48558E+03
 7.99581E+03 5.74093E+03 5.68208E+03 4.91603E+03 4.62576E+03 4.21878E+03 4.10419E+03 3.94605E+03
 3.92616E+03 3.90291E+03 3.87965E+03 3.98634E+03 4.03238E+03 4.27500E+03 4.43500E+03 4.71001E+03
 4.94303E+03 5.23836E+03 5.51510E+03 5.88258E+03 6.23049E+03 6.63124E+03 7.02613E+03 7.42101E+03
 7.90684E+03 8.34777E+03 8.83453E+03 9.30058E+03 9.79935E+03 1.02849E+04 1.09166E+04 1.14980E+04
 1.20538E+04 1.26166E+04 1.31395E+04 1.36698E+04 1.43800E+04 1.50777E+04 1.57753E+04 1.65267E+04
 1.72523E+04 1.79201E+04 1.86131E+04 1.95405E+04 2.03777E+04 2.13521E+04 2.22823E+04 2.35022E+04
 2.46510E+04 2.60950E+04 2.74950E+04 2.88902E+04 3.02856E+04 3.16809E+04 3.34949E+04 3.51135E+04
 3.71573E+04 3.90224E+04 4.08802E+04 4.27407E+04 4.49193E+04 4.70030E+04 4.96798E+04 5.22286E+04
 5.53059E+04 5.83245E+04 6.13431E+04 6.39576E+04 6.67715E+04 7.03155E+04 7.35294E+04 7.80133E+04
 2.34030E+19 2.18196E+19 2.03350E+19 1.89426E+19 1.76383E+19 1.64164E+19 1.52730E+19 1.42030E+19
 1.32030E+19 1.22683E+19 1.13940E+19 1.05658E+19 9.77329E+18 9.01629E+18 8.30787E+18 7.65157E+18
 7.04206E+18 6.47522E+18 5.94822E+18 5.45881E+18 5.00639E+18 4.58963E+18 4.20538E+18 3.84750E+18
 3.51196E+18 3.20908E+18 2.93049E+18 2.66936E+18 2.43364E+18 2.22111E+18 2.02650E+18 1.84782E+18
 1.68424E+18 1.53441E+18 1.39708E+18 1.27122E+18 1.15592E+18 1.05032E+18 9.53730E+17 8.65465E+17
 7.84887E+17 7.11497E+17 6.44914E+17 5.84652E+17 5.30176E+17 4.80977E+17 4.36522E+17 3.96306E+17
 3.59874E+17 3.26726E+17 2.96439E+17 2.68824E+17 2.43768E+17 2.21067E+17 2.00497E+17 1.81876E+17
 1.65024E+17 1.49757E+17 1.35911E+17 1.23340E+17 1.11915E+17 1.01523E+17 9.20720E+16 8.34832E+16
 7.56879E+16 6.86228E+16 6.22275E+16 5.64453E+16 5.12250E+16 4.65148E+16 4.22621E+16 3.84208E+16
 3.49474E+16 3.17980E+16 2.89407E+16 2.63544E+16 2.40143E+16 2.18939E+16 1.99697E+16 1.82222E+16
 1.66342E+16 1.51898E+16 1.38750E+16 1.26773E+16 1.15857E+16 1.05910E+16 9.68466E+15 8.85961E+15
 8.10935E+15 7.42759E+15 6.80839E+15 6.24638E+15 5.73706E+15 5.27723E+15 4.86600E+15 4.49903E+15
 4.16617E+15 3.85035E+15 3.54626E+15 3.25463E+15 1.61455E-14 1.81186E-14 2.23443E-14 2.89338E-14
 3.76240E-14 4.83933E-14 6.13294E-14 7.65814E-14 9.43242E-14 1.14769E-13 1.38142E-13 1.64703E-13
 1.94736E-13 2.28615E-13 2.66607E-13 3.08870E-13 3.55475E-13 4.06504E-13 4.62083E-13 5.24319E-13
 5.95763E-13 6.85840E-13 8.15466E-13 1.02256E-12 1.33804E-12 1.86761E-12 2.64621E-12 3.68275E-12
 5.12516E-12 6.98280E-12 9.29448E-12 1.18895E-11 1.48442E-11 1.80743E-11 2.14894E-11 2.49364E-11
 2.82945E-11 3.14150E-11 3.41995E-11 3.65021E-11 3.82174E-11 3.92565E-11 3.95793E-11 3.91835E-11
 3.80881E-11 3.63255E-11 3.39441E-11 3.10073E-11 2.75847E-11 2.37335E-11 1.94457E-11 1.57888E-11
 1.27229E-11 1.01515E-11 8.02127E-12 6.26598E-12 4.83783E-12 3.68631E-12 2.77917E-12 2.06753E-12
 1.51456E-12 1.09101E-12 7.70752E-13 5.33165E-13 3.62244E-13 2.41250E-13 1.57203E-13 1.00183E-13
 6.22806E-14 3.76314E-14 2.20667E-14 1.26149E-14 6.99596E-15 3.76931E-15 1.96528E-15 9.97314E-16
 4.90219E-16 2.34692E-16 1.08957E-16 4.88892E-17 2.11310E-17 8.76690E-18 3.51884E-18 1.35377E-18
 5.02888E-19 1.78734E-19 6.04935E-20 1.94069E-20 5.92245E-21 1.70600E-21 4.68538E-22 1.21551E-22
 2.99982E-23 6.98647E-24 1.52625E-24 3.08059E-25 5.73289E-26 9.95926E-27 1.58797E-27 2.38937E-28
 3.17072E-02 2.82504E-02 2.84513E-02 3.10149E-02 3.57317E-02 4.07939E-02 4.59913E-02 5.16400E-02
 5.72121E-02 6.28308E-02 6.80414E-02 7.30199E-02 7.77359E-02 8.24280E-02 8.66172E-02 9.06859E-02
 9.42845E-02 9.73808E-02 1.00027E-01 1.02698E-01 1.05714E-01 1.09805E-01 1.19484E-01 1.36844E-01
 1.62874E-01 2.07883E-01 2.68920E-01 3.38433E-01 4.27812E-01 5.31988E-01 6.46196E-01 7.53529E-01
 8.57101E-01 9.49893E-01 1.02652E+00 1.08089E+00 1.11082E+00 1.11476E+00 1.09475E+00 1.05183E+00
 9.89221E-01 9.11455E-01 8.24897E-01 7.33375E-01 6.40707E-01 5.49889E-01 4.63234E-01 3.82099E-01
 3.07156E-01 2.38689E-01 1.76322E-01 1.28888E-01 9.35000E-02 6.71812E-02 4.78075E-02 3.36464E-02
 2.34219E-02 1.61141E-02 1.09695E-02 7.36713E-03 4.86974E-03 3.16303E-03 2.01316E-03 1.25367E-03
 7.66481E-04 4.59732E-04 2.69817E-04 1.54943E-04 8.69060E-05 4.74168E-05 2.51313E-05 1.30025E-05
 6.53147E-06 3.18895E-06 1.50731E-06 6.94033E-07 3.09872E-07 1.34884E-07 5.69833E-08 2.32853E-08
 9.17311E-09 3.47131E-09 1.27181E-09 4.46924E-10 1.51744E-10 4.93309E-11 1.52850E-11 4.49395E-12
 1.25891E-12 3.33448E-13 8.43744E-14 2.02168E-14 4.62111E-15 1.00128E-15 2.05076E-16 3.92677E-17
 7.00457E-18 1.18009E-18 1.83960E-19 2.75687E-20 1.00000E-12 1.00000E-12 1.00000E-12 1.00000E-12
 1.00000E-12 1.00000E-12 1.00000E-12 1.00000E-12 1.00000E-12 1.00000E-12 1.00000E-12 1.00000E-12
 1.00000E-12 1.00000E-12 1.00000E-12 1.00000E-12 1.00000E-12 1.00000E-12 1.00000E-12 1.00000E-12
 1.00000E-12 1.00000E-12 1.00000E-12 1.00000E-12 1.00000E-12 1.00000E-12 1.00000E-12 1.00000E-12
 1.00000E-12 1.00000E-12 1.00000E-12 1.00000E-12 1.00000E-12 1.00000E-12 1.00000E-12 1.00000E-12
 1.00000E-12 1.00000E-12 1.00000E-12 1.00000E-12 1.00000E-12 1.00000E-12 1.00000E-12 1.00000E-12
 1.00000E-12 1.00000E-12 1.00000E-12 1.00000E-12 1.00000E-12 1.00000E-12 1.00000E-12 1.00000E-12
 1.00000E-12 1.00000E-12 1.00000E-12 1.00000E-12 1.00000E-12 1.00000E-12 1.00000E-12 1.00000E-12
 1.00000E-12 1.00000E-12 1.00000E-12 1.00000E-12 1.00000E-12 1.00000E-12 1.00000E-12 1.00000E-12
 1.00000E-12 1.00000E-12 1.00000E-12 1.00000E-12 1.00000E-12 1.00000E-12 1.00000E-12 1.00000E-12
 1.00000E-12 1.00000E-12 1.00000E-12 1.00000E-12 1.00000E-12 1.00000E-12 1.00000E-12 1.00000E-12
 1.00000E-12 1.00000E-12 1.00000E-12 1.00000E-12 1.00000E-12 1.00000E-12 1.00000E-12 1.00000E-12
 1.00000E-12 1.00000E-12 1.00000E-12 1.00000E-12 1.00000E-12 1.00000E-12 1.00000E-12 1.00000E-12
 1.00000E-12 1.00000E-12 1.00000E-12 1.00000E-12 1.00000E-12 1.00000E-12 1.00000E-12 1.00000E-12
 1.00000E-12 1.00000E-12 1.00000E-12 1.00000E-12 1.00000E-12 1.00000E-12 1.00000E-12 1.00000E-12
 1.00000E-12 1.00000E-12 1.00000E-12 1.00000E-12 1.00000E-12 1.00000E-12 1.00000E-12 1.00000E-12
 1.00000E-12 1.00000E-12 1.00000E-12 1.00000E-12 1.00000E-12 1.00000E-12 1.00000E-12 1.00000E-12
 1.00000E-12 1.00000E-12 1.00000E-12 1.00000E-12 1.00000E-12 1.00000E-12 1.00000E-12 1.00000E-12
 1.00000E-12 1.00000E-12 1.00000E-12 1.00000E-12 1.00000E-12 1.00000E-12 1.00000E-12 1.00000E-12
 1.00000E-12 1.00000E-12 1.00000E-12 1.00000E-12 1.00000E-12 1.00000E-12 1.00000E-12 1.00000E-12
 1.00000E-12 1.00000E-12 1.00000E-12 1.00000E-12 1.00000E-12 1.00000E-12 1.00000E-12 1.00000E-12
 1.00000E-12 1.00000E-12 1.00000E-12 1.00000E-12 1.00000E-12 1.00000E-12 1.00000E-12 1.00000E-12
 1.00000E-12 1.00000E-12 1.00000E-12 1.00000E-12 1.00000E-12 1.00000E-12 1.00000E-12 1.00000E-12
 1.00000E-12 1.00000E-12 1.00000E-12 1.00000E-12 1.00000E-12 1.00000E-12 1.00000E-12 1.00000E-12
 1.00000E-12 1.00000E-12 1.00000E-12 1.00000E-12 1.00000E-12 1.00000E-12 1.00000E-12 1.00000E-12
 1.00000E-12 1.00000E-12 1.00000E-12 1.00000E-12 2.75181E-04 2.96082E-04 3.18517E-04 3.41868E-04
 3.63692E-04 3.87687E-04 4.14045E-04 4.41998E-04 4.72881E-04 5.06601E-04 5.44438E-04 5.86143E-04
 6.31926E-04 6.81522E-04 7.36723E-04 7.97080E-04 8.63868E-04 9.37692E-04 1.01905E-03 1.10839E-03
 1.20659E-03 1.31692E-03 1.43222E-03 1.55986E-03 1.70187E-03 1.85579E-03 2.02623E-03 2.21969E-03
 2.43018E-03 2.65899E-03 2.91138E-03 3.19060E-03 3.49920E-03 3.84072E-03 4.21929E-03 4.63937E-03
 5.10589E-03 5.62439E-03 6.20057E-03 6.84135E-03 7.55413E-03 8.34538E-03 9.21773E-03 1.01808E-02
 1.12426E-02 1.24118E-02 1.36962E-02 1.51076E-02 1.66629E-02 1.83824E-02 2.02903E-02 2.24053E-02
 2.47403E-02 2.73152E-02 3.01562E-02 3.32883E-02 3.67360E-02 4.05195E-02 4.46907E-02 4.92916E-02
 5.43699E-02 5.99781E-02 6.61725E-02 7.30114E-02 8.05517E-02 8.88232E-02 9.79212E-02 1.07913E-01
 1.18852E-01 1.30846E-01 1.43987E-01 1.58361E-01 1.74109E-01 1.91377E-01 2.10312E-01 2.31045E-01
 2.53732E-01 2.78565E-01 3.05759E-01 3.35546E-01 3.68175E-01 4.03934E-01 4.43129E-01 4.86113E-01
 5.33277E-01 5.85036E-01 6.41856E-01 7.04236E-01 7.72662E-01 8.47823E-01 9.30446E-01 1.02132E+00
 1.12150E+00 1.23171E+00 1.35236E+00 1.48333E+00 1.62718E+00 1.78367E+00 1.95657E+00 2.14142E+00
 1.00000E+00 1.00000E+00 1.00000E+00 1.00000E+00 1.00000E+00 1.00000E+00 1.00000E+00 1.00000E+00
 1.00000E+00 1.00000E+00 1.00000E+00 1.00000E+00 1.00000E+00 1.00000E+00 1.00000E+00 1.00000E+00
 1.00000E+00 1.00000E+00 1.00000E+00 1.00000E+00 1.00000E+00 1.00000E+00 1.00000E+00 1.00000E+00
 1.00000E+00 1.00000E+00 1.00000E+00 1.00000E+00 1.00000E+00 1.00000E+00 1.00000E+00 1.00000E+00
 1.00000E+00 1.00000E+00 1.00000E+00 1.00000E+00 1.00000E+00 1.00000E+00 1.00000E+00 1.00000E+00
 1.00000E+00 1.00000E+00 1.00000E+00 1.00000E+00 1.00000E+00 1.00000E+00 1.00000E+00 1.00000E+00
 1.00000E+00 1.00000E+00 1.00000E+00 1.00000E+00 1.00000E+00 1.00000E+00 1.00000E+00 1.00000E+00
 1.00000E+00 1.00000E+00 1.00000E+00 1.00000E+00 1.00000E+00 1.00000E+00 1.00000E+00 1.00000E+00
 1.00000E+00 1.00000E+00 1.00000E+00 1.00000E+00 1.00000E+00 1.00000E+00 1.00000E+00 1.00000E+00
 1.00000E+00 1.00000E+00 1.00000E+00 1.00000E+00 1.00000E+00 1.00000E+00 1.00000E+00 1.00000E+00
 1.00000E+00 1.00000E+00 1.00000E+00 1.00000E+00 1.00000E+00 1.00000E+00 1.00000E+00 1.00000E+00
 1.00000E+00 1.00000E+00 1.00000E+00 1.00000E+00 1.00000E+00 1.00000E+00 1.00000E+00 1.00000E+00
 1.00000E+00 1.00000E+00 1.00000E+00 1.00000E+00 1.00000E+00 1.00000E+00 1.00000E+00 1.00000E+00
 1.00000E+00 1.00000E+00 1.00000E+00 1.00000E+00 1.00000E+00 1.00000E+00 1.00000E+00 1.00000E+00
 1.00000E+00 1.00000E+00 1.00000E+00 1.00000E+00 1.00000E+00 1.00000E+00 1.00000E+00 1.00000E+00
 1.00000E+00 1.00000E+00 1.00000E+00 1.00000E+00 1.00000E+00 1.00000E+00 1.00000E+00 1.00000E+00
 1.00000E+00 1.00000E+00 1.00000E+00 1.00000E+00 1.00000E+00 1.00000E+00 1.00000E+00 1.00000E+00
 1.00000E+00 1.00000E+00 1.00000E+00 1.00000E+00 1.00000E+00 1.00000E+00 1.00000E+00 1.00000E+00
 1.00000E+00 1.00000E+00 1.00000E+00 1.00000E+00 1.00000E+00 1.00000E+00 1.00000E+00 1.00000E+00
 1.00000E+00 1.00000E+00 1.00000E+00 1.00000E+00 1.00000E+00 1.00000E+00 1.00000E+00 1.00000E+00
 1.00000E+00 1.00000E+00 1.00000E+00 1.00000E+00 1.00000E+00 1.00000E+00 1.00000E+00 1.00000E+00
 1.00000E+00 1.00000E+00 1.00000E+00 1.00000E+00 1.00000E+00 1.00000E+00 1.00000E+00 1.00000E+00
 1.00000E+00 1.00000E+00 1.00000E+00 1.00000E+00 1.00000E+00 1.00000E+00 1.00000E+00 1.00000E+00
 1.00000E+00 1.00000E+00 1.00000E+00 1.00000E+00 1.00000E+00 1.00000E+00 1.00000E+00 1.00000E+00
 1.00000E+00 1.00000E+00 1.00000E+00 1.00000E+00 1.00000E+00 1.00000E+00 1.00000E+00 1.00000E+00
 1.00000E-05 1.00000E-05 1.00000E-05 1.00000E-05 1.00000E-05 1.00000E-05 1.00000E-05 1.00000E-05
 1.00000E-05 1.00000E-05 1.00000E-05 1.00000E-05 1.00000E-05 1.00000E-05 1.00000E-05 1.00000E-05
 1.00000E-05 1.00000E-05 1.00000E-05 1.00000E-05 1.00000E-05 1.00000E-05 1.00000E-05 1.00000E-05
 1.00000E-05 1.00000E-05 1.00000E-05 1.00000E-05 1.00000E-05 1.00000E-05 1.00000E-05 1.00000E-05
 1.00000E-05 1.00000E-05 1.00000E-05 1.00000E-05 1.00000E-05 1.00000E-05 1.00000E-05 1.00000E-05
 1.00000E-05 1.00000E-05 1.00000E-05 1.00000E-05 1.00000E-05 1.00000E-05 1.00000E-05 1.00000E-05
 1.00000E-05 1.00000E-05 1.00000E-05 1.00000E-05 1.00000E-05 1.00000E-05 1.00000E-05 1.00000E-05
 1.00000E-05 1.00000E-05 1.00000E-05 1.00000E-05 1.00000E-05 1.00000E-05 1.00000E-05 1.00000E-05
 1.00000E-05 1.00000E-05 1.00000E-05 1.00000E-05 1.00000E-05 1.00000E-05 1.00000E-05 1.00000E-05
 1.00000E-05 1.00000E-05 1.00000E-05 1.00000E-05 1.00000E-05 1.00000E-05 1.00000E-05 1.00000E-05
 1.00000E-05 1.00000E-05 1.00000E-05 1.00000E-05 1.00000E-05 1.00000E-05 1.00000E-05 1.00000E-05
 1.00000E-05 1.00000E-05 1.00000E-05 1.00000E-05 1.00000E-05 1.00000E-05 1.00000E-05 1.00000E-05
 1.00000E-05 1.00000E-05 1.00000E-05 1.00000E-05 1.00000E-09 1.00000E-09 1.00000E-09 1.00000E-09
 1.00000E-09 1.00000E-09 1.00000E-09 1.00000E-09 1.00000E-09 1.00000E-09 1.00000E-09 1.00000E-09
 1.00000E-09 1.00000E-09 1.00000E-09 1.00000E-09 1.00000E-09 1.00000E-09 1.00000E-09 1.00000E-09
 1.00000E-09 1.00000E-09 1.00000E-09 1.00000E-09 1.00000E-09 1.00000E-09 1.00000E-09 1.00000E-09
 1.00000E-09 1.00000E-09 1.00000E-09 1.00000E-09 1.00000E-09 1.00000E-09 1.00000E-09 1.00000E-09
 1.00000E-09 1.00000E-09 1.00000E-09 1.00000E-09 1.00000E-09 1.00000E-09 1.00000E-09 1.00000E-09
 1.00000E-09 1.00000E-09 1.00000E-09 1.00000E-09 1.00000E-09 1.00000E-09 1.00000E-09 1.00000E-09
 1.00000E-09 1.00000E-09 1.00000E-09 1.00000E-09 1.00000E-09 1.00000E-09 1.00000E-09 1.00000E-09
 1.00000E-09 1.00000E-09 1.00000E-09 1.00000E-09 1.00000E-09 1.00000E-09 1.00000E-09 1.00000E-09
 1.00000E-09 1.00000E-09 1.00000E-09 1.00000E-09 1.00000E-09 1.00000E-09 1.00000E-09 1.00000E-09
 1.00000E-09 1.00000E-09 1.00000E-09 1.00000E-09 1.00000E-09 1.00000E-09 1.00000E-09 1.00000E-09
 1.00000E-09 1.00000E-09 1.00000E-09 1.00000E-09 1.00000E-09 1.00000E-09 1.00000E-09 1.00000E-09
 1.00000E-09 1.00000E-09 1.00000E-09 1.00000E-09 1.00000E-09 1.00000E-09 1.00000E-09 1.00000E-09
 1.00000E-09 1.00000E-09 1.00000E-09 1.00000E-09 1.00000E-09 1.00000E-09 1.00000E-09 1.00000E-09
 1.00000E-09 1.00000E-09 1.00000E-09 1.00000E-09 1.00000E-09 1.00000E-09 1.00000E-09 1.00000E-09
 1.00000E-09 1.00000E-09 1.00000E-09 1.00000E-09 1.00000E-09 1.00000E-09 1.00000E-09 1.00000E-09
 1.00000E-09 1.00000E-09 1.00000E-09 1.00000E-09 1.00000E-09 1.00000E-09 1.00000E-09 1.00000E-09
 1.00000E-09 1.00000E-09 1.00000E-09 1.00000E-09 1.00000E-09 1.00000E-09 1.00000E-09 1.00000E-09
 1.00000E-09 1.00000E-09 1.00000E-09 1.00000E-09 1.00000E-09 1.00000E-09 1.00000E-09 1.00000E-09
 1.00000E-09 1.00000E-09 1.00000E-09 1.00000E-09 1.00000E-09 1.00000E-09 1.00000E-09 1.00000E-09
 1.00000E-09 1.00000E-09 1.00000E-09 1.00000E-09 1.00000E-09 1.00000E-09 1.00000E-09 1.00000E-09
 1.00000E-09 1.00000E-09 1.00000E-09 1.00000E-09 1.00000E-09 1.00000E-09 1.00000E-09 1.00000E-09
 1.00000E-09 1.00000E-09 1.00000E-09 1.00000E-09 1.00000E-09 1.00000E-09 1.00000E-09 1.00000E-09
 1.00000E-09 1.00000E-09 1.00000E-09 1.00000E-09 1.00000E-09 1.00000E-09 1.00000E-09 1.00000E-09
 1.00000E-09 1.00000E-09 1.00000E-09 1.00000E-09 1.00000E-09 1.00000E-09 1.00000E-09 1.00000E-09
 1.00000E-09 1.00000E-09 1.00000E-09 1.00000E-09
