 7.43392E-09 3.75209E-15 3.39432E-02 3.67990E-15 5.15756E-11 2.90299E-08 9.54512E-09 5.85580E-18
-2.42734E-07 5.90968E-04 1.04863E-05 5.07092E-08 4.95250E-11 5.10257E-09 4.38917E-12 2.64658E-11
 1.00882E-15 2.65222E-11 2.34256E-13 9.44246E-15 3.01248E-17 2.98718E-33 2.13158E-10 9.87665E-18
 6.20119E-22 1.95430E-19 1.01747E-12 9.17339E-18 1.07742E-11 9.80397E-18 7.22362E-18 5.36207E-11
 2.78495E-13 3.50198E-13 8.50894E-09 4.90948E-15 2.96717E-02 4.92101E-15 5.95777E-11 3.39143E-08
 1.07775E-08 8.07652E-18 4.02025E-08 5.90281E-04 1.04849E-05 5.86742E-08 5.52841E-11 5.02358E-09
 4.87317E-12 2.97680E-11 1.37306E-15 3.56966E-11 3.73420E-13 1.02118E-14 4.29538E-17 6.22666E-33
 2.11201E-10 1.38463E-17 8.56071E-22 2.62522E-19 1.44142E-12 1.23875E-17 1.06004E-11 1.29059E-17
 1.86866E-17 8.64678E-11 5.23287E-13 4.75815E-13 9.82357E-09 6.55867E-15 2.59605E-02 6.61012E-15
 6.88032E-11 4.02550E-08 1.24634E-08 1.11805E-17 3.34138E-07 5.89569E-04 1.04803E-05 6.86818E-08
 6.21551E-11 4.93965E-09 5.28234E-12 3.30549E-11 1.83104E-15 4.62257E-11 5.90939E-13 1.11917E-14
 6.12777E-17 1.42190E-32 2.09159E-10 2.00807E-17 1.19945E-21 3.68287E-19 2.00807E-12 1.66491E-17
 1.01786E-11 1.53782E-17 3.83039E-17 1.19007E-10 8.63725E-13 5.32069E-13 1.13245E-08 8.84184E-15
 2.24619E-02 8.80975E-15 7.90820E-11 4.77896E-08 1.45741E-08 1.53612E-17 6.38050E-07 5.88832E-04
 1.04714E-05 8.02720E-08 6.97837E-11 4.85057E-09 5.66641E-12 3.64244E-11 2.39710E-15 5.81096E-11
 9.32106E-13 1.23227E-14 8.79745E-17 3.39994E-32 2.07036E-10 2.96464E-17 1.68783E-21 5.26840E-19
 2.74388E-12 2.25065E-17 9.57495E-12 1.72030E-17 6.99529E-17 1.51568E-10 1.32248E-12 5.41954E-13
 1.28019E-08 1.19629E-14 1.95003E-02 1.14985E-14 8.96634E-11 5.53628E-08 1.71272E-08 2.06509E-17
 9.50524E-07 5.88073E-04 1.04569E-05 9.15924E-08 7.75963E-11 4.75611E-09 6.08616E-12 3.99434E-11
 3.07475E-15 7.00539E-11 1.45359E-12 1.35999E-14 1.25777E-16 8.20647E-32 2.04837E-10 4.35392E-17
 2.34855E-21 7.55143E-19 3.62059E-12 3.04379E-17 8.85274E-12 1.84325E-17 1.18791E-16 1.83486E-10
 1.89081E-12 5.23821E-13 1.41334E-08 1.62282E-14 1.66836E-02 1.46407E-14 1.00115E-10 6.23400E-08
 2.02010E-08 2.70575E-17 1.26994E-06 5.87295E-04 1.04351E-05 1.01658E-07 8.50811E-11 4.65606E-09
 6.57389E-12 4.36513E-11 3.86781E-15 8.11749E-11 2.24888E-12 1.50370E-14 1.81746E-16 2.07203E-31
 2.02568E-10 6.30983E-17 3.21511E-21 1.07821E-18 4.62701E-12 4.10121E-17 8.06857E-12 1.91184E-17
 1.91976E-16 2.14048E-10 2.55371E-12 4.91263E-13 1.52581E-08 2.20143E-14 1.43377E-02 1.82657E-14
 1.10240E-10 6.83447E-08 2.38463E-08 3.46810E-17 1.59463E-06 5.86501E-04 1.04044E-05 1.09957E-07
 9.22263E-11 4.55021E-09 7.13386E-12 4.75294E-11 4.78657E-15 9.07341E-11 3.44925E-12 1.66101E-14
 2.60755E-16 4.56784E-31 2.00235E-10 9.02335E-17 4.34462E-21 1.53406E-18 5.75898E-12 5.49179E-17
 7.26939E-12 1.93875E-17 2.98996E-16 2.42497E-10 3.28858E-12 4.52457E-13 1.61374E-08 2.98402E-14
 1.21116E-02 2.23361E-14 1.19856E-10 7.31672E-08 2.81489E-08 4.35176E-17 1.92296E-06 5.85694E-04
 1.03632E-05 1.16228E-07 9.86723E-11 4.43837E-09 7.76024E-12 5.14358E-11 5.81857E-15 9.80516E-11
 5.26063E-12 1.82577E-14 3.75497E-16 1.15608E-30 1.97843E-10 1.27337E-16 5.79413E-21 2.17187E-18
 7.01624E-12 7.28223E-17 6.49078E-12 1.93298E-17 4.52612E-16 2.68011E-10 4.06218E-12 4.12054E-13
 1.67646E-08 4.02945E-14 1.02702E-02 2.69088E-14 1.28926E-10 7.67265E-08 3.31239E-08 5.37084E-17
 2.25344E-06 5.84875E-04 1.03101E-05 1.20445E-07 1.04565E-10 4.32035E-09 8.41413E-12 5.50880E-11
 6.94161E-15 1.02523E-10 7.94480E-12 1.98360E-14 5.27816E-16 2.79729E-30 1.95397E-10 1.77738E-16
 7.66004E-21 3.06407E-18 8.40173E-12 9.52447E-17 5.75528E-12 1.90896E-17 6.68785E-16 2.89668E-10
 4.83531E-12 3.72367E-13 1.71347E-08 5.41546E-14 8.54820E-03 3.19288E-14 1.37344E-10 7.90292E-08
 3.88285E-08 6.52048E-17 2.58476E-06 5.84047E-04 1.02438E-05 1.22677E-07 1.09589E-10 4.19601E-09
 9.02556E-12 5.79447E-11 8.06933E-15 1.03664E-10 1.18656E-11 2.11225E-14 7.26073E-16 6.80368E-30
 1.92901E-10 2.45660E-16 1.00354E-20 4.30605E-18 9.92069E-12 1.22261E-16 5.07215E-12 1.87288E-17
 9.67772E-16 3.06405E-10 5.55865E-12 3.34497E-13 1.72703E-08 7.23795E-14 7.11604E-03 3.74837E-14
 1.45151E-10 8.01482E-08 4.52909E-08 7.82023E-17 2.91585E-06 5.83210E-04 1.01634E-05 1.23121E-07
 1.13966E-10 4.06525E-09 9.55709E-12 5.98185E-11 9.15807E-15 1.01274E-10 1.75052E-11 2.20136E-14
 9.60104E-16 1.66778E-29 1.90356E-10 3.37208E-16 1.30821E-20 6.04076E-18 1.15803E-11 1.53827E-16
 4.43559E-12 1.82784E-17 1.37127E-15 3.16982E-10 6.18056E-12 2.98112E-13 1.71897E-08 9.62732E-14
 5.82076E-03 4.35509E-14 1.52296E-10 8.01852E-08 5.26231E-08 9.26795E-17 3.24590E-06 5.82365E-04
 1.00682E-05 1.21980E-07 1.17458E-10 3.92803E-09 9.96932E-12 6.04856E-11 1.01337E-14 9.54323E-11
 2.56473E-11 2.24098E-14 1.23450E-15 4.14829E-29 1.87765E-10 4.60611E-16 1.69774E-20 8.46508E-18
 1.33883E-11 1.89342E-16 3.82120E-12 1.76176E-17 1.90113E-15 3.19945E-10 6.64218E-12 2.61501E-13
 1.69209E-08 1.27541E-13 4.71372E-03 5.01896E-14 1.58811E-10 7.92475E-08 6.09349E-08 1.08789E-16
 3.57438E-06 5.81512E-04 9.95770E-06 1.19507E-07 1.20230E-10 3.78436E-09 1.01543E-11 5.94428E-11
 1.08587E-14 8.65077E-11 3.69813E-11 2.21536E-14 1.51226E-15 1.05232E-28 1.85126E-10 6.28134E-16
 2.19742E-20 1.18877E-17 1.53510E-11 2.27055E-16 3.17292E-12 1.64155E-17 2.56577E-15 3.13593E-10
 6.88553E-12 2.20408E-13 1.65030E-08 1.68994E-13 3.71974E-03 5.73030E-14 1.64780E-10 7.74481E-08
 7.04734E-08 1.26658E-16 3.90115E-06 5.80650E-04 9.83185E-06 1.15979E-07 1.22515E-10 3.63432E-09
 1.00772E-11 5.67362E-11 1.12067E-14 7.52175E-11 5.11379E-11 2.13976E-14 1.79096E-15 2.66788E-28
 1.82438E-10 8.55240E-16 2.82807E-20 1.67306E-17 1.74779E-11 2.64185E-16 2.36630E-12 1.37421E-17
 3.32410E-15 2.95959E-10 6.86465E-12 1.65857E-13 1.59605E-08 2.24068E-13 2.92216E-03 6.50899E-14
 1.70184E-10 7.49061E-08 8.15509E-08 1.46589E-16 4.22642E-06 5.79776E-04 9.69060E-06 1.11617E-07
 1.24521E-10 3.47802E-09 9.62316E-12 5.20098E-11 1.10585E-14 6.24608E-11 6.79345E-11 1.99726E-14
 1.97405E-15 6.92065E-28 1.79694E-10 1.17079E-15 3.63594E-20 2.37463E-17 1.97743E-11 2.96953E-16
 1.10640E-12 7.24398E-18 4.07228E-15 2.64775E-10 6.59361E-12 8.45598E-14 1.52998E-08 2.97913E-13
 2.24934E-03 7.35830E-14 1.74784E-10 7.17154E-08 9.47873E-08 1.68315E-16 4.55048E-06 5.78890E-04
 9.53417E-06 1.06518E-07 1.25896E-10 3.31579E-09 8.67119E-12 4.49021E-11 1.02592E-14 4.92477E-11
 8.69781E-11 1.76797E-14 1.98249E-15 1.89712E-27 1.76892E-10 1.62163E-15 4.67822E-20 3.41803E-17
 2.22362E-11 3.20175E-16 4.84633E-13 3.54819E-18 4.99180E-15 2.35984E-10 6.20733E-12 3.79304E-14
 1.45517E-08 3.98897E-13 1.68963E-03 8.29804E-14 1.78475E-10 6.79635E-08 1.11139E-07 1.91984E-16
 4.87380E-06 5.77988E-04 9.36311E-06 1.00771E-07 1.26657E-10 3.14813E-09 7.37249E-12 3.65424E-11
 8.96910E-15 3.67482E-11 1.07452E-10 1.48856E-14 1.82643E-15 5.55173E-27 1.74025E-10 2.27864E-15
 6.03787E-20 5.00189E-17 2.48533E-11 3.31324E-16 1.97940E-13 1.60367E-18 6.12117E-15 2.09562E-10
 5.77728E-12 1.55051E-14 1.37490E-08 5.39062E-13 1.23230E-03 9.35424E-14 1.81151E-10 6.37513E-08
 1.31765E-07 2.17780E-16 5.19706E-06 5.77068E-04 9.17829E-06 9.44728E-08 1.26803E-10 2.97567E-09
 5.88878E-12 2.79334E-11 7.37747E-15 2.59309E-11 1.27081E-10 1.18865E-14 1.53899E-15 1.74939E-26
 1.71090E-10 3.25042E-15 7.83482E-20 7.44747E-17 2.76130E-11 3.29347E-16 7.50272E-14 6.64207E-19
 7.50482E-15 1.85409E-10 5.34307E-12 5.77848E-15 1.29262E-08 7.34638E-13 8.67292E-04 1.05652E-13
 1.82753E-10 5.92069E-08 1.57867E-07 2.46004E-16 5.52110E-06 5.76127E-04 8.98086E-06 8.77323E-08
 1.26285E-10 2.79924E-09 4.48513E-12 2.03528E-11 5.81106E-15 1.74165E-11 1.43576E-10 9.11138E-15
 1.22154E-15 5.94214E-26 1.68078E-10 4.69326E-15 1.02502E-19 1.12437E-16 3.05033E-11 3.18627E-16
 2.62645E-14 2.51121E-19 9.19622E-15 1.63384E-10 4.92764E-12 1.95518E-15 1.21136E-08 1.00560E-12
 5.84822E-04 1.19822E-13 1.83320E-10 5.44924E-08 1.90421E-07 2.77107E-16 5.84689E-06 5.75162E-04
 8.77233E-06 8.06954E-08 1.25032E-10 2.61982E-09 3.40734E-12 1.47677E-11 4.59686E-15 1.13736E-11
 1.55453E-10 6.97116E-15 9.91978E-16 2.16821E-25 1.64986E-10 6.82527E-15 1.35608E-19 1.71048E-16
 3.35147E-11 3.11158E-16 8.44912E-15 8.66814E-20 1.12626E-14 1.43336E-10 4.54398E-12 5.99588E-16
 1.13378E-08 1.37432E-12 3.74884E-04 1.36757E-13 1.83068E-10 4.98023E-08 2.29901E-07 3.11892E-16
 6.17548E-06 5.74168E-04 8.55452E-06 7.35676E-08 1.23000E-10 2.43857E-09 2.78883E-12 1.15024E-11
 3.95416E-15 7.55321E-12 1.62424E-10 5.71148E-15 9.45656E-16 8.46082E-25 1.61806E-10 9.95214E-15
 1.81996E-19 2.60446E-16 3.66407E-11 3.26088E-16 2.48428E-15 2.74287E-20 1.37922E-14 1.25125E-10
 4.19881E-12 1.67061E-16 1.06298E-08 1.86378E-12 2.26716E-04 1.57509E-13 1.82477E-10 4.53478E-08
 2.76074E-07 3.51963E-16 6.50795E-06 5.73142E-04 8.32960E-06 6.66347E-08 1.20244E-10 2.25678E-09
 2.63924E-12 1.02997E-11 3.98112E-15 5.45271E-12 1.65180E-10 5.35306E-15 1.17925E-15 3.51296E-24
 1.58533E-10 1.45145E-14 2.48667E-19 3.94693E-16 3.98772E-11 3.86429E-16 6.63653E-16 8.03458E-21
 1.69009E-14 1.08633E-10 3.89450E-12 4.26596E-17 1.00408E-08 2.49586E-12 1.28565E-04 1.83688E-13
 1.82366E-10 4.13140E-08 3.27863E-07 4.00311E-16 6.84538E-06 5.72080E-04 8.10012E-06 6.02878E-08
 1.16942E-10 2.07592E-09 2.89474E-12 1.06138E-11 4.71976E-15 4.51791E-12 1.64844E-10 5.74895E-15
 1.82171E-15 1.53219E-23 1.55161E-10 2.11352E-14 3.47114E-19 5.92298E-16 4.32228E-11 5.13781E-16
 1.60059E-16 2.24347E-21 2.07365E-14 9.37648E-11 3.62836E-12 1.02680E-17 9.67514E-09 3.32848E-12
 6.81776E-05 2.17378E-13 1.84052E-10 3.77598E-08 3.83327E-07 4.64892E-16 7.18922E-06 5.70975E-04
 7.86873E-06 5.50997E-08 1.15269E-10 1.89737E-09 3.49072E-12 1.20106E-11 6.20894E-15 4.29341E-12
 1.62339E-10 6.84136E-15 2.97028E-15 6.16431E-23 1.51681E-10 3.03425E-14 4.90386E-19 8.72311E-16
 4.66822E-11 7.19067E-16 3.46859E-17 6.61612E-22 2.50712E-14 8.04405E-11 3.38739E-12 2.56640E-18
 9.66920E-09 4.54397E-12 4.84273E-05 2.63200E-13 1.89629E-10 3.46074E-08 4.39968E-07 5.68611E-16
 7.54228E-06 5.69818E-04 7.63697E-06 5.16683E-08 1.20947E-10 1.72183E-09 4.36303E-12 1.43254E-11
 8.43044E-15 4.47320E-12 1.58175E-10 8.85213E-15 4.39614E-15 1.76546E-22 1.48066E-10 4.20165E-14
 6.85387E-19 1.24960E-15 5.02774E-11 9.87048E-16 6.75767E-18 2.68882E-22 2.87368E-14 6.85409E-11
 3.15541E-12 8.59580E-19 1.00388E-08 6.33659E-12 4.20570E-05 3.24842E-13 1.99034E-10 3.18070E-08
 4.95673E-07 7.27337E-16 7.90805E-06 5.68594E-04 7.40512E-06 4.98420E-08 1.34533E-10 1.54963E-09
 5.47947E-12 1.74385E-11 1.14339E-14 4.87094E-12 1.52667E-10 1.19381E-14 6.15442E-15 3.71321E-22
 1.44285E-10 5.60144E-14 9.44369E-19 1.73665E-15 5.40396E-11 1.28965E-15 1.21185E-18 1.84924E-22
 3.13877E-14 5.79127E-11 2.92663E-12 4.76931E-19 1.06813E-08 8.77812E-12 3.88406E-05 4.07651E-13
 2.11349E-10 2.94150E-08 5.48439E-07 9.49722E-16 8.28830E-06 5.67297E-04 7.17348E-06 4.89294E-08
 1.51733E-10 1.38180E-09 6.83354E-12 2.10772E-11 1.56030E-14 5.39806E-12 1.46161E-10 1.59330E-14
 8.18263E-15 7.19796E-22 1.40322E-10 7.35153E-14 1.31317E-18 2.35887E-15 5.79828E-11 1.61286E-15
 2.32664E-19 1.75757E-22 3.38896E-14 4.84378E-11 2.70912E-12 3.62408E-19 1.15361E-08 1.20695E-11
 3.58533E-05 5.18298E-13 2.26115E-10 2.73444E-08 5.95801E-07 1.25772E-15 8.68295E-06 5.65923E-04
 6.94300E-06 4.84696E-08 1.72440E-10 1.22007E-09 8.47136E-12 2.52394E-11 2.14018E-14 6.02298E-12
 1.38628E-10 2.09940E-14 1.04547E-14 1.30017E-21 1.36175E-10 9.49054E-14 1.84051E-18 3.13323E-15
 6.21061E-11 1.93184E-15 7.61128E-20 1.84637E-22 3.62409E-14 4.00568E-11 2.50150E-12 3.00928E-19
 1.25738E-08 1.65228E-11 3.38934E-05 6.66260E-13 2.43155E-10 2.54623E-08 6.34952E-07 1.68773E-15
 9.09144E-06 5.64471E-04 6.71460E-06 4.82028E-08 1.97736E-10 1.06614E-09 1.04430E-11 2.99546E-11
 2.93993E-14 6.73538E-12 1.29982E-10 2.73728E-14 1.28782E-14 2.14493E-21 1.31848E-10 1.19810E-13
 2.58850E-18 4.06307E-15 6.64061E-11 2.20950E-15 4.99727E-20 1.99041E-22 3.82356E-14 3.27182E-11
 2.29875E-12 2.52838E-19 1.37531E-08 2.24969E-11 3.20566E-05 8.62911E-13 2.61997E-10 2.36602E-08
 6.63050E-07 2.28367E-15 9.51274E-06 5.62939E-04 6.48905E-06 4.79033E-08 2.27727E-10 9.21568E-10
 1.27979E-11 3.51548E-11 4.03349E-14 7.52230E-12 1.20235E-10 3.52113E-14 1.53210E-14 3.24551E-21
 1.27349E-10 1.47346E-13 3.64609E-18 5.13520E-15 7.08763E-11 2.40911E-15 4.25193E-20 2.16062E-22
 3.98172E-14 2.63682E-11 2.09655E-12 2.10951E-19 1.50262E-08 3.04394E-11 3.03902E-05 1.12293E-12
 2.82148E-10 2.18652E-08 6.77366E-07 3.10538E-15 9.94519E-06 5.61330E-04 6.26705E-06 4.74049E-08
 2.62571E-10 7.87751E-10 1.55760E-11 4.07077E-11 5.50868E-14 8.36397E-12 1.09480E-10 4.45589E-14
 1.75800E-14 4.49990E-21 1.22689E-10 1.75818E-13 5.13417E-18 6.31268E-15 7.55055E-11 2.49895E-15
 3.78781E-20 2.34745E-22 4.09043E-14 2.09500E-11 1.89251E-12 1.73698E-19 1.63431E-08 4.09261E-11
 2.90439E-05 1.46463E-12 3.03091E-10 2.00362E-08 6.75598E-07 4.23498E-15 1.03866E-05 5.59645E-04
 6.04913E-06 4.66067E-08 3.02708E-10 6.65780E-10 1.87998E-11 4.64289E-11 7.45585E-14 9.22865E-12
 9.78901E-11 5.53388E-14 1.94261E-14 5.67654E-21 1.17888E-10 2.02467E-13 7.20771E-18 7.52562E-15
 8.02792E-11 2.45815E-15 3.39480E-20 2.54488E-22 4.13711E-14 1.63987E-11 1.68608E-12 1.40627E-19
 1.76406E-08 5.45957E-11 2.78131E-05 1.90939E-12 3.24124E-10 1.81694E-08 6.56340E-07 5.77370E-15
 1.08345E-05 5.57891E-04 5.83561E-06 4.54361E-08 3.47916E-10 5.56365E-10 2.24633E-11 5.20354E-11
 9.96146E-14 1.00724E-11 8.57776E-11 6.72014E-14 2.06271E-14 6.51201E-21 1.12966E-10 2.24077E-13
 1.00725E-17 8.67647E-15 8.51782E-11 2.28886E-15 3.03857E-20 2.74711E-22 4.11743E-14 1.26405E-11
 1.47903E-12 1.11710E-19 1.88549E-08 7.22018E-11 2.65969E-05 2.48232E-12 3.44461E-10 1.62850E-08
 6.19457E-07 7.84881E-15 1.12856E-05 5.56075E-04 5.62656E-06 4.38682E-08 3.97832E-10 4.59805E-10
 2.65250E-11 5.71989E-11 1.30899E-13 1.08446E-11 7.35423E-11 7.95856E-14 2.10159E-14 6.78022E-21
 1.07952E-10 2.37354E-13 1.39943E-17 9.64595E-15 9.01789E-11 2.01507E-15 2.71088E-20 2.94966E-22
 4.02991E-14 9.59311E-12 1.27492E-12 8.69305E-20 1.99266E-08 9.46562E-11 2.53703E-05 3.21251E-12
 3.63259E-10 1.44173E-08 5.66550E-07 1.06183E-14 1.17368E-05 5.54206E-04 5.42189E-06 4.19183E-08
 4.51984E-10 3.75970E-10 3.09045E-11 6.15916E-11 1.68665E-13 1.14945E-11 6.16238E-11 9.17971E-14
 2.05441E-14 6.38963E-21 1.02875E-10 2.39703E-13 1.93129E-17 1.03115E-14 9.52524E-11 1.67698E-15
 2.40961E-20 3.14953E-22 3.87621E-14 7.16909E-12 1.07832E-12 6.61988E-20 2.07892E-08 1.22872E-10
 2.40313E-05 4.12960E-12 3.79646E-10 1.26095E-08 5.01587E-07 1.42591E-14 1.21845E-05 5.52296E-04
 5.22143E-06 3.96063E-08 5.08985E-10 3.04331E-10 3.54906E-11 6.49268E-11 2.12515E-13 1.19688E-11
 5.04560E-11 1.02966E-13 1.92702E-14 5.45389E-21 9.77717E-11 2.30378E-13 2.64521E-17 1.05870E-14
 1.00365E-10 1.32242E-15 2.13181E-20 3.34216E-22 3.66173E-14 5.27881E-12 8.93781E-13 4.93835E-20
 2.13626E-08 1.57314E-10 2.24884E-05 5.25418E-12 3.92943E-10 1.09097E-08 4.31178E-07 1.89358E-14
 1.26253E-05 5.50360E-04 5.02512E-06 3.69478E-08 5.65705E-10 2.44032E-10 4.01542E-11 6.70130E-11
 2.60861E-13 1.22042E-11 4.04115E-11 1.11917E-13 1.73148E-14 4.25646E-21 9.26767E-11 2.11362E-13
 3.58858E-17 1.04747E-14 1.05480E-10 9.95080E-16 1.87051E-20 3.51430E-22 3.39230E-14 3.83444E-12
 7.25048E-13 3.62615E-20 2.15847E-08 1.97784E-10 2.09667E-05 6.59503E-12 4.02976E-10 9.36256E-09
 3.63308E-07 2.47986E-14 1.30560E-05 5.48410E-04 4.83310E-06 3.40072E-08 6.18291E-10 1.93984E-10
 4.47513E-11 6.77900E-11 3.10790E-13 1.21496E-11 3.17412E-11 1.17452E-13 1.48740E-14 3.11195E-21
 8.76252E-11 1.87080E-13 4.81051E-17 1.00903E-14 1.10556E-10 7.23999E-16 1.61563E-20 3.63576E-22
 3.07423E-14 2.75246E-12 5.75138E-13 2.63737E-20 2.14567E-08 2.44172E-10 1.93805E-05 8.15818E-12
 4.09515E-10 7.98784E-09 3.04595E-07 3.19906E-14 1.34744E-05 5.46459E-04 4.64574E-06 3.09099E-08
 6.64178E-10 1.52968E-10 4.91598E-11 6.73102E-11 3.59322E-13 1.18057E-11 2.45162E-11 1.19158E-13
 1.22514E-14 2.21409E-21 8.26486E-11 1.62421E-13 6.36998E-17 9.61545E-15 1.15558E-10 5.18856E-16
 1.35632E-20 3.65513E-22 2.72270E-14 1.95611E-12 4.46297E-13 1.90360E-20 2.10564E-08 2.97679E-10
 1.76947E-05 9.97478E-12 4.12495E-10 6.78371E-09 2.57860E-07 4.07632E-14 1.38786E-05 5.44517E-04
 4.46351E-06 2.78162E-08 7.03891E-10 1.19742E-10 5.32844E-11 6.56988E-11 4.04846E-13 1.12342E-11
 1.86541E-11 1.17620E-13 9.74667E-15 1.58787E-21 7.77742E-11 1.40527E-13 8.35355E-17 9.19819E-15
 1.20455E-10 3.72157E-16 1.09336E-20 3.52777E-22 2.35906E-14 1.37836E-12 3.39498E-13 1.36037E-20
 2.04854E-08 3.60801E-10 1.60150E-05 1.21107E-11 4.12334E-10 5.74126E-09 2.22321E-07 5.15660E-14
 1.42678E-05 5.42593E-04 4.28691E-06 2.48513E-08 7.39423E-10 9.31102E-11 5.70573E-11 6.31189E-11
 4.47062E-13 1.05160E-11 1.39977E-11 1.13721E-13 7.53894E-15 1.16994E-21 7.30249E-11 1.22344E-13
 1.08855E-16 8.90229E-15 1.25223E-10 2.69188E-16 8.41763E-21 3.25012E-22 2.00369E-14 9.63920E-13
 2.53935E-13 9.60974E-21 1.98126E-08 4.36407E-10 1.43212E-05 1.46487E-11 4.09558E-10 4.84788E-09
 1.95614E-07 6.49887E-14 1.46416E-05 5.40693E-04 4.11639E-06 2.20647E-08 7.71406E-10 7.19697E-11
 6.04547E-11 5.97423E-11 4.86233E-13 9.71388E-12 1.03664E-11 1.08105E-13 5.68928E-15 8.90382E-22
 6.84197E-11 1.07572E-13 1.41321E-16 8.73207E-15 1.29843E-10 1.96547E-16 6.19062E-21 2.85898E-22
 1.67262E-14 6.69389E-13 1.87303E-13 6.71741E-21 1.90724E-08 5.27334E-10 1.26661E-05 1.76847E-11
 4.04820E-10 4.08998E-09 1.75292E-07 8.17991E-14 1.49997E-05 5.38822E-04 3.95241E-06 1.94641E-08
 7.99129E-10 5.53363E-11 6.34764E-11 5.57474E-11 5.22580E-13 8.86881E-12 7.58221E-12 1.01155E-13
 4.19143E-15 6.98008E-22 6.39750E-11 9.55249E-14 1.83070E-16 8.66636E-15 1.34300E-10 1.44474E-16
 4.36643E-21 2.41104E-22 1.37489E-14 4.61813E-13 1.36556E-13 4.66087E-21 1.82847E-08 6.36479E-10
 1.11046E-05 2.13281E-11 3.98778E-10 3.45237E-09 1.59421E-07 1.03012E-13 1.53423E-05 5.36985E-04
 3.79549E-06 1.70479E-08 8.21442E-10 4.23545E-11 6.61300E-11 5.13168E-11 5.56005E-13 8.00721E-12
 5.48030E-12 9.31514E-14 3.01226E-15 5.60179E-22 5.97047E-11 8.55283E-14 2.36767E-16 8.67790E-15
 1.38580E-10 1.06477E-16 2.96965E-21 1.95955E-22 1.11400E-14 3.16674E-13 9.85708E-14 3.22110E-21
 1.74608E-08 7.67013E-10 9.66127E-06 2.57027E-11 3.91887E-10 2.91830E-09 1.46669E-07 1.29957E-13
 1.56698E-05 5.35187E-04 3.64632E-06 1.48116E-08 8.36956E-10 3.22972E-11 6.84325E-11 4.66195E-11
 5.86276E-13 7.14794E-12 3.91522E-12 8.43888E-14 2.10970E-15 4.57627E-22 5.56204E-11 7.70670E-14
 3.05768E-16 8.74481E-15 1.42673E-10 7.83978E-17 1.95644E-21 1.54181E-22 8.90358E-15 2.15965E-13
 7.05322E-14 2.22336E-21 1.66110E-08 9.22570E-10 8.36055E-06 3.09512E-11 3.84494E-10 2.47168E-09
 1.36128E-07 1.64430E-13 1.59826E-05 5.33432E-04 3.50581E-06 1.27553E-08 8.44552E-10 2.45584E-11
 7.03995E-11 4.18111E-11 6.13002E-13 6.30627E-12 2.76485E-12 7.51848E-14 1.43868E-15 3.78621E-22
 5.17318E-11 6.97603E-14 3.94258E-16 8.84919E-15 1.46569E-10 5.74870E-17 1.25375E-21 1.17916E-22
 7.02341E-15 1.46612E-13 5.00790E-14 1.53611E-21 1.57470E-08 1.10745E-09 7.20890E-06 3.72297E-11
 3.76820E-10 2.09774E-09 1.27177E-07 2.08877E-13 1.62817E-05 5.31723E-04 3.37522E-06 1.08830E-08
 8.43633E-10 1.86414E-11 7.20451E-11 3.70308E-11 6.35512E-13 5.49413E-12 1.92965E-12 6.58638E-14
 9.54567E-16 3.15642E-22 4.80469E-11 6.33025E-14 5.07288E-16 8.97363E-15 1.50260E-10 4.18550E-17
 7.84595E-22 8.79884E-23 5.47291E-15 9.92165E-14 3.53169E-14 1.06418E-21 1.48824E-08 1.32687E-09
 6.22693E-06 4.47059E-11 3.69047E-10 1.78402E-09 1.19374E-07 2.66717E-13 1.65680E-05 5.30062E-04
 3.25616E-06 9.20096E-09 8.34278E-10 1.41458E-11 7.33798E-11 3.24005E-11 6.52836E-13 4.72181E-12
 1.33082E-12 5.67321E-14 6.15945E-16 2.63656E-22 4.45722E-11 5.74420E-14 6.50720E-16 9.09860E-15
 1.53740E-10 3.01637E-17 4.81686E-22 6.43392E-23 4.21987E-15 6.70869E-14 2.47722E-14 7.40770E-22
 1.40270E-08 1.58741E-09 5.40953E-06 5.35355E-11 3.61119E-10 1.51837E-09 1.12408E-07 3.42549E-13
 1.68462E-05 5.28431E-04 3.14925E-06 7.70871E-09 8.17208E-10 1.07104E-11 7.43801E-11 2.80019E-11
 6.63319E-13 3.99424E-12 9.05715E-13 4.80266E-14 3.85878E-16 2.19363E-22 4.12705E-11 5.19511E-14
 8.31106E-16 9.20313E-15 1.57047E-10 2.14332E-17 2.89881E-22 4.60691E-23 3.21279E-15 4.52403E-14
 1.72292E-14 5.16616E-22 1.32010E-08 1.89477E-09 4.75648E-06 6.38673E-11 3.53500E-10 1.29487E-09
 1.05951E-07 4.42800E-13 1.71202E-05 5.26816E-04 3.05603E-06 6.41628E-09 7.94064E-10 8.07822E-12
 7.49923E-11 2.39333E-11 6.65279E-13 3.32328E-12 6.09302E-13 3.99654E-14 2.34834E-16 1.80754E-22
 3.81194E-11 4.67416E-14 1.05548E-15 9.26482E-15 1.60203E-10 1.49828E-17 1.71570E-22 3.23766E-23
 2.41076E-15 3.03877E-14 1.18476E-14 3.60513E-22 1.24140E-08 2.25602E-09 4.23364E-06 7.57950E-11
 3.46287E-10 1.10746E-09 9.98602E-08 5.76101E-13 1.73906E-05 5.25224E-04 2.97930E-06 5.31857E-09
 7.66171E-10 6.07997E-12 7.52361E-11 2.02600E-11 6.57940E-13 2.71943E-12 4.05987E-13 3.27356E-14
 1.39193E-16 1.46914E-22 3.51373E-11 4.17706E-14 1.33089E-15 9.26571E-15 1.63190E-10 1.02973E-17
 1.00453E-22 2.24516E-23 1.78955E-15 2.03998E-14 8.06678E-15 2.52461E-22 1.16680E-08 2.67945E-09
 3.79803E-06 8.93460E-11 3.39414E-10 9.50055E-10 9.40768E-08 7.53867E-13 1.76588E-05 5.23655E-04
 2.92120E-06 4.39986E-09 7.34787E-10 4.57234E-12 7.51424E-11 1.70094E-11 6.41130E-13 2.18857E-12
 2.68383E-13 2.64359E-14 8.05907E-17 1.17510E-22 3.23318E-11 3.70318E-14 1.66447E-15 9.19489E-15
 1.66000E-10 6.95902E-18 5.84383E-23 1.54292E-23 1.31958E-15 1.37283E-14 5.44502E-15 1.77853E-22
 1.09714E-08 3.17296E-09 3.45891E-06 1.04519E-10 3.33315E-10 8.19025E-10 8.84401E-08 9.92398E-13
 1.79267E-05 5.22109E-04 2.88332E-06 3.64537E-09 7.01925E-10 3.44267E-12 7.47393E-11 1.41988E-11
 6.14903E-13 1.73377E-12 1.76610E-13 2.10838E-14 4.57400E-17 9.19808E-23 2.97093E-11 3.25166E-14
 2.06144E-15 9.03373E-15 1.68627E-10 4.62136E-18 3.40843E-23 1.05911E-23 9.71236E-16 9.30035E-15
 3.65257E-15 1.26616E-22 1.03317E-08 3.74393E-09 3.21499E-06 1.21300E-10 3.28509E-10 7.11679E-10
 8.28262E-08 1.31421E-12 1.81963E-05 5.20584E-04 2.86615E-06 3.03671E-09 6.69371E-10 2.60409E-12
 7.40692E-11 1.18206E-11 5.80281E-13 1.35508E-12 1.16203E-13 1.66432E-14 2.55707E-17 7.01584E-23
 2.72753E-11 2.82674E-14 2.52548E-15 8.77255E-15 1.71065E-10 3.01772E-18 2.01726E-23 7.33791E-24
 7.18606E-16 6.38294E-15 2.44843E-15 9.17235E-23 9.73958E-09 4.39813E-09 3.05323E-06 1.39679E-10
 3.25292E-10 6.24047E-10 7.71830E-08 1.74918E-12 1.84863E-05 5.18986E-04 2.86865E-06 2.54677E-09
 6.37740E-10 1.95471E-12 7.30279E-11 9.81614E-12 5.38122E-13 1.04453E-12 7.65082E-14 1.30017E-14
 1.40711E-17 5.22353E-23 2.48997E-11 2.43624E-14 3.06382E-15 8.42839E-15 1.73444E-10 1.93877E-18
 1.19875E-23 5.07450E-24 5.27384E-16 4.37381E-15 1.61463E-15 6.66697E-23 9.18590E-09 5.13822E-09
 2.94706E-06 1.59597E-10 3.23882E-10 5.54837E-10 7.14800E-08 2.33629E-12 1.88135E-05 5.17242E-04
 2.89012E-06 2.15391E-09 6.07305E-10 1.44218E-12 7.15773E-11 8.13873E-12 4.90239E-13 7.95466E-13
 5.05270E-14 1.00583E-14 7.63557E-18 3.80346E-23 2.25118E-11 2.08744E-14 3.68389E-15 8.01861E-15
 1.75835E-10 1.22813E-18 7.10185E-24 3.47339E-24 3.79947E-16 2.95751E-15 1.03533E-15 4.80786E-23
 8.60573E-09 5.79898E-09 3.62479E-06 1.84803E-10 3.37174E-10 5.31798E-10 6.38462E-08 3.18239E-12
 1.91807E-05 5.15358E-04 2.92539E-06 1.85799E-09 5.71290E-10 1.05016E-12 6.96543E-11 6.91605E-12
 4.46977E-13 6.24880E-13 3.54774E-14 7.75931E-15 4.21897E-18 2.78079E-23 2.01687E-11 1.86504E-14
 4.46368E-15 7.65986E-15 1.78180E-10 7.97485E-19 4.63347E-24 2.53349E-24 2.64648E-16 1.98684E-15
 6.54046E-16 3.52902E-23 8.11485E-09 6.55092E-09 3.95768E-06 2.11969E-10 3.50975E-10 5.12396E-10
 5.69445E-08 4.32980E-12 1.96025E-05 5.13290E-04 2.98054E-06 1.62155E-09 5.41761E-10 7.53647E-13
 6.75616E-11 5.88797E-12 4.00310E-13 4.85800E-13 2.49362E-14 5.97149E-15 2.32277E-18 1.96833E-23
 1.78689E-11 1.64084E-14 5.33727E-15 7.21581E-15 1.80481E-10 5.09658E-19 2.99351E-24 1.81723E-24
 1.82456E-16 1.32073E-15 4.04532E-16 2.56356E-23 7.67795E-09 7.35560E-09 4.19617E-06 2.42367E-10
 3.68680E-10 5.02016E-10 5.04238E-08 5.90672E-12 2.00999E-05 5.10975E-04 3.05568E-06 1.43236E-09
 5.15210E-10 5.31063E-13 6.52782E-11 5.04754E-12 3.54661E-13 3.77815E-13 1.77738E-14 4.59370E-15
 1.28385E-18 1.37102E-23 1.56054E-11 1.44297E-14 6.34351E-15 6.75268E-15 1.82747E-10 3.24874E-19
 1.94274E-24 1.29593E-24 1.23219E-16 8.64195E-16 2.43682E-16 1.84193E-23 7.28525E-09 8.16409E-09
 4.45592E-06 2.77607E-10 3.93412E-10 5.06316E-10 4.40780E-08 8.09182E-12 2.06828E-05 5.08415E-04
 3.14516E-06 1.28311E-09 4.90698E-10 3.69620E-13 6.28913E-11 4.38981E-12 3.12745E-13 2.97653E-13
 1.30174E-14 3.54730E-15 7.20905E-19 9.45749E-24 1.34436E-11 1.28120E-14 7.52142E-15 6.29756E-15
 1.84909E-10 2.08834E-19 1.29608E-24 9.35270E-25 8.16238E-17 5.59597E-16 1.44323E-16 1.31888E-23
 6.94939E-09 8.92012E-09 4.79996E-06 3.19937E-10 4.28877E-10 5.30390E-10 3.78302E-08 1.11507E-11
 2.13636E-05 5.05608E-04 3.24138E-06 1.16985E-09 4.69161E-10 2.55749E-13 6.04761E-11 3.90532E-12
 2.75693E-13 2.40263E-13 9.91191E-15 2.76301E-15 4.16181E-19 6.45798E-24 1.14371E-11 1.15432E-14
 8.91008E-15 5.85630E-15 1.86916E-10 1.36395E-19 9.07708E-25 6.94137E-25 5.31558E-17 3.60708E-16
 8.49511E-17 9.47767E-24 6.65036E-09 9.60515E-09 5.20512E-06 3.71204E-10 4.76096E-10 5.74940E-10
 3.19980E-08 1.54203E-11 2.21819E-05 5.02459E-04 3.33996E-06 1.08079E-09 4.48878E-10 1.75508E-13
 5.80405E-11 3.54759E-12 2.43790E-13 1.99063E-13 7.82754E-15 2.17428E-15 2.47520E-19 4.43110E-24
 9.57263E-12 1.06095E-14 1.05879E-14 5.46127E-15 1.88780E-10 9.11629E-20 6.58141E-25 5.23719E-25
 3.38111E-17 2.29814E-16 4.95379E-17 6.76928E-24 6.35624E-09 1.02659E-08 5.58991E-06 4.32004E-10
 5.32429E-10 6.34384E-10 2.69566E-08 2.13058E-11 2.31912E-05 4.98858E-04 3.43945E-06 1.00200E-09
 4.27621E-10 1.19537E-13 5.56123E-11 3.25846E-12 2.16368E-13 1.67767E-13 6.30942E-15 1.72552E-15
 1.50396E-19 3.09852E-24 7.84912E-12 9.92922E-15 1.26486E-14 5.13096E-15 1.90503E-10 6.23086E-20
 4.77889E-25 3.92050E-25 2.09668E-17 1.43719E-16 2.84901E-17 4.74687E-24 6.07273E-09 1.09288E-08
 5.94529E-06 5.03515E-10 5.97834E-10 7.07156E-10 2.26703E-08 2.94183E-11 2.44748E-05 4.94632E-04
 3.54091E-06 9.30952E-10 4.06382E-10 8.07925E-14 5.31658E-11 3.01547E-12 1.92131E-13 1.42937E-13
 5.15138E-15 1.37825E-15 9.27397E-20 2.19471E-24 6.25998E-12 9.39950E-15 1.51618E-14 4.84522E-15
 1.92090E-10 4.32355E-20 3.40990E-25 2.86636E-25 1.25778E-17 8.73293E-17 1.59878E-17 3.23142E-24
 5.81720E-09 1.15681E-08 6.33183E-06 5.88761E-10 6.76520E-10 7.99919E-10 1.89509E-08 4.07191E-11
 2.61743E-05 4.89497E-04 3.64612E-06 8.70284E-10 3.86739E-10 5.37745E-14 5.06211E-11 2.81834E-12
 1.70270E-13 1.23260E-13 4.27335E-15 1.10720E-15 5.79829E-20 1.56196E-24 4.78586E-12 8.98695E-15
 1.82178E-14 4.58775E-15 1.93562E-10 3.03612E-20 2.35669E-25 2.01173E-25 7.11815E-18 5.03571E-17
 8.53455E-18 2.08979E-24 5.59252E-09 1.22012E-08 6.75356E-06 6.90359E-10 7.69646E-10 9.13388E-10
 1.57771E-08 5.64850E-11 2.82483E-05 4.83770E-04 3.75067E-06 8.17784E-10 3.68980E-10 3.62555E-14
 4.82170E-11 2.66487E-12 1.51202E-13 1.07730E-13 3.59946E-15 8.97596E-16 3.69426E-20 1.11384E-24
 3.56123E-12 8.64531E-15 2.19044E-14 4.34989E-15 1.94783E-10 2.15851E-20 1.61739E-25 1.39293E-25
 3.92605E-18 2.84332E-17 4.47503E-18 1.32306E-24 5.38310E-09 1.28890E-08 7.16441E-06 8.09124E-10
 8.74393E-10 1.04086E-09 1.31639E-08 7.83573E-11 3.06539E-05 4.77725E-04 3.85675E-06 7.68391E-10
 3.52192E-10 2.51741E-14 4.60876E-11 2.53590E-12 1.34706E-13 9.47755E-14 3.04833E-15 7.33912E-16
 2.38707E-20 7.97221E-25 2.62039E-12 8.32447E-15 2.63181E-14 4.13009E-15 1.95720E-10 1.54784E-20
 1.11612E-25 9.69383E-26 2.18285E-18 1.61942E-17 2.37087E-18 8.42723E-25 5.17440E-09 1.36669E-08
 7.55027E-06 9.46251E-10 9.89640E-10 1.17917E-09 1.10341E-08 1.08669E-10 3.36245E-05 4.70958E-04
 3.97281E-06 7.19647E-10 3.35547E-10 1.77137E-14 4.40938E-11 2.41234E-12 1.19922E-13 8.32445E-14
 2.57377E-15 6.02230E-16 1.54604E-20 5.74381E-25 1.87699E-12 8.01626E-15 3.16160E-14 3.93188E-15
 1.96459E-10 1.11367E-20 7.51910E-26 6.59901E-26 1.19778E-18 9.09061E-18 1.23605E-18 5.27574E-25
 4.96810E-09 1.45493E-08 7.92372E-06 1.10434E-09 1.11634E-09 1.32789E-09 9.28529E-09 1.50788E-10
 3.73617E-05 4.63259E-04 4.10171E-06 6.71969E-10 3.19261E-10 1.26070E-14 4.21968E-11 2.29090E-12
 1.06541E-13 7.28443E-14 2.16286E-15 4.95013E-16 9.99589E-21 4.16117E-25 1.30074E-12 7.71692E-15
 3.79663E-14 3.75314E-15 1.97029E-10 8.02111E-21 4.92498E-26 4.37635E-26 6.45570E-19 5.00500E-18
 6.30364E-19 3.23204E-25 4.75030E-09 1.55931E-08 8.24786E-06 1.28328E-09 1.25085E-09 1.47833E-09
 7.87025E-09 2.09053E-10 4.21706E-05 4.54314E-04 4.25117E-06 6.23152E-10 3.02488E-10 9.05138E-15
 4.03614E-11 2.15925E-12 9.42357E-14 6.30446E-14 1.79480E-15 4.06039E-16 6.39331E-21 3.04028E-25
 8.61914E-13 7.41477E-15 4.55807E-14 3.59591E-15 1.97461E-10 5.75996E-21 3.07300E-26 2.77882E-26
 3.38582E-19 2.67083E-18 3.10223E-19 1.91341E-25 4.50513E-09 1.69065E-08 8.43975E-06 1.47826E-09
 1.38344E-09 1.61074E-09 6.76054E-09 2.88564E-10 4.81600E-05 4.44255E-04 4.43018E-06 5.70814E-10
 2.84287E-10 6.61384E-15 3.86575E-11 2.00711E-12 8.28888E-14 5.34835E-14 1.45619E-15 3.31399E-16
 4.01355E-21 2.24152E-25 5.49869E-13 7.07393E-15 5.46330E-14 3.45602E-15 1.97764E-10 4.10220E-21
 1.82475E-26 1.69696E-26 1.76196E-19 1.40208E-18 1.49220E-19 1.10924E-25 4.24448E-09 1.85120E-08
 8.52787E-06 1.69024E-09 1.51396E-09 1.72396E-09 5.86947E-09 3.96874E-10 5.53657E-05 4.33302E-04
 4.63638E-06 5.17648E-10 2.65412E-10 4.93156E-15 3.71267E-11 1.84668E-12 7.26314E-14 4.46481E-14
 1.16084E-15 2.69491E-16 2.48320E-21 1.66262E-25 3.42202E-13 6.70461E-15 6.53602E-14 3.32887E-15
 1.97962E-10 2.90229E-21 1.06043E-26 1.02303E-26 9.28367E-20 7.39806E-19 7.16837E-20 6.43964E-26
 3.98685E-09 2.03497E-08 8.61962E-06 1.92919E-09 1.65179E-09 1.83414E-09 5.10954E-09 5.45953E-10
 6.41679E-05 4.21137E-04 4.85593E-06 4.66911E-10 2.46918E-10 3.71236E-15 3.57170E-11 1.69392E-12
 6.35689E-14 3.70621E-14 9.19472E-16 2.18849E-16 1.52548E-21 1.24315E-25 2.06626E-13 6.36089E-15
 7.82578E-14 3.22080E-15 1.98085E-10 2.05433E-21 6.12800E-27 6.14858E-27 4.90654E-20 3.90881E-19
 3.43560E-20 3.73634E-26 3.74243E-09 2.23528E-08 8.80514E-06 2.21007E-09 1.80650E-09 1.95597E-09
 4.43300E-09 7.53449E-10 7.50352E-05 4.07401E-04 5.06585E-06 4.19627E-10 2.29300E-10 2.79814E-15
 3.43980E-11 1.55704E-12 5.57722E-14 3.08688E-14 7.29228E-16 1.77865E-16 9.36061E-22 9.43439E-26
 1.20467E-13 6.09041E-15 9.40995E-14 3.14362E-15 1.98156E-10 1.46632E-21 3.55994E-27 3.70849E-27
 2.57894E-20 2.06093E-19 1.64450E-20 2.15964E-26 3.51794E-09 2.44218E-08 9.18258E-06 2.55673E-09
 1.99038E-09 2.10617E-09 3.81042E-09 1.04655E-09 8.86188E-05 3.91597E-04 5.23518E-06 3.75927E-10
 2.12838E-10 2.09512E-15 3.31418E-11 1.44038E-12 4.92605E-14 2.60261E-14 5.82708E-16 1.44981E-16
 5.76666E-22 7.35057E-26 6.72771E-14 5.94441E-15 1.14115E-13 3.11536E-15 1.98189E-10 1.06533E-21
 2.09096E-27 2.24920E-27 1.33075E-20 1.07643E-19 7.84778E-21 1.23372E-26 3.31938E-09 2.63846E-08
 9.90196E-06 3.01135E-09 2.22275E-09 2.30965E-09 3.22042E-09 1.46988E-09 1.05852E-04 3.73029E-04
 5.32211E-06 3.35571E-10 1.97764E-10 1.54158E-15 3.19155E-11 1.34719E-12 4.40569E-14 2.24535E-14
 4.72205E-16 1.18869E-16 3.58749E-22 5.99355E-26 3.53617E-14 6.00231E-15 1.40412E-13 3.16799E-15
 1.98194E-10 7.98445E-22 1.23923E-27 1.36299E-27 6.57314E-21 5.47148E-20 3.69649E-21 6.83368E-27
 3.16021E-09 2.80477E-08 1.11613E-05 3.64071E-09 2.52693E-09 2.59182E-09 2.65843E-09 2.09779E-09
 1.26464E-04 3.52351E-04 5.28407E-06 2.98700E-10 1.84786E-10 1.11366E-15 3.07727E-11 1.27918E-12
 4.02484E-14 2.00305E-14 3.89666E-16 9.85541E-17 2.27175E-22 5.21853E-26 1.78298E-14 6.35564E-15
 1.75874E-13 3.34184E-15 1.98176E-10 6.25707E-22 7.64109E-28 8.48842E-28 3.14612E-21 2.76005E-20
 1.77109E-21 3.73158E-27 3.04365E-09 2.92872E-08 1.31968E-05 4.54235E-09 2.92358E-09 2.96523E-09
 2.13714E-09 3.05543E-09 1.50149E-04 3.30143E-04 5.10501E-06 2.64187E-10 1.74044E-10 7.89620E-16
 2.97309E-11 1.22764E-12 3.77735E-14 1.84762E-14 3.24827E-16 8.28340E-17 1.46047E-22 4.97230E-26
 8.78531E-15 7.13773E-15 2.24887E-13 3.70315E-15 1.98135E-10 5.16572E-22 4.98614E-28 5.53780E-28
 1.47885E-21 1.40676E-20 8.91200E-22 2.03548E-27 2.93581E-09 3.02182E-08 1.61354E-05 5.82961E-09
 3.40522E-09 3.38951E-09 1.68533E-09 4.53461E-09 1.78116E-04 3.05574E-04 4.80804E-06 2.28155E-10
 1.63594E-10 5.48460E-16 2.87395E-11 1.16781E-12 3.63358E-14 1.72662E-14 2.65777E-16 7.02713E-17
 9.33028E-23 5.30428E-26 4.15013E-15 8.51398E-15 2.94995E-13 4.35344E-15 1.98067E-10 4.46193E-22
 3.31013E-28 3.67887E-28 6.76787E-22 7.15757E-21 4.76987E-22 1.08795E-27 2.80716E-09 3.10071E-08
 2.00532E-05 7.65606E-09 3.94508E-09 3.78504E-09 1.31323E-09 6.83639E-09 2.11140E-04 2.78343E-04
 4.43651E-06 1.89081E-10 1.51880E-10 3.75907E-16 2.77714E-11 1.07944E-12 3.56909E-14 1.59779E-14
 2.07144E-16 5.99235E-17 5.79770E-23 6.35067E-26 1.86578E-15 1.06784E-14 3.98130E-13 5.42838E-15
 1.97963E-10 3.96228E-22 2.21534E-28 2.49668E-28 3.09511E-22 3.71328E-21 2.91899E-22 5.77885E-28
 2.62074E-09 3.19487E-08 2.46639E-05 1.01559E-08 4.47939E-09 4.03145E-09 1.02298E-09 1.03690E-08
 2.50055E-04 2.48155E-04 4.06169E-06 1.47788E-10 1.37118E-10 2.57495E-16 2.67902E-11 9.50853E-13
 3.54021E-14 1.42265E-14 1.49566E-16 5.08284E-17 3.41375E-23 8.28479E-26 7.91863E-16 1.36911E-14
 5.52255E-13 7.05901E-15 1.97806E-10 3.50169E-22 1.53636E-28 1.80248E-28 1.52558E-22 2.09461E-21
 2.24759E-22 3.24203E-28 2.33628E-09 3.40924E-08 2.79905E-05 1.29543E-08 4.86380E-09 3.99099E-09
 8.26973E-10 1.52983E-08 2.95060E-04 2.15151E-04 3.84863E-06 1.09068E-10 1.17812E-10 1.82813E-16
 2.57625E-11 7.85780E-13 3.38670E-14 1.15195E-14 9.87219E-17 4.08162E-17 1.79477E-23 1.03588E-25
 3.19727E-16 1.64881E-14 7.64479E-13 8.95153E-15 1.97589E-10 2.85193E-22 1.15845E-28 1.46852E-28
 9.44160E-23 1.43187E-21 2.24462E-22 2.18406E-28 1.95336E-09 3.86689E-08 2.78874E-05 1.51160E-08
 5.01582E-09 3.72920E-09 7.20154E-10 2.12554E-08 3.46018E-04 1.79423E-04 3.94571E-06 7.71626E-11
 9.35812E-11 1.41630E-16 2.46322E-11 6.18547E-13 2.98309E-14 8.28681E-15 6.20831E-17 2.97240E-17
 8.25645E-24 1.11460E-25 1.25360E-16 1.76497E-14 1.02443E-12 1.04475E-14 1.97327E-10 2.06765E-22
 9.17806E-29 1.29004E-28 7.50900E-23 1.16107E-21 2.24307E-22 1.79621E-28 2.02495E-09 4.63308E-08
 2.50080E-05 1.61158E-08 5.00669E-09 3.45121E-09 6.79024E-10 2.79467E-08 4.03177E-04 1.40305E-04
 4.46146E-06 5.14896E-11 6.57305E-11 1.29017E-16 2.33385E-11 4.78508E-13 2.42853E-14 5.50960E-15
 3.94817E-17 2.02964E-17 3.58219E-24 1.00992E-25 4.84873E-17 1.69988E-14 1.30446E-12 1.10405E-14
 1.97047E-10 1.36822E-22 6.54005E-29 1.02180E-28 6.22632E-23 9.06689E-22 1.53913E-22 1.49101E-28
 6.54989E-09 5.92515E-08 2.03400E-05 1.54933E-08 4.94726E-09 3.34221E-09 7.07179E-10 3.54520E-08
 4.65756E-04 9.74717E-05 6.11949E-06 3.26327E-11 3.94246E-11 1.63739E-16 2.18509E-11 3.71092E-13
 1.81545E-14 3.44456E-15 2.67927E-17 1.35875E-17 1.58237E-24 4.29276E-26 1.88073E-17 1.13105E-14
 1.17412E-12 7.83425E-15 1.97186E-10 6.32564E-23 4.04420E-29 6.83905E-29 4.94408E-23 6.20496E-22
 6.18868E-23 1.17286E-28 2.21844E-08 9.30021E-08 1.12223E-05 1.10897E-08 4.39873E-09 2.97032E-09
 9.58559E-10 4.14966E-08 5.27050E-04 5.54039E-05 1.22664E-05 2.36302E-11 2.25471E-11 2.91037E-16
 2.01875E-11 2.63268E-13 1.04296E-14 1.56690E-15 1.74181E-17 8.49425E-18 6.30245E-25 2.99185E-27
 7.45640E-18 2.83592E-15 5.08988E-13 2.18393E-15 1.97865E-10 1.11187E-23 2.01659E-29 3.80444E-29
 5.06851E-23 4.19934E-22 1.53155E-23 1.06950E-28 3.70332E-08 1.65254E-07 4.50895E-06 6.60694E-09
 3.35194E-09 2.00484E-09 1.51859E-09 4.94722E-08 5.73511E-04 2.48028E-05 3.02914E-05 2.05750E-11
 1.56062E-11 5.01624E-16 1.83498E-11 1.50618E-13 5.07429E-15 4.97737E-16 8.20099E-18 5.63245E-18
 2.23811E-25 2.05693E-28 2.97865E-18 6.15387E-16 2.47332E-13 5.91647E-16 1.98131E-10 1.58980E-24
 8.63738E-30 2.11844E-29 6.76862E-23 3.12557E-22 4.53058E-24 1.08639E-28 3.48407E-08 3.19387E-07
 1.59681E-06 3.54341E-09 2.28590E-09 1.03604E-09 2.56133E-09 6.40936E-08 5.99806E-04 9.07775E-06
 8.66235E-05 1.53201E-11 1.03594E-11 7.61581E-16 1.63508E-11 6.72356E-14 2.16018E-15 1.09715E-16
 2.57382E-18 3.38888E-18 5.58528E-26 4.30870E-29 1.18978E-18 2.07803E-16 2.02478E-13 2.81151E-16
 1.98176E-10 3.06746E-25 3.40960E-30 1.27702E-29 1.04511E-22 2.42912E-22 1.61691E-24 1.14169E-28
 2.18044E-08 7.35854E-07 4.84573E-07 1.67209E-09 1.25940E-09 3.37633E-10 5.10823E-09 8.30471E-08
 6.11310E-04 2.82540E-06 2.40528E-04 6.47054E-12 5.12358E-12 1.11431E-15 1.42456E-11 2.03177E-14
 7.84297E-16 1.42515E-17 4.19897E-19 1.44188E-18 6.63131E-27 3.08938E-29 4.73844E-19 1.05187E-16
 2.75882E-13 2.48136E-16 1.98103E-10 7.31995E-26 7.88893E-31 5.79577E-30 1.67072E-22 1.70723E-22
 4.92512E-25 1.00379E-28 9.25453E-09 1.92908E-06 1.35794E-07 7.96930E-10 5.65095E-10 7.12119E-11
 1.15898E-08 1.03112E-07 6.15056E-04 7.57029E-07 5.37516E-04 1.28330E-12 1.68116E-12 1.64311E-15
 1.21257E-11 4.36251E-15 2.78396E-16 1.30957E-18 3.76889E-20 3.96262E-19 3.59548E-28 8.39597E-29
 1.86618E-19 8.47449E-17 6.37456E-13 4.28201E-16 1.97741E-10 2.36566E-26 9.05564E-32 1.64687E-30
 2.31525E-22 1.03568E-22 1.31611E-25 6.23514E-29 2.89654E-09 4.43381E-06 4.06273E-08 4.55787E-10
 2.78802E-10 1.77131E-11 2.28849E-08 1.27589E-07 6.15695E-04 1.76015E-07 9.71245E-04 1.84337E-13
 4.12060E-13 2.27266E-15 1.01677E-11 1.27991E-15 1.15702E-16 1.92926E-19 4.88089E-21 1.26973E-19
 3.04572E-29 5.17102E-28 7.25470E-20 1.13598E-16 2.11291E-12 1.11771E-15 1.96265E-10 1.54678E-26
 1.18366E-32 4.97832E-31 2.67481E-22 6.66951E-23 4.37408E-26 3.55259E-29 7.35299E-10 7.58038E-06
 1.55665E-08 3.42042E-10 1.91183E-10 8.41629E-12 3.30126E-08 1.66422E-07 6.15350E-04 3.57524E-08
 1.52253E-03 2.84245E-14 8.41129E-14 2.70502E-15 8.51728E-12 6.72424E-16 6.24177E-17 6.60788E-20
 1.54036E-21 6.63918E-20 7.46600E-30 3.91844E-27 2.78138E-20 2.35748E-16 7.87009E-12 3.25269E-15
 1.90506E-10 2.03106E-26 3.83727E-33 2.70384E-31 2.80751E-22 5.31182E-23 3.16287E-26 2.55669E-29
 1.57775E-10 1.09389E-05 9.05043E-09 3.01884E-10 1.61123E-10 6.06145E-12 3.94781E-08 2.27541E-07
 6.14752E-04 6.38370E-09 2.19880E-03 4.47858E-15 1.45433E-14 2.89259E-15 7.18919E-12 4.46700E-16
 3.95116E-17 3.34376E-20 7.47388E-22 4.24826E-20 2.81635E-30 1.82039E-26 1.04952E-20 4.73000E-16
 2.34834E-11 7.44881E-15 1.74888E-10 2.67560E-26 2.29007E-33 2.18350E-31 2.86877E-22 4.69789E-23
 4.56795E-26 2.20165E-29 2.96475E-11 1.49466E-05 7.52544E-09 2.82281E-10 1.44916E-10 4.97924E-12
 4.41048E-08 3.16816E-07 6.14118E-04 1.02132E-09 3.01856E-03 6.52819E-16 2.18211E-15 2.95164E-15
 6.14259E-12 3.17631E-16 2.65498E-17 1.90069E-20 4.09872E-22 2.87158E-20 1.19036E-30 3.01683E-26
 3.92595E-21 6.08795E-16 4.26691E-11 1.02396E-14 1.55699E-10 2.25988E-26 1.66525E-33 2.01292E-31
 2.91112E-22 4.27532E-23 3.55262E-26 2.00941E-29 5.01396E-12 2.00761E-05 7.33434E-09 2.68394E-10
 1.32099E-10 4.20119E-12 4.79194E-08 4.42685E-07 6.13504E-04 1.48857E-10 4.00830E-03 8.59450E-17
 2.91568E-16 2.95157E-15 5.32068E-12 2.32475E-16 1.81953E-17 1.11905E-20 2.31970E-22 1.98075E-20
 5.23173E-31 2.53510E-26 1.46336E-21 5.68953E-16 5.61111E-11 1.00766E-14 1.42258E-10 1.39667E-26
 1.26388E-33 1.91876E-31 2.94716E-22 3.91588E-23 2.61640E-26 1.85436E-29 7.65463E-13 2.66802E-05
 7.49413E-09 2.56127E-10 1.20650E-10 3.55678E-12 5.10177E-08 6.17697E-07 6.12921E-04 1.98671E-11
 5.20698E-03 1.02401E-17 3.51744E-17 2.91835E-15 4.67099E-12 1.73522E-16 1.25453E-17 6.67070E-21
 1.32669E-22 1.38270E-20 2.34834E-31 1.68103E-26 5.41534E-22 4.75935E-16 6.64473E-11 8.85752E-15
 1.31923E-10 7.79536E-27 9.67362E-34 1.85046E-31 2.98063E-22 3.58194E-23 1.89492E-26 1.71287E-29
 1.06425E-13 3.50300E-05 7.74727E-09 2.44492E-10 1.10336E-10 3.01730E-12 5.31783E-08 8.59097E-07
 6.12375E-04 2.45281E-12 6.64781E-03 1.12113E-18 3.89319E-18 2.86545E-15 4.16238E-12 1.31886E-16
 8.68275E-18 4.00488E-21 7.64841E-23 9.75576E-21 1.07307E-31 1.02475E-26 1.99058E-22 3.84482E-16
 7.62677E-11 7.50804E-15 1.22104E-10 4.23282E-27 7.45350E-34 1.80412E-31 3.01318E-22 3.25693E-23
 1.34845E-26 1.58356E-29 1.36113E-14 4.52918E-05 8.06249E-09 2.33803E-10 1.01444E-10 2.58549E-12
 5.40836E-08 1.19223E-06 6.11866E-04 2.82754E-13 8.36229E-03 1.14562E-19 4.00022E-19 2.80698E-15
 3.77593E-12 1.02188E-16 6.05666E-18 2.42706E-21 4.46593E-23 6.96531E-21 5.00118E-32 5.92908E-27
 7.28422E-23 3.06105E-16 8.61271E-11 6.23687E-15 1.12246E-10 2.27365E-27 5.85180E-34 1.79311E-31
 3.04564E-22 2.93279E-23 9.41266E-27 1.47162E-29 1.62526E-15 5.78516E-05 8.47446E-09 2.25448E-10
 9.42677E-11 2.25749E-12 5.37127E-08 1.66564E-06 6.11391E-04 3.08591E-14 1.03710E-02 1.10558E-20
 3.84009E-20 2.78707E-15 3.50422E-12 8.09283E-17 4.30506E-18 1.49757E-21 2.66078E-23 5.04673E-21
 2.38940E-32 3.26709E-27 2.72067E-23 2.41847E-16 9.64440E-11 5.08690E-15 1.01930E-10 1.21197E-27
 4.75210E-34 1.83570E-31 3.07710E-22 2.61846E-23 6.49832E-27 1.38165E-29 1.98076E-16 1.05655E-04
 6.54287E-09 1.79021E-10 6.21204E-11 1.00053E-12 7.51257E-08 2.36960E-06 6.10931E-04 3.49871E-15
 1.26934E-02 7.35420E-22 3.45197E-21 2.87100E-15 3.34716E-12 6.27695E-17 2.56217E-18 7.37119E-22
 1.08973E-23 3.59300E-21 1.08568E-32 1.97547E-27 1.22819E-23 1.43144E-16 1.20362E-10 4.37362E-15
 7.80132E-11 6.39018E-28 1.35771E-34 9.35634E-32 3.06170E-22 2.77263E-23 4.59757E-27 9.05861E-30
 3.04543E+02 3.02251E+02 2.99942E+02 2.97591E+02 2.95215E+02 2.92789E+02 2.90329E+02 2.87807E+02
 2.85240E+02 2.82592E+02 2.79884E+02 2.77072E+02 2.74175E+02 2.71371E+02 2.68566E+02 2.65590E+02
 2.62413E+02 2.58995E+02 2.55295E+02 2.51268E+02 2.46873E+02 2.42083E+02 2.36898E+02 2.31957E+02
 2.28788E+02 2.27229E+02 2.25779E+02 2.24333E+02 2.23016E+02 2.21758E+02 2.20527E+02 2.19355E+02
 2.18209E+02 2.17064E+02 2.15903E+02 2.14696E+02 2.13431E+02 2.12125E+02 2.10770E+02 2.09351E+02
 2.07874E+02 2.06336E+02 2.04739E+02 2.03101E+02 2.01433E+02 1.99751E+02 1.98072E+02 1.96422E+02
 1.94834E+02 1.93332E+02 1.91915E+02 1.90572E+02 1.89330E+02 1.88215E+02 1.87224E+02 1.86346E+02
 1.85623E+02 1.85076E+02 1.84640E+02 1.84314E+02 1.84149E+02 1.84026E+02 1.83786E+02 1.83466E+02
 1.83164E+02 1.82884E+02 1.82571E+02 1.82212E+02 1.81835E+02 1.81415E+02 1.80892E+02 1.80299E+02
 1.79715E+02 1.79192E+02 1.78780E+02 1.78542E+02 1.78535E+02 1.78790E+02 1.79221E+02 1.79746E+02
 1.80238E+02 1.80506E+02 1.80291E+02 1.79228E+02 1.76910E+02 1.72743E+02 1.67175E+02 1.61785E+02
 1.56569E+02 1.51522E+02 1.46637E+02 1.41910E+02 1.37335E+02 1.32908E+02 1.28623E+02 1.24476E+02
 1.20463E+02 1.16580E+02 1.12822E+02 1.09184E+02 1.00000E+05 1.00000E+05 1.00000E+05 1.00000E+05
 1.00000E+05 1.00000E+05 1.00000E+05 1.00000E+05 1.00000E+05 1.00000E+05 1.00000E+05 1.00000E+05
 1.00000E+05 1.00000E+05 1.00000E+05 1.00000E+05 1.00000E+05 1.00000E+05 1.00000E+05 1.00000E+05
 1.00000E+05 1.00000E+05 1.00000E+05 1.00000E+05 1.00000E+05 1.00000E+05 1.00000E+05 1.00000E+05
 1.00000E+05 1.00000E+05 1.00000E+05 1.00000E+05 1.00000E+05 1.00000E+05 1.00000E+05 1.00000E+05
 1.00000E+05 1.00000E+05 1.00000E+05 1.00000E+05 1.00000E+05 1.00000E+05 1.00000E+05 1.00000E+05
 1.00000E+05 1.00000E+05 1.00000E+05 1.00000E+05 9.74789E+04 9.55762E+04 9.36735E+04 9.17708E+04
 8.98681E+04 8.79654E+04 7.65033E+04 6.92150E+04 6.19267E+04 5.46384E+04 4.73501E+04 4.31608E+04
 3.84022E+04 3.36436E+04 2.88851E+04 2.41265E+04 1.93680E+04 1.92843E+04 1.73168E+04 1.53492E+04
 1.33816E+04 1.14141E+04 1.06773E+04 9.80378E+03 8.93027E+03 8.05676E+03 7.18324E+03 6.30973E+03
 6.34461E+03 6.04785E+03 5.75109E+03 5.45434E+03 5.15758E+03 5.00340E+03 4.84574E+03 4.68809E+03
 4.53043E+03 4.37277E+03 4.21511E+03 4.19964E+03 4.13838E+03 4.07712E+03 4.01586E+03 3.95459E+03
 3.89333E+03 3.93266E+03 3.92365E+03 3.91464E+03 3.90563E+03 3.89662E+03 3.92453E+03 3.94236E+03
 2.32275E+19 2.17416E+19 2.03419E+19 1.90256E+19 1.77866E+19 1.66223E+19 1.55274E+19 1.44996E+19
 1.35338E+19 1.26282E+19 1.17782E+19 1.09820E+19 1.02356E+19 9.52982E+18 8.86631E+18 8.24797E+18
 7.67229E+18 7.13696E+18 6.63974E+18 6.17846E+18 5.75082E+18 5.35432E+18 4.98608E+18 4.63127E+18
 4.26331E+18 3.89368E+18 3.55233E+18 3.23901E+18 2.94999E+18 2.68466E+18 2.44165E+18 2.21893E+18
 2.01531E+18 1.82948E+18 1.66009E+18 1.50593E+18 1.36573E+18 1.23810E+18 1.12200E+18 1.01645E+18
 9.20479E+17 8.33233E+17 7.53915E+17 6.81762E+17 6.16109E+17 5.56362E+17 5.01980E+17 4.52464E+17
 4.07363E+17 3.66298E+17 3.28969E+17 2.95109E+17 2.64404E+17 2.36578E+17 2.11414E+17 1.88711E+17
 1.68227E+17 1.49770E+17 1.33219E+17 1.18401E+17 1.05126E+17 9.33110E+16 8.28693E+16 7.36167E+16
 6.53790E+16 5.80467E+16 5.15373E+16 4.57609E+16 4.06268E+16 3.60690E+16 3.20316E+16 2.84474E+16
 2.52538E+16 2.24035E+16 1.98569E+16 1.75792E+16 1.55417E+16 1.37218E+16 1.21063E+16 1.06792E+16
 9.42569E+15 8.33203E+15 7.38534E+15 6.57448E+15 5.88774E+15 5.31800E+15 4.82924E+15 4.36670E+15
 3.93105E+15 3.52276E+15 3.14203E+15 2.78883E+15 2.46291E+15 2.16381E+15 1.89084E+15 1.64317E+15
 1.41979E+15 1.21952E+15 1.04112E+15 8.83219E+14 3.41876E-11 3.79894E-11 4.59548E-11 5.81661E-11
 7.36565E-11 9.19138E-11 1.12535E-10 1.35126E-10 1.59282E-10 1.84576E-10 2.10579E-10 2.36864E-10
 2.63019E-10 2.88767E-10 3.13900E-10 3.38216E-10 3.61501E-10 3.83558E-10 4.04233E-10 4.23425E-10
 4.41079E-10 4.57174E-10 4.71712E-10 4.84722E-10 4.96298E-10 5.06572E-10 5.15635E-10 5.23535E-10
 5.30317E-10 5.36029E-10 5.40722E-10 5.44451E-10 5.47279E-10 5.49272E-10 5.50501E-10 5.51037E-10
 5.50950E-10 5.50304E-10 5.49153E-10 5.47543E-10 5.45506E-10 5.43063E-10 5.40219E-10 5.36971E-10
 5.33304E-10 5.29193E-10 5.24607E-10 5.19505E-10 5.13769E-10 5.07266E-10 4.99423E-10 4.90589E-10
 4.80653E-10 4.69497E-10 4.55457E-10 4.38579E-10 4.18374E-10 3.93982E-10 3.64405E-10 3.30891E-10
 2.92810E-10 2.50169E-10 2.03458E-10 1.53926E-10 1.04014E-10 6.67167E-11 3.81861E-11 1.87665E-11
 7.48018E-12 2.21363E-12 5.08900E-13 8.33593E-14 8.83218E-15 5.30122E-16 1.49517E-17 1.51040E-19
 8.59246E-22 1.86323E-24 1.26660E-27 2.12366E-31 6.53203E-36 3.57958E-41 2.51007E-47 1.59675E-54
 6.42035E-63 9.29497E-73 2.45817E-84 1.25318E-97 1.00000-100 1.00000-100 1.00000-100 1.00000-100
 1.00000-100 1.00000-100 1.00000-100 1.00000-100 1.00000-100 1.00000-100 1.00000-100 1.00000-100
 6.54005E+01 5.85830E+01 5.84842E+01 6.26919E+01 7.08612E+01 7.88013E+01 8.65228E+01 9.35535E+01
 9.99913E+01 1.04866E+02 1.08590E+02 1.11342E+02 1.13040E+02 1.12643E+02 1.11167E+02 1.08998E+02
 1.06407E+02 1.03121E+02 9.93172E+01 9.52515E+01 9.11360E+01 8.68170E+01 8.23786E+01 7.70711E+01
 7.21746E+01 6.69584E+01 6.21712E+01 5.75606E+01 5.31658E+01 4.89263E+01 4.48998E+01 4.11131E+01
 3.75642E+01 3.42450E+01 3.11598E+01 2.83098E+01 2.56888E+01 2.32804E+01 2.10663E+01 1.90420E+01
 1.71993E+01 1.55114E+01 1.39708E+01 1.25747E+01 1.12981E+01 1.01333E+01 9.07899E+00 8.11414E+00
 7.23085E+00 6.43152E+00 5.69515E+00 5.02298E+00 4.41465E+00 3.86401E+00 3.35395E+00 2.88494E+00
 2.51010E+00 2.11965E+00 1.74800E+00 1.41118E+00 1.10718E+00 8.38301E-01 6.05343E-01 4.06986E-01
 2.44268E-01 1.39079E-01 7.06676E-02 3.08407E-02 1.09136E-02 2.86737E-03 5.85563E-04 8.52107E-05
 8.01864E-06 4.27233E-07 1.06841E-08 9.55597E-11 4.80509E-13 9.19206E-16 5.50711E-19 8.13420E-23
 2.20522E-27 1.06305E-32 6.55061E-39 3.70345E-46 1.35372E-54 1.80027E-64 4.43630E-76 2.07720E-89
 1.49482E-92 1.33669E-92 1.08382E-92 8.85513E-93 7.52044E-93 6.49522E-93 5.62469E-93 4.85364E-93
 4.16654E-93 3.56175E-93 3.02663E-93 2.52976E-93 1.00000E-12 1.00000E-12 1.00000E-12 1.00000E-12
 1.00000E-12 1.00000E-12 1.00000E-12 1.00000E-12 1.00000E-12 1.00000E-12 1.00000E-12 1.00000E-12
 1.00000E-12 1.00000E-12 1.00000E-12 1.00000E-12 1.00000E-12 1.00000E-12 1.00000E-12 1.00000E-12
 1.00000E-12 1.00000E-12 1.00000E-12 1.00000E-12 1.00000E-12 1.00000E-12 1.00000E-12 1.00000E-12
 1.00000E-12 1.00000E-12 1.00000E-12 1.00000E-12 1.00000E-12 1.00000E-12 1.00000E-12 1.00000E-12
 1.00000E-12 1.00000E-12 1.00000E-12 1.00000E-12 1.00000E-12 1.00000E-12 1.00000E-12 1.00000E-12
 1.00000E-12 1.00000E-12 1.00000E-12 1.00000E-12 1.00000E-12 1.00000E-12 1.00000E-12 1.00000E-12
 1.00000E-12 1.00000E-12 1.00000E-12 1.00000E-12 1.00000E-12 1.00000E-12 1.00000E-12 1.00000E-12
 1.00000E-12 1.00000E-12 1.00000E-12 1.00000E-12 1.00000E-12 1.00000E-12 1.00000E-12 1.00000E-12
 1.00000E-12 1.00000E-12 1.00000E-12 1.00000E-12 1.00000E-12 1.00000E-12 1.00000E-12 1.00000E-12
 1.00000E-12 1.00000E-12 1.00000E-12 1.00000E-12 1.00000E-12 1.00000E-12 1.00000E-12 1.00000E-12
 1.00000E-12 1.00000E-12 1.00000E-12 1.00000E-12 1.00000E-12 1.00000E-12 1.00000E-12 1.00000E-12
 1.00000E-12 1.00000E-12 1.00000E-12 1.00000E-12 1.00000E-12 1.00000E-12 1.00000E-12 1.00000E-12
 1.00000E-12 1.00000E-12 1.00000E-12 1.00000E-12 1.00000E-12 1.00000E-12 1.00000E-12 1.00000E-12
 1.00000E-12 1.00000E-12 1.00000E-12 1.00000E-12 1.00000E-12 1.00000E-12 1.00000E-12 1.00000E-12
 1.00000E-12 1.00000E-12 1.00000E-12 1.00000E-12 1.00000E-12 1.00000E-12 1.00000E-12 1.00000E-12
 1.00000E-12 1.00000E-12 1.00000E-12 1.00000E-12 1.00000E-12 1.00000E-12 1.00000E-12 1.00000E-12
 1.00000E-12 1.00000E-12 1.00000E-12 1.00000E-12 1.00000E-12 1.00000E-12 1.00000E-12 1.00000E-12
 1.00000E-12 1.00000E-12 1.00000E-12 1.00000E-12 1.00000E-12 1.00000E-12 1.00000E-12 1.00000E-12
 1.00000E-12 1.00000E-12 1.00000E-12 1.00000E-12 1.00000E-12 1.00000E-12 1.00000E-12 1.00000E-12
 1.00000E-12 1.00000E-12 1.00000E-12 1.00000E-12 1.00000E-12 1.00000E-12 1.00000E-12 1.00000E-12
 1.00000E-12 1.00000E-12 1.00000E-12 1.00000E-12 1.00000E-12 1.00000E-12 1.00000E-12 1.00000E-12
 1.00000E-12 1.00000E-12 1.00000E-12 1.00000E-12 1.00000E-12 1.00000E-12 1.00000E-12 1.00000E-12
 1.00000E-12 1.00000E-12 1.00000E-12 1.00000E-12 1.00000E-12 1.00000E-12 1.00000E-12 1.00000E-12
 1.00000E-12 1.00000E-12 1.00000E-12 1.00000E-12 1.00000E-12 1.00000E-12 1.00000E-12 1.00000E-12
 1.00000E-12 1.00000E-12 1.00000E-12 1.00000E-12 2.75307E-04 2.94895E-04 3.15898E-04 3.37815E-04
 3.57817E-04 3.79976E-04 4.03719E-04 4.29372E-04 4.56708E-04 4.86985E-04 5.19849E-04 5.55314E-04
 5.93787E-04 6.37336E-04 6.85232E-04 7.37621E-04 7.94657E-04 8.57801E-04 9.27756E-04 1.00503E-03
 1.09020E-03 1.18535E-03 1.29206E-03 1.41584E-03 1.54801E-03 1.69432E-03 1.85406E-03 2.03133E-03
 2.22746E-03 2.44593E-03 2.68890E-03 2.95866E-03 3.25853E-03 3.59240E-03 3.96421E-03 4.37837E-03
 4.83988E-03 5.35471E-03 5.93014E-03 6.57337E-03 7.29228E-03 8.09869E-03 9.00371E-03 1.00180E-02
 1.11594E-02 1.24448E-02 1.38896E-02 1.55211E-02 1.73647E-02 1.94401E-02 2.17869E-02 2.44437E-02
 2.74443E-02 3.08339E-02 3.46676E-02 3.90079E-02 4.35926E-02 4.89874E-02 5.51532E-02 6.21488E-02
 7.00786E-02 7.90308E-02 8.91031E-02 1.00462E-01 1.13301E-01 1.27816E-01 1.44216E-01 1.62747E-01
 1.83711E-01 2.07433E-01 2.34285E-01 2.64716E-01 2.99198E-01 3.38270E-01 3.82565E-01 4.32738E-01
 4.89505E-01 5.53671E-01 6.26074E-01 7.07723E-01 7.99760E-01 9.04674E-01 1.02487E+00 1.15946E+00
 1.30718E+00 1.47864E+00 1.67714E+00 1.91850E+00 2.21600E+00 2.57690E+00 3.10629E+00 3.75741E+00
 4.50674E+00 5.39742E+00 6.48747E+00 7.84470E+00 9.55063E+00 1.17047E+01 1.44523E+01 1.80544E+01
 1.00000E+00 1.00000E+00 1.00000E+00 1.00000E+00 1.00000E+00 1.00000E+00 1.00000E+00 1.00000E+00
 1.00000E+00 1.00000E+00 1.00000E+00 1.00000E+00 1.00000E+00 1.00000E+00 1.00000E+00 1.00000E+00
 1.00000E+00 1.00000E+00 1.00000E+00 1.00000E+00 1.00000E+00 1.00000E+00 1.00000E+00 1.00000E+00
 1.00000E+00 1.00000E+00 1.00000E+00 1.00000E+00 1.00000E+00 1.00000E+00 1.00000E+00 1.00000E+00
 1.00000E+00 1.00000E+00 1.00000E+00 1.00000E+00 1.00000E+00 1.00000E+00 1.00000E+00 1.00000E+00
 1.00000E+00 1.00000E+00 1.00000E+00 1.00000E+00 1.00000E+00 1.00000E+00 1.00000E+00 1.00000E+00
 1.00000E+00 1.00000E+00 1.00000E+00 1.00000E+00 1.00000E+00 1.00000E+00 1.00000E+00 1.00000E+00
 1.00000E+00 1.00000E+00 1.00000E+00 1.00000E+00 1.00000E+00 1.00000E+00 1.00000E+00 1.00000E+00
 1.00000E+00 1.00000E+00 1.00000E+00 1.00000E+00 1.00000E+00 1.00000E+00 1.00000E+00 1.00000E+00
 1.00000E+00 1.00000E+00 1.00000E+00 1.00000E+00 1.00000E+00 1.00000E+00 1.00000E+00 1.00000E+00
 1.00000E+00 1.00000E+00 1.00000E+00 1.00000E+00 1.00000E+00 1.00000E+00 1.00000E+00 1.00000E+00
 1.00000E+00 1.00000E+00 1.00000E+00 1.00000E+00 1.00000E+00 1.00000E+00 1.00000E+00 1.00000E+00
 1.00000E+00 1.00000E+00 1.00000E+00 1.00000E+00 1.00000E+00 1.00000E+00 1.00000E+00 1.00000E+00
 1.00000E+00 1.00000E+00 1.00000E+00 1.00000E+00 1.00000E+00 1.00000E+00 1.00000E+00 1.00000E+00
 1.00000E+00 1.00000E+00 1.00000E+00 1.00000E+00 1.00000E+00 1.00000E+00 1.00000E+00 1.00000E+00
 1.00000E+00 1.00000E+00 1.00000E+00 1.00000E+00 1.00000E+00 1.00000E+00 1.00000E+00 1.00000E+00
 1.00000E+00 1.00000E+00 1.00000E+00 1.00000E+00 1.00000E+00 1.00000E+00 1.00000E+00 1.00000E+00
 1.00000E+00 1.00000E+00 1.00000E+00 1.00000E+00 1.00000E+00 1.00000E+00 1.00000E+00 1.00000E+00
 1.00000E+00 1.00000E+00 1.00000E+00 1.00000E+00 1.00000E+00 1.00000E+00 1.00000E+00 1.00000E+00
 1.00000E+00 1.00000E+00 1.00000E+00 1.00000E+00 1.00000E+00 1.00000E+00 1.00000E+00 1.00000E+00
 1.00000E+00 1.00000E+00 1.00000E+00 1.00000E+00 1.00000E+00 1.00000E+00 1.00000E+00 1.00000E+00
 1.00000E+00 1.00000E+00 1.00000E+00 1.00000E+00 1.00000E+00 1.00000E+00 1.00000E+00 1.00000E+00
 1.00000E+00 1.00000E+00 1.00000E+00 1.00000E+00 1.00000E+00 1.00000E+00 1.00000E+00 1.00000E+00
 1.00000E+00 1.00000E+00 1.00000E+00 1.00000E+00 1.00000E+00 1.00000E+00 1.00000E+00 1.00000E+00
 1.00000E+00 1.00000E+00 1.00000E+00 1.00000E+00 1.00000E+00 1.00000E+00 1.00000E+00 1.00000E+00
 1.00000E-05 1.00000E-05 1.00000E-05 1.00000E-05 1.00000E-05 1.00000E-05 1.00000E-05 1.00000E-05
 1.00000E-05 1.00000E-05 1.00000E-05 1.00000E-05 1.00000E-05 1.00000E-05 1.00000E-05 1.00000E-05
 1.00000E-05 1.00000E-05 1.00000E-05 1.00000E-05 1.00000E-05 1.00000E-05 1.00000E-05 1.00000E-05
 1.00000E-05 1.00000E-05 1.00000E-05 1.00000E-05 1.00000E-05 1.00000E-05 1.00000E-05 1.00000E-05
 1.00000E-05 1.00000E-05 1.00000E-05 1.00000E-05 1.00000E-05 1.00000E-05 1.00000E-05 1.00000E-05
 1.00000E-05 1.00000E-05 1.00000E-05 1.00000E-05 1.00000E-05 1.00000E-05 1.00000E-05 1.00000E-05
 1.00000E-05 1.00000E-05 1.00000E-05 1.00000E-05 1.00000E-05 1.00000E-05 1.00000E-05 1.00000E-05
 1.00000E-05 1.00000E-05 1.00000E-05 1.00000E-05 1.00000E-05 1.00000E-05 1.00000E-05 1.00000E-05
 1.00000E-05 1.00000E-05 1.00000E-05 1.00000E-05 1.00000E-05 1.00000E-05 1.00000E-05 1.00000E-05
 1.00000E-05 1.00000E-05 1.00000E-05 1.00000E-05 1.00000E-05 1.00000E-05 1.00000E-05 1.00000E-05
 1.00000E-05 1.00000E-05 1.00000E-05 1.00000E-05 1.00000E-05 1.00000E-05 1.00000E-05 1.00000E-05
 1.00000E-05 1.00000E-05 1.00000E-05 1.00000E-05 1.00000E-05 1.00000E-05 1.00000E-05 1.00000E-05
 1.00000E-05 1.00000E-05 1.00000E-05 1.00000E-05 1.00000E-09 1.00000E-09 1.00000E-09 1.00000E-09
 1.00000E-09 1.00000E-09 1.00000E-09 1.00000E-09 1.00000E-09 1.00000E-09 1.00000E-09 1.00000E-09
 1.00000E-09 1.00000E-09 1.00000E-09 1.00000E-09 1.00000E-09 1.00000E-09 1.00000E-09 1.00000E-09
 1.00000E-09 1.00000E-09 1.00000E-09 1.00000E-09 1.00000E-09 1.00000E-09 1.00000E-09 1.00000E-09
 1.00000E-09 1.00000E-09 1.00000E-09 1.00000E-09 1.00000E-09 1.00000E-09 1.00000E-09 1.00000E-09
 1.00000E-09 1.00000E-09 1.00000E-09 1.00000E-09 1.00000E-09 1.00000E-09 1.00000E-09 1.00000E-09
 1.00000E-09 1.00000E-09 1.00000E-09 1.00000E-09 1.00000E-09 1.00000E-09 1.00000E-09 1.00000E-09
 1.00000E-09 1.00000E-09 1.00000E-09 1.00000E-09 1.00000E-09 1.00000E-09 1.00000E-09 1.00000E-09
 1.00000E-09 1.00000E-09 1.00000E-09 1.00000E-09 1.00000E-09 1.00000E-09 1.00000E-09 1.00000E-09
 1.00000E-09 1.00000E-09 1.00000E-09 1.00000E-09 1.00000E-09 1.00000E-09 1.00000E-09 1.00000E-09
 1.00000E-09 1.00000E-09 1.00000E-09 1.00000E-09 1.00000E-09 1.00000E-09 1.00000E-09 1.00000E-09
 1.00000E-09 1.00000E-09 1.00000E-09 1.00000E-09 1.00000E-09 1.00000E-09 1.00000E-09 1.00000E-09
 1.00000E-09 1.00000E-09 1.00000E-09 1.00000E-09 1.00000E-09 1.00000E-09 1.00000E-09 1.00000E-09
 1.00000E-09 1.00000E-09 1.00000E-09 1.00000E-09 1.00000E-09 1.00000E-09 1.00000E-09 1.00000E-09
 1.00000E-09 1.00000E-09 1.00000E-09 1.00000E-09 1.00000E-09 1.00000E-09 1.00000E-09 1.00000E-09
 1.00000E-09 1.00000E-09 1.00000E-09 1.00000E-09 1.00000E-09 1.00000E-09 1.00000E-09 1.00000E-09
 1.00000E-09 1.00000E-09 1.00000E-09 1.00000E-09 1.00000E-09 1.00000E-09 1.00000E-09 1.00000E-09
 1.00000E-09 1.00000E-09 1.00000E-09 1.00000E-09 1.00000E-09 1.00000E-09 1.00000E-09 1.00000E-09
 1.00000E-09 1.00000E-09 1.00000E-09 1.00000E-09 1.00000E-09 1.00000E-09 1.00000E-09 1.00000E-09
 1.00000E-09 1.00000E-09 1.00000E-09 1.00000E-09 1.00000E-09 1.00000E-09 1.00000E-09 1.00000E-09
 1.00000E-09 1.00000E-09 1.00000E-09 1.00000E-09 1.00000E-09 1.00000E-09 1.00000E-09 1.00000E-09
 1.00000E-09 1.00000E-09 1.00000E-09 1.00000E-09 1.00000E-09 1.00000E-09 1.00000E-09 1.00000E-09
 1.00000E-09 1.00000E-09 1.00000E-09 1.00000E-09 1.00000E-09 1.00000E-09 1.00000E-09 1.00000E-09
 1.00000E-09 1.00000E-09 1.00000E-09 1.00000E-09 1.00000E-09 1.00000E-09 1.00000E-09 1.00000E-09
 1.00000E-09 1.00000E-09 1.00000E-09 1.00000E-09 1.00000E-09 1.00000E-09 1.00000E-09 1.00000E-09
 1.00000E-09 1.00000E-09 1.00000E-09 1.00000E-09
