 5.54448E-09 4.07290E-15 1.31303E-02 1.51587E-15 4.17993E-11 2.57509E-08 1.45639E-08 4.38475E-18
 5.46566E-04 1.28785E-03 1.19960E-05 3.90228E-08 3.41782E-11 5.75094E-09 3.78968E-12 2.38312E-11
 4.24588E-16 1.39941E-11 1.32948E-12 9.01294E-15 9.07804E-17 5.07838E-33 4.46764E-10 6.33248E-18
 2.35556E-22 1.14099E-19 8.65084E-13 6.80563E-18 9.03309E-12 5.73093E-18 1.25146E-17 5.54496E-11
 1.48758E-13 3.95420E-13 6.27127E-09 5.15569E-15 1.10315E-02 2.01468E-15 4.75695E-11 2.95991E-08
 1.61626E-08 5.83494E-18 5.46566E-04 1.28733E-03 1.19935E-05 4.44651E-08 3.73170E-11 5.67778E-09
 4.21423E-12 2.64892E-11 5.82440E-16 1.76564E-11 2.28739E-12 9.34999E-15 1.27494E-16 1.09037E-32
 4.45266E-10 8.65086E-18 3.21149E-22 1.49336E-19 1.18450E-12 8.93605E-18 8.87467E-12 7.92352E-18
 3.20893E-17 8.65655E-11 2.68455E-13 5.51298E-13 7.14170E-09 6.65017E-15 9.05896E-03 2.69506E-15
 5.40871E-11 3.45006E-08 1.83386E-08 7.78994E-18 5.46567E-04 1.28680E-03 1.19878E-05 5.11516E-08
 4.09181E-11 5.60061E-09 4.58044E-12 2.90820E-11 7.86171E-16 2.10755E-11 3.96975E-12 9.78546E-15
 1.82209E-16 2.56542E-32 4.43705E-10 1.21676E-17 4.42755E-22 2.02880E-19 1.60110E-12 1.15817E-17
 8.50625E-12 9.76877E-18 6.67312E-17 1.17654E-10 4.37118E-13 6.41565E-13 8.17930E-09 8.60788E-15
 7.37833E-03 3.62512E-15 6.15203E-11 4.06702E-08 2.09364E-08 1.04297E-17 5.46569E-04 1.28624E-03
 1.19781E-05 5.93602E-08 4.50774E-11 5.51934E-09 4.86051E-12 3.13698E-11 1.04202E-15 2.43138E-11
 6.91391E-12 1.01200E-14 2.54866E-16 6.41311E-32 4.42082E-10 1.75012E-17 6.17933E-22 2.81816E-19
 2.15038E-12 1.48585E-17 7.98120E-12 1.12903E-17 1.25095E-16 1.49312E-10 6.74599E-13 6.78457E-13
 9.22529E-09 1.10730E-14 5.94968E-03 4.80345E-15 6.92322E-11 4.71447E-08 2.38234E-08 1.37145E-17
 5.46570E-04 1.28567E-03 1.19635E-05 6.77197E-08 4.92612E-11 5.43390E-09 5.02595E-12 3.27964E-11
 1.32607E-15 2.66188E-11 1.18588E-11 1.01220E-14 3.37535E-16 1.63944E-31 4.40400E-10 2.51105E-17
 8.55479E-22 3.91753E-19 2.80867E-12 1.85581E-17 7.35082E-12 1.25644E-17 2.20169E-16 1.81052E-10
 9.83317E-13 6.75972E-13 1.01752E-08 1.41065E-14 4.65228E-03 6.21953E-15 7.68626E-11 5.33715E-08
 2.69000E-08 1.75914E-17 5.46572E-04 1.28508E-03 1.19429E-05 7.54444E-08 5.31556E-11 5.34425E-09
 5.01176E-12 3.27472E-11 1.59049E-15 2.75395E-11 1.95940E-11 9.63387E-15 4.17889E-16 4.20740E-31
 4.38664E-10 3.55472E-17 1.16561E-21 5.40830E-19 3.56630E-12 2.21919E-17 6.66215E-12 1.36728E-17
 3.71325E-16 2.12317E-10 1.36361E-12 6.49160E-13 1.09680E-08 1.77900E-14 3.57770E-03 7.87062E-15
 8.42761E-11 5.89933E-08 3.01117E-08 2.20672E-17 5.46573E-04 1.28447E-03 1.19155E-05 8.20579E-08
 5.67642E-11 5.25036E-09 4.77586E-12 3.09580E-11 1.77930E-15 2.68827E-11 3.03769E-11 8.67523E-15
 4.69856E-16 1.06753E-30 4.36878E-10 4.96026E-17 1.56269E-21 7.41201E-19 4.41929E-12 2.51032E-17
 5.95551E-12 1.46746E-17 6.05407E-16 2.42516E-10 1.81256E-12 6.09875E-13 1.15664E-08 2.22475E-14
 2.69975E-03 9.77426E-15 9.12780E-11 6.37869E-08 3.35053E-08 2.70899E-17 5.46574E-04 1.28385E-03
 1.18804E-05 8.72626E-08 5.99337E-11 5.15222E-09 4.26073E-12 2.71552E-11 1.82957E-15 2.47084E-11
 4.42714E-11 7.23657E-15 4.62436E-16 2.76328E-30 4.35043E-10 6.87248E-17 2.07233E-21 1.01516E-18
 5.36652E-12 2.65850E-17 5.26270E-12 1.55872E-17 9.65004E-16 2.71011E-10 2.32607E-12 5.65194E-13
 1.19591E-08 2.77243E-14 1.98233E-03 1.19658E-14 9.77145E-11 6.76333E-08 3.72894E-08 3.26044E-17
 5.46575E-04 1.28320E-03 1.18369E-05 9.08945E-08 6.25196E-11 5.04998E-09 3.47703E-12 2.16208E-11
 1.69994E-15 2.13471E-11 6.04539E-11 5.48053E-15 3.85587E-16 7.52915E-30 4.33166E-10 9.53590E-17
 2.73408E-21 1.40015E-18 6.40844E-12 2.61179E-17 4.60722E-12 1.63559E-17 1.51511E-15 2.97097E-10
 2.89958E-12 5.18364E-13 1.21624E-08 3.47115E-14 1.41012E-03 1.45104E-14 1.03524E-10 7.05022E-08
 4.18436E-08 3.86305E-17 5.46574E-04 1.28255E-03 1.17847E-05 9.29085E-08 6.44780E-11 4.94385E-09
 2.56480E-12 1.54727E-11 1.41774E-15 1.73429E-11 7.69095E-11 3.74670E-15 2.69315E-16 2.33921E-29
 4.31250E-10 1.33329E-16 3.60856E-21 1.95444E-18 7.54673E-12 2.37184E-17 4.00461E-12 1.68641E-17
 2.34975E-15 3.20000E-10 3.52838E-12 4.70264E-13 1.22062E-08 4.39443E-14 9.67290E-04 1.75093E-14
 1.08686E-10 7.24374E-08 4.76370E-08 4.52420E-17 5.46571E-04 1.28188E-03 1.17237E-05 9.33554E-08
 6.57784E-11 4.83418E-09 1.71303E-12 9.98743E-12 1.06824E-15 1.32908E-11 9.13227E-11 2.32607E-15
 1.59774E-16 6.91296E-29 4.29299E-10 1.88508E-16 4.78933E-21 2.76731E-18 8.78400E-12 2.00286E-17
 3.46307E-12 1.70041E-17 3.60432E-15 3.38886E-10 4.20684E-12 4.21094E-13 1.21203E-08 5.63327E-14
 6.37033E-04 2.10940E-14 1.13215E-10 7.35409E-08 5.50953E-08 5.25502E-17 5.46566E-04 1.28119E-03
 1.16544E-05 9.23658E-08 6.64000E-11 4.72146E-09 1.06476E-12 5.98150E-12 7.49846E-16 9.67129E-12
 1.02321E-10 1.34889E-15 8.54587E-17 2.36486E-28 4.27318E-10 2.69708E-16 6.41696E-21 3.97180E-18
 1.01232E-11 1.61074E-17 2.98385E-12 1.67539E-17 5.46950E-15 3.52862E-10 4.92508E-12 3.71468E-13
 1.19299E-08 7.28453E-14 4.01303E-04 2.54194E-14 1.17182E-10 7.39584E-08 6.44869E-08 6.06936E-17
 5.46559E-04 1.28048E-03 1.15775E-05 9.01436E-08 6.63323E-11 4.60628E-09 6.58357E-13 3.55211E-12
 5.24842E-16 6.75706E-12 1.09837E-10 7.78640E-16 4.68766E-17 8.58672E-28 4.25310E-10 3.90007E-16
 8.70004E-21 5.76280E-18 1.15668E-11 1.30176E-17 2.56065E-12 1.61808E-17 8.20483E-15 3.60982E-10
 5.66427E-12 3.22392E-13 1.16611E-08 9.44075E-14 2.41236E-04 3.06685E-14 1.20735E-10 7.38619E-08
 7.58696E-08 6.98661E-17 5.46548E-04 1.27976E-03 1.14943E-05 8.69703E-08 6.55830E-11 4.48942E-09
 4.50930E-13 2.32887E-12 4.07938E-16 4.61456E-12 1.14456E-10 4.95202E-16 3.21875E-17 3.50656E-27
 4.23279E-10 5.68462E-16 1.19507E-20 8.41770E-18 1.31158E-11 1.15212E-17 2.17658E-12 1.53437E-17
 1.21427E-14 3.62264E-10 6.39144E-12 2.74077E-13 1.13533E-08 1.21834E-13 1.38253E-04 3.70683E-14
 1.24125E-10 7.34291E-08 8.90823E-08 8.03767E-17 5.46534E-04 1.27902E-03 1.14068E-05 8.32276E-08
 6.41889E-11 4.37182E-09 3.76269E-13 1.85455E-12 3.87257E-16 3.16779E-12 1.16944E-10 3.79130E-16
 3.26473E-17 1.48849E-26 4.21231E-10 8.31323E-16 1.66428E-20 1.23116E-17 1.47704E-11 1.20368E-17
 1.79482E-12 1.41054E-17 1.76602E-14 3.55685E-10 7.05459E-12 2.23866E-13 1.10727E-08 1.56629E-13
 7.55932E-05 4.47913E-14 1.27906E-10 7.28021E-08 1.03746E-07 9.30170E-17 5.46516E-04 1.27826E-03
 1.13173E-05 7.94524E-08 6.26323E-11 4.25453E-09 3.81612E-13 1.79347E-12 4.45215E-16 2.27300E-12
 1.17964E-10 3.51987E-16 4.63973E-17 6.21982E-26 4.19166E-10 1.20579E-15 2.33490E-20 1.78667E-17
 1.65320E-11 1.46942E-17 1.33026E-12 1.17228E-17 2.48418E-14 3.40175E-10 7.57838E-12 1.62949E-13
 1.09004E-08 2.04094E-13 4.63586E-05 5.37894E-14 1.33084E-10 7.20047E-08 1.19647E-07 1.09824E-16
 5.46491E-04 1.27745E-03 1.12261E-05 7.62104E-08 6.24036E-11 4.13586E-09 4.32766E-13 1.95038E-12
 5.60003E-16 1.76136E-12 1.17957E-10 3.78408E-16 7.01854E-17 2.12291E-25 4.17034E-10 1.70768E-15
 3.23529E-20 2.54857E-17 1.84439E-11 1.93373E-17 5.41314E-13 5.46214E-18 3.24083E-14 3.13950E-10
 7.88974E-12 7.39585E-14 1.08960E-08 2.72486E-13 3.60895E-05 6.40794E-14 1.40388E-10 7.10406E-08
 1.36659E-07 1.33302E-16 5.46459E-04 1.27656E-03 1.11326E-05 7.39105E-08 6.45491E-11 4.01300E-09
 5.06948E-13 2.21717E-12 7.06001E-16 1.49760E-12 1.17144E-10 4.44309E-16 9.89655E-17 5.36344E-25
 4.14755E-10 2.34377E-15 4.37397E-20 3.56069E-17 2.05778E-11 2.56134E-17 2.03388E-13 2.33819E-18
 3.99625E-14 2.89302E-10 8.00938E-12 2.82927E-14 1.10723E-08 3.71548E-13 3.04277E-05 7.62082E-14
 1.49511E-10 6.99254E-08 1.55996E-07 1.65072E-16 5.46413E-04 1.27545E-03 1.10277E-05 7.25483E-08
 6.86500E-11 3.87291E-09 6.06966E-13 2.59326E-12 8.94898E-16 1.38666E-12 1.16433E-10 5.55068E-16
 1.39463E-16 1.15977E-24 4.12034E-10 3.20346E-15 5.88208E-20 4.98259E-17 2.32185E-11 3.42869E-17
 6.61645E-14 8.60381E-19 4.70762E-14 2.64208E-10 7.95851E-12 9.04966E-15 1.14584E-08 5.17233E-13
 2.29182E-05 9.11439E-14 1.60070E-10 6.87015E-08 1.80169E-07 2.07141E-16 5.46336E-04 1.27386E-03
 1.08936E-05 7.21438E-08 7.43361E-11 3.69012E-09 7.27292E-13 3.06248E-12 1.13579E-15 1.38156E-12
 1.15915E-10 7.20561E-16 2.04035E-16 2.53832E-24 4.08255E-10 4.53750E-15 8.10087E-20 7.22437E-17
 2.69964E-11 4.75718E-17 1.63009E-14 2.35941E-19 5.30617E-14 2.35421E-10 7.71652E-12 2.13459E-15
 1.20851E-08 7.32078E-13 1.93617E-05 1.09874E-13 1.72283E-10 6.73335E-08 2.09766E-07 2.63529E-16
 5.46205E-04 1.27145E-03 1.07179E-05 7.27525E-08 8.20100E-11 3.44658E-09 8.67492E-13 3.63097E-12
 1.43930E-15 1.45376E-12 1.15209E-10 9.60440E-16 2.88853E-16 5.70986E-24 4.02781E-10 6.68307E-15
 1.15092E-19 1.08817E-16 3.24684E-11 6.81628E-17 2.80627E-15 4.49499E-20 5.66304E-14 2.02067E-10
 7.21449E-12 3.45801E-16 1.30122E-08 1.04779E-12 1.81549E-05 1.33983E-13 1.86504E-10 6.60193E-08
 2.45001E-07 3.40145E-16 5.45971E-04 1.26763E-03 1.04834E-05 7.45301E-08 9.22328E-11 3.11759E-09
 1.02861E-12 4.31454E-12 1.82699E-15 1.58371E-12 1.14306E-10 1.30273E-15 3.98903E-16 1.35258E-23
 3.94532E-10 1.03115E-14 1.70877E-19 1.71315E-16 4.07138E-11 1.01198E-16 3.08594E-16 5.73895E-21
 5.62512E-14 1.63655E-10 6.40248E-12 3.69796E-17 1.42223E-08 1.49487E-12 1.80453E-05 1.65372E-13
 2.02780E-10 6.48910E-08 2.83655E-07 4.43428E-16 5.45566E-04 1.26165E-03 1.01833E-05 7.71550E-08
 1.04973E-10 2.69662E-09 1.21584E-12 5.12771E-12 2.33634E-15 1.75690E-12 1.13164E-10 1.76788E-15
 5.38315E-16 3.37482E-23 3.82382E-10 1.64936E-14 2.65731E-19 2.78645E-16 5.28570E-11 1.53834E-16
 2.12785E-17 7.52397E-22 5.14713E-14 1.22707E-10 5.30354E-12 3.94813E-18 1.56124E-08 2.10245E-12
 1.82052E-05 2.05797E-13 2.20825E-10 6.38059E-08 3.22216E-07 5.79926E-16 5.44898E-04 1.25278E-03
 9.82789E-06 7.98793E-08 1.19782E-10 2.20759E-09 1.44088E-12 6.09292E-12 3.01930E-15 1.96425E-12
 1.11680E-10 2.37382E-15 7.09909E-16 8.55471E-23 3.65521E-10 2.66895E-14 4.26869E-19 4.57455E-16
 6.97075E-11 2.34171E-16 1.14358E-18 3.13960E-22 4.31580E-14 8.41478E-11 4.04377E-12 1.33260E-18
 1.71028E-08 2.91690E-12 1.83796E-05 2.57290E-13 2.40403E-10 6.24761E-08 3.58777E-07 7.58427E-16
 5.43827E-04 1.23992E-03 9.42850E-06 8.21715E-08 1.36540E-10 1.68270E-09 1.71636E-12 7.23950E-12
 3.93719E-15 2.20422E-12 1.09700E-10 3.15675E-15 9.18972E-16 2.14032E-22 3.42927E-10 4.30844E-14
 6.99249E-19 7.49284E-16 9.22849E-11 3.52671E-16 1.84925E-19 2.26026E-22 3.24810E-14 5.16617E-11
 2.77143E-12 7.82633E-19 1.86261E-08 3.99547E-12 1.85570E-05 3.22319E-13 2.61541E-10 6.08039E-08
 3.91331E-07 9.91363E-16 5.42220E-04 1.22248E-03 9.01769E-06 8.37147E-08 1.55032E-10 1.18541E-09
 2.05351E-12 8.58545E-12 5.16043E-15 2.47263E-12 1.07063E-10 4.15255E-15 1.16527E-15 5.04590E-22
 3.14874E-10 6.78793E-14 1.14379E-18 1.19925E-15 1.20313E-10 5.13453E-16 9.47840E-20 1.56660E-22
 2.18264E-14 2.82540E-11 1.69293E-12 4.38225E-19 2.01385E-08 5.41409E-12 1.87265E-05 4.04232E-13
 2.84382E-10 5.88444E-08 4.18669E-07 1.29634E-15 5.39973E-04 1.20038E-03 8.62768E-06 8.44085E-08
 1.75052E-10 7.71918E-10 2.46063E-12 1.01334E-11 6.77270E-15 2.76648E-12 1.03655E-10 5.39833E-15
 1.44426E-15 1.08869E-21 2.82728E-10 1.02892E-13 1.83974E-18 1.84873E-15 1.52423E-10 7.10775E-16
 5.03795E-20 9.91565E-23 1.31568E-14 1.38402E-11 9.25683E-13 2.21595E-19 2.16015E-08 7.26762E-12
 1.88568E-05 5.07244E-13 3.08989E-10 5.66623E-08 4.39771E-07 1.69655E-15 5.37036E-04 1.17412E-03
 8.27769E-06 8.42479E-08 1.96402E-10 4.68784E-10 2.94557E-12 1.18752E-11 8.87485E-15 3.08282E-12
 9.94386E-11 6.92890E-15 1.74711E-15 2.11789E-21 2.48585E-10 1.48891E-13 2.88510E-18 2.72355E-15
 1.86519E-10 9.27182E-16 2.47837E-20 5.79118E-23 7.21983E-15 6.16710E-12 4.60009E-13 1.02286E-19
 2.29801E-08 9.68089E-12 1.89797E-05 6.36515E-13 3.35211E-10 5.42284E-08 4.53853E-07 2.22116E-15
 5.33315E-04 1.14377E-03 7.96277E-06 8.32738E-08 2.19085E-10 2.65980E-10 3.51721E-12 1.37972E-11
 1.15836E-14 3.41819E-12 9.43811E-11 8.78152E-15 2.06295E-15 3.72590E-21 2.13755E-10 2.05948E-13
 4.41526E-18 3.84374E-15 2.21290E-10 1.14175E-15 1.12199E-20 3.11417E-23 3.60450E-15 2.50189E-12
 2.07898E-13 4.30034E-20 2.42187E-08 1.27980E-11 1.90532E-05 7.98072E-13 3.62524E-10 5.14897E-08
 4.60117E-07 2.90355E-15 5.28781E-04 1.10994E-03 7.67285E-06 8.14891E-08 2.42938E-10 1.42780E-10
 4.18658E-12 1.58745E-11 1.50407E-14 3.76764E-12 8.85128E-11 1.09804E-14 2.37754E-15 5.94862E-21
 1.79880E-10 2.72239E-13 6.59626E-18 5.20218E-15 2.55098E-10 1.32953E-15 4.70047E-21 1.55104E-23
 1.65093E-15 9.32097E-13 8.61480E-14 1.65674E-20 2.52504E-08 1.67839E-11 1.89568E-05 9.99093E-13
 3.89969E-10 4.83926E-08 4.58230E-07 3.77881E-15 5.23458E-04 1.07346E-03 7.39458E-06 7.88910E-08
 2.67633E-10 7.42865E-11 4.96563E-12 1.80658E-11 1.94233E-14 4.12644E-12 8.19063E-11 1.35356E-14
 2.67555E-15 8.69864E-21 1.48370E-10 3.44478E-13 9.64145E-18 6.77121E-15 2.86534E-10 1.47069E-15
 1.83401E-21 7.20752E-24 7.01502E-16 3.22298E-13 3.30805E-14 5.89444E-21 2.60600E-08 2.18446E-11
 1.87750E-05 1.24770E-12 4.16920E-10 4.49621E-08 4.47632E-07 4.89344E-15 5.17408E-04 1.03522E-03
 7.11835E-06 7.56466E-08 2.93370E-10 3.89966E-11 5.86285E-12 2.03173E-11 2.48816E-14 4.48230E-12
 7.46670E-11 1.64296E-14 2.93607E-15 1.16222E-20 1.20178E-10 4.16672E-13 1.37967E-17 8.47814E-15
 3.14652E-10 1.54564E-15 6.74275E-22 3.15836E-24 2.79261E-16 1.04577E-13 1.18879E-14 1.95567E-21
 2.66428E-08 2.82180E-11 1.85862E-05 1.55288E-12 4.42717E-10 4.12694E-08 4.28107E-07 6.30283E-15
 5.10729E-04 9.96106E-04 6.83955E-06 7.19295E-08 3.20370E-10 2.18922E-11 6.88075E-12 2.25511E-11
 3.15237E-14 4.81761E-12 6.69409E-11 1.95970E-14 3.13439E-15 1.41635E-20 9.58150E-11 4.81006E-13
 1.93457E-17 1.02087E-14 3.38948E-10 1.54283E-15 2.36902E-22 1.32216E-24 1.05380E-16 3.22462E-14
 4.04329E-15 6.12332E-22 2.69752E-08 3.61682E-11 1.83557E-05 1.92457E-12 4.66315E-10 3.73846E-08
 4.00459E-07 8.06275E-15 5.03498E-04 9.56715E-04 6.55470E-06 6.78337E-08 3.48528E-10 1.38727E-11
 8.01239E-12 2.46553E-11 3.94070E-14 5.11207E-12 5.88920E-11 2.29198E-14 3.24659E-15 1.58395E-20
 7.52592E-11 5.30538E-13 2.66548E-17 1.18465E-14 3.59453E-10 1.46658E-15 8.00053E-23 5.31827E-25
 3.79527E-17 9.51344E-15 1.30962E-15 1.81951E-22 2.70481E-08 4.59961E-11 1.80556E-05 2.37324E-12
 4.86708E-10 3.34057E-08 3.66601E-07 1.02334E-14 4.95840E-04 9.17739E-04 6.26457E-06 6.34673E-08
 3.77727E-10 1.01107E-11 9.23780E-12 2.65007E-11 4.84724E-14 5.34241E-12 5.07392E-11 2.62304E-14
 3.25378E-15 1.63585E-20 5.83462E-11 5.60041E-13 3.61538E-17 1.32811E-14 3.76335E-10 1.33148E-15
 2.61668E-23 2.07098E-25 1.31653E-17 2.71104E-15 4.07549E-16 5.17601E-23 2.68687E-08 5.80431E-11
 1.76752E-05 2.90956E-12 5.03064E-10 2.94481E-08 3.29594E-07 1.28809E-14 4.87925E-04 8.79927E-04
 5.97323E-06 5.89454E-08 4.07840E-10 8.22995E-12 1.05222E-11 2.79575E-11 5.85002E-14 5.48535E-12
 4.27442E-11 2.93226E-14 3.14701E-15 1.57629E-20 4.47818E-11 5.68063E-13 4.83345E-17 1.44489E-14
 3.89891E-10 1.15995E-15 8.35624E-24 7.87104E-26 4.44948E-18 7.55518E-16 1.23294E-16 1.42692E-23
 2.64613E-08 7.27083E-11 1.72183E-05 3.54489E-12 5.14851E-10 2.56300E-08 2.92941E-07 1.60818E-14
 4.79925E-04 8.43901E-04 5.68607E-06 5.43851E-08 4.38789E-10 7.14034E-12 1.18162E-11 2.89114E-11
 6.90986E-14 5.52211E-12 3.51754E-11 3.19752E-14 2.93058E-15 1.43992E-20 3.41437E-11 5.57613E-13
 6.37666E-17 1.53626E-14 4.00538E-10 9.76500E-16 2.62283E-24 2.93910E-26 1.48289E-18 2.08623E-16
 3.67338E-17 3.86375E-24 2.58623E-08 9.04791E-11 1.66947E-05 4.29271E-12 5.21890E-10 2.20519E-08
 2.59428E-07 1.99302E-14 4.71956E-04 8.09932E-04 5.40717E-06 4.98902E-08 4.70589E-10 6.37520E-12
 1.30574E-11 2.92739E-11 7.97361E-14 5.44217E-12 2.82588E-11 3.39783E-14 2.62185E-15 1.27106E-20
 2.59124E-11 5.34470E-13 8.31557E-17 1.60984E-14 4.08792E-10 8.00595E-16 8.10025E-25 1.07952E-26
 4.91062E-19 5.75557E-17 1.08797E-17 1.03684E-24 2.51153E-08 1.11959E-10 1.60987E-05 5.17058E-12
 5.24346E-10 1.87893E-08 2.30513E-07 2.45466E-14 4.64113E-04 7.78157E-04 5.13975E-06 4.55446E-08
 5.03279E-10 5.75111E-12 1.41808E-11 2.90051E-11 8.98543E-14 5.24862E-12 2.21660E-11 3.51786E-14
 2.25109E-15 1.10317E-20 1.96078E-11 5.04475E-13 1.07406E-16 1.67475E-14 4.15126E-10 6.43588E-16
 2.46479E-25 3.90592E-27 1.62752E-19 1.59776E-17 3.23720E-18 2.78005E-25 2.42613E-08 1.37892E-10
 1.54234E-05 6.20163E-12 5.22642E-10 1.58836E-08 2.06447E-07 3.00855E-14 4.56452E-04 7.48550E-04
 4.88530E-06 4.13995E-08 5.36824E-10 5.20010E-12 1.51274E-11 2.81203E-11 9.89534E-14 4.95627E-12
 1.69877E-11 3.54984E-14 1.85462E-15 9.53091E-21 1.48043E-11 4.71908E-13 1.37705E-16 1.73828E-14
 4.19962E-10 5.09613E-16 7.39396E-26 1.39320E-27 5.42267E-20 4.48033E-18 9.79371E-19 7.48750E-26
 2.33408E-08 1.69172E-10 1.46825E-05 7.41513E-12 5.17494E-10 1.33501E-08 1.86741E-07 3.67557E-14
 4.49038E-04 7.21120E-04 4.64500E-06 3.74887E-08 5.71124E-10 4.69945E-12 1.58584E-11 2.67004E-11
 1.06660E-13 4.58886E-12 1.27410E-11 3.49494E-14 1.46807E-15 8.24124E-21 1.11671E-11 4.39006E-13
 1.75525E-16 1.80353E-14 4.23631E-10 3.98279E-16 2.19945E-26 4.92657E-28 1.82807E-20 1.27669E-18
 3.08345E-19 2.04191E-26 2.23793E-08 2.06854E-10 1.38717E-05 8.84811E-12 5.09574E-10 1.11768E-08
 1.70712E-07 4.48113E-14 4.41921E-04 6.95827E-04 4.41873E-06 3.38124E-08 6.05690E-10 4.24175E-12
 1.63600E-11 2.48672E-11 1.12825E-13 4.17513E-12 9.37241E-12 3.36295E-14 1.11955E-15 7.15410E-21
 8.42585E-12 4.07102E-13 2.22806E-16 1.87211E-14 4.26404E-10 3.07762E-16 6.54233E-27 1.74168E-28
 6.28711E-21 3.72560E-19 1.05138E-19 5.69334E-27 2.13930E-08 2.52151E-10 1.29918E-05 1.05470E-11
 4.99558E-10 9.33686E-09 1.57650E-07 5.45683E-14 4.35128E-04 6.72568E-04 4.20546E-06 3.03588E-08
 6.39703E-10 3.82359E-12 1.66401E-11 2.27585E-11 1.17481E-13 3.74240E-12 6.77877E-12 3.16855E-14
 8.25182E-16 6.24183E-21 6.36405E-12 3.76893E-13 2.82088E-16 1.94442E-14 4.28495E-10 2.35462E-16
 1.97101E-27 6.23516E-29 2.23153E-21 1.12602E-19 4.07269E-20 1.64491E-27 2.03971E-08 3.06460E-10
 1.20740E-05 1.25681E-11 4.88183E-10 7.79575E-09 1.46886E-07 6.64418E-14 4.28669E-04 6.51201E-04
 4.00409E-06 2.71183E-08 6.72227E-10 3.44155E-12 1.67240E-11 2.05103E-11 1.20751E-13 3.31214E-12
 4.83260E-12 2.92826E-14 5.89678E-16 5.46516E-21 4.81363E-12 3.48465E-13 3.56512E-16 2.01914E-14
 4.30073E-10 1.78417E-16 6.15040E-28 2.31098E-29 8.33594E-22 3.59560E-20 1.85166E-20 5.03420E-28
 1.93992E-08 3.71356E-10 1.11412E-05 1.49797E-11 4.76042E-10 6.51492E-09 1.37891E-07 8.09500E-14
 4.22549E-04 6.31589E-04 3.81358E-06 2.40780E-08 7.01991E-10 3.09242E-12 1.66502E-11 1.82401E-11
 1.22872E-13 2.90079E-12 3.40422E-12 2.65922E-14 4.09928E-16 4.79775E-21 3.64744E-12 3.21925E-13
 4.50127E-16 2.09537E-14 4.31265E-10 1.34016E-16 2.06160E-28 9.19603E-30 3.39042E-22 1.25543E-20
 9.87474E-21 1.69219E-28 1.84069E-08 4.48621E-10 1.02252E-05 1.78629E-11 4.63667E-10 5.45599E-09
 1.30227E-07 9.87718E-14 4.16768E-04 6.13598E-04 3.63325E-06 2.12320E-08 7.27717E-10 2.77299E-12
 1.64619E-11 1.60399E-11 1.24092E-13 2.51848E-12 2.37482E-12 2.37683E-14 2.78067E-16 4.21545E-21
 2.76971E-12 2.97173E-13 5.67902E-16 2.17160E-14 4.32167E-10 9.98328E-17 7.77476E-29 4.11361E-30
 1.56782E-22 5.00848E-21 5.93700E-21 6.53806E-29 1.74239E-08 5.40223E-10 9.34179E-06 2.13154E-11
 4.51406E-10 4.58262E-09 1.23567E-07 1.20764E-13 4.11311E-04 5.97067E-04 3.46235E-06 1.85758E-08
 7.48001E-10 2.48025E-12 1.61981E-11 1.39702E-11 1.24663E-13 2.17064E-12 1.64350E-12 2.09378E-14
 1.84517E-16 3.70547E-21 2.10733E-12 2.74241E-13 7.16226E-16 2.24745E-14 4.32851E-10 7.38215E-17
 3.38118E-29 2.11947E-30 8.42795E-23 2.33578E-21 3.77066E-21 2.97360E-29 1.64528E-08 6.48395E-10
 8.50366E-06 2.54512E-11 4.39462E-10 3.86196E-09 1.17670E-07 1.48031E-13 4.06166E-04 5.81861E-04
 3.30068E-06 1.61089E-08 7.61538E-10 2.21171E-12 1.58939E-11 1.20672E-11 1.24805E-13 1.85904E-12
 1.12978E-12 1.82008E-14 1.20037E-16 3.25808E-21 1.60634E-12 2.53091E-13 9.03102E-16 2.32281E-14
 4.33373E-10 5.42317E-17 1.66569E-29 1.23510E-30 5.16291E-23 1.24912E-21 2.42193E-21 1.56240E-29
 1.55015E-08 7.75729E-10 7.73461E-06 3.03974E-11 4.28009E-10 3.26576E-09 1.12320E-07 1.82076E-13
 4.01318E-04 5.67851E-04 3.14875E-06 1.38400E-08 7.67609E-10 1.96477E-12 1.55751E-11 1.03488E-11
 1.24600E-13 1.58218E-12 7.71982E-13 1.56253E-14 7.66541E-17 2.85903E-21 1.22641E-12 2.33390E-13
 1.13782E-15 2.39574E-14 4.33771E-10 3.95575E-17 8.98168E-30 7.86354E-31 3.47507E-23 7.39147E-22
 1.58844E-21 9.15173E-30 1.45743E-08 9.25587E-10 7.04678E-06 3.62901E-11 4.16939E-10 2.76842E-09
 1.07408E-07 2.24872E-13 3.96765E-04 5.54952E-04 3.00776E-06 1.17729E-08 7.65813E-10 1.73768E-12
 1.52650E-11 8.81846E-12 1.24105E-13 1.33751E-12 5.24328E-13 1.32612E-14 4.81101E-17 2.49901E-21
 9.38161E-13 2.14780E-13 1.43125E-15 2.46433E-14 4.34077E-10 2.86308E-17 5.11896E-30 5.28335E-31
 2.48154E-23 4.67514E-22 1.06326E-21 5.76892E-30 1.36818E-08 1.10091E-09 6.44087E-06 4.32675E-11
 4.06434E-10 2.35416E-09 1.02771E-07 2.79044E-13 3.92508E-04 5.43107E-04 2.87963E-06 9.92399E-09
 7.56280E-10 1.53017E-12 1.49746E-11 7.47521E-12 1.23284E-13 1.12302E-12 3.54476E-13 1.11346E-14
 2.97240E-17 2.17069E-21 7.19771E-13 1.97109E-13 1.79580E-15 2.52563E-14 4.34312E-10 2.05570E-17
 2.99795E-30 3.64032E-31 1.82304E-23 3.06700E-22 7.10458E-22 3.79765E-30 1.28361E-08 1.30511E-09
 5.92466E-06 5.14521E-11 3.96628E-10 2.00873E-09 9.82713E-08 3.48158E-13 3.88534E-04 5.32217E-04
 2.76637E-06 8.30381E-09 7.40042E-10 1.34139E-12 1.47050E-11 6.30946E-12 1.21947E-13 9.35617E-13
 2.38745E-13 9.25364E-15 1.80925E-17 1.86573E-21 5.53997E-13 1.80051E-13 2.24381E-15 2.57460E-14
 4.34494E-10 1.46185E-17 1.78935E-30 2.54990E-31 1.36328E-23 2.06584E-22 4.77268E-22 2.58369E-30
 1.20454E-08 1.54224E-09 5.50093E-06 6.09399E-11 3.87558E-10 1.71970E-09 9.38302E-08 4.36983E-13
 3.84816E-04 5.22165E-04 2.66970E-06 6.91163E-09 7.18615E-10 1.17019E-12 1.44518E-11 5.30653E-12
 1.19854E-13 7.72420E-13 1.60278E-13 7.61533E-15 1.08557E-17 1.57982E-21 4.27589E-13 1.63348E-13
 2.78706E-15 2.60587E-14 4.34636E-10 1.02764E-17 1.09811E-30 1.83144E-31 1.04560E-23 1.43965E-22
 3.31515E-22 1.82955E-30 1.13097E-08 1.81679E-09 5.15656E-06 7.18000E-11 3.79157E-10 1.47713E-09
 8.94331E-08 5.51669E-13 3.81332E-04 5.12845E-04 2.59082E-06 5.73414E-09 6.93282E-10 1.01557E-12
 1.42099E-11 4.44974E-12 1.16875E-13 6.31477E-13 1.07335E-13 6.21077E-15 6.42892E-18 1.31582E-21
 3.30751E-13 1.47065E-13 3.43805E-15 2.61689E-14 4.34749E-10 7.13933E-18 6.97064E-31 1.35682E-31
 8.27307E-24 1.04357E-22 2.38981E-22 1.35489E-30 1.06272E-08 2.13347E-09 4.87973E-06 8.40603E-11
 3.71441E-10 1.27348E-09 8.50651E-08 7.00308E-13 3.78059E-04 5.04167E-04 2.53072E-06 4.75277E-09
 6.65349E-10 8.76427E-13 1.39744E-11 3.72320E-12 1.12930E-13 5.11071E-13 7.17928E-14 5.02440E-15
 3.76406E-18 1.07647E-21 2.56234E-13 1.31326E-13 4.20843E-15 2.60564E-14 4.34838E-10 4.90219E-18
 4.58456E-31 1.03832E-31 6.75973E-24 7.87114E-23 1.78132E-22 1.04940E-30 1.00010E-08 2.49661E-09
 4.67037E-06 9.76898E-11 3.64689E-10 1.10366E-09 8.06629E-08 8.93883E-13 3.75002E-04 4.96113E-04
 2.49070E-06 3.94900E-09 6.36467E-10 7.52111E-13 1.37460E-11 3.11456E-12 1.07986E-13 4.09684E-13
 4.80935E-14 4.03766E-15 2.18534E-18 8.61841E-22 1.99041E-13 1.16190E-13 5.10451E-15 2.56843E-14
 4.34910E-10 3.32643E-18 3.12659E-31 8.20639E-32 5.69303E-24 6.16191E-23 1.34545E-22 8.48146E-31
 9.43068E-09 2.90982E-09 4.52797E-06 1.12636E-10 3.59253E-10 9.63451E-10 7.61774E-08 1.14694E-12
 3.72161E-04 4.88661E-04 2.47127E-06 3.29951E-09 6.07902E-10 6.41780E-13 1.35259E-11 2.61029E-12
 1.02133E-13 3.25725E-13 3.23713E-14 3.22844E-15 1.26254E-18 6.73813E-22 1.55250E-13 1.01847E-13
 6.13016E-15 2.50419E-14 4.34968E-10 2.23261E-18 2.24792E-31 6.80404E-32 5.00958E-24 5.07140E-23
 1.06010E-22 7.24838E-31 8.91233E-09 3.37540E-09 4.45274E-06 1.28869E-10 3.55533E-10 8.49188E-10
 7.15757E-08 1.47873E-12 3.69518E-04 4.81741E-04 2.47198E-06 2.77900E-09 5.80438E-10 5.44092E-13
 1.33128E-11 2.19583E-12 9.55502E-14 2.57334E-13 2.19608E-14 2.57215E-15 7.28121E-19 5.14332E-22
 1.21592E-13 8.85472E-14 7.28925E-15 2.41499E-14 4.35015E-10 1.48463E-18 1.72676E-31 5.99119E-32
 4.65154E-24 4.42876E-23 8.78382E-23 6.61380E-31 8.44499E-09 3.89282E-09 4.45514E-06 1.46415E-10
 3.54176E-10 7.58203E-10 6.67980E-08 1.91558E-12 3.67051E-04 4.75286E-04 2.49170E-06 2.36546E-09
 5.54837E-10 4.57784E-13 1.31055E-11 1.85855E-12 8.84539E-14 2.02561E-13 1.50742E-14 2.04504E-15
 4.20664E-19 3.82974E-22 9.55968E-14 7.64599E-14 8.58315E-15 2.30338E-14 4.35053E-10 9.79842E-19
 1.43209E-31 5.65228E-32 4.57993E-24 4.12295E-23 7.71102E-23 6.47778E-31 8.02877E-09 4.45665E-09
 4.55246E-06 1.65446E-10 3.56093E-10 6.88706E-10 6.17775E-08 2.49375E-12 3.64738E-04 4.69221E-04
 2.52837E-06 2.03980E-09 5.31699E-10 3.81649E-13 1.29026E-11 1.58748E-12 8.11019E-14 1.59471E-13
 1.05190E-14 1.62533E-15 2.44471E-19 2.78065E-22 7.53815E-14 6.57146E-14 1.00140E-14 2.17327E-14
 4.35083E-10 6.43425E-19 1.28570E-31 5.71623E-32 4.75758E-24 4.07249E-23 7.20607E-23 6.78382E-31
 7.65985E-09 5.05531E-09 4.75529E-06 1.86360E-10 3.62288E-10 6.39335E-10 5.65027E-08 3.26224E-12
 3.62562E-04 4.63493E-04 2.57842E-06 1.78434E-09 5.11033E-10 3.14854E-13 1.27049E-11 1.37253E-12
 7.38253E-14 1.26214E-13 7.50012E-15 1.29394E-15 1.43632E-19 1.97498E-22 5.95800E-14 5.64475E-14
 1.15965E-14 2.03186E-14 4.35108E-10 4.22329E-19 1.23365E-31 6.10545E-32 5.10643E-24 4.18359E-23
 7.01469E-23 7.44919E-31 7.32837E-09 5.67272E-09 5.05563E-06 2.09797E-10 3.73581E-10 6.08611E-10
 5.10613E-08 4.28502E-12 3.60516E-04 4.58074E-04 2.63690E-06 1.58244E-09 4.92120E-10 2.56924E-13
 1.25159E-11 1.20391E-12 6.69714E-14 1.00991E-13 5.48626E-15 1.03422E-15 8.57578E-20 1.38337E-22
 4.72057E-14 4.87488E-14 1.33700E-14 1.88903E-14 4.35128E-10 2.78977E-19 1.23749E-31 6.72847E-32
 5.50776E-24 4.35131E-23 6.75886E-23 8.34661E-31 7.01975E-09 6.29184E-09 5.42923E-06 2.36576E-10
 3.90467E-10 5.94878E-10 4.56220E-08 5.64328E-12 3.58593E-04 4.52937E-04 2.69831E-06 1.41928E-09
 4.73714E-10 2.07340E-13 1.23393E-11 1.07218E-12 6.08047E-14 8.20863E-14 4.12518E-15 8.31605E-16
 5.22534E-20 9.66707E-23 3.74921E-14 4.26027E-14 1.54056E-14 1.75473E-14 4.35143E-10 1.86861E-19
 1.28593E-31 7.58192E-32 5.90588E-24 4.53636E-23 6.48335E-23 9.43473E-31 6.73168E-09 6.88829E-09
 5.88154E-06 2.67818E-10 4.14262E-10 5.98807E-10 4.02591E-08 7.44997E-12 3.56785E-04 4.48048E-04
 2.75768E-06 1.28696E-09 4.55556E-10 1.65334E-13 1.21746E-11 9.71750E-13 5.54084E-14 6.81180E-14
 3.20004E-15 6.74105E-16 3.26455E-20 6.77829E-23 2.98361E-14 3.78452E-14 1.77835E-14 1.63277E-14
 4.35154E-10 1.27606E-19 1.38516E-31 8.73016E-32 6.26349E-24 4.72247E-23 6.20801E-23 1.07125E-30
 6.48976E-09 7.41553E-09 6.48221E-06 3.05408E-10 4.48906E-10 6.26415E-10 3.48733E-08 9.88703E-12
 3.55088E-04 4.43391E-04 2.81078E-06 1.18708E-09 4.39656E-10 1.30109E-13 1.20166E-11 9.03123E-13
 5.07165E-14 5.81968E-14 2.58846E-15 5.52644E-16 2.10947E-20 4.73645E-23 2.37893E-14 3.42355E-14
 2.05587E-14 1.51900E-14 4.35162E-10 8.91068E-20 1.56992E-31 1.03691E-31 6.54006E-24 4.90326E-23
 5.94322E-23 1.22272E-30 6.30039E-09 7.84101E-09 7.24833E-06 3.51498E-10 4.97558E-10 6.82515E-10
 2.96213E-08 1.31985E-11 3.53501E-04 4.38953E-04 2.85468E-06 1.11538E-09 4.26420E-10 1.01066E-13
 1.18634E-11 8.63291E-13 4.67244E-14 5.14463E-14 2.19210E-15 4.59416E-16 1.41777E-20 3.30900E-23
 1.90048E-14 3.16332E-14 2.38366E-14 1.41505E-14 4.35168E-10 6.39262E-20 1.87895E-31 1.27321E-31
 6.71036E-24 5.07494E-23 5.69526E-23 1.40169E-30 6.13889E-09 8.18676E-09 8.09595E-06 4.07420E-10
 5.59449E-10 7.64778E-10 2.48797E-08 1.76638E-11 3.52027E-04 4.34730E-04 2.88921E-06 1.05921E-09
 4.14002E-10 7.77161E-14 1.17204E-11 8.42634E-13 4.34002E-14 4.67919E-14 1.92081E-15 3.87075E-16
 9.86195E-21 2.34232E-23 1.52183E-14 2.98496E-14 2.77838E-14 1.32600E-14 4.35170E-10 4.71711E-20
 2.32618E-31 1.59407E-31 6.78674E-24 5.23415E-23 5.46632E-23 1.60606E-30 5.99079E-09 8.48921E-09
 8.96125E-06 4.74271E-10 6.33400E-10 8.70173E-10 2.08087E-08 2.36558E-11 3.50668E-04 4.30721E-04
 2.91640E-06 1.01053E-09 4.01634E-10 5.93634E-14 1.15911E-11 8.33720E-13 4.06030E-14 4.34206E-14
 1.71934E-15 3.29928E-16 7.04328E-21 1.68585E-23 1.22206E-14 2.86229E-14 3.25469E-14 1.25097E-14
 4.35170E-10 3.56275E-20 2.92390E-31 2.01018E-31 6.79371E-24 5.38038E-23 5.25449E-23 1.83357E-30
 5.86386E-09 8.75680E-09 9.86870E-06 5.54184E-10 7.21541E-10 1.00248E-09 1.73357E-08 3.17494E-11
 3.49420E-04 4.26904E-04 2.93859E-06 9.69202E-10 3.90209E-10 4.51076E-14 1.14725E-11 8.35184E-13
 3.81868E-14 4.09829E-14 1.56715E-15 2.84301E-16 5.14842E-21 1.22625E-23 9.83519E-15 2.77722E-14
 3.82502E-14 1.18553E-14 4.35169E-10 2.74059E-20 3.72503E-31 2.55112E-31 6.74196E-24 5.51620E-23
 5.05583E-23 2.08728E-30 5.76772E-09 8.98902E-09 1.08671E-05 6.50198E-10 8.27665E-10 1.16915E-09
 1.43715E-08 4.27945E-11 3.48283E-04 4.23264E-04 2.95793E-06 9.36200E-10 3.80619E-10 3.41223E-14
 1.13607E-11 8.47106E-13 3.60570E-14 3.92971E-14 1.45354E-15 2.47607E-16 3.84563E-21 8.96777E-24
 7.92732E-15 2.72016E-14 4.50376E-14 1.12668E-14 4.35165E-10 2.13996E-20 4.82006E-31 3.26416E-31
 6.63712E-24 5.64442E-23 4.86661E-23 2.37252E-30 5.69512E-09 9.20897E-09 1.19474E-05 7.65004E-10
 9.52990E-10 1.37230E-09 1.18921E-08 5.79265E-11 3.47260E-04 4.19800E-04 2.97712E-06 9.08277E-10
 3.72475E-10 2.57495E-14 1.12562E-11 8.66117E-13 3.41524E-14 3.80782E-14 1.36225E-15 2.17636E-16
 2.91849E-21 6.60166E-24 6.39974E-15 2.68294E-14 5.31010E-14 1.07421E-14 4.35159E-10 1.68993E-20
 6.28303E-31 4.18920E-31 6.49611E-24 5.76645E-23 4.68365E-23 2.69063E-30 5.62904E-09 9.45588E-09
 1.30508E-05 9.00585E-10 1.09560E-09 1.60669E-09 9.87336E-09 7.86194E-11 3.46356E-04 4.16517E-04
 2.99940E-06 8.80279E-10 3.64693E-10 1.94343E-14 1.11626E-11 8.86632E-13 3.24215E-14 3.69968E-14
 1.27653E-15 1.92595E-16 2.23177E-21 4.91164E-24 5.17652E-15 2.65732E-14 6.26737E-14 1.02888E-14
 4.35152E-10 1.34397E-20 8.13770E-31 5.34499E-31 6.34200E-24 5.88311E-23 4.50376E-23 3.03896E-30
 5.56114E-09 9.75879E-09 1.41327E-05 1.05919E-09 1.25376E-09 1.86603E-09 8.24885E-09 1.06901E-10
 3.45576E-04 4.13418E-04 3.02793E-06 8.49808E-10 3.56823E-10 1.47045E-14 1.10816E-11 9.04776E-13
 3.08148E-14 3.58419E-14 1.18795E-15 1.71258E-16 1.70901E-21 3.69718E-24 4.19648E-15 2.63668E-14
 7.39921E-14 9.90369E-15 4.35142E-10 1.07238E-20 1.03891E-30 6.74554E-31 6.19007E-24 5.99572E-23
 4.32398E-23 3.41598E-30 5.49089E-09 1.01387E-08 1.51637E-05 1.24344E-09 1.42630E-09 2.14351E-09
 6.94271E-09 1.45582E-10 3.44922E-04 4.10501E-04 3.06555E-06 8.16575E-10 3.48943E-10 1.11734E-14
 1.10141E-11 9.18119E-13 2.92881E-14 3.44912E-14 1.09360E-15 1.52744E-16 1.30440E-21 2.81263E-24
 3.40997E-15 2.61571E-14 8.72809E-14 9.57768E-15 4.35130E-10 8.55745E-21 1.30264E-30 8.40252E-31
 6.04902E-24 6.10571E-23 4.14183E-23 3.82163E-30 5.40614E-09 1.06314E-08 1.60661E-05 1.45437E-09
 1.60762E-09 2.42252E-09 5.90560E-09 1.98136E-10 3.44395E-04 4.07759E-04 3.11500E-06 7.78291E-10
 3.40272E-10 8.53546E-15 1.09627E-11 9.22458E-13 2.78134E-14 3.27967E-14 9.89634E-16 1.36294E-16
 9.86211E-22 2.16713E-24 2.77611E-15 2.58950E-14 1.02826E-13 9.31164E-15 4.35115E-10 6.80981E-21
 1.59061E-30 1.02736E-30 5.93144E-24 6.21336E-23 3.95528E-23 4.25059E-30 5.29365E-09 1.12758E-08
 1.67569E-05 1.69163E-09 1.78980E-09 2.68220E-09 5.09178E-09 2.68759E-10 3.43998E-04 4.05187E-04
 3.17813E-06 7.33278E-10 3.29933E-10 6.56226E-15 1.09298E-11 9.14320E-13 2.63706E-14 3.06796E-14
 8.75829E-16 1.21359E-16 7.34744E-22 1.69369E-24 2.26420E-15 2.55364E-14 1.20966E-13 9.10263E-15
 4.35098E-10 5.39121E-21 1.87728E-30 1.22681E-30 5.84726E-24 6.31799E-23 3.76374E-23 4.69488E-30
 5.15877E-09 1.20860E-08 1.72487E-05 1.95706E-09 1.97074E-09 2.91531E-09 4.44314E-09 3.63320E-10
 3.43730E-04 4.02785E-04 3.25466E-06 6.83915E-10 3.18306E-10 5.07953E-15 1.09133E-11 8.94774E-13
 2.49487E-14 2.82446E-14 7.59242E-16 1.07696E-16 5.38891E-22 1.33849E-24 1.85028E-15 2.50743E-14
 1.42030E-13 8.93658E-15 4.35078E-10 4.24178E-21 2.14888E-30 1.43421E-30 5.79236E-24 6.41881E-23
 3.56818E-23 5.15293E-30 5.01586E-09 1.30559E-08 1.76296E-05 2.25642E-09 2.15419E-09 3.12840E-09
 3.90818E-09 4.90426E-10 3.43590E-04 4.00554E-04 3.34173E-06 6.33795E-10 3.06307E-10 3.95791E-15
 1.09088E-11 8.67383E-13 2.35598E-14 2.56876E-14 6.48103E-16 9.52702E-17 3.89980E-22 1.06654E-24
 1.51567E-15 2.45579E-14 1.66440E-13 8.80567E-15 4.35055E-10 3.32064E-21 2.40891E-30 1.65239E-30
 5.75259E-24 6.51462E-23 3.37127E-23 5.62710E-30 4.87696E-09 1.41724E-08 1.80071E-05 2.59952E-09
 2.34645E-09 3.33375E-09 3.45117E-09 6.62574E-10 3.43575E-04 3.98492E-04 3.43464E-06 5.85327E-10
 2.94628E-10 3.10186E-15 1.09120E-11 8.35579E-13 2.22348E-14 2.31862E-14 5.47594E-16 8.41044E-17
 2.79382E-22 8.57199E-25 1.24506E-15 2.40746E-14 1.94826E-13 8.71570E-15 4.35027E-10 2.59387E-21
 2.67047E-30 1.88894E-30 5.71107E-24 6.60385E-23 3.17626E-23 6.11862E-30 4.75219E-09 1.54166E-08
 1.84925E-05 3.00129E-09 2.55560E-09 3.54577E-09 3.04817E-09 8.98258E-10 3.43679E-04 3.96594E-04
 3.52828E-06 5.39879E-10 2.83803E-10 2.44273E-15 1.09195E-11 8.02020E-13 2.10098E-14 2.08648E-14
 4.59868E-16 7.42105E-17 1.98796E-22 6.96932E-25 1.02606E-15 2.37266E-14 2.28077E-13 8.68275E-15
 4.34995E-10 2.02906E-21 2.95355E-30 2.15599E-30 5.65072E-24 6.68533E-23 2.98606E-23 6.62680E-30
 4.65378E-09 1.67656E-08 1.91978E-05 3.48349E-09 2.79170E-09 3.77843E-09 2.68284E-09 1.22577E-09
 3.43898E-04 3.94857E-04 3.61930E-06 4.98415E-10 2.74504E-10 1.93130E-15 1.09292E-11 7.68376E-13
 1.99125E-14 1.87836E-14 3.84853E-16 6.55294E-17 1.40754E-22 5.75246E-25 8.48535E-16 2.36066E-14
 2.67289E-13 8.72802E-15 4.34956E-10 1.59417E-21 3.28490E-30 2.47138E-30 5.55644E-24 6.75923E-23
 2.80188E-23 7.15039E-30 4.59488E-09 1.82161E-08 2.01878E-05 4.07206E-09 3.06249E-09 4.03390E-09
 2.34769E-09 1.68784E-09 3.44226E-04 3.93267E-04 3.71028E-06 4.61349E-10 2.67489E-10 1.53075E-15
 1.09410E-11 7.34096E-13 1.89390E-14 1.69037E-14 3.20389E-16 5.78373E-17 9.88021E-23 4.82610E-25
 7.03549E-16 2.37307E-14 3.13478E-13 8.86584E-15 4.34909E-10 1.25655E-21 3.68516E-30 2.85306E-30
 5.42358E-24 6.82741E-23 2.62140E-23 7.68650E-30 4.58073E-09 1.98594E-08 2.13205E-05 4.77829E-09
 3.35818E-09 4.27473E-09 2.04921E-09 2.34044E-09 3.44662E-04 3.91816E-04 3.81400E-06 4.27845E-10
 2.63076E-10 1.21616E-15 1.09594E-11 6.94412E-13 1.80106E-14 1.50375E-14 2.62394E-16 5.06179E-17
 6.76665E-23 4.07721E-25 5.84442E-16 2.38628E-14 3.66599E-13 9.06284E-15 4.34856E-10 9.81547E-22
 4.12120E-30 3.29235E-30 5.27551E-24 6.89166E-23 2.43946E-23 8.22574E-30 4.60163E-09 2.20085E-08
 2.19891E-05 5.54943E-09 3.62797E-09 4.40223E-09 1.80820E-09 3.23018E-09 3.45199E-04 3.90509E-04
 3.95460E-06 3.96191E-10 2.60781E-10 9.70704E-16 1.09936E-11 6.40301E-13 1.69095E-14 1.28700E-14
 2.06563E-16 4.30384E-17 4.36640E-23 3.34201E-25 4.86629E-16 2.32800E-14 4.22938E-13 9.14820E-15
 4.34800E-10 7.34939E-22 4.43324E-30 3.70159E-30 5.18386E-24 6.95005E-23 2.25042E-23 8.75536E-30
 4.64852E-09 2.47530E-08 2.21874E-05 6.37080E-09 3.86690E-09 4.41859E-09 1.61167E-09 4.43408E-09
 3.45832E-04 3.89352E-04 4.15349E-06 3.66433E-10 2.59753E-10 7.80378E-16 1.10384E-11 5.76461E-13
 1.56611E-14 1.06067E-14 1.57017E-16 3.55103E-17 2.65728E-23 2.64983E-25 4.06450E-16 2.20192E-14
 4.81418E-13 9.09934E-15 4.34743E-10 5.27646E-22 4.61152E-30 4.06994E-30 5.14859E-24 7.00288E-23
 2.05377E-23 9.28949E-30 4.70644E-09 2.82210E-08 2.19153E-05 7.21627E-09 4.06942E-09 4.33888E-09
 1.45129E-09 6.04735E-09 3.46546E-04 3.88351E-04 4.43916E-06 3.38190E-10 2.58792E-10 6.34095E-16
 1.10888E-11 5.07544E-13 1.42987E-14 8.43148E-15 1.15800E-16 2.84542E-17 1.53150E-23 2.02761E-25
 3.40934E-16 2.01983E-14 5.40845E-13 8.89904E-15 4.34686E-10 3.63726E-22 4.65765E-30 4.38714E-30
 5.17226E-24 7.04762E-23 1.85176E-23 9.84192E-30 4.75276E-09 3.25956E-08 2.11812E-05 8.04361E-09
 4.23032E-09 4.18497E-09 1.32207E-09 8.18540E-09 3.47328E-04 3.87507E-04 4.85930E-06 3.10908E-10
 2.56287E-10 5.23031E-16 1.11400E-11 4.37852E-13 1.28569E-14 6.47606E-15 8.33105E-17 2.22012E-17
 8.41774E-24 1.49434E-25 2.87427E-16 1.79787E-14 5.99949E-13 8.53716E-15 4.34629E-10 2.41250E-22
 4.58312E-30 4.64482E-30 5.26222E-24 7.08020E-23 1.64729E-23 1.04326E-29 4.75322E-09 3.81474E-08
 1.99978E-05 8.78830E-09 4.34461E-09 3.98235E-09 1.22219E-09 1.09824E-08 3.48163E-04 3.86815E-04
 5.49885E-06 2.83898E-10 2.50064E-10 4.40512E-16 1.11883E-11 3.70995E-13 1.13707E-14 4.81486E-15
 5.88598E-17 1.69519E-17 4.46002E-24 1.05913E-25 2.43571E-16 1.55404E-14 6.57561E-13 8.01212E-15
 4.34575E-10 1.54460E-22 4.40598E-30 4.83605E-30 5.43386E-24 7.09564E-23 1.44263E-23 1.10930E-29
 4.67341E-09 4.52977E-08 1.83911E-05 9.36592E-09 4.40812E-09 3.75352E-09 1.15144E-09 1.45998E-08
 3.49029E-04 3.86269E-04 6.50172E-06 2.56823E-10 2.38249E-10 3.82429E-16 1.12308E-11 3.09406E-13
 9.86858E-15 3.46706E-15 4.10965E-17 1.27445E-17 2.30474E-24 7.18800E-26 2.07612E-16 1.30348E-14
 7.12108E-13 7.32661E-15 4.34524E-10 9.56073E-23 4.14813E-30 4.95720E-30 5.71288E-24 7.08826E-23
 1.24025E-23 1.18697E-29 4.47846E-09 5.47217E-08 1.64072E-05 9.68012E-09 4.41468E-09 3.51241E-09
 1.11207E-09 1.92279E-08 3.49897E-04 3.85861E-04 8.09950E-06 2.29226E-10 2.19371E-10 3.46569E-16
 1.12663E-11 2.54336E-13 8.38117E-15 2.41606E-15 2.84950E-17 9.51106E-18 1.17723E-24 4.64302E-26
 1.78171E-16 1.05864E-14 7.62193E-13 6.49526E-15 4.34477E-10 5.72177E-23 3.82677E-30 5.00444E-30
 6.13926E-24 7.05175E-23 1.04230E-23 1.28191E-29 4.11388E-09 6.75156E-08 1.41127E-05 9.63213E-09
 4.34948E-09 3.26308E-09 1.11326E-09 2.50150E-08 3.50732E-04 3.85575E-04 1.06379E-05 1.99537E-10
 1.91509E-10 3.32256E-16 1.12942E-11 2.06433E-13 6.95710E-15 1.63151E-15 1.97286E-17 7.15484E-18
 6.09086E-25 2.85731E-26 1.54107E-16 8.32691E-15 8.09805E-13 5.56263E-15 4.34432E-10 3.32919E-23
 3.44165E-30 4.95993E-30 6.77558E-24 6.97876E-23 8.49944E-24 1.39902E-29 3.52679E-09 8.55653E-08
 1.15928E-05 9.14356E-09 4.18432E-09 2.99287E-09 1.17619E-09 3.19142E-08 3.51498E-04 3.85389E-04
 1.45794E-05 1.65707E-10 1.53802E-10 3.40075E-16 1.13145E-11 1.65744E-13 5.64923E-15 1.07127E-15
 1.37022E-17 5.54826E-18 3.30926E-25 1.69656E-26 1.34479E-16 6.36624E-15 8.62944E-13 4.60106E-15
 4.34382E-10 1.90845E-23 2.96947E-30 4.77647E-30 7.72325E-24 6.86020E-23 6.62542E-24 1.53943E-29
 2.73091E-09 1.12474E-07 8.94498E-06 8.18999E-09 3.87510E-09 2.65946E-09 1.34557E-09 3.94872E-08
 3.52158E-04 3.85276E-04 2.04467E-05 1.27048E-10 1.09323E-10 3.71461E-16 1.13284E-11 1.31223E-13
 4.49124E-15 6.82684E-16 9.49019E-18 4.52997E-18 1.94923E-25 9.99156E-27 1.18529E-16 4.75314E-15
 9.37658E-13 3.69767E-15 4.34310E-10 1.09558E-23 2.37240E-30 4.36793E-30 9.15588E-24 6.68306E-23
 4.76643E-24 1.69448E-29 1.91846E-09 1.57131E-07 6.25856E-06 6.83941E-09 3.36441E-09 2.16868E-09
 1.70159E-09 4.74059E-08 3.52689E-04 3.85210E-04 2.86894E-05 8.76146E-11 6.83455E-11 4.28045E-16
 1.13404E-11 9.86088E-14 3.43759E-15 4.00540E-16 6.12155E-18 3.80072E-18 1.16393E-25 5.78612E-27
 1.05647E-16 3.36650E-15 1.04262E-12 2.88372E-15 4.34207E-10 6.02411E-24 1.64016E-30 3.64464E-30
 1.14119E-23 6.42191E-23 2.84884E-24 1.83564E-29 1.33206E-09 2.42434E-07 3.82065E-06 5.30428E-09
 2.65284E-09 1.49620E-09 2.36153E-09 5.70132E-08 3.53086E-04 3.85169E-04 3.94767E-05 5.44765E-11
 4.03174E-11 5.10807E-16 1.13548E-11 6.41545E-14 2.43141E-15 1.91070E-16 3.14006E-18 2.95405E-18
 5.60741E-26 3.09352E-27 9.53552E-17 2.11643E-15 1.15939E-12 2.16703E-15 4.34092E-10 2.76185E-24
 9.09372E-31 2.67664E-30 1.50572E-23 6.03224E-23 1.59528E-24 1.90897E-29 9.77368E-10 4.02760E-07
 2.19621E-06 3.97273E-09 1.94997E-09 8.96491E-10 3.49044E-09 7.03218E-08 3.53368E-04 3.85140E-04
 5.25561E-05 3.15149E-11 2.34206E-11 6.19406E-16 1.13631E-11 3.63222E-14 1.64714E-15 7.64009E-17
 1.29546E-18 2.06489E-18 2.11431E-26 1.88825E-27 8.72596E-17 1.31735E-15 1.33927E-12 1.74784E-15
 4.33914E-10 1.16772E-24 4.27181E-31 1.80344E-30 2.01555E-23 5.50893E-23 9.18924E-25 1.87664E-29
 8.58448E-10 7.12183E-07 1.23191E-06 2.91399E-09 1.36342E-09 4.82772E-10 5.41550E-09 8.99884E-08
 3.53558E-04 3.85118E-04 6.74502E-05 1.87280E-11 1.49641E-11 7.51640E-16 1.13630E-11 1.80944E-14
 1.08388E-15 2.62409E-17 4.41393E-19 1.26108E-18 6.14220E-27 1.39240E-27 8.10619E-17 8.53587E-16
 1.61764E-12 1.55575E-15 4.33636E-10 4.73320E-25 1.76856E-31 1.13728E-30 2.66935E-23 4.84969E-23
 5.38686E-25 1.73633E-29 1.01602E-09 1.34179E-06 6.94464E-07 2.13454E-09 9.33924E-10 2.41751E-10
 8.77347E-09 1.22854E-07 3.53677E-04 3.85100E-04 8.35755E-05 1.25917E-11 1.16929E-11 9.01973E-16
 1.13562E-11 8.15004E-15 7.04727E-16 8.03689E-18 1.30442E-19 6.72259E-19 1.40864E-27 1.14613E-27
 7.65560E-17 5.68312E-16 2.00461E-12 1.46890E-15 4.33249E-10 1.80030E-25 6.79263E-32 6.90964E-31
 3.41640E-23 4.10164E-23 3.20677E-25 1.52132E-29 1.62624E-09 3.22352E-06 4.10794E-07 1.35675E-09
 5.40981E-10 9.72489E-11 1.75867E-08 1.82543E-07 3.53738E-04 3.85086E-04 1.00413E-04 9.18858E-12
 1.15274E-11 1.05979E-15 1.13475E-11 2.71931E-15 3.96150E-16 1.72364E-18 2.54964E-20 2.60967E-19
 1.90012E-28 8.47166E-28 7.36010E-17 3.14182E-16 2.37550E-12 1.31830E-15 4.32879E-10 4.88953E-26
 1.70980E-32 3.08932E-31 4.41108E-23 3.10806E-23 1.97016E-25 1.13718E-29 2.81214E-09 1.00809E-05
 2.86785E-07 6.26948E-10 2.16742E-10 3.13527E-11 4.61608E-08 2.46854E-07 3.53757E-04 3.85077E-04
 1.17284E-04 6.95051E-12 1.57067E-11 1.19116E-15 1.13396E-11 8.68817E-16 1.65733E-16 2.87396E-19
 3.57511E-21 9.02438E-20 2.15974E-29 5.41148E-28 7.21259E-17 1.28008E-16 2.56426E-12 1.10215E-15
 4.32691E-10 1.10569E-26 1.93558E-33 6.55826E-32 5.48967E-23 2.03061E-23 1.39640E-25 5.66763E-30
 2.88425E+02 2.85638E+02 2.82741E+02 2.79751E+02 2.76632E+02 2.73422E+02 2.70250E+02 2.66968E+02
 2.63459E+02 2.59694E+02 2.55651E+02 2.51316E+02 2.46687E+02 2.41783E+02 2.36637E+02 2.31591E+02
 2.27616E+02 2.25242E+02 2.23841E+02 2.22767E+02 2.21970E+02 2.21379E+02 2.20821E+02 2.20203E+02
 2.19554E+02 2.18906E+02 2.18257E+02 2.17590E+02 2.16923E+02 2.16239E+02 2.15482E+02 2.14694E+02
 2.13908E+02 2.13107E+02 2.12280E+02 2.11421E+02 2.10530E+02 2.09611E+02 2.08659E+02 2.07664E+02
 2.06631E+02 2.05549E+02 2.04411E+02 2.03227E+02 2.01999E+02 2.00742E+02 1.99463E+02 1.98165E+02
 1.96872E+02 1.95600E+02 1.94357E+02 1.93166E+02 1.92050E+02 1.91007E+02 1.90035E+02 1.89146E+02
 1.88351E+02 1.87652E+02 1.87069E+02 1.86626E+02 1.86328E+02 1.86142E+02 1.85998E+02 1.85876E+02
 1.85870E+02 1.85977E+02 1.86058E+02 1.86051E+02 1.86004E+02 1.85971E+02 1.85938E+02 1.85860E+02
 1.85727E+02 1.85552E+02 1.85304E+02 1.84943E+02 1.84490E+02 1.83993E+02 1.83492E+02 1.83021E+02
 1.82626E+02 1.82365E+02 1.82273E+02 1.82341E+02 1.82532E+02 1.82788E+02 1.83025E+02 1.83117E+02
 1.82942E+02 1.82366E+02 1.81122E+02 1.78790E+02 1.74887E+02 1.69641E+02 1.64553E+02 1.59618E+02
 1.54831E+02 1.50187E+02 1.45682E+02 1.41313E+02 1.00000E+05 1.00000E+05 1.00000E+05 1.00000E+05
 1.00000E+05 1.00000E+05 1.00000E+05 1.00000E+05 1.00000E+05 1.00000E+05 1.00000E+05 1.00000E+05
 1.00000E+05 1.00000E+05 1.00000E+05 1.00000E+05 9.55762E+04 8.98681E+04 6.92150E+04 4.79193E+04
 3.36436E+04 2.12519E+04 1.53492E+04 1.06773E+04 8.05676E+03 6.34461E+03 5.45434E+03 4.84574E+03
 4.37277E+03 4.13838E+03 3.95459E+03 3.92365E+03 3.90669E+03 3.96020E+03 4.05014E+03 4.23608E+03
 4.45809E+03 4.72891E+03 5.02893E+03 5.35055E+03 5.73214E+03 6.13646E+03 6.58855E+03 7.04881E+03
 7.56124E+03 8.07878E+03 8.62041E+03 9.16941E+03 9.73373E+03 1.03509E+04 1.10266E+04 1.16888E+04
 1.23428E+04 1.29676E+04 1.35838E+04 1.43800E+04 1.51932E+04 1.60365E+04 1.68712E+04 1.76766E+04
 1.85449E+04 1.95178E+04 2.05476E+04 2.16286E+04 2.28812E+04 2.42164E+04 2.57923E+04 2.74193E+04
 2.90411E+04 3.06951E+04 3.25762E+04 3.45361E+04 3.67036E+04 3.88689E+04 4.10311E+04 4.33424E+04
 4.57641E+04 4.85776E+04 5.15397E+04 5.49796E+04 5.84818E+04 6.17520E+04 6.51036E+04 6.88388E+04
 7.28603E+04 7.74765E+04 8.19566E+04 8.62864E+04 9.09370E+04 9.57803E+04 1.01072E+05 1.06493E+05
 1.12350E+05 1.18368E+05 1.25935E+05 1.33807E+05 1.42726E+05 1.51847E+05 1.61307E+05 1.70766E+05
 2.45749E+19 2.31433E+19 2.17907E+19 2.05113E+19 1.93035E+19 1.81603E+19 1.70705E+19 1.60409E+19
 1.50745E+19 1.41682E+19 1.33184E+19 1.25214E+19 1.17731E+19 1.10688E+19 1.04039E+19 9.76173E+18
 9.10529E+18 8.42510E+18 7.75707E+18 7.12838E+18 6.54032E+18 5.99366E+18 5.49071E+18 5.03027E+18
 4.60799E+18 4.22011E+18 3.86397E+18 3.53730E+18 3.23741E+18 2.96242E+18 2.71094E+18 2.48043E+18
 2.26879E+18 2.07470E+18 1.89684E+18 1.73390E+18 1.58462E+18 1.44786E+18 1.32261E+18 1.20794E+18
 1.10295E+18 1.00687E+18 9.18981E+17 8.38532E+17 7.64885E+17 6.97422E+17 6.35623E+17 5.79015E+17
 5.27124E+17 4.79546E+17 4.35941E+17 3.95965E+17 3.59314E+17 3.25759E+17 2.95081E+17 2.67050E+17
 2.41459E+17 2.18125E+17 1.96861E+17 1.77490E+17 1.59870E+17 1.43897E+17 1.29480E+17 1.16488E+17
 1.04732E+17 9.41104E+16 8.45839E+16 7.60605E+16 6.84111E+16 6.15266E+16 5.53347E+16 4.97773E+16
 4.47897E+16 4.03081E+16 3.62855E+16 3.26794E+16 2.94401E+16 2.65217E+16 2.38868E+16 2.15046E+16
 1.93474E+16 1.73910E+16 1.56166E+16 1.40112E+16 1.25635E+16 1.12631E+16 1.01001E+16 9.06538E+15
 8.14851E+15 7.33903E+15 6.63097E+15 6.02160E+15 5.50776E+15 5.06529E+15 4.64205E+15 4.23882E+15
 3.85620E+15 3.49467E+15 3.15452E+15 2.83587E+15 2.77561E-11 3.02839E-11 3.55365E-11 4.40109E-11
 5.50185E-11 6.82667E-11 8.35805E-11 1.00813E-10 1.19801E-10 1.40352E-10 1.62233E-10 1.85159E-10
 2.08781E-10 2.32681E-10 2.56385E-10 2.79446E-10 3.01916E-10 3.24039E-10 3.47741E-10 3.76461E-10
 4.09720E-10 4.47865E-10 4.88023E-10 5.24721E-10 5.53506E-10 5.70689E-10 5.76034E-10 5.71921E-10
 5.61142E-10 5.45912E-10 5.27767E-10 5.07688E-10 4.86350E-10 4.64110E-10 4.41347E-10 4.18480E-10
 3.95882E-10 3.73740E-10 3.52188E-10 3.31266E-10 3.11054E-10 2.91604E-10 2.72927E-10 2.55007E-10
 2.37822E-10 2.21352E-10 2.05546E-10 1.90372E-10 1.75797E-10 1.61826E-10 1.48257E-10 1.35306E-10
 1.22939E-10 1.11117E-10 9.98386E-11 8.92459E-11 7.93254E-11 7.00749E-11 6.14730E-11 5.34978E-11
 4.61709E-11 3.95154E-11 3.35229E-11 2.81758E-11 2.34708E-11 1.93697E-11 1.58497E-11 1.28502E-11
 1.03098E-11 8.17713E-12 6.41394E-12 4.97136E-12 3.80784E-12 2.87770E-12 2.14220E-12 1.56982E-12
 1.13135E-12 8.02526E-13 5.59743E-13 3.84295E-13 2.59203E-13 1.71053E-13 1.10187E-13 6.92251E-14
 4.23476E-14 2.52358E-14 1.45907E-14 8.14879E-15 4.39097E-15 2.27866E-15 1.13898E-15 5.47810E-16
 2.54168E-16 1.13904E-16 4.94844E-17 2.08197E-17 8.55844E-18 3.48881E-18 1.23374E-18 3.79799E-19
 6.18616E+01 5.58914E+01 5.42557E+01 5.65454E+01 6.09279E+01 6.76375E+01 7.36454E+01 7.92375E+01
 8.50289E+01 9.01102E+01 9.44570E+01 9.86080E+01 1.02063E+02 1.04501E+02 1.05867E+02 1.05741E+02
 1.04600E+02 1.02947E+02 1.00367E+02 9.66625E+01 9.47494E+01 9.40439E+01 9.36009E+01 9.21658E+01
 8.90994E+01 8.41783E+01 7.78340E+01 7.07787E+01 6.35820E+01 5.66200E+01 5.01098E+01 4.41280E+01
 3.86961E+01 3.37910E+01 2.93971E+01 2.54932E+01 2.20499E+01 1.90320E+01 1.63987E+01 1.40995E+01
 1.20975E+01 1.03595E+01 8.85881E+00 7.56309E+00 6.44216E+00 5.47316E+00 4.63855E+00 3.92119E+00
 3.30213E+00 2.76931E+00 2.31067E+00 1.91947E+00 1.58518E+00 1.30055E+00 1.05945E+00 8.58293E-01
 6.90446E-01 5.51294E-01 4.36532E-01 3.42385E-01 2.65925E-01 2.04611E-01 1.56044E-01 1.17944E-01
 8.82567E-02 6.53516E-02 4.80094E-02 3.49883E-02 2.52449E-02 1.80007E-02 1.26911E-02 8.84528E-03
 6.09474E-03 4.14336E-03 2.77555E-03 1.83218E-03 1.19076E-03 7.61803E-04 4.79090E-04 2.96430E-04
 1.79994E-04 1.06689E-04 6.14843E-05 3.43334E-05 1.85719E-05 9.75513E-06 4.97719E-06 2.45679E-06
 1.17452E-06 5.44370E-07 2.45589E-07 1.08647E-07 4.78190E-08 2.10785E-08 9.02534E-09 3.82159E-09
 1.66051E-09 8.12767E-10 1.94888E-10 4.72127E-11 1.00000E-12 1.00000E-12 1.00000E-12 1.00000E-12
 1.00000E-12 1.00000E-12 1.00000E-12 1.00000E-12 1.00000E-12 1.00000E-12 1.00000E-12 1.00000E-12
 1.00000E-12 1.00000E-12 1.00000E-12 1.00000E-12 1.00000E-12 1.00000E-12 1.00000E-12 1.00000E-12
 1.00000E-12 1.00000E-12 1.00000E-12 1.00000E-12 1.00000E-12 1.00000E-12 1.00000E-12 1.00000E-12
 1.00000E-12 1.00000E-12 1.00000E-12 1.00000E-12 1.00000E-12 1.00000E-12 1.00000E-12 1.00000E-12
 1.00000E-12 1.00000E-12 1.00000E-12 1.00000E-12 1.00000E-12 1.00000E-12 1.00000E-12 1.00000E-12
 1.00000E-12 1.00000E-12 1.00000E-12 1.00000E-12 1.00000E-12 1.00000E-12 1.00000E-12 1.00000E-12
 1.00000E-12 1.00000E-12 1.00000E-12 1.00000E-12 1.00000E-12 1.00000E-12 1.00000E-12 1.00000E-12
 1.00000E-12 1.00000E-12 1.00000E-12 1.00000E-12 1.00000E-12 1.00000E-12 1.00000E-12 1.00000E-12
 1.00000E-12 1.00000E-12 1.00000E-12 1.00000E-12 1.00000E-12 1.00000E-12 1.00000E-12 1.00000E-12
 1.00000E-12 1.00000E-12 1.00000E-12 1.00000E-12 1.00000E-12 1.00000E-12 1.00000E-12 1.00000E-12
 1.00000E-12 1.00000E-12 1.00000E-12 1.00000E-12 1.00000E-12 1.00000E-12 1.00000E-12 1.00000E-12
 1.00000E-12 1.00000E-12 1.00000E-12 1.00000E-12 1.00000E-12 1.00000E-12 1.00000E-12 1.00000E-12
 1.00000E-12 1.00000E-12 1.00000E-12 1.00000E-12 1.00000E-12 1.00000E-12 1.00000E-12 1.00000E-12
 1.00000E-12 1.00000E-12 1.00000E-12 1.00000E-12 1.00000E-12 1.00000E-12 1.00000E-12 1.00000E-12
 1.00000E-12 1.00000E-12 1.00000E-12 1.00000E-12 1.00000E-12 1.00000E-12 1.00000E-12 1.00000E-12
 1.00000E-12 1.00000E-12 1.00000E-12 1.00000E-12 1.00000E-12 1.00000E-12 1.00000E-12 1.00000E-12
 1.00000E-12 1.00000E-12 1.00000E-12 1.00000E-12 1.00000E-12 1.00000E-12 1.00000E-12 1.00000E-12
 1.00000E-12 1.00000E-12 1.00000E-12 1.00000E-12 1.00000E-12 1.00000E-12 1.00000E-12 1.00000E-12
 1.00000E-12 1.00000E-12 1.00000E-12 1.00000E-12 1.00000E-12 1.00000E-12 1.00000E-12 1.00000E-12
 1.00000E-12 1.00000E-12 1.00000E-12 1.00000E-12 1.00000E-12 1.00000E-12 1.00000E-12 1.00000E-12
 1.00000E-12 1.00000E-12 1.00000E-12 1.00000E-12 1.00000E-12 1.00000E-12 1.00000E-12 1.00000E-12
 1.00000E-12 1.00000E-12 1.00000E-12 1.00000E-12 1.00000E-12 1.00000E-12 1.00000E-12 1.00000E-12
 1.00000E-12 1.00000E-12 1.00000E-12 1.00000E-12 1.00000E-12 1.00000E-12 1.00000E-12 1.00000E-12
 1.00000E-12 1.00000E-12 1.00000E-12 1.00000E-12 1.00000E-12 1.00000E-12 1.00000E-12 1.00000E-12
 1.00000E-12 1.00000E-12 1.00000E-12 1.00000E-12 2.73292E-04 2.90305E-04 3.09710E-04 3.30616E-04
 3.52329E-04 3.73217E-04 3.96752E-04 4.22457E-04 4.49497E-04 4.79217E-04 5.11843E-04 5.46759E-04
 5.84981E-04 6.27391E-04 6.74576E-04 7.27648E-04 7.85294E-04 8.46100E-04 9.14109E-04 9.95232E-04
 1.08033E-03 1.17068E-03 1.26756E-03 1.37296E-03 1.48843E-03 1.61529E-03 1.75477E-03 1.90812E-03
 2.07680E-03 2.26237E-03 2.46655E-03 2.69116E-03 2.93826E-03 3.21050E-03 3.51056E-03 3.84146E-03
 4.20660E-03 4.60930E-03 5.05340E-03 5.54421E-03 6.08710E-03 6.68803E-03 7.35247E-03 8.08781E-03
 8.90365E-03 9.80973E-03 1.08151E-02 1.19307E-02 1.31725E-02 1.45559E-02 1.60945E-02 1.78070E-02
 1.97180E-02 2.18508E-02 2.42312E-02 2.68807E-02 2.98388E-02 3.31407E-02 3.68259E-02 4.09383E-02
 4.55250E-02 5.06358E-02 5.63210E-02 6.26390E-02 6.96750E-02 7.75112E-02 8.62146E-02 9.58741E-02
 1.06611E-01 1.18562E-01 1.31862E-01 1.46652E-01 1.63105E-01 1.81434E-01 2.01846E-01 2.24563E-01
 2.49837E-01 2.78025E-01 3.09484E-01 3.44600E-01 3.83834E-01 4.27774E-01 4.77206E-01 5.33289E-01
 5.96788E-01 6.68427E-01 7.48374E-01 8.37715E-01 9.37137E-01 1.04714E+00 1.16813E+00 1.29915E+00
 1.43795E+00 1.58344E+00 1.74986E+00 1.93074E+00 2.11467E+00 2.27102E+00 2.79467E+00 3.35318E+00
 1.00000E+00 1.00000E+00 1.00000E+00 1.00000E+00 1.00000E+00 1.00000E+00 1.00000E+00 1.00000E+00
 1.00000E+00 1.00000E+00 1.00000E+00 1.00000E+00 1.00000E+00 1.00000E+00 1.00000E+00 1.00000E+00
 1.00000E+00 1.00000E+00 1.00000E+00 1.00000E+00 1.00000E+00 1.00000E+00 1.00000E+00 1.00000E+00
 1.00000E+00 1.00000E+00 1.00000E+00 1.00000E+00 1.00000E+00 1.00000E+00 1.00000E+00 1.00000E+00
 1.00000E+00 1.00000E+00 1.00000E+00 1.00000E+00 1.00000E+00 1.00000E+00 1.00000E+00 1.00000E+00
 1.00000E+00 1.00000E+00 1.00000E+00 1.00000E+00 1.00000E+00 1.00000E+00 1.00000E+00 1.00000E+00
 1.00000E+00 1.00000E+00 1.00000E+00 1.00000E+00 1.00000E+00 1.00000E+00 1.00000E+00 1.00000E+00
 1.00000E+00 1.00000E+00 1.00000E+00 1.00000E+00 1.00000E+00 1.00000E+00 1.00000E+00 1.00000E+00
 1.00000E+00 1.00000E+00 1.00000E+00 1.00000E+00 1.00000E+00 1.00000E+00 1.00000E+00 1.00000E+00
 1.00000E+00 1.00000E+00 1.00000E+00 1.00000E+00 1.00000E+00 1.00000E+00 1.00000E+00 1.00000E+00
 1.00000E+00 1.00000E+00 1.00000E+00 1.00000E+00 1.00000E+00 1.00000E+00 1.00000E+00 1.00000E+00
 1.00000E+00 1.00000E+00 1.00000E+00 1.00000E+00 1.00000E+00 1.00000E+00 1.00000E+00 1.00000E+00
 1.00000E+00 1.00000E+00 1.00000E+00 1.00000E+00 1.00000E+00 1.00000E+00 1.00000E+00 1.00000E+00
 1.00000E+00 1.00000E+00 1.00000E+00 1.00000E+00 1.00000E+00 1.00000E+00 1.00000E+00 1.00000E+00
 1.00000E+00 1.00000E+00 1.00000E+00 1.00000E+00 1.00000E+00 1.00000E+00 1.00000E+00 1.00000E+00
 1.00000E+00 1.00000E+00 1.00000E+00 1.00000E+00 1.00000E+00 1.00000E+00 1.00000E+00 1.00000E+00
 1.00000E+00 1.00000E+00 1.00000E+00 1.00000E+00 1.00000E+00 1.00000E+00 1.00000E+00 1.00000E+00
 1.00000E+00 1.00000E+00 1.00000E+00 1.00000E+00 1.00000E+00 1.00000E+00 1.00000E+00 1.00000E+00
 1.00000E+00 1.00000E+00 1.00000E+00 1.00000E+00 1.00000E+00 1.00000E+00 1.00000E+00 1.00000E+00
 1.00000E+00 1.00000E+00 1.00000E+00 1.00000E+00 1.00000E+00 1.00000E+00 1.00000E+00 1.00000E+00
 1.00000E+00 1.00000E+00 1.00000E+00 1.00000E+00 1.00000E+00 1.00000E+00 1.00000E+00 1.00000E+00
 1.00000E+00 1.00000E+00 1.00000E+00 1.00000E+00 1.00000E+00 1.00000E+00 1.00000E+00 1.00000E+00
 1.00000E+00 1.00000E+00 1.00000E+00 1.00000E+00 1.00000E+00 1.00000E+00 1.00000E+00 1.00000E+00
 1.00000E+00 1.00000E+00 1.00000E+00 1.00000E+00 1.00000E+00 1.00000E+00 1.00000E+00 1.00000E+00
 1.00000E+00 1.00000E+00 1.00000E+00 1.00000E+00 1.00000E+00 1.00000E+00 1.00000E+00 1.00000E+00
 1.00000E-05 1.00000E-05 1.00000E-05 1.00000E-05 1.00000E-05 1.00000E-05 1.00000E-05 1.00000E-05
 1.00000E-05 1.00000E-05 1.00000E-05 1.00000E-05 1.00000E-05 1.00000E-05 1.00000E-05 1.00000E-05
 1.00000E-05 1.00000E-05 1.00000E-05 1.00000E-05 1.00000E-05 1.00000E-05 1.00000E-05 1.00000E-05
 1.00000E-05 1.00000E-05 1.00000E-05 1.00000E-05 1.00000E-05 1.00000E-05 1.00000E-05 1.00000E-05
 1.00000E-05 1.00000E-05 1.00000E-05 1.00000E-05 1.00000E-05 1.00000E-05 1.00000E-05 1.00000E-05
 1.00000E-05 1.00000E-05 1.00000E-05 1.00000E-05 1.00000E-05 1.00000E-05 1.00000E-05 1.00000E-05
 1.00000E-05 1.00000E-05 1.00000E-05 1.00000E-05 1.00000E-05 1.00000E-05 1.00000E-05 1.00000E-05
 1.00000E-05 1.00000E-05 1.00000E-05 1.00000E-05 1.00000E-05 1.00000E-05 1.00000E-05 1.00000E-05
 1.00000E-05 1.00000E-05 1.00000E-05 1.00000E-05 1.00000E-05 1.00000E-05 1.00000E-05 1.00000E-05
 1.00000E-05 1.00000E-05 1.00000E-05 1.00000E-05 1.00000E-05 1.00000E-05 1.00000E-05 1.00000E-05
 1.00000E-05 1.00000E-05 1.00000E-05 1.00000E-05 1.00000E-05 1.00000E-05 1.00000E-05 1.00000E-05
 1.00000E-05 1.00000E-05 1.00000E-05 1.00000E-05 1.00000E-05 1.00000E-05 1.00000E-05 1.00000E-05
 1.00000E-05 1.00000E-05 1.00000E-05 1.00000E-05 1.00000E-09 1.00000E-09 1.00000E-09 1.00000E-09
 1.00000E-09 1.00000E-09 1.00000E-09 1.00000E-09 1.00000E-09 1.00000E-09 1.00000E-09 1.00000E-09
 1.00000E-09 1.00000E-09 1.00000E-09 1.00000E-09 1.00000E-09 1.00000E-09 1.00000E-09 1.00000E-09
 1.00000E-09 1.00000E-09 1.00000E-09 1.00000E-09 1.00000E-09 1.00000E-09 1.00000E-09 1.00000E-09
 1.00000E-09 1.00000E-09 1.00000E-09 1.00000E-09 1.00000E-09 1.00000E-09 1.00000E-09 1.00000E-09
 1.00000E-09 1.00000E-09 1.00000E-09 1.00000E-09 1.00000E-09 1.00000E-09 1.00000E-09 1.00000E-09
 1.00000E-09 1.00000E-09 1.00000E-09 1.00000E-09 1.00000E-09 1.00000E-09 1.00000E-09 1.00000E-09
 1.00000E-09 1.00000E-09 1.00000E-09 1.00000E-09 1.00000E-09 1.00000E-09 1.00000E-09 1.00000E-09
 1.00000E-09 1.00000E-09 1.00000E-09 1.00000E-09 1.00000E-09 1.00000E-09 1.00000E-09 1.00000E-09
 1.00000E-09 1.00000E-09 1.00000E-09 1.00000E-09 1.00000E-09 1.00000E-09 1.00000E-09 1.00000E-09
 1.00000E-09 1.00000E-09 1.00000E-09 1.00000E-09 1.00000E-09 1.00000E-09 1.00000E-09 1.00000E-09
 1.00000E-09 1.00000E-09 1.00000E-09 1.00000E-09 1.00000E-09 1.00000E-09 1.00000E-09 1.00000E-09
 1.00000E-09 1.00000E-09 1.00000E-09 1.00000E-09 1.00000E-09 1.00000E-09 1.00000E-09 1.00000E-09
 1.00000E-09 1.00000E-09 1.00000E-09 1.00000E-09 1.00000E-09 1.00000E-09 1.00000E-09 1.00000E-09
 1.00000E-09 1.00000E-09 1.00000E-09 1.00000E-09 1.00000E-09 1.00000E-09 1.00000E-09 1.00000E-09
 1.00000E-09 1.00000E-09 1.00000E-09 1.00000E-09 1.00000E-09 1.00000E-09 1.00000E-09 1.00000E-09
 1.00000E-09 1.00000E-09 1.00000E-09 1.00000E-09 1.00000E-09 1.00000E-09 1.00000E-09 1.00000E-09
 1.00000E-09 1.00000E-09 1.00000E-09 1.00000E-09 1.00000E-09 1.00000E-09 1.00000E-09 1.00000E-09
 1.00000E-09 1.00000E-09 1.00000E-09 1.00000E-09 1.00000E-09 1.00000E-09 1.00000E-09 1.00000E-09
 1.00000E-09 1.00000E-09 1.00000E-09 1.00000E-09 1.00000E-09 1.00000E-09 1.00000E-09 1.00000E-09
 1.00000E-09 1.00000E-09 1.00000E-09 1.00000E-09 1.00000E-09 1.00000E-09 1.00000E-09 1.00000E-09
 1.00000E-09 1.00000E-09 1.00000E-09 1.00000E-09 1.00000E-09 1.00000E-09 1.00000E-09 1.00000E-09
 1.00000E-09 1.00000E-09 1.00000E-09 1.00000E-09 1.00000E-09 1.00000E-09 1.00000E-09 1.00000E-09
 1.00000E-09 1.00000E-09 1.00000E-09 1.00000E-09 1.00000E-09 1.00000E-09 1.00000E-09 1.00000E-09
 1.00000E-09 1.00000E-09 1.00000E-09 1.00000E-09 1.00000E-09 1.00000E-09 1.00000E-09 1.00000E-09
 1.00000E-09 1.00000E-09 1.00000E-09 1.00000E-09
