 2.01415E-10 9.96847E-17 7.59777E-03 3.38886E-14 8.15931E-12 6.78069E-10 4.53051E-08 4.41990E-21
 1.36788E-06 3.02760E-06 1.24124E-07 4.64981E-10 5.06509E-12 1.99356E-07 6.11081E-12 2.41865E-11
 1.65995E-14 1.19364E-10 8.47812E-13 2.51618E-14 4.91210E-16 9.98494E-23 8.77643E-10 1.07045E-13
 4.42959E-18 1.01286E-14 7.36784E-12 6.22705E-13 3.54772E-12 2.33766E-18 4.79641E-20 3.50937E-11
 1.58055E-12 7.85137E-14 2.08397E-10 1.21455E-16 5.81727E-03 3.92787E-14 8.37237E-12 7.10672E-10
 4.88165E-08 4.98192E-21 1.36801E-06 3.02460E-06 1.18744E-07 4.63574E-10 4.84247E-12 1.99338E-07
 7.48429E-12 2.66349E-11 2.18137E-14 1.58890E-10 1.51622E-12 2.42991E-14 6.98047E-16 1.94241E-22
 8.69948E-10 1.20357E-13 5.67478E-18 1.19034E-14 9.57946E-12 7.54746E-13 3.59485E-12 2.62818E-18
 6.69978E-20 5.49047E-11 2.66895E-12 8.84506E-14 2.07004E-10 1.48600E-16 4.34080E-03 4.50835E-14
 8.40861E-12 7.10197E-10 5.28933E-08 5.55503E-21 1.36816E-06 3.02188E-06 1.13715E-07 4.29812E-10
 4.48911E-12 1.99319E-07 9.16523E-12 2.93925E-11 2.83564E-14 2.03459E-10 2.72430E-12 2.35781E-14
 1.02253E-15 3.61460E-22 8.62872E-10 1.26317E-13 7.03081E-18 1.35572E-14 1.18581E-11 8.57385E-13
 3.66069E-12 2.92804E-18 8.89318E-20 7.38405E-11 3.88530E-12 9.21489E-14 2.01284E-10 1.81925E-16
 3.14007E-03 5.14102E-14 8.30165E-12 6.86299E-10 5.74189E-08 6.15751E-21 1.36833E-06 3.01945E-06
 1.09036E-07 3.79355E-10 4.05366E-12 1.99298E-07 1.13232E-11 3.27193E-11 3.69206E-14 2.53756E-10
 4.94555E-12 2.30328E-14 1.56494E-15 6.51258E-22 8.56460E-10 1.27555E-13 8.59133E-18 1.50886E-14
 1.42683E-11 9.45506E-13 3.76073E-12 3.26268E-18 1.17856E-19 9.26782E-11 5.25449E-12 9.55616E-14
 1.90668E-10 2.21575E-16 2.20044E-03 5.83397E-14 8.02709E-12 6.34022E-10 6.22461E-08 6.77263E-21
 1.36850E-06 3.01732E-06 1.04709E-07 3.17000E-10 3.54062E-12 1.99276E-07 1.41091E-11 3.64758E-11
 4.82975E-14 3.03901E-10 9.31598E-12 2.22442E-14 2.44888E-15 1.17083E-21 8.50749E-10 1.24270E-13
 1.04042E-17 1.64105E-14 1.65447E-11 1.01836E-12 3.91410E-12 3.66727E-18 1.59141E-19 1.11658E-10
 6.69513E-12 9.98346E-14 1.74779E-10 2.67338E-16 1.47738E-03 6.52913E-14 7.55034E-12 5.58858E-10
 6.71979E-08 7.32119E-21 1.36865E-06 3.01547E-06 1.00752E-07 2.51441E-10 2.98167E-12 1.99253E-07
 1.75206E-11 4.00347E-11 6.22260E-14 3.49376E-10 1.80547E-11 2.08619E-14 3.82530E-15 2.13939E-21
 8.45773E-10 1.16484E-13 1.24251E-17 1.74768E-14 1.85635E-11 1.06316E-12 4.15039E-12 4.15427E-18
 2.19269E-19 1.31054E-10 8.10641E-12 1.05674E-13 1.53192E-10 3.18821E-16 9.48732E-04 7.07600E-14
 6.85910E-12 4.69578E-10 7.20899E-08 7.64765E-21 1.36878E-06 3.01391E-06 9.71879E-08 1.90395E-10
 2.42631E-12 1.99227E-07 2.11442E-11 4.20542E-11 7.56186E-14 3.86265E-10 3.44351E-11 1.86792E-14
 5.70505E-15 4.04887E-21 8.41545E-10 1.04943E-13 1.44472E-17 1.83711E-14 2.02701E-11 1.06075E-12
 4.50980E-12 4.69368E-18 3.04666E-19 1.51158E-10 9.31779E-12 1.13895E-13 1.26474E-10 3.75288E-16
 5.79954E-04 7.22003E-14 5.94273E-12 3.75472E-10 7.67794E-08 7.51773E-21 1.36888E-06 3.01260E-06
 9.40317E-08 1.38206E-10 1.89839E-12 1.99201E-07 2.42332E-11 4.11813E-11 8.24477E-14 4.12342E-10
 6.05191E-11 1.57630E-14 7.84445E-15 8.03937E-21 8.38040E-10 8.99943E-14 1.60645E-17 1.91239E-14
 2.16634E-11 9.97134E-13 5.03230E-12 5.16055E-18 4.16501E-19 1.72143E-10 1.01107E-11 1.25128E-13
 9.78459E-11 4.35963E-16 3.33443E-04 6.84311E-14 4.83044E-12 2.85259E-10 8.12172E-08 6.86434E-21
 1.36895E-06 3.01151E-06 9.12694E-08 9.58785E-11 1.39796E-12 1.99172E-07 2.67674E-11 3.80323E-11
 8.08617E-14 4.28721E-10 9.22687E-11 1.25882E-14 1.02248E-14 1.63600E-20 8.35171E-10 7.13050E-14
 1.69910E-17 1.93568E-14 2.27911E-11 8.80390E-13 5.72642E-12 5.40933E-18 5.50873E-19 1.93761E-10
 1.03660E-11 1.39080E-13 7.23372E-11 5.02054E-16 1.81850E-04 6.25501E-14 3.67801E-12 2.06363E-10
 8.54392E-08 6.04811E-21 1.36899E-06 3.01056E-06 8.88505E-08 6.30770E-11 9.48127E-13 1.99141E-07
 3.05877E-11 3.56649E-11 7.92656E-14 4.39255E-10 1.18389E-10 9.85018E-15 1.39384E-14 3.10717E-20
 8.32804E-10 5.02216E-14 1.75496E-17 1.82878E-14 2.37318E-11 7.42136E-13 6.53821E-12 5.51285E-18
 7.18569E-19 2.15129E-10 1.02072E-11 1.54140E-13 5.23887E-11 5.74582E-16 9.38962E-05 5.78998E-14
 2.63377E-12 1.43104E-10 8.94912E-08 5.39490E-21 1.36900E-06 3.00971E-06 8.67158E-08 3.92637E-11
 5.82929E-13 1.99108E-07 3.84591E-11 3.62215E-11 8.65739E-14 4.47314E-10 1.29348E-10 7.73404E-15
 2.14180E-14 5.17117E-20 8.30805E-10 3.07279E-14 1.83096E-17 1.56656E-14 2.45673E-11 6.10553E-13
 7.36781E-12 5.63519E-18 9.56015E-19 2.34899E-10 9.85182E-12 1.67820E-13 3.75184E-11 6.54184E-16
 4.56985E-05 5.49590E-14 1.78493E-12 9.61855E-11 9.33865E-08 4.93735E-21 1.36897E-06 3.00892E-06
 8.48226E-08 2.33983E-11 3.28144E-13 1.99073E-07 5.26856E-11 3.95082E-11 1.05578E-13 4.54188E-10
 1.24166E-10 6.04540E-15 3.47182E-14 7.68759E-20 8.29071E-10 1.66509E-14 1.95222E-17 1.23819E-14
 2.53669E-11 4.95944E-13 8.10165E-12 5.78214E-18 1.30037E-18 2.51556E-10 9.40365E-12 1.77557E-13
 2.66154E-11 7.42379E-16 2.11681E-05 5.25567E-14 1.19609E-12 6.36316E-11 9.71273E-08 4.57068E-21
 1.36892E-06 3.00815E-06 8.31433E-08 1.36776E-11 1.80605E-13 1.99035E-07 7.21804E-11 4.26610E-11
 1.29622E-13 4.59585E-10 1.08780E-10 4.66367E-15 5.03299E-14 1.11432E-19 8.27526E-10 8.80148E-15
 2.10878E-17 9.74590E-15 2.61846E-11 3.98907E-13 8.61135E-12 5.79749E-18 1.75464E-18 2.63463E-10
 8.85076E-12 1.81031E-13 1.94018E-11 8.61824E-16 1.05111E-05 5.10011E-14 8.62689E-13 4.20831E-11
 1.00744E-07 4.39267E-21 1.36885E-06 3.00738E-06 8.16497E-08 8.04385E-12 1.10949E-13 1.98994E-07
 9.24285E-11 4.40535E-11 1.48256E-13 4.63309E-10 9.07255E-11 3.72614E-15 6.00305E-14 1.39463E-19
 8.26105E-10 5.13848E-15 2.28144E-17 8.21600E-15 2.70659E-11 3.20780E-13 8.72440E-12 5.62175E-18
 2.18788E-18 2.68746E-10 8.19371E-12 1.76821E-13 1.52988E-11 1.04680E-15 7.55251E-06 5.14881E-14
 7.12637E-13 2.82317E-11 1.04298E-07 4.55670E-21 1.36876E-06 3.00658E-06 8.03089E-08 4.86440E-12
 8.41591E-14 1.98949E-07 1.08610E-10 4.40963E-11 1.56593E-13 4.65921E-10 7.46872E-11 3.22071E-15
 6.02751E-14 1.44935E-19 8.24754E-10 3.61147E-15 2.46829E-17 7.67572E-15 2.80489E-11 2.62531E-13
 8.20121E-12 5.24007E-18 2.37071E-18 2.65082E-10 7.48408E-12 1.62864E-13 1.30309E-11 1.30552E-15
 6.14102E-06 5.41128E-14 6.59468E-13 1.91497E-11 1.08033E-07 5.02517E-21 1.36865E-06 3.00571E-06
 7.90341E-08 3.02279E-12 7.48799E-14 1.98898E-07 1.19350E-10 4.27409E-11 1.57996E-13 4.68183E-10
 6.14791E-11 2.97244E-15 5.65490E-14 1.51006E-19 8.23371E-10 3.05015E-15 2.71209E-17 7.87656E-15
 2.92012E-11 2.20786E-13 6.64153E-12 4.36499E-18 2.23508E-18 2.48715E-10 6.75613E-12 1.35805E-13
 1.17953E-11 1.65019E-15 5.04474E-06 5.87396E-14 6.42009E-13 1.32584E-11 1.12149E-07 5.78122E-21
 1.36850E-06 3.00469E-06 7.77788E-08 1.96280E-12 7.14329E-14 1.98836E-07 1.29536E-10 4.16361E-11
 1.61024E-13 4.70967E-10 5.12179E-11 2.84780E-15 5.24445E-14 1.60755E-19 8.21884E-10 2.85267E-15
 3.06575E-17 8.47437E-15 3.05813E-11 1.93105E-13 5.42085E-12 3.77232E-18 2.09420E-18 2.33973E-10
 6.12003E-12 1.11605E-13 1.10362E-11 2.13697E-15 4.19938E-06 6.43454E-14 6.37001E-13 8.78054E-12
 1.18118E-07 6.74149E-21 1.36824E-06 3.00314E-06 7.61815E-08 1.25988E-12 7.07848E-14 1.98739E-07
 1.39619E-10 4.13982E-11 1.63209E-13 4.76181E-10 4.22448E-11 2.79941E-15 4.87262E-14 1.75465E-19
 8.19783E-10 2.81803E-15 3.50923E-17 9.46991E-15 3.26991E-11 1.75828E-13 4.24562E-12 3.11679E-18
 1.84503E-18 2.17069E-10 5.45375E-12 8.79417E-14 1.05573E-11 2.87138E-15 3.94816E-06 7.07186E-14
 6.37856E-13 5.36953E-12 1.28340E-07 7.85750E-21 1.36776E-06 3.00035E-06 7.38322E-08 8.08081E-13
 7.19198E-14 1.98559E-07 1.49378E-10 4.24896E-11 1.63872E-13 4.84216E-10 3.45589E-11 2.83324E-15
 4.59616E-14 2.11782E-19 8.16283E-10 2.98863E-15 4.11434E-17 1.12867E-14 3.61983E-11 1.74466E-13
 3.03575E-12 2.29887E-18 1.46491E-18 1.94895E-10 4.67197E-12 6.36415E-14 1.02810E-11 4.08559E-15
 3.95986E-06 7.78875E-14 6.45485E-13 3.15781E-12 1.47097E-07 9.06306E-21 1.36676E-06 2.99498E-06
 7.02229E-08 5.72295E-13 7.49811E-14 1.98204E-07 1.57799E-10 4.56798E-11 1.62133E-13 4.99898E-10
 2.92405E-11 3.02019E-15 4.66277E-14 3.14793E-19 8.10065E-10 3.57991E-15 5.05220E-17 1.50637E-14
 4.23835E-11 2.02896E-13 1.86535E-12 1.39642E-18 9.90986E-19 1.65383E-10 3.76554E-12 3.99394E-14
 1.02229E-11 6.14316E-15 3.97968E-06 8.65554E-14 6.70262E-13 2.14245E-12 1.77498E-07 1.04047E-20
 1.36497E-06 2.98594E-06 6.54594E-08 4.95570E-13 8.10718E-14 1.97590E-07 1.63888E-10 5.11638E-11
 1.58457E-13 5.28368E-10 2.70072E-11 3.45535E-15 5.29704E-14 5.86801E-19 8.00365E-10 4.95099E-15
 6.53309E-17 2.26948E-14 5.19991E-11 2.78161E-13 9.94009E-13 7.08664E-19 5.80754E-19 1.32693E-10
 2.88202E-12 2.18439E-14 1.02046E-11 9.83452E-15 4.01336E-06 9.53556E-14 7.00826E-13 1.74929E-12
 2.27218E-07 1.16000E-20 1.36180E-06 2.97066E-06 5.93090E-08 4.84957E-13 8.88296E-14 1.96529E-07
 1.68249E-10 6.04666E-11 1.51117E-13 5.79574E-10 2.72112E-11 4.30447E-15 6.91363E-14 1.34139E-18
 7.85208E-10 7.67173E-15 8.77093E-17 3.81321E-14 6.69682E-11 4.47336E-13 4.40848E-13 2.80393E-19
 2.78619E-19 9.85311E-11 2.02376E-12 9.93187E-15 1.01908E-11 1.64283E-14 4.06594E-06 1.04035E-13
 7.36170E-13 1.61183E-12 3.02625E-07 1.25354E-20 1.35664E-06 2.94691E-06 5.21378E-08 4.95747E-13
 9.72476E-14 1.94846E-07 1.72719E-10 7.47939E-11 1.42170E-13 6.61387E-10 2.92451E-11 5.85060E-15
 1.02556E-13 3.41011E-18 7.63430E-10 1.26427E-14 1.19928E-16 6.79489E-14 8.83646E-11 7.94356E-13
 1.60326E-13 8.62695E-20 1.09052E-19 6.71285E-11 1.28809E-12 3.66032E-15 1.04701E-11 2.63150E-14
 4.12504E-06 1.16661E-13 8.04988E-13 1.63836E-12 3.85922E-07 1.40726E-20 1.35061E-06 2.92034E-06
 4.61390E-08 5.28804E-13 1.08465E-13 1.92926E-07 1.79478E-10 9.01575E-11 1.38746E-13 7.53096E-10
 3.17494E-11 7.93025E-15 1.47898E-13 7.54979E-18 7.40824E-10 2.02704E-14 1.61951E-16 1.13360E-13
 1.10427E-10 1.28502E-12 5.83580E-14 2.81811E-20 4.60654E-20 4.63372E-11 8.48641E-13 1.32917E-15
 1.08294E-11 4.21121E-14 4.20017E-06 1.30967E-13 8.93762E-13 1.73965E-12 4.90878E-07 1.58135E-20
 1.34269E-06 2.88670E-06 4.05504E-08 5.71342E-13 1.20272E-13 1.90451E-07 1.88735E-10 1.10201E-10
 1.36744E-13 8.68959E-10 3.53375E-11 1.10415E-14 2.21300E-13 1.59714E-17 7.14273E-10 3.23461E-14
 2.17410E-16 1.85541E-13 1.36116E-10 2.06260E-12 1.95547E-14 8.46063E-21 2.14305E-20 3.11250E-11
 5.44453E-13 4.37496E-16 1.12640E-11 6.72028E-14 4.29396E-06 1.47282E-13 1.00993E-12 1.92024E-12
 6.21932E-07 1.78539E-20 1.33247E-06 2.84487E-06 3.55058E-08 6.24462E-13 1.32641E-13 1.87319E-07
 2.00616E-10 1.36151E-10 1.36062E-13 1.01254E-09 4.03104E-11 1.56976E-14 3.40601E-13 3.22627E-17
 6.83600E-10 5.14504E-14 2.89999E-16 2.97653E-13 1.65448E-10 3.27278E-12 6.04642E-15 2.34718E-21
 1.38920E-20 2.03655E-11 3.40156E-13 1.30571E-16 1.18233E-11 1.06521E-13 4.40732E-06 1.66645E-13
 1.16730E-12 2.21795E-12 7.81725E-07 2.04538E-20 1.31974E-06 2.79451E-06 3.11485E-08 6.96778E-13
 1.46584E-13 1.83487E-07 2.14776E-10 1.68744E-10 1.36764E-13 1.18466E-09 4.69166E-11 2.25672E-14
 5.29863E-13 6.22191E-17 6.49235E-10 8.19935E-14 3.84580E-16 4.68174E-13 1.97789E-10 5.09548E-12
 1.74301E-15 6.13526E-22 1.31401E-20 1.30416E-11 2.08777E-13 3.56795E-17 1.25514E-11 1.66881E-13
 4.53882E-06 1.90440E-13 1.38142E-12 2.68648E-12 9.70340E-07 2.40000E-20 1.30454E-06 2.73631E-06
 2.75739E-08 7.98654E-13 1.63332E-13 1.78989E-07 2.30680E-10 2.07934E-10 1.38892E-13 1.38232E-09
 5.52056E-11 3.23649E-14 8.14687E-13 1.14480E-16 6.12212E-10 1.31004E-13 5.07100E-16 7.21553E-13
 2.31892E-10 7.71297E-12 4.74521E-16 1.54484E-22 1.46949E-20 8.23360E-12 1.27368E-13 9.05866E-18
 1.35019E-11 2.56323E-13 4.68138E-06 2.20658E-13 1.67053E-12 3.39047E-12 1.18026E-06 2.91332E-20
 1.28760E-06 2.67344E-06 2.48664E-08 9.41541E-13 1.84620E-13 1.74056E-07 2.47617E-10 2.51704E-10
 1.42551E-13 1.59380E-09 6.47159E-11 4.53810E-14 1.20017E-12 1.99031E-16 5.74862E-10 2.08403E-13
 6.64036E-16 1.08416E-12 2.65350E-10 1.11648E-11 1.27241E-16 3.95653E-23 1.70789E-20 5.24127E-12
 7.93424E-14 2.24229E-18 1.46753E-11 3.89655E-13 4.83845E-06 2.58295E-13 2.05620E-12 4.43556E-12
 1.41958E-06 3.64070E-20 1.26844E-06 2.60442E-06 2.28292E-08 1.13900E-12 2.11403E-13 1.68562E-07
 2.65164E-10 3.01603E-10 1.47025E-13 1.82317E-09 7.58834E-11 6.29930E-14 1.72651E-12 3.35186E-16
 5.36532E-10 3.33152E-13 8.65882E-16 1.60956E-12 2.98418E-10 1.57754E-11 3.29210E-17 9.97928E-24
 1.94404E-20 3.33132E-12 4.98712E-14 5.30303E-19 1.61491E-11 5.87287E-13 5.00932E-06 3.06219E-13
 2.57776E-12 6.00275E-12 1.69119E-06 4.69541E-20 1.24705E-06 2.52962E-06 2.13692E-08 1.41637E-12
 2.46326E-13 1.62523E-07 2.82689E-10 3.57632E-10 1.52439E-13 2.06802E-09 8.88960E-11 8.66726E-14
 2.42708E-12 5.51746E-16 4.97662E-10 5.38196E-13 1.12618E-15 2.37348E-12 3.30234E-10 2.18593E-11
 8.20763E-18 2.47908E-24 2.14668E-20 2.11460E-12 3.18364E-14 1.20143E-19 1.79108E-11 8.78757E-13
 5.19303E-06 3.66229E-13 3.26826E-12 8.30367E-12 1.99841E-06 6.21700E-20 1.22345E-06 2.44950E-06
 2.03990E-08 1.79261E-12 2.90384E-13 1.55964E-07 3.00314E-10 4.20548E-10 1.58435E-13 2.32398E-09
 1.03685E-10 1.18116E-13 3.33755E-12 8.82667E-16 4.58698E-10 8.70385E-13 1.45700E-15 3.46771E-12
 3.59933E-10 2.96977E-11 1.96752E-18 6.02400E-25 2.29971E-20 1.34003E-12 2.09079E-14 2.60518E-20
 1.99951E-11 1.30432E-12 5.38518E-06 4.41247E-13 4.17279E-12 1.16271E-11 2.33944E-06 8.43051E-20
 1.19813E-06 2.36601E-06 1.98477E-08 2.29350E-12 3.45655E-13 1.49035E-07 3.18217E-10 4.90481E-10
 1.64957E-13 2.58099E-09 1.19873E-10 1.58833E-13 4.47056E-12 1.35435E-15 4.20699E-10 1.39545E-12
 1.86944E-15 4.99428E-12 3.86233E-10 3.93434E-11 4.58274E-19 1.44730E-25 2.40975E-20 8.53397E-13
 1.51682E-14 5.48080E-21 2.24543E-11 1.91898E-12 5.58028E-06 5.34997E-13 5.34649E-12 1.63292E-11
 2.71008E-06 1.16751E-19 1.17176E-06 2.28158E-06 1.96372E-08 2.94724E-12 4.14763E-13 1.41935E-07
 3.36776E-10 5.67667E-10 1.72058E-13 2.82716E-09 1.36921E-10 2.10167E-13 5.81651E-12 1.96816E-15
 3.84743E-10 2.19938E-12 2.37395E-15 7.05852E-12 4.08060E-10 5.06028E-11 1.05606E-19 3.50277E-26
 2.49944E-20 5.51838E-13 1.50139E-14 1.14278E-21 2.52783E-11 2.80846E-12 5.78035E-06 6.51006E-13
 6.84868E-12 2.28859E-11 3.12003E-06 1.64129E-19 1.14401E-06 2.19535E-06 1.96884E-08 3.77633E-12
 4.98475E-13 1.34589E-07 3.56879E-10 6.55732E-10 1.79895E-13 3.06002E-09 1.54996E-10 2.75361E-13
 7.43668E-12 2.71885E-15 3.50413E-10 3.40144E-12 2.98416E-15 9.80078E-12 4.25376E-10 6.36699E-11
 2.37637E-20 8.37753E-27 2.56413E-20 3.60654E-13 2.50725E-14 2.32803E-22 2.84831E-11 4.09403E-12
 5.98497E-06 7.94104E-13 8.74997E-12 3.18629E-11 3.57547E-06 2.33457E-19 1.11489E-06 2.10754E-06
 1.99446E-08 4.79766E-12 5.97688E-13 1.27015E-07 3.79554E-10 7.58524E-10 1.88840E-13 3.27235E-09
 1.74075E-10 3.58193E-13 9.39373E-12 3.55905E-15 3.17759E-10 5.14306E-12 3.71227E-15 1.33488E-11
 4.37883E-10 7.85259E-11 5.19749E-21 1.96751E-27 2.61090E-20 2.38261E-13 5.92091E-14 4.61507E-23
 3.21149E-11 5.94662E-12 6.19209E-06 9.70657E-13 1.11348E-11 4.39120E-11 4.07940E-06 3.35491E-19
 1.08463E-06 2.01905E-06 2.03586E-08 6.02079E-12 7.13482E-13 1.19293E-07 4.06010E-10 8.80620E-10
 1.99388E-13 3.45338E-09 1.93981E-10 4.63307E-13 1.17530E-11 4.38512E-15 2.87057E-10 7.57320E-12
 4.56916E-15 1.77909E-11 4.45355E-10 9.48803E-11 1.10744E-21 4.55223E-28 2.65665E-20 1.59783E-13
 1.37687E-13 8.94324E-24 3.62350E-11 8.61955E-12 6.40169E-06 1.18886E-12 1.41107E-11 5.98564E-11
 4.63961E-06 4.86932E-19 1.05320E-06 1.92993E-06 2.08951E-08 7.44955E-12 8.46752E-13 1.11431E-07
 4.37640E-10 1.02924E-09 2.12128E-13 3.59282E-09 2.14758E-10 5.98517E-13 1.46439E-11 5.06628E-15
 2.58245E-10 1.08495E-11 5.56633E-15 2.31886E-11 4.47853E-10 1.12518E-10 2.28330E-22 1.03377E-28
 2.71204E-20 1.08988E-13 1.88482E-13 1.68981E-24 4.08824E-11 1.24722E-11 6.61337E-06 1.45902E-12
 1.77948E-11 8.05899E-11 5.26351E-06 7.13449E-19 1.02061E-06 1.84035E-06 2.15248E-08 9.06361E-12
 9.96754E-13 1.03456E-07 4.76223E-10 1.21317E-09 2.27929E-13 3.67806E-09 2.36179E-10 7.74288E-13
 1.82131E-11 5.48888E-15 2.31303E-10 1.51074E-11 6.71952E-15 2.95394E-11 4.45592E-10 1.31111E-10
 4.52477E-23 2.33227E-29 2.79969E-20 7.59824E-14 2.21488E-13 3.15400E-25 4.60957E-11 1.80188E-11
 6.82700E-06 1.79464E-12 2.23292E-11 1.07155E-10 5.95929E-06 1.05567E-18 9.86815E-07 1.75041E-06
 2.22246E-08 1.08328E-11 1.16251E-12 9.53894E-08 5.23532E-10 1.44289E-09 2.47731E-13 3.69555E-09
 2.57684E-10 1.00537E-12 2.26089E-11 5.59632E-15 2.06177E-10 2.04647E-11 8.05022E-15 3.68002E-11
 4.38951E-10 1.50258E-10 8.53579E-24 5.73586E-30 2.95521E-20 5.45966E-14 2.42873E-13 6.38263E-26
 5.19401E-11 2.59958E-11 7.04227E-06 2.21398E-12 2.79060E-11 1.40829E-10 6.73420E-06 1.58034E-18
 9.51829E-07 1.66026E-06 2.29758E-08 1.27413E-11 1.34538E-12 8.72645E-08 5.80811E-10 1.72936E-09
 2.72299E-13 3.63250E-09 2.78069E-10 1.31214E-12 2.78977E-11 5.39753E-15 1.82830E-10 2.70531E-11
 9.58643E-15 4.49325E-11 4.28470E-10 1.69364E-10 1.51550E-24 2.24465E-30 3.24040E-20 4.10136E-14
 2.56456E-13 2.04353E-26 5.84520E-11 3.74482E-11 7.25858E-06 2.73943E-12 3.47540E-11 1.82959E-10
 7.59348E-06 2.39765E-18 9.15695E-07 1.57019E-06 2.37623E-08 1.47884E-11 1.54909E-12 7.91345E-08
 6.48354E-10 2.08164E-09 3.01852E-13 3.48024E-09 2.95131E-10 1.72064E-12 3.39089E-11 4.96126E-15
 1.61250E-10 3.50364E-11 1.13650E-14 5.39525E-11 4.14881E-10 1.87529E-10 2.50408E-25 2.00465E-30
 3.77013E-20 3.28733E-14 2.64597E-13 1.48861E-26 6.56255E-11 5.38870E-11 7.47671E-06 3.39915E-12
 4.31553E-11 2.35059E-10 8.54663E-06 3.69426E-18 8.78229E-07 1.47988E-06 2.45758E-08 1.70018E-11
 1.78044E-12 7.10088E-08 7.25073E-10 2.50540E-09 3.36009E-13 3.23829E-09 3.06049E-10 2.26443E-12
 4.01384E-11 4.39420E-15 1.41288E-10 4.46923E-11 1.34339E-14 6.40132E-11 3.98912E-10 2.03741E-10
 3.78930E-26 2.84384E-30 4.75155E-20 2.86861E-14 2.68784E-13 1.71959E-26 7.34132E-11 7.74550E-11
 7.69671E-06 4.22807E-12 5.34319E-11 2.98336E-10 9.60026E-06 5.79272E-18 8.39361E-07 1.38936E-06
 2.54082E-08 1.94345E-11 2.05078E-12 6.29364E-08 8.08099E-10 2.99754E-09 3.73563E-13 2.91748E-09
 3.07515E-10 2.98034E-12 4.55804E-11 3.79194E-15 1.22880E-10 5.64162E-11 1.58589E-14 7.54004E-11
 3.81397E-10 2.16552E-10 5.36568E-27 4.77190E-30 6.56967E-20 2.75963E-14 2.69874E-13 2.34265E-26
 8.17089E-11 1.11205E-10 7.91855E-06 5.26918E-12 6.59155E-11 3.73206E-10 1.07605E-05 9.26118E-18
 7.99028E-07 1.29867E-06 2.62539E-08 2.21470E-11 2.37511E-12 5.49812E-08 8.93162E-10 3.54490E-09
 4.12634E-13 2.54024E-09 2.96856E-10 3.90553E-12 4.89292E-11 3.21904E-15 1.05967E-10 7.06951E-11
 1.87344E-14 8.85100E-11 3.63210E-10 2.24262E-10 1.05345E-27 8.82074E-30 9.91688E-20 2.91266E-14
 2.68343E-13 3.50555E-26 9.04014E-11 1.59395E-10 8.14024E-06 6.57663E-12 8.09057E-11 4.58135E-10
 1.20218E-05 1.51215E-17 7.57531E-07 1.20862E-06 2.71026E-08 2.51891E-11 2.77422E-12 4.72870E-08
 9.75270E-10 4.12191E-09 4.50903E-13 2.13881E-09 2.72878E-10 5.06807E-12 4.89474E-11 2.69800E-15
 9.06240E-11 8.79652E-11 2.22060E-14 1.03752E-10 3.45384E-10 2.24917E-10 8.25983E-28 1.74118E-29
 1.59820E-19 3.30082E-14 2.64462E-13 5.58360E-26 9.93406E-11 2.28065E-10 8.36093E-06 8.22333E-12
 9.86555E-11 5.49374E-10 1.33764E-05 2.52516E-17 7.14988E-07 1.11960E-06 2.79472E-08 2.85609E-11
 3.27220E-12 3.99650E-08 1.05021E-09 4.69773E-09 4.86623E-13 1.74668E-09 2.37247E-10 6.48585E-12
 4.52257E-11 2.23110E-15 7.68169E-11 1.08499E-10 2.64942E-14 1.21467E-10 3.28707E-10 2.17149E-10
 1.31742E-27 3.56330E-29 2.67313E-19 3.90884E-14 2.58381E-13 9.18656E-26 1.08218E-10 3.25816E-10
 8.58179E-06 1.03077E-11 1.19305E-10 6.40697E-10 1.48153E-05 4.31496E-17 6.71124E-07 1.03114E-06
 2.87844E-08 3.21470E-11 3.89019E-12 3.30647E-08 1.11578E-09 5.24302E-09 5.19196E-13 1.39005E-09
 1.94312E-10 8.16320E-12 3.84845E-11 1.81352E-15 6.43846E-11 1.32171E-10 3.19285E-14 1.41789E-10
 3.13569E-10 2.00721E-10 2.23619E-27 7.38178E-29 4.53620E-19 4.73363E-14 2.50133E-13 1.52372E-25
 1.16642E-10 4.64546E-10 8.80302E-06 1.29688E-11 1.42874E-10 7.23359E-10 1.63095E-05 7.54228E-17
 6.25850E-07 9.43198E-07 2.96034E-08 3.56939E-11 4.64597E-12 2.66731E-08 1.17240E-09 5.73135E-09
 5.49518E-13 1.08507E-09 1.49581E-10 1.00751E-11 3.01351E-11 1.43646E-15 5.32393E-11 1.58159E-10
 3.89965E-14 1.64442E-10 3.00169E-10 1.76619E-10 3.72685E-27 1.52254E-28 7.67969E-19 5.77239E-14
 2.39745E-13 2.50400E-25 1.24038E-10 6.60330E-10 9.02441E-06 1.63971E-11 1.69181E-10 7.87505E-10
 1.78162E-05 1.34549E-16 5.79160E-07 8.55871E-07 3.03882E-08 3.87756E-11 5.54009E-12 2.08832E-08
 1.22332E-09 6.14341E-09 5.80188E-13 8.36347E-10 1.08465E-10 1.21508E-11 2.18026E-11 1.10212E-15
 4.33163E-11 1.84843E-10 4.83803E-14 1.88663E-10 2.88421E-10 1.47376E-10 6.02184E-27 3.09181E-28
 1.28349E-18 7.01794E-14 2.27289E-13 4.02938E-25 1.29839E-10 9.33872E-10 9.24206E-06 2.08434E-11
 1.97759E-10 8.23762E-10 1.92676E-05 2.43912E-16 5.31868E-07 7.70716E-07 3.11105E-08 4.08760E-11
 6.55392E-12 1.58547E-08 1.27401E-09 6.46639E-09 6.14837E-13 6.40546E-10 7.45358E-11 1.42577E-11
 1.46752E-11 8.16646E-16 3.46940E-11 2.09882E-10 6.10109E-14 2.13284E-10 2.78220E-10 1.16527E-10
 9.35716E-27 6.12245E-28 2.09875E-18 8.43339E-14 2.13134E-13 6.28599E-25 1.33274E-10 1.30928E-09
 9.45335E-06 2.65679E-11 2.27766E-10 8.26543E-10 2.06056E-05 4.45274E-16 4.84583E-07 6.88742E-07
 3.17473E-08 4.15092E-11 7.63020E-12 1.16594E-08 1.32957E-09 6.69939E-09 6.55242E-13 4.88901E-10
 4.89143E-11 1.62521E-11 9.28467E-12 5.85681E-16 2.73521E-11 2.30927E-10 7.80183E-14 2.37334E-10
 2.69251E-10 8.77264E-11 1.39228E-26 1.17413E-27 3.34075E-18 9.97379E-14 1.97729E-13 9.46501E-25
 1.33953E-10 1.82213E-09 9.65851E-06 3.40377E-11 2.58583E-10 7.96647E-10 2.17546E-05 8.18614E-16
 4.37326E-07 6.09830E-07 3.22810E-08 4.03860E-11 8.69759E-12 8.26587E-09 1.39740E-09 6.84451E-09
 7.08037E-13 3.73664E-10 3.09889E-11 1.79435E-11 5.57729E-12 4.10223E-16 2.11537E-11 2.46767E-10
 1.01346E-13 2.60298E-10 2.61013E-10 6.33356E-11 1.98919E-26 2.17966E-27 5.17138E-18 1.16007E-13
 1.81458E-13 1.37056E-24 1.31509E-10 2.51532E-09 9.85682E-06 4.37970E-11 2.89216E-10 7.38653E-10
 2.26417E-05 1.51006E-15 3.90350E-07 5.34211E-07 3.26926E-08 3.74797E-11 9.65413E-12 5.62569E-09
 1.48435E-09 6.90786E-09 7.78277E-13 2.86717E-10 1.91062E-11 1.91596E-11 3.20577E-12 2.83321E-16
 1.59972E-11 2.56792E-10 1.33769E-13 2.82254E-10 2.53214E-10 4.42783E-11 2.73204E-26 3.91069E-27
 7.77260E-18 1.32636E-13 1.64826E-13 1.90427E-24 1.25842E-10 3.44280E-09 1.00472E-05 5.65416E-11
 3.18584E-10 6.60662E-10 2.32187E-05 2.78629E-15 3.44036E-07 4.62254E-07 3.29667E-08 3.30897E-11
 1.03878E-11 3.65969E-09 1.59725E-09 6.89566E-09 8.72190E-13 2.21318E-10 1.15808E-11 1.97577E-11
 1.78061E-12 1.95500E-16 1.17866E-11 2.61169E-10 1.79348E-13 3.03633E-10 2.45617E-10 3.02846E-11
 3.61091E-26 6.77034E-27 1.13384E-17 1.49076E-13 1.48383E-13 2.53382E-24 1.17335E-10 4.67161E-09
 1.02263E-05 7.31600E-11 3.45656E-10 5.72639E-10 2.34773E-05 5.12857E-15 2.99315E-07 3.95085E-07
 3.30972E-08 2.78016E-11 1.08055E-11 2.27659E-09 1.74332E-09 6.81238E-09 9.98669E-13 1.72304E-10
 7.01654E-12 1.96364E-11 9.71094E-13 1.37206E-16 8.45622E-12 2.60588E-10 2.43825E-13 3.24832E-10
 2.38085E-10 2.04639E-11 4.59352E-26 1.12825E-26 1.60689E-17 1.64650E-13 1.32804E-13 3.22193E-24
 1.06694E-10 6.28872E-09 1.03918E-05 9.47949E-11 3.69657E-10 4.83429E-10 2.34205E-05 9.40895E-15
 2.57014E-07 3.33545E-07 3.30962E-08 2.22923E-11 1.08654E-11 1.35696E-09 1.93000E-09 6.66093E-09
 1.16837E-12 1.35512E-10 4.28984E-12 1.87960E-11 5.24253E-13 9.88221E-17 5.90615E-12 2.55801E-10
 3.35670E-13 3.46173E-10 2.30708E-10 1.37449E-11 5.63681E-26 1.80984E-26 2.21492E-17 1.78848E-13
 1.18600E-13 3.91414E-24 9.46245E-11 8.40736E-09 1.05432E-05 1.22861E-10 3.89993E-10 3.98887E-10
 2.30267E-05 1.72158E-14 2.17467E-07 2.77701E-07 3.29920E-08 1.71143E-11 1.05765E-11 7.73756E-10
 2.16492E-09 6.44188E-09 1.39168E-12 1.07551E-10 2.62721E-12 1.73421E-11 2.77586E-13 7.25525E-17
 4.00122E-12 2.47218E-10 4.68077E-13 3.67931E-10 2.23865E-10 9.18651E-12 6.70339E-26 2.80374E-26
 2.96836E-17 1.91479E-13 1.05962E-13 4.55128E-24 8.19881E-11 1.11701E-08 1.06787E-05 1.58999E-10
 4.06243E-10 3.22796E-10 2.22760E-05 3.14213E-14 1.81317E-07 2.28043E-07 3.28275E-08 1.26576E-11
 1.00085E-11 4.23893E-10 2.45538E-09 6.15402E-09 1.67780E-12 8.59021E-11 1.58957E-12 1.54361E-11
 1.41896E-13 5.35838E-17 2.62870E-12 2.35033E-10 6.61088E-13 3.90033E-10 2.18216E-10 6.09824E-12
 7.75927E-26 4.20866E-26 3.86122E-17 2.02409E-13 9.50223E-14 5.07496E-24 6.94574E-11 1.47524E-08
 1.07980E-05 2.04984E-10 4.18381E-10 2.57392E-10 2.11911E-05 5.71298E-14 1.48932E-07 1.84659E-07
 3.26468E-08 9.07658E-12 9.23721E-12 2.24121E-10 2.80668E-09 5.79616E-09 2.03375E-12 6.88056E-11
 9.42289E-13 1.32578E-11 6.93110E-14 3.94741E-17 1.67326E-12 2.19747E-10 9.44237E-13 4.12111E-10
 2.14183E-10 4.01128E-12 8.78244E-26 6.14023E-26 4.87496E-17 2.11701E-13 8.57200E-14 5.44190E-24
 5.75742E-11 1.93674E-08 1.09006E-05 2.62611E-10 4.27020E-10 2.03805E-10 1.98609E-05 1.03165E-13
 1.20590E-07 1.47530E-07 3.24923E-08 6.35619E-12 8.32975E-12 1.15287E-10 3.22034E-09 5.36953E-09
 2.46541E-12 5.51188E-11 5.51794E-13 1.09780E-11 3.25466E-14 2.91427E-17 1.03289E-12 2.02403E-10
 1.35836E-12 4.33387E-10 2.11877E-10 2.61196E-12 9.76240E-26 8.72118E-26 5.99393E-17 2.19495E-13
 7.79154E-14 5.63045E-24 4.67133E-11 2.52809E-08 1.09873E-05 3.33348E-10 4.33070E-10 1.61483E-10
 1.83695E-05 1.84451E-13 9.63312E-08 1.16358E-07 3.24157E-08 4.37991E-12 7.35535E-12 5.83334E-11
 3.69233E-09 4.88005E-09 2.96859E-12 4.39443E-11 3.20583E-13 8.76210E-12 1.47209E-14 2.15734E-17
 6.19266E-13 1.83915E-10 1.96095E-12 4.52887E-10 2.11608E-10 1.67902E-12 1.07068E-25 1.20871E-25
 7.19993E-17 2.26014E-13 7.13838E-14 5.64277E-24 3.70634E-11 3.28206E-08 1.10597E-05 4.18181E-10
 4.37815E-10 1.28750E-10 1.67282E-05 3.26286E-13 7.58031E-08 9.03990E-08 3.24819E-08 2.99226E-12
 6.38882E-12 2.92766E-11 4.21122E-09 4.34014E-09 3.51269E-12 3.45337E-11 1.80243E-13 6.75515E-12
 6.23605E-15 1.56118E-17 3.59184E-13 1.64669E-10 2.83972E-12 4.69569E-10 2.14176E-10 1.05653E-12
 1.16799E-25 1.64533E-25 8.43160E-17 2.31575E-13 6.58112E-14 5.50801E-24 2.87721E-11 4.23697E-08
 1.11189E-05 5.16907E-10 4.42718E-10 1.04132E-10 1.50083E-05 5.69163E-13 5.88768E-08 6.92461E-08
 3.27622E-08 2.04459E-12 5.47577E-12 1.49039E-11 4.75843E-09 3.76919E-09 4.05532E-12 2.65736E-11
 9.80130E-14 5.03286E-12 2.46678E-15 1.09825E-17 2.02007E-13 1.45408E-10 4.11037E-12 4.81912E-10
 2.20389E-10 6.47975E-13 1.27379E-25 2.20493E-25 9.64388E-17 2.36372E-13 6.10015E-14 5.25617E-24
 2.18509E-11 5.43885E-08 1.11664E-05 6.28073E-10 4.49432E-10 8.61279E-11 1.32881E-05 9.75876E-13
 4.52640E-08 5.23379E-08 3.33246E-08 1.40734E-12 4.63766E-12 7.93139E-12 5.30978E-09 3.19180E-09
 4.54628E-12 1.99301E-11 5.19404E-14 3.62616E-12 9.16203E-16 7.51094E-18 1.10377E-13 1.26859E-10
 5.92179E-12 4.88303E-10 2.31089E-10 3.86217E-13 1.39400E-25 2.91135E-25 1.08085E-16 2.40566E-13
 5.67956E-14 4.91748E-24 1.62400E-11 6.94047E-08 1.12034E-05 7.49015E-10 4.59695E-10 7.34417E-11
 1.16612E-05 1.63785E-12 3.46321E-08 3.91018E-08 3.42302E-08 9.80877E-13 3.87693E-12 4.58179E-12
 5.83834E-09 2.63521E-09 4.94752E-12 1.45693E-11 2.75684E-14 2.53026E-12 3.28193E-16 5.06845E-18
 5.88317E-14 1.09746E-10 8.43541E-12 4.87176E-10 2.47029E-10 2.24016E-13 1.53210E-25 3.77824E-25
 1.19495E-16 2.44256E-13 5.30943E-14 4.51927E-24 1.18284E-11 8.79823E-08 1.12317E-05 8.75915E-10
 4.74749E-10 6.47639E-11 1.01791E-05 2.68154E-12 2.65956E-08 2.89374E-08 3.55428E-08 6.94736E-13
 3.20036E-12 2.96263E-12 6.31817E-09 2.12570E-09 5.22397E-12 1.03910E-11 1.48880E-14 1.71911E-12
 1.15584E-16 3.38856E-18 3.07438E-14 9.42569E-11 1.18046E-11 4.77382E-10 2.69069E-10 1.26609E-13
 1.68788E-25 4.80478E-25 1.30897E-16 2.47527E-13 4.98121E-14 4.08784E-24 8.44394E-12 1.10621E-07
 1.12530E-05 1.00433E-09 4.95070E-10 5.89177E-11 8.86197E-06 4.27034E-12 2.07227E-08 2.12088E-08
 3.73315E-08 4.99500E-13 2.60722E-12 2.15128E-12 6.72906E-09 1.68352E-09 5.34922E-12 7.24831E-12
 8.20521E-15 1.14805E-12 4.05028E-17 2.23098E-18 1.57578E-14 8.02449E-11 1.61274E-11 4.58540E-10
 2.97671E-10 6.98940E-14 1.85521E-25 5.96797E-25 1.42346E-16 2.50476E-13 4.68520E-14 3.64897E-24
 5.92933E-12 1.37693E-07 1.12685E-05 1.13077E-09 5.20512E-10 5.50348E-11 7.72483E-06 6.60097E-12
 1.67020E-08 1.54352E-08 3.96335E-08 3.63815E-13 2.09781E-12 1.71904E-12 7.06174E-09 1.31832E-09
 5.32759E-12 4.98028E-12 4.64956E-15 7.62131E-13 1.44074E-17 1.44541E-18 7.96336E-15 6.76319E-11
 2.13683E-11 4.31318E-10 3.32306E-10 3.79374E-14 2.02116E-25 7.21281E-25 1.54022E-16 2.53150E-13
 4.41663E-14 3.22685E-24 4.11807E-12 1.69422E-07 1.12793E-05 1.25412E-09 5.50670E-10 5.26088E-11
 6.78397E-06 9.89169E-12 1.42812E-08 1.12035E-08 4.24401E-08 2.67263E-13 1.66434E-12 1.46574E-12
 7.31879E-09 1.02804E-09 5.20623E-12 3.41296E-12 2.78889E-15 5.07962E-13 5.42324E-18 9.40554E-19
 4.00151E-15 5.65817E-11 2.72853E-11 3.97564E-10 3.71215E-10 2.04996E-14 2.17122E-25 8.45702E-25
 1.66836E-16 2.55572E-13 4.17316E-14 2.84593E-24 2.84178E-12 2.06010E-07 1.12863E-05 1.37415E-09
 5.84639E-10 5.10715E-11 5.99879E-06 1.44177E-11 1.32539E-08 8.13172E-09 4.57484E-08 1.97516E-13
 1.30724E-12 1.29603E-12 7.51044E-09 8.02742E-10 5.00513E-12 2.34213E-12 1.74103E-15 3.42440E-13
 2.14364E-18 6.06431E-19 2.00900E-15 4.68639E-11 3.36111E-11 3.59597E-10 4.12585E-10 1.10593E-14
 2.29647E-25 9.65073E-25 1.80554E-16 2.57793E-13 3.94968E-14 2.52026E-24 1.95835E-12 2.47547E-07
 1.12904E-05 1.49171E-09 6.21716E-10 5.01138E-11 5.34281E-06 2.04997E-11 1.35106E-08 5.92247E-09
 4.95275E-08 1.46635E-13 1.01964E-12 1.16703E-12 7.64922E-09 6.30220E-10 4.75377E-12 1.61737E-12
 1.12646E-15 2.34538E-13 8.91396E-19 3.87352E-19 1.01413E-15 3.84544E-11 4.00201E-11 3.19988E-10
 4.54200E-10 5.98755E-15 2.39358E-25 1.07609E-24 1.95242E-16 2.59848E-13 3.74271E-14 2.25817E-24
 1.35345E-12 2.94067E-07 1.12920E-05 1.60847E-09 6.61518E-10 4.96103E-11 4.79774E-06 2.85055E-11
 1.50387E-08 4.34092E-09 5.37297E-08 1.09211E-13 7.90855E-13 1.06008E-12 7.74709E-09 4.98710E-10
 4.48347E-12 1.12952E-12 7.59748E-16 1.63544E-13 3.93501E-19 2.47588E-19 5.17681E-16 3.13738E-11
 4.61856E-11 2.81061E-10 4.94046E-10 3.27377E-15 2.46533E-25 1.17748E-24 2.11334E-16 2.61763E-13
 3.54960E-14 2.06306E-24 9.38489E-13 3.45526E-07 1.12912E-05 1.72667E-09 7.04019E-10 4.95849E-11
 4.35328E-06 3.88269E-11 1.79614E-08 3.19974E-09 5.83405E-08 8.12185E-14 6.07402E-13 9.66623E-13
 7.81381E-09 3.98213E-10 4.22567E-12 8.02211E-13 5.44598E-16 1.16192E-13 1.88328E-19 1.61825E-19
 2.66945E-16 2.56044E-11 5.17707E-11 2.44479E-10 5.30813E-10 1.82136E-15 2.51980E-25 1.26955E-24
 2.29974E-16 2.63574E-13 3.36660E-14 1.93719E-24 6.54440E-13 4.02039E-07 1.12882E-05 1.84760E-09
 7.49164E-10 4.98876E-11 3.97720E-06 5.20288E-11 2.25197E-08 2.37440E-09 6.33468E-08 6.04335E-14
 4.64328E-13 8.82069E-13 7.85735E-09 3.20833E-10 3.97585E-12 5.77665E-13 4.05287E-16 8.39950E-14
 9.52976E-20 1.06562E-19 1.39310E-16 2.08776E-11 5.66937E-11 2.10999E-10 5.64098E-10 1.02761E-15
 2.56411E-25 1.35584E-24 2.50734E-16 2.65310E-13 3.19095E-14 1.87285E-24 4.60149E-13 4.63571E-07
 1.12827E-05 1.97294E-09 7.97189E-10 5.05142E-11 3.65610E-06 6.87409E-11 2.90754E-08 1.77660E-09
 6.87263E-08 4.50519E-14 3.54033E-13 8.04471E-13 7.88364E-09 2.60796E-10 3.74074E-12 4.21908E-13
 3.12742E-16 6.17204E-14 5.08692E-20 7.08888E-20 7.37649E-17 1.70419E-11 6.08450E-11 1.81015E-10
 5.93768E-10 5.88548E-16 2.60591E-25 1.43922E-24 2.73978E-16 2.66986E-13 3.02096E-14 1.86683E-24
 3.27305E-13 5.30045E-07 1.12745E-05 2.10446E-09 8.48497E-10 5.14924E-11 3.37994E-06 8.97098E-11
 3.80985E-08 1.34358E-09 7.44405E-08 3.37295E-14 2.69979E-13 7.33134E-13 7.89719E-09 2.13814E-10
 3.52483E-12 3.12632E-13 2.50269E-16 4.60492E-14 2.86133E-20 4.77903E-20 3.97965E-17 1.39527E-11
 6.41613E-11 1.54580E-10 6.19975E-10 3.42417E-16 2.65227E-25 1.52253E-24 3.00193E-16 2.68610E-13
 2.85598E-14 1.91772E-24 2.36085E-13 6.01382E-07 1.12629E-05 2.24389E-09 9.03617E-10 5.28368E-11
 3.13838E-06 1.15875E-10 5.02093E-08 1.02864E-09 8.04613E-08 2.54201E-14 2.06511E-13 6.67579E-13
 7.90131E-09 1.76711E-10 3.32746E-12 2.34802E-13 2.06548E-16 3.48348E-14 1.68366E-20 3.25637E-20
 2.19464E-17 1.14628E-11 6.66445E-11 1.31504E-10 6.43059E-10 2.02120E-16 2.70910E-25 1.60891E-24
 3.29619E-16 2.70186E-13 2.69548E-14 2.02480E-24 1.72452E-13 6.77398E-07 1.12470E-05 2.39319E-09
 9.63235E-10 5.46127E-11 2.92556E-06 1.48332E-10 6.63711E-08 7.95673E-10 8.68247E-08 1.92516E-14
 1.58176E-13 6.07112E-13 7.89803E-09 1.47149E-10 3.14990E-12 1.78718E-13 1.75850E-16 2.66888E-14
 1.03538E-20 2.24516E-20 1.23237E-17 9.45722E-12 6.82712E-11 1.11478E-10 6.63463E-10 1.20984E-16
 2.78251E-25 1.70127E-24 3.62871E-16 2.71729E-13 2.53779E-14 2.19158E-24 1.27663E-13 7.57526E-07
 1.12259E-05 2.55459E-09 1.02804E-09 5.70302E-11 2.74574E-06 1.87963E-10 8.77001E-08 6.21826E-10
 9.35301E-08 1.46259E-14 1.20841E-13 5.51807E-13 7.88906E-09 1.23414E-10 3.00378E-12 1.38447E-13
 1.58551E-16 2.07241E-14 6.84540E-21 1.60601E-20 7.04533E-18 7.88112E-12 6.89346E-11 9.43058E-11
 6.81548E-10 7.39053E-17 2.88053E-25 1.80109E-24 4.02647E-16 2.73240E-13 2.38277E-14 2.43485E-24
 9.58645E-14 8.41877E-07 1.11983E-05 2.73003E-09 1.09910E-09 5.99981E-11 2.58118E-06 2.36762E-10
 1.15455E-07 4.91163E-10 1.00607E-07 1.11905E-14 9.26962E-14 5.00723E-13 7.87585E-09 1.04162E-10
 2.87198E-12 1.08440E-13 1.46056E-16 1.62571E-14 4.67239E-21 1.15552E-20 4.10256E-18 6.59360E-12
 6.88739E-11 7.95195E-11 6.97683E-10 4.56249E-17 3.00634E-25 1.91326E-24 4.47538E-16 2.74717E-13
 2.23054E-14 2.75429E-24 7.30729E-14 9.30017E-07 1.11626E-05 2.92212E-09 1.17756E-09 6.36139E-11
 2.42888E-06 2.96718E-10 1.51133E-07 3.92121E-10 1.08099E-07 8.62994E-15 7.14481E-14 4.53409E-13
 7.85939E-09 8.84503E-11 2.75381E-12 8.58514E-14 1.37223E-16 1.28741E-14 3.28444E-21 8.35930E-21
 2.43286E-18 5.54005E-12 6.81692E-11 6.68569E-11 7.12104E-10 2.84541E-17 3.16685E-25 2.04134E-24
 4.98229E-16 2.76158E-13 2.08138E-14 3.16348E-24 5.65650E-14 1.02127E-06 1.11172E-05 3.13368E-09
 1.26464E-09 6.80642E-11 2.28958E-06 3.69918E-10 1.96497E-07 3.16330E-10 1.16080E-07 6.70550E-15
 5.52687E-14 4.09717E-13 7.84042E-09 7.55640E-11 2.65253E-12 6.88059E-14 1.32579E-16 1.02940E-14
 2.40060E-21 6.14021E-21 1.46783E-18 4.68738E-12 6.68840E-11 5.61088E-11 7.24990E-10 1.79764E-17
 3.37096E-25 2.18864E-24 5.56595E-16 2.77558E-13 1.93555E-14 3.68722E-24 4.44753E-14 1.11498E-06
 1.10600E-05 3.36795E-09 1.36181E-09 7.35446E-11 2.16200E-06 4.58939E-10 2.53537E-07 2.57756E-10
 1.24674E-07 5.24933E-15 4.28909E-14 3.69422E-13 7.81951E-09 6.49416E-11 2.56853E-12 5.58513E-14
 1.31966E-16 8.31016E-15 1.82991E-21 4.60182E-21 8.99426E-19 4.00025E-12 6.51345E-11 4.70508E-11
 7.36484E-10 1.15206E-17 3.62898E-25 2.35935E-24 6.24477E-16 2.78912E-13 1.79333E-14 4.35714E-24
 3.55858E-14 1.21058E-06 1.09896E-05 3.62897E-09 1.47098E-09 8.02446E-11 2.04266E-06 5.67330E-10
 3.23834E-07 2.12414E-10 1.34011E-07 4.15026E-15 3.34854E-14 3.32464E-13 7.79738E-09 5.61481E-11
 2.49910E-12 4.58791E-14 1.34324E-16 6.76878E-15 1.44418E-21 3.50897E-21 5.60753E-19 3.44469E-12
 6.31053E-11 3.94641E-11 7.46656E-10 7.48631E-18 3.95327E-25 2.55921E-24 7.02959E-16 2.80207E-13
 1.65604E-14 5.20904E-24 2.89939E-14 1.30720E-06 1.09040E-05 3.92130E-09 1.59426E-09 8.84938E-11
 1.93182E-06 6.98794E-10 4.09224E-07 1.77062E-10 1.44358E-07 3.31476E-15 2.62902E-14 2.98653E-13
 7.77442E-09 4.88510E-11 2.44596E-12 3.81884E-14 1.40293E-16 5.56581E-15 1.18804E-21 2.74661E-21
 3.55462E-19 3.00110E-12 6.09203E-11 3.31663E-11 7.55582E-10 4.94795E-18 4.36106E-25 2.79422E-24
 7.95016E-16 2.81432E-13 1.52428E-14 6.30261E-24 2.40724E-14 1.40413E-06 1.08016E-05 4.25100E-09
 1.73450E-09 9.86734E-11 1.82762E-06 8.58427E-10 5.11315E-07 1.49342E-10 1.56111E-07 2.67707E-15
 2.07790E-14 2.67798E-13 7.75100E-09 4.27867E-11 2.40821E-12 3.22154E-14 1.49526E-16 4.62043E-15
 1.01567E-21 2.20850E-21 2.29043E-19 2.64811E-12 5.87194E-11 2.79632E-11 7.63339E-10 3.32913E-18
 4.87500E-25 3.07283E-24 9.03118E-16 2.82578E-13 1.39888E-14 7.71229E-24 2.03752E-14 1.50070E-06
 1.06810E-05 4.62619E-09 1.89551E-09 1.11286E-10 1.72796E-06 1.05310E-09 6.31617E-07 1.27470E-10
 1.69902E-07 2.18809E-15 1.65505E-14 2.39717E-13 7.72737E-09 3.77503E-11 2.38469E-12 2.75470E-14
 1.61278E-16 3.87260E-15 8.96845E-22 1.81957E-21 1.49912E-19 2.36740E-12 5.66151E-11 2.36712E-11
 7.70016E-10 2.28049E-18 5.52654E-25 3.40651E-24 1.02963E-15 2.83635E-13 1.28055E-14 9.53593E-24
 1.75767E-14 1.59601E-06 1.05402E-05 5.05671E-09 2.08181E-09 1.27113E-10 1.63332E-06 1.29065E-09
 7.71998E-07 1.10050E-10 1.86769E-07 1.80877E-15 1.32695E-14 2.14278E-13 7.70359E-09 3.35848E-11
 2.37795E-12 2.39267E-14 1.75900E-16 3.28117E-15 8.21846E-22 1.54677E-21 9.94273E-20 2.14936E-12
 5.46697E-11 2.01456E-11 7.75705E-10 1.59542E-18 6.35991E-25 3.80882E-24 1.17942E-15 2.84594E-13
 1.16966E-14 1.19268E-23 1.54549E-14 1.68867E-06 1.03778E-05 5.55374E-09 2.29830E-09 1.47393E-10
 1.54757E-06 1.57804E-09 9.33901E-07 9.60964E-11 2.08315E-07 1.51002E-15 1.06737E-14 1.91501E-13
 7.67976E-09 3.01698E-11 2.39629E-12 2.12190E-14 1.95661E-16 2.81931E-15 7.99233E-22 1.39219E-21
 6.67179E-20 1.99433E-12 5.29325E-11 1.72932E-11 7.80450E-10 1.15028E-18 7.43695E-25 4.29463E-24
 1.36378E-15 2.85437E-13 1.06688E-14 1.51560E-23 1.38439E-14 1.77816E-06 1.01922E-05 6.13450E-09
 2.55276E-09 1.73742E-10 1.46970E-06 1.92742E-09 1.11887E-06 8.48429E-11 2.37184E-07 1.27240E-15
 8.60773E-15 1.71228E-13 7.65591E-09 2.74089E-11 2.44271E-12 1.92575E-14 2.19505E-16 2.46056E-15
 8.20608E-22 1.32997E-21 4.51640E-20 1.89376E-12 5.14542E-11 1.49843E-11 7.84338E-10 8.56479E-19
 8.84654E-25 4.88739E-24 1.59276E-15 2.86151E-13 9.72646E-15 1.95906E-23 1.26310E-14 1.86426E-06
 9.98318E-06 6.82156E-09 2.85508E-09 2.08595E-10 1.40026E-06 2.35408E-09 1.32719E-06 7.57637E-11
 2.77531E-07 1.08161E-15 6.95152E-15 1.53376E-13 7.63217E-09 2.52334E-11 2.52390E-12 1.79543E-14
 2.46461E-16 2.18696E-15 8.85847E-22 1.35977E-21 3.07959E-20 1.84547E-12 5.02747E-11 1.31235E-11
 7.87426E-10 6.61410E-19 1.07152E-24 5.61631E-24 1.88222E-15 2.86710E-13 8.87735E-15 2.58207E-23
 1.17247E-14 1.94632E-06 9.75116E-06 7.63989E-09 3.21522E-09 2.56049E-10 1.34663E-06 2.86758E-09
 1.55833E-06 6.84536E-11 3.36122E-07 9.24382E-16 5.58300E-15 1.37867E-13 7.60866E-09 2.35982E-11
 2.66070E-12 1.73610E-14 2.78745E-16 1.99243E-15 1.02290E-21 1.55895E-21 2.11136E-20 1.86354E-12
 4.94052E-11 1.16749E-11 7.89726E-10 5.38227E-19 1.32185E-24 6.50860E-24 2.27254E-15 2.87070E-13
 8.12796E-15 3.50300E-23 1.10659E-14 2.02893E-06 9.50071E-06 8.63951E-09 3.65469E-09 3.21111E-10
 1.30162E-06 3.51223E-09 1.80768E-06 6.26584E-11 4.23217E-07 7.96535E-16 4.48597E-15 1.24475E-13
 7.58587E-09 2.24638E-11 2.85157E-12 1.73592E-14 3.10852E-16 1.85772E-15 1.17730E-21 1.90290E-21
 1.45903E-20 1.93103E-12 4.88518E-11 1.04942E-11 7.91393E-10 4.55407E-19 1.66151E-24 7.61961E-24
 2.78149E-15 2.87202E-13 7.48652E-15 4.86518E-23 1.05932E-14 2.11987E-06 9.23733E-06 9.88621E-09
 4.20009E-09 4.11177E-10 1.26394E-06 4.35612E-09 2.06966E-06 5.81395E-11 5.55340E-07 6.92459E-16
 3.61544E-15 1.13026E-13 7.56423E-09 2.17944E-11 3.10260E-12 1.79255E-14 3.43320E-16 1.77164E-15
 1.30539E-21 2.37659E-21 1.01916E-20 2.03800E-12 4.85649E-11 9.48962E-12 7.92577E-10 3.96721E-19
 2.12450E-24 9.00463E-24 3.43493E-15 2.87081E-13 6.95359E-15 6.89566E-23 1.02284E-14 2.23377E-06
 8.96380E-06 1.14697E-08 4.88469E-09 5.37109E-10 1.23672E-06 5.51586E-09 2.34136E-06 5.46414E-11
 7.62139E-07 6.05862E-16 2.92194E-15 1.03400E-13 7.54389E-09 2.15204E-11 3.42593E-12 1.90563E-14
 3.79077E-16 1.72415E-15 1.38916E-21 2.92027E-21 7.19174E-21 2.17616E-12 4.84736E-11 8.59672E-12
 7.93423E-10 3.51690E-19 2.74935E-24 1.06998E-23 4.26396E-15 2.86687E-13 6.51905E-15 9.94521E-23
 9.89495E-15 2.40020E-06 8.68437E-06 1.35282E-08 5.75492E-09 7.14264E-10 1.22587E-06 7.22878E-09
 2.61829E-06 5.19810E-11 1.09616E-06 5.31947E-16 2.37055E-15 9.57056E-14 7.52527E-09 2.14832E-11
 3.83617E-12 2.06506E-14 4.18418E-16 1.69833E-15 1.42078E-21 3.35353E-21 5.13935E-21 2.33154E-12
 4.85703E-11 7.76372E-12 7.94004E-10 3.10461E-19 3.56602E-24 1.26848E-23 5.28345E-15 2.86014E-13
 6.17282E-15 1.45074E-22 9.49752E-15 2.68614E-06 8.40731E-06 1.62987E-08 6.87558E-09 9.66369E-10
 1.25215E-06 1.00235E-08 2.89176E-06 5.00393E-11 1.65284E-06 4.64795E-16 1.92179E-15 9.03292E-14
 7.50923E-09 2.13166E-11 4.37885E-12 2.24605E-14 4.56541E-16 1.66778E-15 1.38641E-21 3.52524E-21
 3.75854E-21 2.49830E-12 4.89727E-11 6.97774E-12 7.94221E-10 2.65313E-19 4.54574E-24 1.47433E-23
 6.51460E-15 2.85046E-13 5.90961E-15 2.13582E-22 8.89502E-15 3.29301E-06 8.15109E-06 2.03602E-08
 8.37552E-09 1.33127E-09 1.36964E-06 1.55434E-08 3.14208E-06 4.87582E-11 2.60363E-06 3.95725E-16
 1.53690E-15 8.77703E-14 7.49751E-09 2.01786E-11 5.17897E-12 2.37059E-14 4.73540E-16 1.57304E-15
 1.21220E-21 3.35120E-21 2.89354E-21 2.66243E-12 5.01380E-11 6.22257E-12 7.93647E-10 2.04940E-19
 5.46582E-24 1.61756E-23 7.94613E-15 2.83790E-13 5.73344E-15 3.17180E-22 7.73397E-15 5.24993E-06
 7.94852E-06 2.80393E-08 1.06827E-08 1.84696E-09 1.78998E-06 3.28250E-08 3.33050E-06 4.81035E-11
 4.28548E-06 3.05290E-16 1.13789E-15 8.80043E-14 7.49319E-09 1.59542E-11 6.61409E-12 2.22059E-14
 4.12702E-16 1.25795E-15 7.53607E-22 2.73115E-21 2.45853E-21 2.74028E-12 5.37486E-11 5.33613E-12
 7.90845E-10 1.10785E-19 5.52040E-24 1.49597E-23 9.41632E-15 2.82399E-13 5.65448E-15 4.79146E-22
 2.79927E+02 2.76186E+02 2.72376E+02 2.68544E+02 2.64454E+02 2.60020E+02 2.55258E+02 2.50162E+02
 2.44683E+02 2.38942E+02 2.32979E+02 2.26827E+02 2.20611E+02 2.15623E+02 2.12902E+02 2.11418E+02
 2.10456E+02 2.09960E+02 2.09752E+02 2.09750E+02 2.09956E+02 2.10367E+02 2.10951E+02 2.11641E+02
 2.12450E+02 2.13358E+02 2.14372E+02 2.15479E+02 2.16667E+02 2.17955E+02 2.19354E+02 2.20861E+02
 2.22500E+02 2.24295E+02 2.26214E+02 2.28245E+02 2.30397E+02 2.32686E+02 2.35098E+02 2.37613E+02
 2.40232E+02 2.42959E+02 2.45792E+02 2.48731E+02 2.51772E+02 2.54933E+02 2.58233E+02 2.61689E+02
 2.65329E+02 2.69145E+02 2.73110E+02 2.77197E+02 2.81358E+02 2.85564E+02 2.89756E+02 2.93799E+02
 2.97620E+02 3.01292E+02 3.04944E+02 3.08649E+02 3.12322E+02 3.15917E+02 3.19684E+02 3.23644E+02
 3.27744E+02 3.31737E+02 3.35493E+02 3.39021E+02 3.42288E+02 3.45014E+02 3.47397E+02 3.49494E+02
 3.51247E+02 3.52429E+02 3.53294E+02 3.53848E+02 3.54084E+02 3.54059E+02 3.53765E+02 3.52889E+02
 3.51839E+02 3.50634E+02 3.49170E+02 3.47412E+02 3.45434E+02 3.43170E+02 3.40650E+02 3.37938E+02
 3.34982E+02 3.31542E+02 3.27620E+02 3.23154E+02 3.17691E+02 3.11699E+02 3.05431E+02 2.99043E+02
 2.92789E+02 2.86666E+02 2.80671E+02 2.74801E+02 1.00000E+05 1.00000E+05 1.00000E+05 1.00000E+05
 1.00000E+05 1.00000E+05 1.00000E+05 1.00000E+05 1.00000E+05 1.00000E+05 1.00000E+05 1.00000E+05
 1.00000E+05 1.00000E+05 1.00000E+05 9.05600E+04 8.41600E+04 4.46998E+04 3.01829E+04 1.41768E+04
 1.24873E+04 5.86909E+03 6.15091E+03 5.58923E+03 4.59105E+03 4.32977E+03 3.79947E+03 3.89333E+03
 3.91136E+03 3.88106E+03 3.99750E+03 4.05750E+03 4.41076E+03 4.74532E+03 5.04895E+03 5.44802E+03
 5.90367E+03 6.35700E+03 6.89450E+03 7.40905E+03 8.02709E+03 8.63682E+03 9.24409E+03 9.88764E+03
 1.05204E+04 1.13747E+04 1.21050E+04 1.28383E+04 1.35091E+04 1.42000E+04 1.52891E+04 1.62409E+04
 1.71864E+04 1.80671E+04 1.89702E+04 2.02255E+04 2.14648E+04 2.26770E+04 2.43377E+04 2.58347E+04
 2.79617E+04 2.97782E+04 3.15964E+04 3.38873E+04 3.59964E+04 3.87398E+04 4.11621E+04 4.35864E+04
 4.64979E+04 4.98342E+04 5.31555E+04 5.73183E+04 6.12517E+04 6.47250E+04 6.89520E+04 7.31398E+04
 7.87355E+04 8.39112E+04 8.85168E+04 9.40191E+04 9.94494E+04 1.05836E+05 1.11915E+05 1.18956E+05
 1.27770E+05 1.36255E+05 1.47050E+05 1.57050E+05 1.68186E+05 1.78792E+05 1.89398E+05 2.00959E+05
 2.12171E+05 2.29567E+05 2.46155E+05 2.62276E+05 2.76821E+05 2.91973E+05 3.12870E+05 3.35186E+05
 2.51968E+19 2.35784E+19 2.20496E+19 2.06024E+19 1.92498E+19 1.79900E+19 1.68141E+19 1.57154E+19
 1.46903E+19 1.37256E+19 1.28150E+19 1.19533E+19 1.11316E+19 1.02894E+19 9.39777E+18 8.52603E+18
 7.71182E+18 6.95766E+18 6.26771E+18 5.64044E+18 5.07128E+18 4.55593E+18 4.09071E+18 3.67243E+18
 3.29638E+18 2.95883E+18 2.65587E+18 2.38422E+18 2.14082E+18 1.92260E+18 1.72693E+18 1.55154E+18
 1.39422E+18 1.25303E+18 1.12653E+18 1.01327E+18 9.11805E+17 8.20862E+17 7.39398E+17 6.66464E+17
 6.01146E+17 5.42617E+17 4.90152E+17 4.43105E+17 4.00900E+17 3.62995E+17 3.28912E+17 2.98237E+17
 2.70596E+17 2.45692E+17 2.23270E+17 2.03092E+17 1.84950E+17 1.68637E+17 1.53980E+17 1.40852E+17
 1.29095E+17 1.18508E+17 1.08912E+17 1.00178E+17 9.22465E+16 8.50469E+16 7.84413E+16 7.23767E+16
 6.68197E+16 6.17708E+16 5.71967E+16 5.30420E+16 4.92647E+16 4.58584E+16 4.27531E+16 3.99092E+16
 3.73058E+16 3.49390E+16 3.27585E+16 3.07454E+16 2.88844E+16 2.71569E+16 2.55517E+16 2.40790E+16
 2.26989E+16 2.14036E+16 2.01928E+16 1.90618E+16 1.80001E+16 1.70060E+16 1.60726E+16 1.51926E+16
 1.43646E+16 1.35943E+16 1.28764E+16 1.22084E+16 1.16018E+16 1.10337E+16 1.04926E+16 9.97154E+15
 9.46194E+15 8.96443E+15 8.47958E+15 8.00795E+15 6.68825E-11 7.31701E-11 8.58034E-11 1.04573E-10
 1.27010E-10 1.51558E-10 1.76957E-10 2.02160E-10 2.26403E-10 2.49269E-10 2.70606E-10 2.90366E-10
 3.08515E-10 3.25106E-10 3.40353E-10 3.55060E-10 3.69607E-10 3.87964E-10 4.11355E-10 4.41303E-10
 4.72711E-10 5.02711E-10 5.25869E-10 5.36361E-10 5.37871E-10 5.31266E-10 5.17720E-10 4.98835E-10
 4.76961E-10 4.52570E-10 4.26518E-10 3.99534E-10 3.72678E-10 3.46905E-10 3.22019E-10 2.98128E-10
 2.75469E-10 2.54091E-10 2.33979E-10 2.15087E-10 1.97370E-10 1.80805E-10 1.65265E-10 1.50689E-10
 1.37019E-10 1.24307E-10 1.12520E-10 1.01522E-10 9.12559E-11 8.17013E-11 7.29353E-11 6.49424E-11
 5.76536E-11 5.09916E-11 4.49244E-11 3.95044E-11 3.46559E-11 3.03144E-11 2.64978E-11 2.31127E-11
 2.01727E-11 1.75808E-11 1.52924E-11 1.32969E-11 1.15427E-11 1.00231E-11 8.69165E-12 7.52399E-12
 6.50964E-12 5.63373E-12 4.87441E-12 4.22341E-12 3.66019E-12 3.16816E-12 2.74233E-12 2.37250E-12
 2.05600E-12 1.78222E-12 1.54316E-12 1.33610E-12 1.15609E-12 1.00058E-12 8.65420E-13 7.48592E-13
 6.48573E-13 5.62232E-13 4.88472E-13 4.24687E-13 3.69614E-13 3.21683E-13 2.79824E-13 2.43331E-13
 2.11379E-13 1.84041E-13 1.60371E-13 1.39708E-13 1.21481E-13 1.05393E-13 9.14072E-14 7.92269E-14
 1.60074E+02 1.38443E+02 1.28994E+02 1.24411E+02 1.31512E+02 1.37605E+02 1.42453E+02 1.45668E+02
 1.46370E+02 1.45843E+02 1.44053E+02 1.40647E+02 1.35903E+02 1.29014E+02 1.22149E+02 1.13768E+02
 1.04509E+02 9.64416E+01 9.07159E+01 8.65952E+01 8.22384E+01 7.74551E+01 7.16044E+01 6.44696E+01
 5.71208E+01 4.98281E+01 4.28978E+01 3.65780E+01 3.09516E+01 2.60003E+01 2.16849E+01 1.80232E+01
 1.49197E+01 1.23150E+01 1.01383E+01 8.34177E+00 6.85510E+00 5.62896E+00 4.61956E+00 3.78641E+00
 3.09823E+00 2.53274E+00 2.06829E+00 1.68524E+00 1.36950E+00 1.11063E+00 8.99013E-01 7.25499E-01
 5.86549E-01 4.76806E-01 3.86803E-01 3.13287E-01 2.53281E-01 2.04255E-01 1.64312E-01 1.32169E-01
 1.06269E-01 8.53337E-02 6.85499E-02 5.49978E-02 4.42014E-02 3.55155E-02 2.84932E-02 2.28597E-02
 1.83203E-02 1.47064E-02 1.18085E-02 9.47960E-03 7.61753E-03 6.13673E-03 4.95007E-03 4.00366E-03
 3.24340E-03 2.62930E-03 2.13386E-03 1.73264E-03 1.41061E-03 1.14964E-03 9.36595E-04 7.64185E-04
 6.23331E-04 5.08699E-04 4.15094E-04 3.38946E-04 2.77304E-04 2.27111E-04 1.86486E-04 1.53258E-04
 1.26114E-04 1.03874E-04 8.55857E-05 7.05631E-05 5.82514E-05 4.82346E-05 3.99697E-05 3.30906E-05
 2.73030E-05 2.24418E-05 1.84110E-05 1.50701E-05 1.00000E-12 1.00000E-12 1.00000E-12 1.00000E-12
 1.00000E-12 1.00000E-12 1.00000E-12 1.00000E-12 1.00000E-12 1.00000E-12 1.00000E-12 1.00000E-12
 1.00000E-12 1.00000E-12 1.00000E-12 1.00000E-12 1.00000E-12 1.00000E-12 1.00000E-12 1.00000E-12
 1.00000E-12 1.00000E-12 1.00000E-12 1.00000E-12 1.00000E-12 1.00000E-12 1.00000E-12 1.00000E-12
 1.00000E-12 1.00000E-12 1.00000E-12 1.00000E-12 1.00000E-12 1.00000E-12 1.00000E-12 1.00000E-12
 1.00000E-12 1.00000E-12 1.00000E-12 1.00000E-12 1.00000E-12 1.00000E-12 1.00000E-12 1.00000E-12
 1.00000E-12 1.00000E-12 1.00000E-12 1.00000E-12 1.00000E-12 1.00000E-12 1.00000E-12 1.00000E-12
 1.00000E-12 1.00000E-12 1.00000E-12 1.00000E-12 1.00000E-12 1.00000E-12 1.00000E-12 1.00000E-12
 1.00000E-12 1.00000E-12 1.00000E-12 1.00000E-12 1.00000E-12 1.00000E-12 1.00000E-12 1.00000E-12
 1.00000E-12 1.00000E-12 1.00000E-12 1.00000E-12 1.00000E-12 1.00000E-12 1.00000E-12 1.00000E-12
 1.00000E-12 1.00000E-12 1.00000E-12 1.00000E-12 1.00000E-12 1.00000E-12 1.00000E-12 1.00000E-12
 1.00000E-12 1.00000E-12 1.00000E-12 1.00000E-12 1.00000E-12 1.00000E-12 1.00000E-12 1.00000E-12
 1.00000E-12 1.00000E-12 1.00000E-12 1.00000E-12 1.00000E-12 1.00000E-12 1.00000E-12 1.00000E-12
 1.00000E-12 1.00000E-12 1.00000E-12 1.00000E-12 1.00000E-12 1.00000E-12 1.00000E-12 1.00000E-12
 1.00000E-12 1.00000E-12 1.00000E-12 1.00000E-12 1.00000E-12 1.00000E-12 1.00000E-12 1.00000E-12
 1.00000E-12 1.00000E-12 1.00000E-12 1.00000E-12 1.00000E-12 1.00000E-12 1.00000E-12 1.00000E-12
 1.00000E-12 1.00000E-12 1.00000E-12 1.00000E-12 1.00000E-12 1.00000E-12 1.00000E-12 1.00000E-12
 1.00000E-12 1.00000E-12 1.00000E-12 1.00000E-12 1.00000E-12 1.00000E-12 1.00000E-12 1.00000E-12
 1.00000E-12 1.00000E-12 1.00000E-12 1.00000E-12 1.00000E-12 1.00000E-12 1.00000E-12 1.00000E-12
 1.00000E-12 1.00000E-12 1.00000E-12 1.00000E-12 1.00000E-12 1.00000E-12 1.00000E-12 1.00000E-12
 1.00000E-12 1.00000E-12 1.00000E-12 1.00000E-12 1.00000E-12 1.00000E-12 1.00000E-12 1.00000E-12
 1.00000E-12 1.00000E-12 1.00000E-12 1.00000E-12 1.00000E-12 1.00000E-12 1.00000E-12 1.00000E-12
 1.00000E-12 1.00000E-12 1.00000E-12 1.00000E-12 1.00000E-12 1.00000E-12 1.00000E-12 1.00000E-12
 1.00000E-12 1.00000E-12 1.00000E-12 1.00000E-12 1.00000E-12 1.00000E-12 1.00000E-12 1.00000E-12
 1.00000E-12 1.00000E-12 1.00000E-12 1.00000E-12 1.00000E-12 1.00000E-12 1.00000E-12 1.00000E-12
 1.00000E-12 1.00000E-12 1.00000E-12 1.00000E-12 2.73889E-04 2.94506E-04 3.18351E-04 3.46667E-04
 3.71291E-04 3.98402E-04 4.27810E-04 4.59850E-04 4.95794E-04 5.35145E-04 5.78791E-04 6.28286E-04
 6.84581E-04 7.48506E-04 8.15408E-04 8.91481E-04 9.79333E-04 1.07832E-03 1.18532E-03 1.30325E-03
 1.43614E-03 1.58457E-03 1.75100E-03 1.93719E-03 2.14387E-03 2.37421E-03 2.63009E-03 2.91267E-03
 3.22636E-03 3.57381E-03 3.95934E-03 4.38203E-03 4.84871E-03 5.36538E-03 5.93530E-03 6.55865E-03
 7.24301E-03 7.99263E-03 8.81239E-03 9.71047E-03 1.06953E-02 1.17712E-02 1.29435E-02 1.42247E-02
 1.56249E-02 1.71532E-02 1.88187E-02 2.06339E-02 2.25588E-02 2.45515E-02 2.66964E-02 2.90020E-02
 3.14770E-02 3.41305E-02 3.69713E-02 4.00056E-02 4.32419E-02 4.66950E-02 5.03832E-02 5.43240E-02
 5.85269E-02 6.30037E-02 6.77875E-02 7.28973E-02 7.83473E-02 8.41328E-02 9.02576E-02 9.67393E-02
 1.03591E-01 1.10794E-01 1.18392E-01 1.26415E-01 1.34874E-01 1.43751E-01 1.53119E-01 1.63006E-01
 1.73442E-01 1.84475E-01 1.96141E-01 2.08398E-01 2.21405E-01 2.35220E-01 2.49868E-01 2.65402E-01
 2.81917E-01 2.99467E-01 3.18152E-01 3.38095E-01 3.59385E-01 3.82039E-01 4.06207E-01 4.32031E-01
 4.59500E-01 4.89124E-01 5.21342E-01 5.56584E-01 5.95368E-01 6.38113E-01 6.85295E-01 7.37455E-01
 1.00000E+00 1.00000E+00 1.00000E+00 1.00000E+00 1.00000E+00 1.00000E+00 1.00000E+00 1.00000E+00
 1.00000E+00 1.00000E+00 1.00000E+00 1.00000E+00 1.00000E+00 1.00000E+00 1.00000E+00 1.00000E+00
 1.00000E+00 1.00000E+00 1.00000E+00 1.00000E+00 1.00000E+00 1.00000E+00 1.00000E+00 1.00000E+00
 1.00000E+00 1.00000E+00 1.00000E+00 1.00000E+00 1.00000E+00 1.00000E+00 1.00000E+00 1.00000E+00
 1.00000E+00 1.00000E+00 1.00000E+00 1.00000E+00 1.00000E+00 1.00000E+00 1.00000E+00 1.00000E+00
 1.00000E+00 1.00000E+00 1.00000E+00 1.00000E+00 1.00000E+00 1.00000E+00 1.00000E+00 1.00000E+00
 1.00000E+00 1.00000E+00 1.00000E+00 1.00000E+00 1.00000E+00 1.00000E+00 1.00000E+00 1.00000E+00
 1.00000E+00 1.00000E+00 1.00000E+00 1.00000E+00 1.00000E+00 1.00000E+00 1.00000E+00 1.00000E+00
 1.00000E+00 1.00000E+00 1.00000E+00 1.00000E+00 1.00000E+00 1.00000E+00 1.00000E+00 1.00000E+00
 1.00000E+00 1.00000E+00 1.00000E+00 1.00000E+00 1.00000E+00 1.00000E+00 1.00000E+00 1.00000E+00
 1.00000E+00 1.00000E+00 1.00000E+00 1.00000E+00 1.00000E+00 1.00000E+00 1.00000E+00 1.00000E+00
 1.00000E+00 1.00000E+00 1.00000E+00 1.00000E+00 1.00000E+00 1.00000E+00 1.00000E+00 1.00000E+00
 1.00000E+00 1.00000E+00 1.00000E+00 1.00000E+00 1.00000E+00 1.00000E+00 1.00000E+00 1.00000E+00
 1.00000E+00 1.00000E+00 1.00000E+00 1.00000E+00 1.00000E+00 1.00000E+00 1.00000E+00 1.00000E+00
 1.00000E+00 1.00000E+00 1.00000E+00 1.00000E+00 1.00000E+00 1.00000E+00 1.00000E+00 1.00000E+00
 1.00000E+00 1.00000E+00 1.00000E+00 1.00000E+00 1.00000E+00 1.00000E+00 1.00000E+00 1.00000E+00
 1.00000E+00 1.00000E+00 1.00000E+00 1.00000E+00 1.00000E+00 1.00000E+00 1.00000E+00 1.00000E+00
 1.00000E+00 1.00000E+00 1.00000E+00 1.00000E+00 1.00000E+00 1.00000E+00 1.00000E+00 1.00000E+00
 1.00000E+00 1.00000E+00 1.00000E+00 1.00000E+00 1.00000E+00 1.00000E+00 1.00000E+00 1.00000E+00
 1.00000E+00 1.00000E+00 1.00000E+00 1.00000E+00 1.00000E+00 1.00000E+00 1.00000E+00 1.00000E+00
 1.00000E+00 1.00000E+00 1.00000E+00 1.00000E+00 1.00000E+00 1.00000E+00 1.00000E+00 1.00000E+00
 1.00000E+00 1.00000E+00 1.00000E+00 1.00000E+00 1.00000E+00 1.00000E+00 1.00000E+00 1.00000E+00
 1.00000E+00 1.00000E+00 1.00000E+00 1.00000E+00 1.00000E+00 1.00000E+00 1.00000E+00 1.00000E+00
 1.00000E+00 1.00000E+00 1.00000E+00 1.00000E+00 1.00000E+00 1.00000E+00 1.00000E+00 1.00000E+00
 1.00000E+00 1.00000E+00 1.00000E+00 1.00000E+00 1.00000E+00 1.00000E+00 1.00000E+00 1.00000E+00
 1.00000E-05 1.00000E-05 1.00000E-05 1.00000E-05 1.00000E-05 1.00000E-05 1.00000E-05 1.00000E-05
 1.00000E-05 1.00000E-05 1.00000E-05 1.00000E-05 1.00000E-05 1.00000E-05 1.00000E-05 1.00000E-05
 1.00000E-05 1.00000E-05 1.00000E-05 1.00000E-05 1.00000E-05 1.00000E-05 1.00000E-05 1.00000E-05
 1.00000E-05 1.00000E-05 1.00000E-05 1.00000E-05 1.00000E-05 1.00000E-05 1.00000E-05 1.00000E-05
 1.00000E-05 1.00000E-05 1.00000E-05 1.00000E-05 1.00000E-05 1.00000E-05 1.00000E-05 1.00000E-05
 1.00000E-05 1.00000E-05 1.00000E-05 1.00000E-05 1.00000E-05 1.00000E-05 1.00000E-05 1.00000E-05
 1.00000E-05 1.00000E-05 1.00000E-05 1.00000E-05 1.00000E-05 1.00000E-05 1.00000E-05 1.00000E-05
 1.00000E-05 1.00000E-05 1.00000E-05 1.00000E-05 1.00000E-05 1.00000E-05 1.00000E-05 1.00000E-05
 1.00000E-05 1.00000E-05 1.00000E-05 1.00000E-05 1.00000E-05 1.00000E-05 1.00000E-05 1.00000E-05
 1.00000E-05 1.00000E-05 1.00000E-05 1.00000E-05 1.00000E-05 1.00000E-05 1.00000E-05 1.00000E-05
 1.00000E-05 1.00000E-05 1.00000E-05 1.00000E-05 1.00000E-05 1.00000E-05 1.00000E-05 1.00000E-05
 1.00000E-05 1.00000E-05 1.00000E-05 1.00000E-05 1.00000E-05 1.00000E-05 1.00000E-05 1.00000E-05
 1.00000E-05 1.00000E-05 1.00000E-05 1.00000E-05 1.00000E-09 1.00000E-09 1.00000E-09 1.00000E-09
 1.00000E-09 1.00000E-09 1.00000E-09 1.00000E-09 1.00000E-09 1.00000E-09 1.00000E-09 1.00000E-09
 1.00000E-09 1.00000E-09 1.00000E-09 1.00000E-09 1.00000E-09 1.00000E-09 1.00000E-09 1.00000E-09
 1.00000E-09 1.00000E-09 1.00000E-09 1.00000E-09 1.00000E-09 1.00000E-09 1.00000E-09 1.00000E-09
 1.00000E-09 1.00000E-09 1.00000E-09 1.00000E-09 1.00000E-09 1.00000E-09 1.00000E-09 1.00000E-09
 1.00000E-09 1.00000E-09 1.00000E-09 1.00000E-09 1.00000E-09 1.00000E-09 1.00000E-09 1.00000E-09
 1.00000E-09 1.00000E-09 1.00000E-09 1.00000E-09 1.00000E-09 1.00000E-09 1.00000E-09 1.00000E-09
 1.00000E-09 1.00000E-09 1.00000E-09 1.00000E-09 1.00000E-09 1.00000E-09 1.00000E-09 1.00000E-09
 1.00000E-09 1.00000E-09 1.00000E-09 1.00000E-09 1.00000E-09 1.00000E-09 1.00000E-09 1.00000E-09
 1.00000E-09 1.00000E-09 1.00000E-09 1.00000E-09 1.00000E-09 1.00000E-09 1.00000E-09 1.00000E-09
 1.00000E-09 1.00000E-09 1.00000E-09 1.00000E-09 1.00000E-09 1.00000E-09 1.00000E-09 1.00000E-09
 1.00000E-09 1.00000E-09 1.00000E-09 1.00000E-09 1.00000E-09 1.00000E-09 1.00000E-09 1.00000E-09
 1.00000E-09 1.00000E-09 1.00000E-09 1.00000E-09 1.00000E-09 1.00000E-09 1.00000E-09 1.00000E-09
 1.00000E-09 1.00000E-09 1.00000E-09 1.00000E-09 1.00000E-09 1.00000E-09 1.00000E-09 1.00000E-09
 1.00000E-09 1.00000E-09 1.00000E-09 1.00000E-09 1.00000E-09 1.00000E-09 1.00000E-09 1.00000E-09
 1.00000E-09 1.00000E-09 1.00000E-09 1.00000E-09 1.00000E-09 1.00000E-09 1.00000E-09 1.00000E-09
 1.00000E-09 1.00000E-09 1.00000E-09 1.00000E-09 1.00000E-09 1.00000E-09 1.00000E-09 1.00000E-09
 1.00000E-09 1.00000E-09 1.00000E-09 1.00000E-09 1.00000E-09 1.00000E-09 1.00000E-09 1.00000E-09
 1.00000E-09 1.00000E-09 1.00000E-09 1.00000E-09 1.00000E-09 1.00000E-09 1.00000E-09 1.00000E-09
 1.00000E-09 1.00000E-09 1.00000E-09 1.00000E-09 1.00000E-09 1.00000E-09 1.00000E-09 1.00000E-09
 1.00000E-09 1.00000E-09 1.00000E-09 1.00000E-09 1.00000E-09 1.00000E-09 1.00000E-09 1.00000E-09
 1.00000E-09 1.00000E-09 1.00000E-09 1.00000E-09 1.00000E-09 1.00000E-09 1.00000E-09 1.00000E-09
 1.00000E-09 1.00000E-09 1.00000E-09 1.00000E-09 1.00000E-09 1.00000E-09 1.00000E-09 1.00000E-09
 1.00000E-09 1.00000E-09 1.00000E-09 1.00000E-09 1.00000E-09 1.00000E-09 1.00000E-09 1.00000E-09
 1.00000E-09 1.00000E-09 1.00000E-09 1.00000E-09 1.00000E-09 1.00000E-09 1.00000E-09 1.00000E-09
 1.00000E-09 1.00000E-09 1.00000E-09 1.00000E-09
