 2.75785E-10 1.34344E-16 5.63972E-02 1.24192E-16 2.25569E-12 1.27817E-11 1.25959E-08 1.97443E-22
 4.81553E-07 4.15151E-04 1.86944-301 1.90311E-10 1.64933E-11 9.15417E-08 1.17446E-13 6.40765E-12
 8.23737E-19 4.54439E-14 8.26939E-16 5.14206E-15 1.86265E-18 7.57290E-33 5.01355E-10 2.34939E-15
 7.00233E-23 4.78394E-19 5.19837E-15 9.94344E-16 8.16589E-13 8.70285E-21 3.86275E-23 6.05644E-12
 7.05579E-16 1.24129E-15 2.98466E-10 1.56747E-16 5.07380E-02 1.47528E-16 2.46440E-12 1.39845E-11
 1.30205E-08 3.50696E-22 5.24530E-07 4.15056E-04 5.65100E-08 2.09528E-10 1.76661E-11 9.15155E-08
 1.36812E-13 6.97440E-12 1.04727E-18 4.95633E-14 1.14567E-15 5.06840E-15 2.26953E-18 1.10792E-32
 5.00502E-10 2.75885E-15 8.46354E-23 5.49130E-19 6.10469E-15 1.16853E-15 8.55378E-13 1.05760E-20
 5.52489E-23 7.76621E-12 1.08452E-15 1.70778E-15 3.11446E-10 1.79354E-16 4.57162E-02 1.69356E-16
 2.60314E-12 1.46823E-11 1.31952E-08 4.75331E-22 5.42209E-07 4.15017E-04 7.97556E-08 2.22653E-10
 1.84230E-11 9.15047E-08 1.60141E-13 7.46862E-12 1.29132E-18 4.94750E-14 1.51398E-15 4.82082E-15
 2.63077E-18 1.48205E-32 5.00150E-10 2.91554E-15 9.82317E-23 6.02108E-19 6.62437E-15 1.23812E-15
 9.07290E-13 1.28075E-20 7.50270E-23 8.70081E-12 1.40207E-15 1.94197E-15 3.19105E-10 2.03451E-16
 4.08580E-02 1.90492E-16 2.71691E-12 1.50998E-11 1.32536E-08 5.84678E-22 5.48002E-07 4.15004E-04
 8.73714E-08 2.32292E-10 1.90059E-11 9.15012E-08 1.87960E-13 7.96132E-12 1.56407E-18 4.81363E-14
 1.97572E-15 4.52448E-15 3.00714E-18 1.88749E-32 5.00035E-10 2.94485E-15 1.11424E-22 6.43197E-19
 6.98925E-15 1.25765E-15 9.66103E-13 1.53987E-20 1.00410E-22 9.42839E-12 1.58221E-15 2.06004E-15
 3.21784E-10 2.30181E-16 3.66598E-02 2.12396E-16 2.81866E-12 1.52207E-11 1.32726E-08 6.92137E-22
 5.49564E-07 4.15000E-04 8.94251E-08 2.37811E-10 1.95024E-11 9.15003E-08 2.20685E-13 8.47705E-12
 1.87665E-18 4.62729E-14 2.56788E-15 4.22936E-15 3.41833E-18 2.35519E-32 5.00004E-10 2.92562E-15
 1.25157E-22 6.79315E-19 7.22725E-15 1.26047E-15 1.02999E-12 1.84611E-20 1.35801E-22 1.01239E-11
 1.69752E-15 2.13249E-15 3.20265E-10 2.60348E-16 3.27445E-02 2.34075E-16 2.90370E-12 1.50991E-11
 1.32830E-08 8.02700E-22 5.49920E-07 4.15000E-04 8.98940E-08 2.39715E-10 1.98771E-11 9.15000E-08
 2.59185E-13 9.02124E-12 2.22499E-18 4.42179E-14 3.32534E-15 3.94813E-15 3.89800E-18 2.89066E-32
 4.99997E-10 2.89052E-15 1.39038E-22 7.10502E-19 7.37570E-15 1.25972E-15 1.09870E-12 2.19641E-20
 1.86916E-22 1.08427E-11 1.78504E-15 2.19027E-15 3.15906E-10 2.94580E-16 2.91579E-02 2.56743E-16
 2.98131E-12 1.48191E-11 1.32936E-08 9.21442E-22 5.49991E-07 4.14999E-04 8.99868E-08 2.39071E-10
 2.01889E-11 9.15000E-08 3.03782E-13 9.58470E-12 2.61819E-18 4.21208E-14 4.30158E-15 3.67854E-15
 4.43166E-18 3.53020E-32 4.99996E-10 2.85076E-15 1.53763E-22 7.40173E-19 7.46768E-15 1.25861E-15
 1.17248E-12 2.61078E-20 2.63965E-22 1.16029E-11 1.86225E-15 2.24575E-15 3.09276E-10 3.33498E-16
 2.59680E-02 2.80515E-16 3.05218E-12 1.44157E-11 1.33064E-08 1.04965E-21 5.50003E-07 4.14999E-04
 9.00030E-08 2.36343E-10 2.04463E-11 9.15000E-08 3.53754E-13 1.01177E-11 3.04654E-18 3.97695E-14
 5.53472E-15 3.40461E-15 4.97483E-18 4.32246E-32 4.99995E-10 2.81202E-15 1.69457E-22 7.70914E-19
 7.51597E-15 1.25614E-15 1.25169E-12 3.10510E-20 3.82365E-22 1.24132E-11 1.93481E-15 2.30324E-15
 3.00169E-10 3.77757E-16 2.29906E-02 3.03538E-16 3.10556E-12 1.38755E-11 1.33220E-08 1.18341E-21
 5.50005E-07 4.14999E-04 9.00056E-08 2.31442E-10 2.06042E-11 9.15000E-08 4.03957E-13 1.04465E-11
 3.43983E-18 3.64316E-14 6.95768E-15 3.08142E-15 5.37260E-18 5.38208E-32 4.99995E-10 2.78194E-15
 1.85237E-22 8.08136E-19 7.51645E-15 1.24867E-15 1.33673E-12 3.67922E-20 5.64983E-22 1.32794E-11
 2.00194E-15 2.36366E-15 2.89020E-10 4.28040E-16 2.03105E-02 3.27157E-16 3.14214E-12 1.32071E-11
 1.33394E-08 1.32433E-21 5.50005E-07 4.14999E-04 9.00059E-08 2.24941E-10 2.07880E-11 9.15000E-08
 4.31186E-13 1.01033E-11 3.61337E-18 3.11184E-14 8.18735E-15 2.61298E-15 5.09450E-18 7.25403E-32
 4.99995E-10 2.77072E-15 2.01948E-22 8.79714E-19 7.47353E-15 1.23123E-15 1.42795E-12 4.37314E-20
 8.49631E-22 1.42057E-11 2.06523E-15 2.42935E-15 2.75638E-10 4.85186E-16 1.79200E-02 3.49229E-16
 3.14542E-12 1.23956E-11 1.33586E-08 1.46668E-21 5.50005E-07 4.14999E-04 9.00058E-08 2.16813E-10
 2.10130E-11 9.15000E-08 4.10346E-13 8.79161E-12 3.35411E-18 2.41322E-14 8.61919E-15 1.99493E-15
 3.93074E-18 1.10006E-31 4.99996E-10 2.78244E-15 2.18578E-22 1.01387E-18 7.38221E-15 1.20255E-15
 1.52507E-12 5.19307E-20 1.29036E-21 1.51901E-11 2.12124E-15 2.50013E-15 2.60749E-10 5.50207E-16
 1.56492E-02 3.70179E-16 3.12920E-12 1.15072E-11 1.33800E-08 1.61055E-21 5.50005E-07 4.14999E-04
 9.00056E-08 2.07331E-10 2.12001E-11 9.15000E-08 3.74981E-13 7.31550E-12 2.96524E-18 1.79084E-14
 8.67922E-15 1.45506E-15 2.78296E-18 1.74898E-31 4.99996E-10 2.80930E-15 2.35422E-22 1.19344E-18
 7.25229E-15 1.16773E-15 1.62462E-12 6.16284E-20 1.96653E-21 1.61977E-11 2.16644E-15 2.57519E-15
 2.45070E-10 6.24394E-16 1.37860E-02 3.91900E-16 3.10532E-12 1.05950E-11 1.34039E-08 1.75969E-21
 5.50005E-07 4.15000E-04 9.00054E-08 1.96905E-10 2.13754E-11 9.15000E-08 3.35620E-13 5.95434E-12
 2.56146E-18 1.32043E-14 8.56946E-15 1.03710E-15 1.88238E-18 2.91489E-31 4.99996E-10 2.84480E-15
 2.53556E-22 1.43560E-18 7.09474E-15 1.13122E-15 1.70947E-12 7.27678E-20 2.96732E-21 1.70575E-11
 2.18590E-15 2.64363E-15 2.28227E-10 7.08963E-16 1.19072E-02 4.08916E-16 3.05496E-12 9.64584E-12
 1.34308E-08 1.90004E-21 5.50005E-07 4.15000E-04 9.00051E-08 1.85226E-10 2.14037E-11 9.15000E-08
 2.91931E-13 4.68525E-12 2.11810E-18 9.67347E-15 8.17384E-15 7.13516E-16 1.20231E-18 5.52691E-31
 4.99996E-10 2.89317E-15 2.70228E-22 1.83619E-18 6.89817E-15 1.09208E-15 1.71555E-12 8.17795E-20
 4.26240E-21 1.71286E-11 2.12350E-15 2.65774E-15 2.11345E-10 8.05426E-16 1.04165E-02 4.29807E-16
 3.00282E-12 8.70300E-12 1.34592E-08 2.04948E-21 5.50005E-07 4.15000E-04 9.00047E-08 1.73395E-10
 2.15675E-11 9.15000E-08 2.25636E-13 3.25232E-12 1.56224E-18 6.76868E-15 6.90849E-15 4.32610E-16
 5.92422E-19 1.56998E-30 4.99996E-10 2.96774E-15 2.90481E-22 2.86816E-18 6.67635E-15 1.04502E-15
 1.45651E-12 7.89481E-20 5.18142E-21 1.45478E-11 1.88458E-15 2.51723E-15 1.93150E-10 9.15278E-16
 8.95637E-03 4.40599E-16 2.88590E-12 7.70511E-12 1.34904E-08 2.17094E-21 5.50004E-07 4.15000E-04
 9.00043E-08 1.60456E-10 2.17192E-11 9.14999E-08 7.96886E-14 1.14892E-12 5.23229E-19 4.18298E-15
 2.94006E-15 1.33604E-16 7.75510E-20 8.17093E-30 4.99997E-10 3.06539E-15 3.06746E-22 6.04169E-18
 6.40709E-15 9.91068E-16 5.29937E-13 3.25738E-20 2.77557E-21 5.28880E-12 1.40258E-15 2.12643E-15
 1.76286E-10 1.04107E-15 7.71318E-03 4.58436E-16 2.81482E-12 6.83508E-12 1.35251E-08 2.31066E-21
 5.50004E-07 4.15000E-04 9.00039E-08 1.47793E-10 2.17116E-11 9.14999E-08 2.60632E-14 3.41360E-13
 1.61309E-19 3.02690E-15 1.07437E-15 3.45836E-17 7.08498E-21 3.03817E-29 4.99997E-10 3.13512E-15
 3.27947E-22 1.07236E-17 6.15482E-15 9.52054E-16 1.60679E-13 1.15069E-20 1.30662E-21 1.59851E-12
 1.13415E-15 1.88896E-15 1.59567E-10 1.18499E-15 6.58265E-03 4.68838E-16 2.73016E-12 6.02725E-12
 1.35642E-08 2.43068E-21 5.50004E-07 4.15000E-04 9.00035E-08 1.34627E-10 2.14015E-11 9.14999E-08
 7.60238E-15 8.96853E-14 4.37375E-20 2.66159E-15 3.48766E-16 7.93666E-18 5.16989E-22 8.81370E-29
 4.99997E-10 3.16469E-15 3.45911E-22 1.67435E-17 5.90660E-15 9.32622E-16 4.17212E-14 3.63408E-21
 6.22148E-22 4.09428E-13 1.03432E-15 1.79256E-15 1.43523E-10 1.34933E-15 5.58343E-03 4.81268E-16
 2.64979E-12 5.28324E-12 1.36063E-08 2.55162E-21 5.50004E-07 4.15000E-04 9.00031E-08 1.21657E-10
 2.10593E-11 9.14999E-08 2.28267E-15 2.41679E-14 1.22378E-20 2.58642E-15 1.17531E-16 1.90437E-18
 4.02202E-23 2.32708E-28 4.99997E-10 3.16995E-15 3.66234E-22 2.48292E-17 5.66767E-15 9.24712E-16
 9.93362E-15 1.26857E-21 3.85002E-22 9.16110E-14 1.00628E-15 1.76115E-15 1.27678E-10 1.53706E-15
 4.70777E-03 4.87129E-16 2.55146E-12 4.57537E-12 1.36515E-08 2.64826E-21 5.50003E-07 4.15000E-04
 9.00027E-08 1.08594E-10 2.05598E-11 9.14999E-08 1.01896E-15 9.59538E-15 5.01818E-21 2.59125E-15
 5.87217E-17 6.99316E-19 7.05115E-24 6.13437E-28 4.99997E-10 3.16435E-15 3.84451E-22 3.66132E-17
 5.42041E-15 9.21289E-16 2.71372E-15 7.22731E-22 3.43065E-22 1.94124E-14 1.00022E-15 1.75128E-15
 1.12371E-10 1.75585E-15 3.89713E-03 4.86477E-16 2.44423E-12 3.91446E-12 1.36993E-08 2.72629E-21
 5.50003E-07 4.15000E-04 9.00023E-08 9.57775E-11 1.99711E-11 9.14999E-08 8.07628E-16 6.75912E-15
 3.59515E-21 2.61183E-15 5.12268E-17 4.54683E-19 3.92353E-24 1.59773E-27 4.99998E-10 3.15303E-15
 4.00368E-22 5.39242E-17 5.16721E-15 9.19191E-16 1.29053E-15 6.98778E-22 3.73858E-22 5.18138E-15
 9.99408E-16 1.74702E-15 9.81174E-11 2.00909E-15 3.22095E-03 4.83935E-16 2.33699E-12 3.31808E-12
 1.37491E-08 2.80023E-21 5.50003E-07 4.15000E-04 9.00019E-08 8.37203E-11 1.93707E-11 9.14998E-08
 8.37006E-16 6.24616E-15 3.34872E-21 2.63347E-15 5.82794E-17 3.78919E-19 3.69335E-24 4.06385E-27
 4.99998E-10 3.13644E-15 4.16893E-22 7.85626E-17 4.91929E-15 9.17412E-16 1.04267E-15 8.18960E-22
 4.35038E-22 2.70673E-15 9.99548E-16 1.74375E-15 8.49371E-11 2.29908E-15 2.64780E-03 4.78493E-16
 2.22442E-12 2.78425E-12 1.38009E-08 2.86697E-21 5.50003E-07 4.15000E-04 9.00016E-08 7.24930E-11
 1.87218E-11 9.14998E-08 9.21786E-16 6.12744E-15 3.29314E-21 2.65454E-15 7.09486E-17 3.32871E-19
 3.92642E-24 1.01563E-26 4.99998E-10 3.11286E-15 4.33893E-22 1.12845E-16 4.67879E-15 9.15699E-16
 1.00388E-15 9.92626E-22 5.16287E-22 2.32409E-15 9.99753E-16 1.74040E-15 7.27782E-11 2.62976E-15
 2.15131E-03 4.69258E-16 2.10447E-12 2.30830E-12 1.38548E-08 2.92553E-21 5.50002E-07 4.15000E-04
 9.00013E-08 6.20820E-11 1.80066E-11 9.14998E-08 1.02584E-15 6.05558E-15 3.24573E-21 2.67570E-15
 8.81215E-17 2.94779E-19 4.29455E-24 2.49726E-26 4.99998E-10 3.07974E-15 4.51143E-22 1.59520E-16
 4.44608E-15 9.14002E-16 9.98215E-16 1.20371E-21 6.18391E-22 2.27352E-15 9.99893E-16 1.73675E-15
 6.16658E-11 3.00597E-15 1.72424E-03 4.56296E-16 1.97832E-12 1.88846E-12 1.39108E-08 2.97975E-21
 5.50002E-07 4.15000E-04 9.00010E-08 5.25319E-11 1.72300E-11 9.14997E-08 1.14349E-15 5.97256E-15
 3.17732E-21 2.69760E-15 1.10928E-16 2.61320E-19 4.76524E-24 6.02446E-26 4.99999E-10 3.03431E-15
 4.68932E-22 2.21313E-16 4.22301E-15 9.12310E-16 9.97279E-16 1.45305E-21 7.46608E-22 2.27081E-15
 9.99960E-16 1.73273E-15 5.16708E-11 3.43265E-15 1.35999E-03 4.39846E-16 1.84771E-12 1.52443E-12
 1.39689E-08 3.03447E-21 5.50002E-07 4.15000E-04 9.00008E-08 4.39248E-11 1.64014E-11 9.14997E-08
 1.27437E-15 5.86632E-15 3.08379E-21 2.72080E-15 1.41891E-16 2.31733E-19 5.44247E-24 1.42030E-25
 4.99999E-10 2.97421E-15 4.87731E-22 3.00226E-16 4.01271E-15 9.10622E-16 9.96939E-16 1.74520E-21
 9.09178E-22 2.27473E-15 9.99892E-16 1.72828E-15 4.29215E-11 3.91458E-15 1.05247E-03 4.20395E-16
 1.71564E-12 1.21740E-12 1.40290E-08 3.09484E-21 5.50002E-07 4.15000E-04 9.00006E-08 3.63941E-11
 1.55386E-11 9.14996E-08 1.41769E-15 5.72947E-15 2.96460E-21 2.74613E-15 1.86657E-16 2.05601E-19
 1.02703E-23 3.24946E-25 4.99999E-10 2.89887E-15 5.08363E-22 3.95976E-16 3.82050E-15 9.08935E-16
 9.96647E-16 2.08594E-21 1.11789E-21 2.27992E-15 9.99292E-16 1.72331E-15 3.56555E-11 4.45597E-15
 8.06175E-04 4.02825E-16 1.59275E-12 9.71433E-13 1.40909E-08 3.18813E-21 5.50002E-07 4.15000E-04
 9.00005E-08 3.01720E-11 1.47276E-11 9.14996E-08 1.56688E-15 5.55252E-15 2.84249E-21 2.77456E-15
 2.59553E-16 1.82573E-19 1.48033E-22 7.12759E-25 4.99999E-10 2.81200E-15 5.34856E-22 5.03307E-16
 3.65619E-15 9.07250E-16 9.96332E-16 2.48212E-21 1.39159E-21 2.28591E-15 9.96325E-16 1.71766E-15
 3.00062E-11 5.05989E-15 6.38359E-04 4.03166E-16 1.49850E-12 7.86309E-13 1.41546E-08 3.41676E-21
 5.50002E-07 4.15000E-04 9.00005E-08 2.53906E-11 1.41513E-11 9.14995E-08 1.70570E-15 5.32839E-15
 2.80581E-21 2.80587E-15 3.83409E-16 1.62451E-19 3.22096E-21 1.49284E-24 4.99999E-10 2.72119E-15
 5.79084E-22 6.13123E-16 3.52895E-15 9.05568E-16 9.95984E-16 2.94240E-21 1.76399E-21 2.29281E-15
 9.84247E-16 1.71112E-15 2.54020E-11 5.72824E-15 5.05563E-04 4.07574E-16 1.41077E-12 6.40744E-13
 1.42209E-08 3.70990E-21 5.50002E-07 4.15000E-04 9.00005E-08 2.15309E-11 1.36165E-11 9.14995E-08
 1.83771E-15 5.05277E-15 2.77560E-21 2.83729E-15 5.61387E-16 1.45166E-19 5.04589E-20 3.09718E-24
 4.99999E-10 2.62583E-15 6.34890E-22 7.25947E-16 3.42505E-15 9.03898E-16 9.95604E-16 3.47447E-21
 2.26810E-21 2.30038E-15 9.43720E-16 1.70394E-15 2.14447E-11 6.46043E-15 3.85875E-04 4.09038E-16
 1.31759E-12 5.19612E-13 1.42903E-08 3.98225E-21 5.50001E-07 4.15000E-04 9.00006E-08 1.82137E-11
 1.30296E-11 9.14994E-08 1.97522E-15 4.75214E-15 2.72823E-21 2.86433E-15 7.58107E-16 1.31079E-19
 5.37375E-19 6.56502E-24 4.99999E-10 2.52390E-15 7.00775E-22 8.44021E-16 3.33439E-15 9.02254E-16
 9.95195E-16 4.08832E-21 2.95878E-21 2.30841E-15 8.35260E-16 1.69633E-15 1.81180E-11 7.25274E-15
 2.81601E-04 4.09529E-16 1.22194E-12 4.20379E-13 1.43627E-08 4.19128E-21 5.50001E-07 4.15000E-04
 9.00007E-08 1.54166E-11 1.24256E-11 9.14993E-08 2.13203E-15 4.46802E-15 2.69601E-21 2.87978E-15
 9.21090E-16 1.20567E-19 3.68769E-18 1.43571E-23 4.99999E-10 2.41924E-15 7.82771E-22 9.62656E-16
 3.25844E-15 9.00647E-16 9.94760E-16 4.79663E-21 3.92905E-21 2.31686E-15 6.66318E-16 1.68831E-15
 1.55943E-11 8.17867E-15 1.94862E-04 4.08054E-16 1.14136E-12 3.47253E-13 1.44385E-08 4.33150E-21
 5.50001E-07 4.15000E-04 9.00010E-08 1.33093E-11 1.19371E-11 9.14992E-08 2.30820E-15 4.23369E-15
 2.65221E-21 2.87104E-15 1.02038E-15 1.14109E-19 1.55032E-17 2.96888E-23 5.00000E-10 2.32194E-15
 8.80933E-22 1.06959E-15 3.20624E-15 8.99063E-16 9.94291E-16 5.61198E-21 5.23579E-21 2.32624E-15
 5.58698E-16 1.67940E-15 1.41946E-11 9.45088E-15 1.56854E-04 4.56930E-16 1.13516E-12 3.09982E-13
 1.45176E-08 5.28001E-21 5.50001E-07 4.15000E-04 9.00014E-08 1.22443E-11 1.20297E-11 9.14991E-08
 2.46156E-15 4.08500E-15 2.82173E-21 2.83890E-15 1.06492E-15 1.11423E-19 3.60936E-17 4.72873E-23
 5.00000E-10 2.25267E-15 1.02085E-21 1.14127E-15 3.19829E-15 8.97494E-16 9.93779E-16 6.54754E-21
 6.81843E-21 2.33758E-15 5.00222E-16 1.66857E-15 1.34445E-11 1.11100E-14 1.44220E-04 5.20281E-16
 1.16447E-12 2.94271E-13 1.45997E-08 6.83432E-21 5.50001E-07 4.15000E-04 9.00019E-08 1.17999E-11
 1.23595E-11 9.14990E-08 2.60806E-15 3.98093E-15 2.98979E-21 2.78543E-15 1.07837E-15 1.10918E-19
 6.47228E-17 6.28213E-23 4.99999E-10 2.20366E-15 1.18247E-21 1.18632E-15 3.21833E-15 8.95969E-16
 9.93236E-16 7.60951E-21 8.67659E-21 2.35044E-15 4.74266E-16 1.65625E-15 1.29135E-11 1.30828E-14
 1.28832E-04 5.87666E-16 1.19735E-12 2.86358E-13 1.46837E-08 8.79004E-21 5.50001E-07 4.15000E-04
 9.00026E-08 1.15705E-11 1.27002E-11 9.14988E-08 2.76177E-15 3.88477E-15 3.13421E-21 2.70701E-15
 1.07835E-15 1.11424E-19 1.03923E-16 8.14092E-23 4.99999E-10 2.16333E-15 1.37343E-21 1.21885E-15
 3.25071E-15 8.94524E-16 9.92680E-16 8.81149E-21 1.10419E-20 2.36403E-15 4.62349E-16 1.64322E-15
 1.24556E-11 1.54573E-14 1.15836E-04 6.71268E-16 1.23921E-12 2.82109E-13 1.47730E-08 1.15388E-20
 5.50001E-07 4.15000E-04 9.00035E-08 1.14263E-11 1.30909E-11 9.14987E-08 2.91795E-15 3.79427E-15
 3.30212E-21 2.60290E-15 1.07244E-15 1.13007E-19 1.54603E-16 1.02902E-22 4.99999E-10 2.12601E-15
 1.60524E-21 1.24534E-15 3.29358E-15 8.93107E-16 9.92090E-16 1.01647E-20 1.40360E-20 2.37893E-15
 4.56210E-16 1.62890E-15 1.19386E-11 1.83821E-14 1.06559E-04 7.54630E-16 1.28228E-12 2.75836E-13
 1.48691E-08 1.49091E-20 5.50001E-07 4.15000E-04 9.00046E-08 1.11781E-11 1.34788E-11 9.14985E-08
 3.08134E-15 3.70542E-15 3.40129E-21 2.45195E-15 1.06227E-15 1.16513E-19 2.26891E-16 1.25744E-22
 4.99999E-10 2.08094E-15 1.86491E-21 1.27805E-15 3.34019E-15 8.91705E-16 9.91463E-16 1.16779E-20
 1.76810E-20 2.39544E-15 4.57424E-16 1.61302E-15 1.11823E-11 2.20750E-14 9.84102E-05 8.05366E-16
 1.30575E-12 2.55330E-13 1.49701E-08 1.77882E-20 5.50001E-07 4.15000E-04 9.00061E-08 1.04580E-11
 1.37676E-11 9.14984E-08 3.26294E-15 3.61055E-15 3.30375E-21 2.20051E-15 1.04716E-15 1.23800E-19
 3.46375E-16 1.49551E-22 4.99999E-10 2.00494E-15 2.11927E-21 1.34520E-15 3.37320E-15 8.90361E-16
 9.90824E-16 1.33627E-20 2.18743E-20 2.41311E-15 4.81324E-16 1.59598E-15 1.01333E-11 2.69259E-14
 9.12983E-05 7.87235E-16 1.28740E-12 2.11061E-13 1.50747E-08 1.78209E-20 5.50001E-07 4.15000E-04
 9.00080E-08 9.00838E-12 1.39211E-11 9.14982E-08 3.46995E-15 3.50616E-15 2.90791E-21 1.79251E-15
 1.02701E-15 1.37189E-19 5.40197E-16 1.69064E-22 4.99999E-10 1.87229E-15 2.31876E-21 1.47749E-15
 3.38019E-15 8.89086E-16 9.90188E-16 1.52236E-20 2.62402E-20 2.43211E-15 5.96612E-16 1.57762E-15
 9.30392E-12 3.33407E-14 8.55140E-05 7.54834E-16 1.27112E-12 1.69997E-13 1.51810E-08 1.61321E-20
 5.50002E-07 4.15000E-04 9.00103E-08 7.65970E-12 1.42176E-11 9.14980E-08 3.66830E-15 3.41040E-15
 2.45889E-21 1.40897E-15 1.00868E-15 1.51407E-19 7.22069E-16 1.65972E-22 4.99999E-10 1.73043E-15
 2.51106E-21 1.61893E-15 3.39817E-15 8.87884E-16 9.89546E-16 1.72584E-20 3.06278E-20 2.45381E-15
 9.17921E-16 1.55658E-15 8.94545E-12 4.11051E-14 8.05610E-05 7.88515E-16 1.30428E-12 1.53390E-13
 1.52897E-08 1.69822E-20 5.50002E-07 4.15000E-04 9.00129E-08 7.08914E-12 1.47963E-11 9.14978E-08
 3.83330E-15 3.32796E-15 2.24430E-21 1.23588E-15 9.97461E-16 1.58548E-19 8.03471E-16 1.53465E-22
 4.99999E-10 1.64507E-15 2.82347E-21 1.69213E-15 3.46168E-15 8.86742E-16 9.88878E-16 1.94750E-20
 3.60802E-20 2.47844E-15 9.90010E-16 1.53260E-15 8.80556E-12 4.98466E-14 7.58098E-05 8.90798E-16
 1.36743E-12 1.51865E-13 1.54029E-08 2.16113E-20 5.50002E-07 4.15000E-04 9.00161E-08 7.01652E-12
 1.54849E-11 9.14975E-08 3.98025E-15 3.24157E-15 2.23246E-21 1.18615E-15 9.91762E-16 1.59704E-19
 8.27390E-16 1.53507E-22 4.99999E-10 1.60397E-15 3.30797E-21 1.70917E-15 3.56325E-15 8.85646E-16
 9.88181E-16 2.18942E-20 4.38062E-20 2.50506E-15 9.99295E-16 1.50668E-15 8.69639E-12 6.00640E-14
 6.19135E-05 1.03249E-15 1.44111E-12 1.55147E-13 1.55182E-08 2.94283E-20 5.50002E-07 4.15000E-04
 9.00197E-08 7.09138E-12 1.61900E-11 9.14973E-08 4.12176E-15 3.14904E-15 2.28386E-21 1.16640E-15
 9.88114E-16 1.59375E-19 8.37660E-16 1.58910E-22 4.99999E-10 1.57793E-15 3.93779E-21 1.70373E-15
 3.68540E-15 8.84620E-16 9.87480E-16 2.45403E-20 5.38186E-20 2.53303E-15 9.99980E-16 1.47940E-15
 8.57989E-12 7.23925E-14 3.80409E-05 1.20253E-15 1.52273E-12 1.60542E-13 1.56350E-08 4.06943E-20
 5.50002E-07 4.15000E-04 9.00240E-08 7.20912E-12 1.69086E-11 9.14970E-08 4.26130E-15 3.05429E-15
 2.34151E-21 1.15123E-15 9.84988E-16 1.59159E-19 8.45583E-16 1.63153E-22 4.99999E-10 1.55660E-15
 4.70665E-21 1.68862E-15 3.82141E-15 8.83662E-16 9.86786E-16 2.74247E-20 6.61157E-20 2.56264E-15
 1.00001E-15 1.45047E-15 8.45364E-12 8.70989E-14 2.64884E-05 1.41014E-15 1.61116E-12 1.68320E-13
 1.57559E-08 5.65769E-20 5.50002E-07 4.15000E-04 9.00289E-08 7.37514E-12 1.76316E-11 9.14968E-08
 4.39973E-15 2.95720E-15 2.41620E-21 1.13737E-15 9.82270E-16 1.59001E-19 8.52777E-16 1.69205E-22
 4.99999E-10 1.53895E-15 5.65796E-21 1.66304E-15 3.97544E-15 8.82750E-16 9.86085E-16 3.05506E-20
 8.15224E-20 2.59439E-15 1.00001E-15 1.41940E-15 8.31858E-12 1.04535E-13 2.15504E-05 1.66753E-15
 1.70717E-12 1.79214E-13 1.58816E-08 7.88600E-20 5.50002E-07 4.15000E-04 9.00346E-08 7.60265E-12
 1.83522E-11 9.14965E-08 4.53676E-15 2.85792E-15 2.51560E-21 1.12453E-15 9.79895E-16 1.58911E-19
 8.59380E-16 1.81833E-22 4.99999E-10 1.52439E-15 6.84353E-21 1.62494E-15 4.15159E-15 8.81878E-16
 9.85377E-16 3.39281E-20 1.01061E-19 2.62839E-15 1.00001E-15 1.38609E-15 8.17808E-12 1.25298E-13
 1.12242E-05 1.98608E-15 1.81344E-12 1.93805E-13 1.60106E-08 1.10075E-19 5.50002E-07 4.15000E-04
 9.00411E-08 7.89365E-12 1.90704E-11 9.14962E-08 4.67165E-15 2.75742E-15 2.63618E-21 1.11276E-15
 9.77739E-16 1.58974E-19 8.65267E-16 3.60040E-22 4.99999E-10 1.51148E-15 8.31293E-21 1.57502E-15
 4.34927E-15 8.81057E-16 9.84673E-16 3.75781E-20 1.25737E-19 2.66433E-15 1.00001E-15 1.35082E-15
 8.03550E-12 1.50059E-13 1.00000E-05 2.38206E-15 1.93282E-12 2.12872E-13 1.61428E-08 1.53704E-19
 5.50002E-07 4.15000E-04 9.00483E-08 8.25438E-12 1.97870E-11 9.14959E-08 4.80377E-15 2.65658E-15
 2.77881E-21 1.10198E-15 9.75749E-16 1.59195E-19 8.70478E-16 4.49260E-21 4.99999E-10 1.49843E-15
 1.01309E-20 1.51368E-15 4.56978E-15 8.80285E-16 9.83978E-16 4.15154E-20 1.56917E-19 2.70220E-15
 9.99852E-16 1.31362E-15 7.89585E-12 1.79636E-13 1.00000E-05 2.87799E-15 2.06933E-12 2.37983E-13
 1.62808E-08 2.14575E-19 5.50002E-07 4.15000E-04 9.00564E-08 8.70507E-12 2.05096E-11 9.14956E-08
 4.93264E-15 2.55671E-15 2.94694E-21 1.09195E-15 9.73891E-16 1.59558E-19 8.75152E-16 6.18933E-20
 4.99998E-10 1.48271E-15 1.23775E-20 1.43924E-15 4.81989E-15 8.79549E-16 9.83281E-16 4.57305E-20
 1.96318E-19 2.74267E-15 9.94563E-16 1.27381E-15 7.76574E-12 2.15090E-13 1.00000E-05 3.50152E-15
 2.22744E-12 2.70444E-13 1.64241E-08 2.99505E-19 5.50002E-07 4.15000E-04 9.00654E-08 9.25493E-12
 2.12447E-11 9.14953E-08 5.05786E-15 2.45901E-15 3.14115E-21 1.08268E-15 9.72152E-16 1.60042E-19
 8.79308E-16 4.99177E-19 4.99998E-10 1.46193E-15 1.51504E-20 1.35315E-15 5.09930E-15 8.78853E-16
 9.82589E-16 5.02334E-20 2.45954E-19 2.78561E-15 8.64100E-16 1.23149E-15 7.64920E-12 2.57808E-13
 1.00000E-05 4.28678E-15 2.41272E-12 3.11931E-13 1.65732E-08 4.18205E-19 5.50002E-07 4.15000E-04
 9.00752E-08 9.91422E-12 2.20001E-11 9.14950E-08 5.17861E-15 2.36424E-15 3.35999E-21 1.07412E-15
 9.70521E-16 1.60616E-19 8.83009E-16 2.39864E-18 4.99998E-10 1.43477E-15 1.85837E-20 1.25647E-15
 5.40616E-15 8.78196E-16 9.81904E-16 5.50228E-20 3.08092E-19 2.83115E-15 7.03186E-16 1.18656E-15
 7.55380E-12 3.09654E-13 1.00000E-05 5.27676E-15 2.63285E-12 3.64943E-13 1.67293E-08 5.84792E-19
 5.50002E-07 4.15000E-04 9.00860E-08 1.07026E-11 2.27942E-11 9.14947E-08 5.29427E-15 2.27370E-15
 3.60044E-21 1.06618E-15 9.68987E-16 1.61254E-19 8.86334E-16 7.52453E-18 4.99998E-10 1.40206E-15
 2.28596E-20 1.15006E-15 5.73649E-15 8.77573E-16 9.81225E-16 6.00759E-20 3.84970E-19 2.87972E-15
 5.97198E-16 1.13860E-15 7.49007E-12 3.73270E-13 1.00000E-05 6.52090E-15 2.89799E-12 4.32517E-13
 1.68939E-08 8.20244E-19 5.50002E-07 4.15000E-04 9.00978E-08 1.16411E-11 2.36564E-11 9.14944E-08
 5.40429E-15 2.18900E-15 3.85353E-21 1.05878E-15 9.67541E-16 1.61932E-19 8.89341E-16 1.68036E-17
 4.99998E-10 1.36761E-15 2.81755E-20 1.03857E-15 6.08090E-15 8.76981E-16 9.80554E-16 6.53521E-20
 4.78098E-19 2.93173E-15 5.36165E-16 1.08715E-15 7.47091E-12 4.52344E-13 1.00000E-05 8.07486E-15
 3.22060E-12 5.18171E-13 1.70678E-08 1.15615E-18 5.50002E-07 4.15000E-04 9.01107E-08 1.27520E-11
 2.46281E-11 9.14941E-08 5.50809E-15 2.11178E-15 4.10497E-21 1.05191E-15 9.66174E-16 1.62628E-19
 8.92075E-16 2.89693E-17 4.99997E-10 1.33656E-15 3.46800E-20 9.30546E-16 6.42900E-15 8.76419E-16
 9.79891E-16 7.07923E-20 5.87511E-19 2.98758E-15 5.05845E-16 1.03184E-15 7.50971E-12 5.51373E-13
 1.00000E-05 1.00171E-14 3.61343E-12 6.26267E-13 1.72527E-08 1.63944E-18 5.50002E-07 4.15000E-04
 9.01247E-08 1.40676E-11 2.57511E-11 9.14937E-08 5.60514E-15 2.04323E-15 4.34898E-21 1.04551E-15
 9.64883E-16 1.63323E-19 8.94569E-16 4.18343E-17 4.99997E-10 1.31169E-15 4.25075E-20 8.32124E-16
 6.77773E-15 8.75883E-16 9.79239E-16 7.63239E-20 7.12646E-19 3.04745E-15 4.91394E-16 9.72492E-16
 7.62008E-12 6.75530E-13 1.00000E-05 1.24677E-14 4.08884E-12 7.62555E-13 1.74505E-08 2.33915E-18
 5.50002E-07 4.15000E-04 9.01399E-08 1.56371E-11 2.70628E-11 9.14934E-08 5.69486E-15 1.98397E-15
 4.59286E-21 1.03958E-15 9.63661E-16 1.64000E-19 8.96848E-16 5.40355E-17 4.99997E-10 1.29290E-15
 5.18643E-20 7.44496E-16 7.13163E-15 8.75373E-16 9.78595E-16 8.18723E-20 8.53326E-19 3.11121E-15
 4.84283E-16 9.09217E-16 7.82047E-12 8.31773E-13 1.00000E-05 1.55797E-14 4.66117E-12 9.33688E-13
 1.76633E-08 3.35895E-18 5.50002E-07 4.15000E-04 9.01566E-08 1.75172E-11 2.86180E-11 9.14931E-08
 5.77678E-15 1.93479E-15 4.83927E-21 1.03409E-15 9.62497E-16 1.64650E-19 8.98930E-16 6.47234E-17
 4.99997E-10 1.27949E-15 6.29750E-20 6.67850E-16 7.49619E-15 8.74884E-16 9.77958E-16 8.73477E-20
 1.00747E-18 3.17875E-15 4.82260E-16 8.42162E-16 8.13512E-12 1.02981E-12 1.00000E-05 1.95331E-14
 5.34651E-12 1.14625E-12 1.78931E-08 4.85584E-18 5.50002E-07 4.15000E-04 9.01748E-08 1.97652E-11
 3.04963E-11 9.14927E-08 5.85070E-15 1.89660E-15 5.08162E-21 1.02902E-15 9.61373E-16 1.65273E-19
 9.00830E-16 7.32830E-17 4.99996E-10 1.27075E-15 7.60348E-20 6.02308E-16 7.87641E-15 8.74414E-16
 9.77329E-16 9.26478E-20 1.16944E-18 3.24980E-15 4.85877E-16 7.71568E-16 8.59419E-12 1.28240E-12
 1.00000E-05 2.45548E-14 6.16055E-12 1.40682E-12 1.81418E-08 7.06585E-18 5.50002E-07 4.15000E-04
 9.01946E-08 2.24488E-11 3.27937E-11 9.14924E-08 5.91664E-15 1.87000E-15 5.31370E-21 1.02434E-15
 9.60276E-16 1.65866E-19 9.02561E-16 7.95704E-17 4.99996E-10 1.26545E-15 9.12649E-20 5.46806E-16
 8.27880E-15 8.73959E-16 9.76706E-16 9.76706E-20 1.33100E-18 3.32393E-15 4.97304E-16 6.97901E-16
 9.23732E-12 1.60626E-12 1.00000E-05 3.09321E-14 7.11811E-12 1.72207E-12 1.84120E-08 1.03429E-17
 5.50002E-07 4.15000E-04 9.02164E-08 2.56542E-11 3.56266E-11 9.14921E-08 5.97481E-15 1.85534E-15
 5.53075E-21 1.02002E-15 9.59189E-16 1.66430E-19 9.04139E-16 8.37235E-17 4.99995E-10 1.26223E-15
 1.08930E-19 4.99711E-16 8.71128E-15 8.73515E-16 9.76089E-16 1.02317E-19 1.48159E-18 3.40050E-15
 5.22562E-16 6.21785E-16 1.01135E-11 2.02337E-12 1.00000E-05 3.90159E-14 8.23220E-12 2.09662E-12
 1.87054E-08 1.52169E-17 5.50002E-07 4.15000E-04 9.02402E-08 2.94702E-11 3.91318E-11 9.14917E-08
 6.02567E-15 1.85256E-15 5.72706E-21 1.01603E-15 9.58100E-16 1.66964E-19 9.05571E-16 8.59077E-17
 4.99995E-10 1.25994E-15 1.29324E-19 4.59700E-16 9.18098E-15 8.73077E-16 9.75475E-16 1.06537E-19
 1.60899E-18 3.47843E-15 5.69661E-16 5.44332E-16 1.12862E-11 2.56264E-12 1.00000E-05 4.92358E-14
 9.51410E-12 2.53319E-12 1.90237E-08 2.24789E-17 5.50002E-07 4.15000E-04 9.02663E-08 3.39970E-11
 4.34713E-11 9.14914E-08 6.06983E-15 1.86134E-15 5.89763E-21 1.01237E-15 9.57000E-16 1.67471E-19
 9.06865E-16 8.62929E-17 4.99995E-10 1.25761E-15 1.52785E-19 4.25535E-16 9.69535E-15 8.72639E-16
 9.74864E-16 1.10328E-19 1.70056E-18 3.55635E-15 6.69840E-16 4.66929E-16 1.28341E-11 3.25950E-12
 1.00000E-05 6.21825E-14 1.09715E-11 3.03376E-12 1.93688E-08 3.32868E-17 5.50002E-07 4.15000E-04
 9.02949E-08 3.93584E-11 4.88099E-11 9.14910E-08 6.10796E-15 1.88086E-15 6.04979E-21 1.00900E-15
 9.55881E-16 1.67950E-19 9.08031E-16 8.52915E-17 4.99994E-10 1.25425E-15 1.79910E-19 3.95541E-16
 1.02633E-14 8.72198E-16 9.74253E-16 1.13789E-19 1.74835E-18 3.63245E-15 8.83348E-16 3.91395E-16
 1.48573E-11 4.15815E-12 1.00000E-05 7.86403E-14 1.26108E-11 3.59932E-12 1.97423E-08 4.93267E-17
 5.50002E-07 4.15000E-04 9.03262E-08 4.56956E-11 5.53232E-11 9.14907E-08 6.14079E-15 1.91004E-15
 6.19469E-21 1.00591E-15 9.54735E-16 1.68404E-19 9.09074E-16 8.33382E-17 4.99993E-10 1.24905E-15
 2.11538E-19 3.68287E-16 1.08943E-14 8.71747E-16 9.73639E-16 1.17116E-19 1.74858E-18 3.70476E-15
 9.96822E-16 3.19707E-16 1.74793E-11 5.31189E-12 1.00000E-05 9.96919E-14 1.44373E-11 4.23113E-12
 2.01458E-08 7.30207E-17 5.50002E-07 4.15000E-04 9.03604E-08 5.31713E-11 6.31821E-11 9.14903E-08
 6.16904E-15 1.94753E-15 6.34937E-21 1.00309E-15 9.53551E-16 1.68832E-19 9.10003E-16 8.09750E-17
 4.99993E-10 1.24123E-15 2.48909E-19 3.42483E-16 1.15987E-14 8.71284E-16 9.73016E-16 1.20617E-19
 1.70320E-18 3.77128E-15 9.99974E-16 2.53856E-16 2.08561E-11 6.78506E-12 1.00000E-05 1.26830E-13
 1.64590E-11 4.93231E-12 2.05815E-08 1.07822E-16 5.50002E-07 4.15000E-04 9.03977E-08 6.19803E-11
 7.25546E-11 9.14900E-08 6.19356E-15 1.99197E-15 6.53333E-21 1.00052E-15 9.52317E-16 1.69234E-19
 9.10829E-16 7.87727E-17 4.99992E-10 1.23021E-15 2.93743E-19 3.17221E-16 1.23884E-14 8.70805E-16
 9.72378E-16 1.24670E-19 1.61849E-18 3.83037E-15 1.00003E-15 1.95481E-16 2.51888E-11 8.65615E-12
 1.00000E-05 1.62092E-13 1.86886E-11 5.70929E-12 2.10520E-08 1.58644E-16 5.50002E-07 4.15000E-04
 9.04385E-08 7.23615E-11 8.36130E-11 9.14896E-08 6.21516E-15 2.04214E-15 6.76496E-21 9.98165E-16
 9.51011E-16 1.69610E-19 9.11564E-16 7.72202E-17 4.99991E-10 1.21572E-15 3.48322E-19 2.92146E-16
 1.32774E-14 8.70306E-16 9.71716E-16 1.29685E-19 1.50313E-18 3.88097E-15 1.00004E-15 1.45647E-16
 3.07396E-11 1.10222E-11 1.00000E-05 2.08261E-13 2.11470E-11 6.57284E-12 2.15611E-08 2.32478E-16
 5.50002E-07 4.15000E-04 9.04831E-08 8.46102E-11 9.65392E-11 9.14893E-08 6.23478E-15 2.09708E-15
 7.06119E-21 9.96014E-16 9.49608E-16 1.69961E-19 9.12220E-16 7.66714E-17 4.99990E-10 1.19790E-15
 4.15645E-19 2.67452E-16 1.42827E-14 8.69785E-16 9.71019E-16 1.36061E-19 1.36721E-18 3.92267E-15
 1.00004E-15 1.04760E-16 3.78473E-11 1.40060E-11 1.00000E-05 2.69108E-13 2.38655E-11 7.53797E-12
 2.21132E-08 3.39340E-16 5.50002E-07 4.15000E-04 9.05320E-08 9.90774E-11 1.11531E-10 9.14889E-08
 6.25351E-15 2.15596E-15 7.43637E-21 9.94043E-16 9.48075E-16 1.70287E-19 9.12810E-16 7.72843E-17
 4.99989E-10 1.17737E-15 4.99594E-19 2.43781E-16 1.54238E-14 8.69237E-16 9.70276E-16 1.44164E-19
 1.22165E-18 3.95569E-15 1.00005E-15 7.26185E-17 4.69707E-11 1.77697E-11 1.00000E-05 3.49651E-13
 2.68887E-11 8.62440E-12 2.27145E-08 4.93783E-16 5.50003E-07 4.15000E-04 9.05858E-08 1.16199E-10
 1.28852E-10 9.14886E-08 6.27252E-15 2.21849E-15 7.89889E-21 9.92230E-16 9.46375E-16 1.70590E-19
 9.13344E-16 7.89467E-17 4.99988E-10 1.15509E-15 6.05014E-19 2.22001E-16 1.67256E-14 8.68658E-16
 9.69473E-16 1.54279E-19 1.07663E-18 3.98080E-15 1.00005E-15 4.84503E-17 5.87461E-11 2.25277E-11
 1.00007E-05 4.56691E-13 3.02768E-11 9.86040E-12 2.33733E-08 7.17111E-16 5.50003E-07 4.15000E-04
 9.06456E-08 1.36553E-10 1.48837E-10 9.14882E-08 6.29303E-15 2.28476E-15 8.45720E-21 9.90554E-16
 9.44460E-16 1.70875E-19 9.13829E-16 8.14433E-17 4.99986E-10 1.13214E-15 7.38216E-19 2.02878E-16
 1.82220E-14 8.68037E-16 9.68595E-16 1.66611E-19 9.42749E-19 3.99910E-15 1.00006E-15 3.11353E-17
 7.40239E-11 2.85588E-11 9.99811E-06 5.99657E-13 3.41063E-11 1.12844E-11 2.40999E-08 1.04065E-15
 5.50003E-07 4.15000E-04 9.07126E-08 1.60861E-10 1.71852E-10 9.14879E-08 6.31654E-15 2.35479E-15
 9.12568E-21 9.88998E-16 9.42272E-16 1.71148E-19 9.14270E-16 8.45799E-17 4.99985E-10 1.10953E-15
 9.07801E-19 1.87001E-16 1.99557E-14 8.67364E-16 9.67620E-16 1.81317E-19 8.31484E-19 4.01188E-15
 1.00007E-15 1.94075E-17 9.39774E-11 3.62388E-11 9.98920E-06 7.91412E-13 3.84731E-11 1.29451E-11
 2.49071E-08 1.51110E-15 5.50003E-07 4.15000E-04 9.07883E-08 1.90035E-10 1.98358E-10 9.14875E-08
 6.34473E-15 2.42884E-15 9.91818E-21 9.87547E-16 9.39742E-16 1.71412E-19 9.14671E-16 8.80829E-17
 4.99983E-10 1.08818E-15 1.12510E-18 1.74784E-16 2.19823E-14 8.66626E-16 9.66520E-16 1.98486E-19
 7.52124E-19 4.02051E-15 1.00009E-15 1.19395E-17 1.20236E-10 4.60826E-11 1.00334E-05 1.04937E-12
 4.34914E-11 1.49005E-11 2.58108E-08 2.19868E-15 5.50004E-07 4.14999E-04 9.08751E-08 2.25196E-10
 2.28955E-10 9.14871E-08 6.37964E-15 2.50743E-15 1.08468E-20 9.86184E-16 9.36790E-16 1.71676E-19
 9.15036E-16 9.16328E-17 4.99980E-10 1.06876E-15 1.40490E-18 1.66418E-16 2.43734E-14 8.65801E-16
 9.65261E-16 2.18136E-19 7.10443E-19 4.02622E-15 1.00010E-15 7.48863E-18 1.55040E-10 5.88038E-11
 9.90851E-06 1.39679E-12 4.92889E-11 1.72122E-11 2.68300E-08 3.20953E-15 5.50005E-07 4.14999E-04
 9.09756E-08 2.67645E-10 2.64417E-10 9.14868E-08 6.42377E-15 2.59117E-15 1.19199E-20 9.84896E-16
 9.33330E-16 1.71943E-19 9.15366E-16 9.49010E-17 4.99978E-10 1.05165E-15 1.76629E-18 1.61842E-16
 2.72179E-14 8.64863E-16 9.63801E-16 2.40218E-19 7.07786E-19 4.03013E-15 1.00012E-15 5.00360E-18
 2.01460E-10 7.54310E-11 9.48487E-06 1.86321E-12 5.59941E-11 1.99251E-11 2.79857E-08 4.70598E-15
 5.50006E-07 4.14999E-04 9.10932E-08 3.18743E-10 3.05889E-10 9.14864E-08 6.47993E-15 2.68102E-15
 1.31254E-20 9.83668E-16 9.29296E-16 1.72219E-19 9.15662E-16 9.74625E-17 4.99974E-10 1.03677E-15
 2.23198E-18 1.60693E-16 3.06207E-14 8.63770E-16 9.62095E-16 2.64515E-19 7.39841E-19 4.03308E-15
 1.00014E-15 3.67594E-18 2.63474E-10 9.73007E-11 1.08793E-05 2.48947E-12 6.37343E-11 2.30985E-11
 2.93008E-08 6.92937E-15 5.50007E-07 4.14999E-04 9.12317E-08 3.79966E-10 3.54340E-10 9.14860E-08
 6.55186E-15 2.77647E-15 1.44818E-20 9.82489E-16 9.24583E-16 1.72506E-19 9.15926E-16 9.93543E-17
 4.99970E-10 1.02404E-15 2.83412E-18 1.62550E-16 3.47094E-14 8.62481E-16 9.60066E-16 2.90829E-19
 8.00922E-19 4.03573E-15 1.00016E-15 2.95777E-18 3.45832E-10 1.25858E-10 1.19970E-05 3.34108E-12
 7.26595E-11 2.68862E-11 3.08009E-08 1.02192E-14 5.50009E-07 4.14999E-04 9.13949E-08 4.53052E-10
 4.09284E-10 9.14856E-08 6.64542E-15 2.87303E-15 1.61191E-20 9.81351E-16 9.18925E-16 1.72806E-19
 9.16167E-16 1.01463E-16 4.99965E-10 1.01433E-15 3.62934E-18 1.67550E-16 3.96468E-14 8.60983E-16
 9.57562E-16 3.19475E-19 8.90743E-19 4.03851E-15 1.00019E-15 2.52857E-18 4.54377E-10 1.62948E-10
 1.04112E-05 4.50968E-12 8.29250E-11 3.14577E-11 3.25112E-08 1.50666E-14 5.50011E-07 4.14999E-04
 9.15872E-08 5.39379E-10 4.69745E-10 9.14852E-08 6.76741E-15 2.96583E-15 1.81744E-20 9.80242E-16
 9.11992E-16 1.73127E-19 9.16390E-16 1.04283E-16 4.99959E-10 1.00865E-15 4.69592E-18 1.75955E-16
 4.56195E-14 8.59263E-16 9.54387E-16 3.50892E-19 1.01124E-18 4.04180E-15 1.00022E-15 2.22600E-18
 5.96626E-10 2.11283E-10 9.93712E-06 6.11037E-12 9.46529E-11 3.69032E-11 3.44537E-08 2.22094E-14
 5.50014E-07 4.14998E-04 9.18132E-08 6.39458E-10 5.35498E-10 9.14847E-08 6.92414E-15 3.05221E-15
 2.07167E-20 9.79140E-16 9.03526E-16 1.73476E-19 9.16596E-16 1.07545E-16 4.99952E-10 1.00724E-15
 6.12645E-18 1.87583E-16 5.28285E-14 8.57270E-16 9.50344E-16 3.85054E-19 1.16366E-18 4.04587E-15
 1.00025E-15 1.97936E-18 7.81553E-10 2.74335E-10 9.83309E-06 8.29890E-12 1.07950E-10 4.33071E-11
 3.66469E-08 3.27344E-14 5.50018E-07 4.14998E-04 9.20779E-08 7.52946E-10 6.05798E-10 9.14843E-08
 7.12225E-15 3.12862E-15 2.38461E-20 9.78025E-16 8.93218E-16 1.73863E-19 9.16786E-16 1.11082E-16
 4.99943E-10 1.01037E-15 8.04568E-18 2.02329E-16 6.14997E-14 8.54956E-16 9.45198E-16 4.21868E-19
 1.35397E-18 4.05096E-15 1.00030E-15 1.76408E-18 1.01956E-09 3.56543E-10 9.91633E-06 1.12837E-11
 1.22904E-10 5.07348E-11 3.91042E-08 4.82616E-14 5.50024E-07 4.14997E-04 9.23866E-08 8.78323E-10
 6.79409E-10 9.14838E-08 7.36852E-15 3.19098E-15 2.76904E-20 9.76871E-16 8.80716E-16 1.74294E-19
 9.16960E-16 1.14755E-16 4.99933E-10 1.01827E-15 1.06192E-17 2.20150E-16 7.18833E-14 8.52264E-16
 9.38674E-16 4.61095E-19 1.59182E-18 4.05735E-15 1.00035E-15 1.57149E-18 1.32271E-09 4.63900E-10
 9.92516E-06 1.53293E-11 1.39558E-10 5.91561E-11 4.18339E-08 7.12842E-14 5.50031E-07 4.14997E-04
 9.27458E-08 1.01268E-09 7.55501E-10 9.14833E-08 7.66905E-15 3.23613E-15 3.23524E-20 9.75648E-16
 8.65731E-16 1.74774E-19 9.17119E-16 1.18302E-16 4.99920E-10 1.03059E-15 1.40506E-17 2.40736E-16
 8.42486E-14 8.49118E-16 9.30513E-16 5.01916E-19 1.88649E-18 4.06531E-15 1.00040E-15 1.39601E-18
 1.70500E-09 6.04646E-10 9.87627E-06 2.07613E-11 1.57904E-10 6.84088E-11 4.48411E-08 1.05749E-13
 5.50039E-07 4.14996E-04 9.31635E-08 1.15202E-09 8.34087E-10 9.14828E-08 8.02921E-15 3.26229E-15
 3.78878E-20 9.74325E-16 8.48101E-16 1.75296E-19 9.17262E-16 1.21441E-16 4.99906E-10 1.04616E-15
 1.85801E-17 2.63417E-16 9.88928E-14 8.45402E-16 9.20502E-16 5.42722E-19 2.24447E-18 4.07502E-15
 1.00046E-15 1.23288E-18 2.18280E-09 7.90194E-10 9.94211E-06 2.79714E-11 1.77898E-10 7.82004E-11
 4.81323E-08 1.58069E-13 5.50051E-07 4.14995E-04 9.36512E-08 1.29198E-09 9.16163E-10 9.14822E-08
 8.45419E-15 3.26895E-15 4.42963E-20 9.72874E-16 8.27828E-16 1.75839E-19 9.17390E-16 1.23968E-16
 4.99888E-10 1.06308E-15 2.44814E-17 2.87192E-16 1.16162E-13 8.40957E-16 9.08497E-16 5.81130E-19
 2.66755E-18 4.08666E-15 1.00052E-15 1.07864E-18 2.77553E-09 1.03639E-09 1.00627E-05 3.74243E-11
 1.99497E-10 8.81436E-11 5.17167E-08 2.38927E-13 5.50065E-07 4.14994E-04 9.42246E-08 1.42863E-09
 1.00372E-09 9.14817E-08 8.94940E-15 3.25666E-15 5.15168E-20 9.71273E-16 8.05095E-16 1.76367E-19
 9.17503E-16 1.25769E-16 4.99868E-10 1.07895E-15 3.20577E-17 3.10824E-16 1.36480E-13 8.35563E-16
 8.94446E-16 6.14237E-19 3.15086E-18 4.10027E-15 1.00058E-15 9.31585E-19 3.50681E-09 1.36535E-09
 1.01000E-05 4.96611E-11 2.22720E-10 9.78141E-11 5.56032E-08 3.66542E-13 5.50083E-07 4.14993E-04
 9.49059E-08 1.55938E-09 1.09989E-09 9.14811E-08 9.52048E-15 3.22702E-15 5.94138E-20 9.69508E-16
 7.80278E-16 1.76817E-19 9.17601E-16 1.26774E-16 4.99844E-10 1.09122E-15 4.16326E-17 3.32927E-16
 1.60376E-13 8.28925E-16 8.78393E-16 6.39028E-19 3.68049E-18 4.11586E-15 1.00064E-15 7.91762E-19
 4.40546E-09 1.80719E-09 1.01000E-05 6.53210E-11 2.47727E-10 1.06884E-10 5.97942E-08 5.72462E-13
 5.50106E-07 4.14992E-04 9.57260E-08 1.68335E-09 1.20840E-09 9.14804E-08 1.01734E-14 3.18190E-15
 6.78174E-20 9.67580E-16 7.53837E-16 1.77111E-19 9.17686E-16 1.26945E-16 4.99816E-10 1.09796E-15
 5.35582E-17 3.52295E-16 1.88536E-13 8.20658E-16 8.60443E-16 6.53176E-19 4.23602E-18 4.13332E-15
 1.00068E-15 6.60934E-19 5.50456E-09 2.40109E-09 1.01000E-05 8.51905E-11 2.74878E-10 1.15264E-10
 6.42733E-08 9.11602E-13 5.50134E-07 4.14990E-04 9.67281E-08 1.80088E-09 1.33215E-09 9.14798E-08
 1.09141E-14 3.12243E-15 7.66030E-20 9.65489E-16 7.26112E-16 1.77158E-19 9.17756E-16 1.26285E-16
 4.99783E-10 1.09868E-15 6.82542E-17 3.68322E-16 2.21826E-13 8.10313E-16 8.40659E-16 6.55904E-19
 4.79812E-18 4.15264E-15 1.00070E-15 5.41983E-19 6.83717E-09 3.19508E-09 1.01000E-05 1.10251E-10
 3.04728E-10 1.23123E-10 6.89857E-08 1.47922E-12 5.50169E-07 4.14988E-04 9.79693E-08 1.91232E-09
 1.47231E-09 9.14791E-08 1.17463E-14 3.04879E-15 8.57212E-20 9.63237E-16 6.97242E-16 1.76873E-19
 9.17812E-16 1.24823E-16 4.99743E-10 1.09432E-15 8.62483E-17 3.81077E-16 2.61254E-13 7.97410E-16
 8.19024E-16 6.48212E-19 5.35438E-18 4.17382E-15 1.00072E-15 4.37589E-19 8.43269E-09 4.24523E-09
 1.01000E-05 1.41693E-10 3.37998E-10 1.30813E-10 7.38221E-08 2.43890E-12 5.50212E-07 4.14985E-04
 9.95239E-08 2.01776E-09 1.62857E-09 9.14784E-08 1.26688E-14 2.96131E-15 9.51380E-20 9.60818E-16
 6.67241E-16 1.76176E-19 9.17851E-16 1.22587E-16 4.99696E-10 1.08646E-15 1.08183E-16 3.90983E-16
 3.07932E-13 7.81472E-16 7.95461E-16 6.32259E-19 5.89780E-18 4.19694E-15 1.00072E-15 3.49053E-19
 1.03171E-08 5.61538E-09 1.01000E-05 1.80882E-10 3.75568E-10 1.38722E-10 7.86104E-08 4.06773E-12
 5.50265E-07 4.14982E-04 1.01486E-07 2.11778E-09 1.80089E-09 9.14776E-08 1.36711E-14 2.86156E-15
 1.04692E-19 9.58229E-16 6.36231E-16 1.74987E-19 9.17872E-16 1.19529E-16 4.99641E-10 1.07631E-15
 1.34774E-16 3.98329E-16 3.63073E-13 7.62003E-16 7.69929E-16 6.10432E-19 6.41878E-18 4.22205E-15
 1.00071E-15 2.75980E-19 1.25175E-08 7.38011E-09 1.01000E-05 2.29391E-10 4.18480E-10 1.47210E-10
 8.31581E-08 6.83074E-12 5.50329E-07 4.14978E-04 1.03976E-07 2.21372E-09 1.99091E-09 9.14767E-08
 1.47414E-14 2.75354E-15 1.14137E-19 9.55469E-16 6.04423E-16 1.73223E-19 9.17870E-16 1.15512E-16
 4.99576E-10 1.06456E-15 1.66810E-16 4.03205E-16 4.28118E-13 7.38446E-16 7.42405E-16 5.84666E-19
 6.90169E-18 4.24920E-15 1.00069E-15 2.16757E-19 1.50278E-08 9.63449E-09 1.01000E-05 2.89743E-10
 4.67144E-10 1.56683E-10 8.75445E-08 1.15105E-11 5.50407E-07 4.14974E-04 1.07148E-07 2.29772E-09
 2.19084E-09 9.14758E-08 1.59047E-14 2.63659E-15 1.24113E-19 9.52462E-16 5.70733E-16 1.70899E-19
 9.17847E-16 1.10993E-16 4.99500E-10 1.05376E-15 2.05806E-16 4.07394E-16 5.04849E-13 7.10363E-16
 7.12174E-16 5.56312E-19 7.36766E-18 4.27907E-15 1.00066E-15 1.69449E-19 1.76040E-08 1.25395E-08
 1.01000E-05 3.68385E-10 5.17130E-10 1.67399E-10 9.31629E-08 1.94731E-11 5.50496E-07 4.14968E-04
 1.11202E-07 2.31579E-09 2.33543E-09 9.14748E-08 1.73586E-14 2.48324E-15 1.39648E-19 9.48741E-16
 5.28902E-16 1.68472E-19 9.17850E-16 1.09342E-16 4.99410E-10 1.05365E-15 2.56828E-16 4.19766E-16
 5.94558E-13 6.78216E-16 6.75786E-16 5.25064E-19 8.01971E-18 4.31487E-15 1.00067E-15 1.32217E-19
 1.96895E-08 1.66596E-08 1.01000E-05 4.79639E-10 5.56593E-10 1.77447E-10 1.04112E-07 3.37653E-11
 5.50589E-07 4.14963E-04 1.16463E-07 2.17216E-09 2.31979E-09 9.14736E-08 1.97007E-14 2.25380E-15
 1.73487E-19 9.43267E-16 4.68573E-16 1.66585E-19 9.17951E-16 1.14855E-16 4.99305E-10 1.07663E-15
 3.31688E-16 4.54852E-16 6.98958E-13 6.40617E-16 6.26839E-16 4.81394E-19 9.16898E-18 4.36265E-15
 1.00076E-15 1.01345E-19 2.06193E-08 2.37493E-08 1.01000E-05 6.49977E-10 5.73295E-10 1.82912E-10
 1.28868E-07 6.30190E-11 5.50679E-07 4.14958E-04 1.24144E-07 1.81123E-09 2.09199E-09 9.14721E-08
 2.43059E-14 1.93677E-15 2.55194E-19 9.34267E-16 3.81367E-16 1.65347E-19 9.18108E-16 1.26092E-16
 4.99181E-10 1.13402E-15 4.52855E-16 5.29690E-16 8.23113E-13 5.88284E-16 5.57987E-16 4.07312E-19
 1.09426E-17 4.42958E-15 1.00101E-15 7.24744E-20 1.99417E-08 3.83262E-08 1.01000E-05 9.20728E-10
 5.70190E-10 1.83931E-10 1.84165E-07 1.33006E-10 5.50771E-07 4.14953E-04 1.50327E-07 1.30937E-09
 1.70667E-09 9.14700E-08 3.44161E-14 1.58201E-15 4.68121E-19 9.18860E-16 2.69419E-16 1.63471E-19
 9.18221E-16 1.36178E-16 4.99025E-10 1.24136E-15 6.60072E-16 6.62774E-16 9.78825E-13 4.98426E-16
 4.64342E-16 2.96202E-19 1.27620E-17 4.52104E-15 1.00152E-15 4.46625E-20 1.80703E-08 8.72886E-08
 1.01000E-05 1.44558E-09 5.65742E-10 1.81545E-10 3.33578E-07 3.99520E-10 5.50962E-07 4.14946E-04
 4.31763E-07 7.89987E-10 1.27240E-09 9.14665E-08 6.02778E-14 1.09980E-15 1.19317E-18 8.91662E-16
 1.44745E-16 1.55056E-19 9.18270E-16 1.41370E-16 4.98773E-10 1.39007E-15 1.09234E-15 8.40955E-16
 1.22986E-12 3.07742E-16 3.36087E-16 1.48712E-19 1.28910E-17 4.64839E-15 1.00247E-15 1.70089E-20
 3.14421E+02 3.12480E+02 3.10538E+02 3.08584E+02 3.06624E+02 3.04655E+02 3.02672E+02 3.00678E+02
 2.98670E+02 2.96645E+02 2.94609E+02 2.92547E+02 2.90474E+02 2.88370E+02 2.86243E+02 2.84084E+02
 2.81887E+02 2.79657E+02 2.77375E+02 2.75051E+02 2.72761E+02 2.70571E+02 2.68360E+02 2.66062E+02
 2.63661E+02 2.61138E+02 2.58471E+02 2.55632E+02 2.52589E+02 2.49299E+02 2.45719E+02 2.41798E+02
 2.37870E+02 2.34946E+02 2.33028E+02 2.31298E+02 2.29581E+02 2.28015E+02 2.26534E+02 2.25114E+02
 2.23769E+02 2.22476E+02 2.21201E+02 2.20068E+02 2.19442E+02 2.19252E+02 2.18834E+02 2.18143E+02
 2.17418E+02 2.16335E+02 2.14985E+02 2.13643E+02 2.12334E+02 2.11090E+02 2.10024E+02 2.09178E+02
 2.08503E+02 2.07991E+02 2.07682E+02 2.07594E+02 2.07736E+02 2.08120E+02 2.08717E+02 2.09493E+02
 2.10394E+02 2.11347E+02 2.12272E+02 2.13101E+02 2.13796E+02 2.14346E+02 2.14762E+02 2.15059E+02
 2.15260E+02 2.15398E+02 2.15504E+02 2.15633E+02 2.15872E+02 2.16191E+02 2.16402E+02 2.16498E+02
 2.16561E+02 2.16489E+02 2.16249E+02 2.15972E+02 2.15726E+02 2.15568E+02 2.15584E+02 2.15858E+02
 2.16449E+02 2.17382E+02 2.18653E+02 2.20190E+02 2.21798E+02 2.23158E+02 2.23910E+02 2.23951E+02
 2.23534E+02 2.21741E+02 2.17784E+02 2.12818E+02 1.00000E+05 1.00000E+05 1.00000E+05 1.00000E+05
 1.00000E+05 1.00000E+05 1.00000E+05 1.00000E+05 1.00000E+05 1.00000E+05 1.00000E+05 1.00000E+05
 1.00000E+05 1.00000E+05 1.00000E+05 1.00000E+05 1.00000E+05 1.00000E+05 1.00000E+05 1.00000E+05
 1.00000E+05 1.00000E+05 1.00000E+05 1.00000E+05 1.00000E+05 1.00000E+05 1.00000E+05 1.00000E+05
 1.00000E+05 1.00000E+05 1.00000E+05 1.00000E+05 1.00000E+05 1.00000E+05 1.00000E+05 1.00000E+05
 1.00000E+05 9.65835E+04 9.40988E+04 9.16141E+04 8.91294E+04 7.87326E+04 6.92150E+04 5.96974E+04
 5.01797E+04 4.06621E+04 3.73385E+04 3.11244E+04 2.49103E+04 1.86962E+04 1.84047E+04 1.58353E+04
 1.32659E+04 1.06965E+04 1.00915E+04 8.95082E+03 7.81012E+03 6.66941E+03 6.37603E+03 5.98850E+03
 5.60097E+03 5.21344E+03 4.82591E+03 4.77897E+03 4.57309E+03 4.36721E+03 4.16132E+03 4.16000E+03
 4.08000E+03 4.00000E+03 3.92000E+03 3.93382E+03 3.92206E+03 3.91029E+03 3.89853E+03 3.92621E+03
 3.94950E+03 3.97279E+03 3.99609E+03 4.01938E+03 4.15076E+03 4.23171E+03 4.31265E+03 4.39359E+03
 4.53456E+03 4.65244E+03 4.77032E+03 4.88821E+03 5.03650E+03 5.17650E+03 5.31650E+03 5.45650E+03
 5.63700E+03 5.81300E+03 5.98900E+03 6.16500E+03 6.34100E+03 6.56156E+03 6.76132E+03 6.96109E+03
 2.25452E+19 2.11651E+19 1.98621E+19 1.86329E+19 1.74732E+19 1.63797E+19 1.53490E+19 1.43778E+19
 1.34629E+19 1.26017E+19 1.17907E+19 1.10280E+19 1.03102E+19 9.63567E+18 9.00167E+18 8.40612E+18
 7.84705E+18 7.32213E+18 6.82988E+18 6.36810E+18 5.93341E+18 5.52324E+18 5.13887E+18 4.77999E+18
 4.44513E+18 4.13289E+18 3.84199E+18 3.57121E+18 3.31945E+18 3.08567E+18 2.86887E+18 2.66808E+18
 2.47852E+18 2.29027E+18 2.10555E+18 1.93293E+18 1.77325E+18 1.62472E+18 1.48723E+18 1.36026E+18
 1.24306E+18 1.13510E+18 1.03591E+18 9.44333E+17 8.58565E+17 7.78915E+17 7.07306E+17 6.42939E+17
 5.84354E+17 5.31783E+17 4.84292E+17 4.40775E+17 4.00881E+17 3.64284E+17 3.30582E+17 2.99557E+17
 2.71130E+17 2.45143E+17 2.21392E+17 1.99714E+17 1.79965E+17 1.62005E+17 1.45728E+17 1.31022E+17
 1.17783E+17 1.05907E+17 9.52878E+16 8.58111E+16 7.73561E+16 6.98038E+16 6.30443E+16 5.69816E+16
 5.15318E+16 4.66216E+16 4.21887E+16 3.81762E+16 3.45312E+16 3.12274E+16 2.82579E+16 2.55867E+16
 2.31727E+16 2.10000E+16 1.90448E+16 1.72730E+16 1.56622E+16 1.41948E+16 1.28543E+16 1.16275E+16
 1.05048E+16 9.47902E+15 8.54478E+15 7.69855E+15 6.93919E+15 6.26615E+15 5.67665E+15 5.15996E+15
 4.69965E+15 4.30499E+15 3.97803E+15 3.68721E+15 1.38166E-15 1.31652E-15 1.23355E-15 1.25955E-15
 1.35974E-15 1.52241E-15 1.74418E-15 2.02562E-15 2.36966E-15 2.78078E-15 3.26460E-15 3.82739E-15
 4.47566E-15 5.21599E-15 6.05550E-15 6.99891E-15 8.04886E-15 9.20683E-15 1.04741E-14 1.18526E-14
 1.33456E-14 1.49582E-14 1.66971E-14 1.85698E-14 2.05848E-14 2.27520E-14 2.50821E-14 2.75869E-14
 3.02790E-14 3.31719E-14 3.62797E-14 3.96169E-14 4.30705E-14 4.65600E-14 5.00706E-14 5.36000E-14
 5.71476E-14 6.07741E-14 6.45257E-14 6.83711E-14 7.22230E-14 7.59887E-14 7.97081E-14 8.32705E-14
 8.65437E-14 8.93368E-14 9.11980E-14 9.17310E-14 9.13248E-14 8.95703E-14 8.52452E-14 8.00082E-14
 7.35995E-14 6.56480E-14 5.74171E-14 4.85790E-14 3.92909E-14 2.98294E-14 2.16657E-14 1.48446E-14
 9.47229E-15 5.53858E-15 2.90765E-15 1.41050E-15 6.08746E-16 2.28989E-16 7.32687E-17 2.06911E-17
 4.95565E-18 9.85775E-19 1.59075E-19 2.12872E-20 2.28551E-21 1.92274E-22 1.23524E-23 6.06487E-25
 2.20542E-26 5.79981E-28 1.06821E-29 1.31899E-31 1.19515E-33 7.30690E-36 2.91713E-38 7.31840E-41
 1.20487E-43 1.21238E-46 7.13203E-50 2.33311E-53 4.23550E-57 3.99389E-61 1.84935E-65 3.95899E-70
 4.00413E-75 1.79465E-80 3.38814E-86 2.55833E-92 7.24658E-99 1.00000-100 1.00000-100 1.00000-100
 2.34890E-03 1.83765E-03 1.44052E-03 1.29484E-03 1.25349E-03 1.25837E-03 1.29895E-03 1.37037E-03
 1.45615E-03 1.55366E-03 1.66168E-03 1.78498E-03 1.91769E-03 2.04607E-03 2.18387E-03 2.31396E-03
 2.45186E-03 2.58082E-03 2.70335E-03 2.81479E-03 2.90763E-03 2.99030E-03 3.06614E-03 3.13136E-03
 3.18754E-03 3.23483E-03 3.27994E-03 3.32235E-03 3.38051E-03 3.44385E-03 3.50397E-03 3.56165E-03
 3.58580E-03 3.58772E-03 3.56324E-03 3.49995E-03 3.42382E-03 3.34019E-03 3.24798E-03 3.14834E-03
 3.04187E-03 2.92486E-03 2.80114E-03 2.62883E-03 2.37977E-03 2.15957E-03 1.97104E-03 1.73465E-03
 1.56132E-03 1.39678E-03 1.21624E-03 1.04455E-03 8.78356E-04 7.15136E-04 5.69301E-04 4.37121E-04
 3.20003E-04 2.19356E-04 1.43442E-04 8.82200E-05 5.03797E-05 2.62984E-05 1.23178E-05 5.32267E-06
 2.04460E-06 6.84627E-07 1.95191E-07 4.92613E-08 1.05623E-08 1.88481E-09 2.73441E-10 3.29389E-11
 3.18673E-12 2.41734E-13 1.40160E-14 6.20769E-16 2.03313E-17 4.83385E-19 8.04985E-21 8.94565E-23
 7.31409E-25 4.04309E-27 1.46205E-29 3.32252E-32 4.95246E-35 4.50940E-38 2.39725E-41 7.07073E-45
 1.15442E-48 9.77088E-53 4.05354E-57 7.76295E-62 7.02438E-67 2.82298E-72 4.80403E-78 3.28979E-84
 8.48297E-91 1.07742E-92 1.00826E-92 9.48395E-93 1.00000E-12 1.00000E-12 1.00000E-12 1.00000E-12
 1.00000E-12 1.00000E-12 1.00000E-12 1.00000E-12 1.00000E-12 1.00000E-12 1.00000E-12 1.00000E-12
 1.00000E-12 1.00000E-12 1.00000E-12 1.00000E-12 1.00000E-12 1.00000E-12 1.00000E-12 1.00000E-12
 1.00000E-12 1.00000E-12 1.00000E-12 1.00000E-12 1.00000E-12 1.00000E-12 1.00000E-12 1.00000E-12
 1.00000E-12 1.00000E-12 1.00000E-12 1.00000E-12 1.00000E-12 1.00000E-12 1.00000E-12 1.00000E-12
 1.00000E-12 1.00000E-12 1.00000E-12 1.00000E-12 1.00000E-12 1.00000E-12 1.00000E-12 1.00000E-12
 1.00000E-12 1.00000E-12 1.00000E-12 1.00000E-12 1.00000E-12 1.00000E-12 1.00000E-12 1.00000E-12
 1.00000E-12 1.00000E-12 1.00000E-12 1.00000E-12 1.00000E-12 1.00000E-12 1.00000E-12 1.00000E-12
 1.00000E-12 1.00000E-12 1.00000E-12 1.00000E-12 1.00000E-12 1.00000E-12 1.00000E-12 1.00000E-12
 1.00000E-12 1.00000E-12 1.00000E-12 1.00000E-12 1.00000E-12 1.00000E-12 1.00000E-12 1.00000E-12
 1.00000E-12 1.00000E-12 1.00000E-12 1.00000E-12 1.00000E-12 1.00000E-12 1.00000E-12 1.00000E-12
 1.00000E-12 1.00000E-12 1.00000E-12 1.00000E-12 1.00000E-12 1.00000E-12 1.00000E-12 1.00000E-12
 1.00000E-12 1.00000E-12 1.00000E-12 1.00000E-12 1.00000E-12 1.00000E-12 1.00000E-12 1.00000E-12
 1.00000E-12 1.00000E-12 1.00000E-12 1.00000E-12 1.00000E-12 1.00000E-12 1.00000E-12 1.00000E-12
 1.00000E-12 1.00000E-12 1.00000E-12 1.00000E-12 1.00000E-12 1.00000E-12 1.00000E-12 1.00000E-12
 1.00000E-12 1.00000E-12 1.00000E-12 1.00000E-12 1.00000E-12 1.00000E-12 1.00000E-12 1.00000E-12
 1.00000E-12 1.00000E-12 1.00000E-12 1.00000E-12 1.00000E-12 1.00000E-12 1.00000E-12 1.00000E-12
 1.00000E-12 1.00000E-12 1.00000E-12 1.00000E-12 1.00000E-12 1.00000E-12 1.00000E-12 1.00000E-12
 1.00000E-12 1.00000E-12 1.00000E-12 1.00000E-12 1.00000E-12 1.00000E-12 1.00000E-12 1.00000E-12
 1.00000E-12 1.00000E-12 1.00000E-12 1.00000E-12 1.00000E-12 1.00000E-12 1.00000E-12 1.00000E-12
 1.00000E-12 1.00000E-12 1.00000E-12 1.00000E-12 1.00000E-12 1.00000E-12 1.00000E-12 1.00000E-12
 1.00000E-12 1.00000E-12 1.00000E-12 1.00000E-12 1.00000E-12 1.00000E-12 1.00000E-12 1.00000E-12
 1.00000E-12 1.00000E-12 1.00000E-12 1.00000E-12 1.00000E-12 1.00000E-12 1.00000E-12 1.00000E-12
 1.00000E-12 1.00000E-12 1.00000E-12 1.00000E-12 1.00000E-12 1.00000E-12 1.00000E-12 1.00000E-12
 1.00000E-12 1.00000E-12 1.00000E-12 1.00000E-12 1.00000E-12 1.00000E-12 1.00000E-12 1.00000E-12
 1.00000E-12 1.00000E-12 1.00000E-12 1.00000E-12 2.78299E-04 2.97106E-04 3.17222E-04 3.35792E-04
 3.54599E-04 3.75170E-04 3.97162E-04 4.20258E-04 4.45440E-04 4.72769E-04 5.02288E-04 5.33587E-04
 5.67211E-04 6.04449E-04 6.44223E-04 6.88156E-04 7.34940E-04 7.86234E-04 8.42047E-04 9.03152E-04
 9.70746E-04 1.04449E-03 1.12473E-03 1.21270E-03 1.30913E-03 1.41501E-03 1.53049E-03 1.65681E-03
 1.79198E-03 1.93897E-03 2.10104E-03 2.28024E-03 2.48275E-03 2.70407E-03 2.94666E-03 3.22007E-03
 3.52166E-03 3.85391E-03 4.22240E-03 4.63069E-03 5.08150E-03 5.58078E-03 6.13457E-03 6.78299E-03
 7.57920E-03 8.44102E-03 9.35071E-03 1.04494E-02 1.15423E-02 1.27196E-02 1.40136E-02 1.54462E-02
 1.70396E-02 1.88144E-02 2.07988E-02 2.30173E-02 2.54969E-02 2.82678E-02 3.13669E-02 3.48341E-02
 3.87124E-02 4.30416E-02 4.78428E-02 5.31862E-02 5.91194E-02 6.56914E-02 7.29537E-02 8.09236E-02
 8.97082E-02 9.93758E-02 1.10004E-01 1.21723E-01 1.34648E-01 1.48917E-01 1.64642E-01 1.82051E-01
 2.01375E-01 2.22370E-01 2.45570E-01 2.71728E-01 3.00372E-01 3.31844E-01 3.66468E-01 4.04748E-01
 4.47121E-01 4.93985E-01 5.45896E-01 6.03517E-01 6.67456E-01 7.38175E-01 8.16309E-01 9.02570E-01
 9.97453E-01 1.10138E+00 1.21439E+00 1.33699E+00 1.47081E+00 1.61473E+00 1.76855E+00 1.93961E+00
 1.00000E+00 1.00000E+00 1.00000E+00 1.00000E+00 1.00000E+00 1.00000E+00 1.00000E+00 1.00000E+00
 1.00000E+00 1.00000E+00 1.00000E+00 1.00000E+00 1.00000E+00 1.00000E+00 1.00000E+00 1.00000E+00
 1.00000E+00 1.00000E+00 1.00000E+00 1.00000E+00 1.00000E+00 1.00000E+00 1.00000E+00 1.00000E+00
 1.00000E+00 1.00000E+00 1.00000E+00 1.00000E+00 1.00000E+00 1.00000E+00 1.00000E+00 1.00000E+00
 1.00000E+00 1.00000E+00 1.00000E+00 1.00000E+00 1.00000E+00 1.00000E+00 1.00000E+00 1.00000E+00
 1.00000E+00 1.00000E+00 1.00000E+00 1.00000E+00 1.00000E+00 1.00000E+00 1.00000E+00 1.00000E+00
 1.00000E+00 1.00000E+00 1.00000E+00 1.00000E+00 1.00000E+00 1.00000E+00 1.00000E+00 1.00000E+00
 1.00000E+00 1.00000E+00 1.00000E+00 1.00000E+00 1.00000E+00 1.00000E+00 1.00000E+00 1.00000E+00
 1.00000E+00 1.00000E+00 1.00000E+00 1.00000E+00 1.00000E+00 1.00000E+00 1.00000E+00 1.00000E+00
 1.00000E+00 1.00000E+00 1.00000E+00 1.00000E+00 1.00000E+00 1.00000E+00 1.00000E+00 1.00000E+00
 1.00000E+00 1.00000E+00 1.00000E+00 1.00000E+00 1.00000E+00 1.00000E+00 1.00000E+00 1.00000E+00
 1.00000E+00 1.00000E+00 1.00000E+00 1.00000E+00 1.00000E+00 1.00000E+00 1.00000E+00 1.00000E+00
 1.00000E+00 1.00000E+00 1.00000E+00 1.00000E+00 1.00000E+00 1.00000E+00 1.00000E+00 1.00000E+00
 1.00000E+00 1.00000E+00 1.00000E+00 1.00000E+00 1.00000E+00 1.00000E+00 1.00000E+00 1.00000E+00
 1.00000E+00 1.00000E+00 1.00000E+00 1.00000E+00 1.00000E+00 1.00000E+00 1.00000E+00 1.00000E+00
 1.00000E+00 1.00000E+00 1.00000E+00 1.00000E+00 1.00000E+00 1.00000E+00 1.00000E+00 1.00000E+00
 1.00000E+00 1.00000E+00 1.00000E+00 1.00000E+00 1.00000E+00 1.00000E+00 1.00000E+00 1.00000E+00
 1.00000E+00 1.00000E+00 1.00000E+00 1.00000E+00 1.00000E+00 1.00000E+00 1.00000E+00 1.00000E+00
 1.00000E+00 1.00000E+00 1.00000E+00 1.00000E+00 1.00000E+00 1.00000E+00 1.00000E+00 1.00000E+00
 1.00000E+00 1.00000E+00 1.00000E+00 1.00000E+00 1.00000E+00 1.00000E+00 1.00000E+00 1.00000E+00
 1.00000E+00 1.00000E+00 1.00000E+00 1.00000E+00 1.00000E+00 1.00000E+00 1.00000E+00 1.00000E+00
 1.00000E+00 1.00000E+00 1.00000E+00 1.00000E+00 1.00000E+00 1.00000E+00 1.00000E+00 1.00000E+00
 1.00000E+00 1.00000E+00 1.00000E+00 1.00000E+00 1.00000E+00 1.00000E+00 1.00000E+00 1.00000E+00
 1.00000E+00 1.00000E+00 1.00000E+00 1.00000E+00 1.00000E+00 1.00000E+00 1.00000E+00 1.00000E+00
 1.00000E+00 1.00000E+00 1.00000E+00 1.00000E+00 1.00000E+00 1.00000E+00 1.00000E+00 1.00000E+00
 1.00000E-05 1.00000E-05 1.00000E-05 1.00000E-05 1.00000E-05 1.00000E-05 1.00000E-05 1.00000E-05
 1.00000E-05 1.00000E-05 1.00000E-05 1.00000E-05 1.00000E-05 1.00000E-05 1.00000E-05 1.00000E-05
 1.00000E-05 1.00000E-05 1.00000E-05 1.00000E-05 1.00000E-05 1.00000E-05 1.00000E-05 1.00000E-05
 1.00000E-05 1.00000E-05 1.00000E-05 1.00000E-05 1.00000E-05 1.00000E-05 1.00000E-05 1.00000E-05
 1.00000E-05 1.00000E-05 1.00000E-05 1.00000E-05 1.00000E-05 1.00000E-05 1.00000E-05 1.00000E-05
 1.00000E-05 1.00000E-05 1.00000E-05 1.00000E-05 1.00000E-05 1.00000E-05 1.00000E-05 1.00000E-05
 1.00000E-05 1.00000E-05 1.00000E-05 1.00000E-05 1.00000E-05 1.00000E-05 1.00000E-05 1.00000E-05
 1.00000E-05 1.00000E-05 1.00000E-05 1.00000E-05 1.00000E-05 1.00000E-05 1.00000E-05 1.00000E-05
 1.00000E-05 1.00000E-05 1.00000E-05 1.00000E-05 1.00000E-05 1.00000E-05 1.00000E-05 1.00000E-05
 1.00000E-05 1.00000E-05 1.00000E-05 1.00000E-05 1.00000E-05 1.00000E-05 1.00000E-05 1.00000E-05
 1.00000E-05 1.00000E-05 1.00000E-05 1.00000E-05 1.00000E-05 1.00000E-05 1.00000E-05 1.00000E-05
 1.00000E-05 1.00000E-05 1.00000E-05 1.00000E-05 1.00000E-05 1.00000E-05 1.00000E-05 1.00000E-05
 1.00000E-05 1.00000E-05 1.00000E-05 1.00000E-05 1.00000E-09 1.00000E-09 1.00000E-09 1.00000E-09
 1.00000E-09 1.00000E-09 1.00000E-09 1.00000E-09 1.00000E-09 1.00000E-09 1.00000E-09 1.00000E-09
 1.00000E-09 1.00000E-09 1.00000E-09 1.00000E-09 1.00000E-09 1.00000E-09 1.00000E-09 1.00000E-09
 1.00000E-09 1.00000E-09 1.00000E-09 1.00000E-09 1.00000E-09 1.00000E-09 1.00000E-09 1.00000E-09
 1.00000E-09 1.00000E-09 1.00000E-09 1.00000E-09 1.00000E-09 1.00000E-09 1.00000E-09 1.00000E-09
 1.00000E-09 1.00000E-09 1.00000E-09 1.00000E-09 1.00000E-09 1.00000E-09 1.00000E-09 1.00000E-09
 1.00000E-09 1.00000E-09 1.00000E-09 1.00000E-09 1.00000E-09 1.00000E-09 1.00000E-09 1.00000E-09
 1.00000E-09 1.00000E-09 1.00000E-09 1.00000E-09 1.00000E-09 1.00000E-09 1.00000E-09 1.00000E-09
 1.00000E-09 1.00000E-09 1.00000E-09 1.00000E-09 1.00000E-09 1.00000E-09 1.00000E-09 1.00000E-09
 1.00000E-09 1.00000E-09 1.00000E-09 1.00000E-09 1.00000E-09 1.00000E-09 1.00000E-09 1.00000E-09
 1.00000E-09 1.00000E-09 1.00000E-09 1.00000E-09 1.00000E-09 1.00000E-09 1.00000E-09 1.00000E-09
 1.00000E-09 1.00000E-09 1.00000E-09 1.00000E-09 1.00000E-09 1.00000E-09 1.00000E-09 1.00000E-09
 1.00000E-09 1.00000E-09 1.00000E-09 1.00000E-09 1.00000E-09 1.00000E-09 1.00000E-09 1.00000E-09
 1.00000E-09 1.00000E-09 1.00000E-09 1.00000E-09 1.00000E-09 1.00000E-09 1.00000E-09 1.00000E-09
 1.00000E-09 1.00000E-09 1.00000E-09 1.00000E-09 1.00000E-09 1.00000E-09 1.00000E-09 1.00000E-09
 1.00000E-09 1.00000E-09 1.00000E-09 1.00000E-09 1.00000E-09 1.00000E-09 1.00000E-09 1.00000E-09
 1.00000E-09 1.00000E-09 1.00000E-09 1.00000E-09 1.00000E-09 1.00000E-09 1.00000E-09 1.00000E-09
 1.00000E-09 1.00000E-09 1.00000E-09 1.00000E-09 1.00000E-09 1.00000E-09 1.00000E-09 1.00000E-09
 1.00000E-09 1.00000E-09 1.00000E-09 1.00000E-09 1.00000E-09 1.00000E-09 1.00000E-09 1.00000E-09
 1.00000E-09 1.00000E-09 1.00000E-09 1.00000E-09 1.00000E-09 1.00000E-09 1.00000E-09 1.00000E-09
 1.00000E-09 1.00000E-09 1.00000E-09 1.00000E-09 1.00000E-09 1.00000E-09 1.00000E-09 1.00000E-09
 1.00000E-09 1.00000E-09 1.00000E-09 1.00000E-09 1.00000E-09 1.00000E-09 1.00000E-09 1.00000E-09
 1.00000E-09 1.00000E-09 1.00000E-09 1.00000E-09 1.00000E-09 1.00000E-09 1.00000E-09 1.00000E-09
 1.00000E-09 1.00000E-09 1.00000E-09 1.00000E-09 1.00000E-09 1.00000E-09 1.00000E-09 1.00000E-09
 1.00000E-09 1.00000E-09 1.00000E-09 1.00000E-09 1.00000E-09 1.00000E-09 1.00000E-09 1.00000E-09
 1.00000E-09 1.00000E-09 1.00000E-09 1.00000E-09
