 1.35006E-08 1.37938E-15 1.68163E-02 3.92863E-16 3.97644E-11 3.92304E-08 4.08825E-09 3.59207E-18
 8.89841E-04 4.51542E-03 4.40236E-05 6.93964E-08 3.62470E-11 3.28918E-08 3.43644E-12 5.02391E-11
 9.54426E-17 1.13675E-11 1.57983E-12 5.83709E-15 9.12730E-17 1.03390E-35 1.30784E-09 9.30312E-19
 5.03917E-23 6.32062E-21 9.50911E-13 1.39451E-18 3.67095E-11 1.98770E-17 4.00266E-18 6.37104E-11
 4.80533E-14 8.29925E-13 1.58836E-08 1.82800E-15 1.41545E-02 5.54900E-16 4.67308E-11 4.67506E-08
 4.54240E-09 5.12485E-18 8.89983E-04 4.51477E-03 4.40245E-05 8.20469E-08 4.09549E-11 3.28186E-08
 3.70961E-12 5.59829E-11 1.34023E-16 1.47312E-11 2.76624E-12 6.05571E-15 1.28467E-16 2.39788E-35
 1.30600E-09 1.35087E-18 7.22151E-23 8.66019E-21 1.34659E-12 1.84151E-18 3.69069E-11 2.73253E-17
 1.02665E-17 1.03079E-10 9.34613E-14 1.21637E-12 1.91465E-08 2.43298E-15 1.17475E-02 7.95798E-16
 5.53195E-11 5.75360E-08 5.08830E-09 7.41799E-18 8.90133E-04 4.51410E-03 4.40223E-05 9.96664E-08
 4.65273E-11 3.27414E-08 3.87199E-12 6.10331E-11 1.84771E-16 1.80603E-11 4.86845E-12 6.19273E-15
 1.76710E-16 5.97291E-35 1.30407E-09 1.99648E-18 1.05304E-22 1.22038E-20 1.88341E-12 2.33521E-18
 3.68911E-11 3.41183E-17 2.11807E-17 1.43578E-10 1.63747E-13 1.47151E-12 2.32709E-08 3.20197E-15
 9.61638E-03 1.14552E-15 6.55614E-11 7.17157E-08 5.64509E-09 1.07624E-17 8.90290E-04 4.51340E-03
 4.40158E-05 1.22224E-07 5.28845E-11 3.26602E-08 3.92685E-12 6.49480E-11 2.48436E-16 2.12626E-11
 8.52712E-12 6.12420E-15 2.32375E-16 1.51164E-34 1.30204E-09 2.94893E-18 1.54591E-22 1.72125E-20
 2.59459E-12 2.85931E-18 3.67059E-11 4.05484E-17 3.90566E-17 1.85826E-10 2.70288E-13 1.60602E-12
 2.78560E-08 4.11821E-15 7.86116E-03 1.62293E-15 7.68608E-11 8.78148E-08 6.12854E-09 1.53294E-17
 8.90456E-04 4.51267E-03 4.40036E-05 1.47041E-07 5.95097E-11 3.25750E-08 3.88039E-12 6.68768E-11
 3.20326E-16 2.37127E-11 1.46333E-11 5.74446E-15 2.81155E-16 3.71340E-34 1.29992E-09 4.24910E-18
 2.24100E-22 2.37014E-20 3.45601E-12 3.33754E-18 3.63864E-11 4.73506E-17 6.70453E-17 2.29186E-10
 4.20328E-13 1.63961E-12 3.26020E-08 5.14785E-15 6.23877E-03 2.24551E-15 8.88457E-11 1.04907E-07
 6.47136E-09 2.12755E-17 8.90628E-04 4.51192E-03 4.39841E-05 1.72336E-07 6.59453E-11 3.24859E-08
 3.70167E-12 6.57387E-11 3.89545E-16 2.50516E-11 2.42995E-11 5.01918E-15 3.10922E-16 8.70869E-34
 1.29772E-09 5.89677E-18 3.18415E-22 3.15443E-20 4.45803E-12 3.65385E-18 3.59614E-11 5.52156E-17
 1.09587E-16 2.72876E-10 6.20988E-13 1.59978E-12 3.72743E-08 6.20401E-15 4.93840E-03 3.04021E-15
 1.01294E-10 1.22273E-07 6.59578E-09 2.88191E-17 8.90807E-04 4.51115E-03 4.39555E-05 1.96746E-07
 7.20845E-11 3.23929E-08 3.35062E-12 6.06514E-11 4.39998E-16 2.51344E-11 3.83251E-11 3.99294E-15
 2.94775E-16 1.93003E-33 1.29544E-09 7.83726E-18 4.44393E-22 4.03960E-20 5.59586E-12 3.69224E-18
 3.54512E-11 6.49343E-17 1.72751E-16 3.16006E-10 8.78040E-13 1.51190E-12 4.16877E-08 7.23603E-15
 3.75749E-03 4.02255E-15 1.14080E-10 1.39325E-07 6.50063E-09 3.81869E-17 8.90992E-04 4.51037E-03
 4.39161E-05 2.19177E-07 7.78415E-11 3.22961E-08 2.85633E-12 5.21719E-11 4.56772E-16 2.40332E-11
 5.58289E-11 2.88950E-15 2.45202E-16 3.94607E-33 1.29310E-09 9.95312E-18 6.08147E-22 4.96190E-20
 6.86696E-12 3.40228E-18 3.48592E-11 7.70187E-17 2.63713E-16 3.57603E-10 1.19454E-12 1.39545E-12
 4.56909E-08 8.15699E-15 2.82290E-03 5.23240E-15 1.26999E-10 1.55611E-07 6.20401E-09 4.96441E-17
 8.91182E-04 4.50958E-03 4.38645E-05 2.38786E-07 8.31024E-11 3.21956E-08 2.25585E-12 4.12188E-11
 4.31866E-16 2.19748E-11 7.53939E-11 1.86925E-15 1.69565E-16 7.59124E-33 1.29069E-09 1.21278E-17
 8.21554E-22 5.85983E-20 8.27007E-12 2.83285E-18 3.41632E-11 9.21028E-17 3.93183E-16 3.96592E-10
 1.57291E-12 1.26355E-12 4.91582E-08 8.95592E-15 2.06003E-03 6.71959E-15 1.39789E-10 1.70808E-07
 5.79332E-09 6.33985E-17 8.91377E-04 4.50878E-03 4.37991E-05 2.54930E-07 8.75494E-11 3.20916E-08
 1.61492E-12 2.92890E-11 3.66206E-16 1.92842E-11 9.48469E-11 1.06548E-15 9.57800E-17 1.43001E-32
 1.28824E-09 1.43264E-17 1.10153E-21 6.71386E-20 9.80368E-12 2.12035E-18 3.33092E-11 1.10557E-16
 5.77125E-16 4.31766E-10 2.01400E-12 1.12642E-12 5.20076E-08 9.75725E-15 1.45245E-03 8.54627E-15
 1.52264E-10 1.84696E-07 5.39574E-09 7.97410E-17 8.91575E-04 4.50797E-03 4.37194E-05 2.67214E-07
 9.10510E-11 3.19844E-08 1.04244E-12 1.86471E-11 2.78018E-16 1.63262E-11 1.11377E-10 5.44468E-16
 4.50501E-17 2.74494E-32 1.28575E-09 1.66689E-17 1.47139E-21 7.58502E-20 1.14657E-11 1.43529E-18
 3.22132E-11 1.32074E-16 8.36355E-16 4.61805E-10 2.51491E-12 9.94467E-13 5.41955E-08 1.07752E-14
 9.83584E-04 1.07884E-14 1.64278E-10 1.97156E-07 5.12145E-09 9.89895E-17 8.91775E-04 4.50717E-03
 4.36254E-05 2.75497E-07 9.34558E-11 3.18744E-08 6.14468E-13 1.07757E-11 1.91828E-16 1.34261E-11
 1.23647E-10 2.60581E-16 1.87825E-17 5.64416E-32 1.28324E-09 1.94657E-17 1.96386E-21 8.62878E-20
 1.32527E-11 8.95258E-19 3.07730E-11 1.55671E-16 1.19848E-15 4.85285E-10 3.06627E-12 8.76899E-13
 5.57265E-08 1.22217E-14 6.35940E-04 1.35335E-14 1.75763E-10 2.08129E-07 5.02077E-09 1.21484E-16
 8.91976E-04 4.50637E-03 4.35182E-05 2.79935E-07 9.45818E-11 3.17620E-08 3.40904E-13 5.82711E-12
 1.24154E-16 1.08169E-11 1.31641E-10 1.24643E-16 7.67071E-18 1.29274E-31 1.28072E-09 2.31330E-17
 2.62432E-21 1.00395E-19 1.51590E-11 5.30606E-19 2.88867E-11 1.79791E-16 1.69861E-15 5.00688E-10
 3.64735E-12 7.77220E-13 5.66914E-08 1.42384E-14 3.90522E-04 1.68763E-14 1.86803E-10 2.17571E-07
 5.08236E-09 1.47671E-16 8.92177E-04 4.50558E-03 4.34002E-05 2.81107E-07 9.43020E-11 3.16479E-08
 1.90504E-13 3.15735E-12 8.06613E-17 8.62904E-12 1.36148E-10 6.55559E-17 3.61299E-18 3.32413E-31
 1.27820E-09 2.80131E-17 3.51444E-21 1.19748E-19 1.71768E-11 3.14946E-19 2.64620E-11 2.02080E-16
 2.37577E-15 5.06411E-10 4.21911E-12 6.90709E-13 5.73161E-08 1.70324E-14 2.32803E-04 2.08071E-14
 1.98077E-10 2.25344E-07 5.25383E-09 1.79005E-16 8.92378E-04 4.50479E-03 4.32750E-05 2.80220E-07
 9.37154E-11 3.15324E-08 1.25724E-13 2.01625E-12 6.07617E-17 6.90406E-12 1.38080E-10 4.33426E-17
 2.51499E-18 8.60171E-31 1.27570E-09 3.40437E-17 4.67064E-21 1.44619E-19 1.93017E-11 2.05549E-19
 2.34053E-11 2.17663E-16 3.20675E-15 5.00761E-10 4.71510E-12 6.06849E-13 5.78808E-08 2.10475E-14
 1.68870E-04 2.51245E-14 2.10869E-10 2.31174E-07 5.46598E-09 2.18807E-16 8.92577E-04 4.50401E-03
 4.31462E-05 2.78767E-07 9.52928E-11 3.14157E-08 1.06554E-13 1.67218E-12 5.63693E-17 5.60954E-12
 1.38275E-10 3.62464E-17 2.32647E-18 1.80234E-30 1.27321E-09 4.05771E-17 6.03273E-21 1.73534E-19
 2.15283E-11 1.59686E-19 1.95718E-11 2.18069E-16 4.00576E-15 4.81773E-10 5.06216E-12 5.17303E-13
 5.85361E-08 2.66528E-14 1.41812E-04 2.97915E-14 2.25472E-10 2.35294E-07 5.68763E-09 2.69732E-16
 8.92786E-04 4.50318E-03 4.30101E-05 2.77533E-07 9.92604E-11 3.12917E-08 1.08285E-13 1.64696E-12
 6.04211E-17 4.63192E-12 1.38466E-10 3.44185E-17 2.49716E-18 3.04198E-30 1.27060E-09 4.74009E-17
 7.59202E-21 2.06383E-19 2.39723E-11 1.44934E-19 1.62847E-11 2.13484E-16 4.77118E-15 4.63579E-10
 5.27846E-12 4.33728E-13 5.92574E-08 3.39031E-14 1.20921E-04 3.49951E-14 2.41236E-10 2.38028E-07
 5.90227E-09 3.32706E-16 8.93015E-04 4.50228E-03 4.28635E-05 2.76603E-07 1.03951E-10 3.11554E-08
 1.16397E-13 1.71418E-12 6.74588E-17 3.91043E-12 1.38823E-10 3.43101E-17 2.91096E-18 4.75896E-30
 1.26777E-09 5.46747E-17 9.47003E-21 2.44175E-19 2.67264E-11 1.43795E-19 1.34906E-11 2.06217E-16
 5.56935E-15 4.45742E-10 5.38662E-12 3.59658E-13 6.01181E-08 4.33861E-14 9.16619E-05 4.08474E-14
 2.58173E-10 2.39998E-07 6.13178E-09 4.10647E-16 8.93333E-04 4.50102E-03 4.26646E-05 2.75991E-07
 1.09413E-10 3.09643E-08 1.29375E-13 1.84422E-12 7.69917E-17 3.29548E-12 1.39498E-10 3.53351E-17
 3.85247E-18 7.27849E-30 1.26382E-09 6.38042E-17 1.19018E-20 2.92867E-19 3.06698E-11 1.51209E-19
 1.06480E-11 1.88063E-16 6.32521E-15 4.23753E-10 5.38655E-12 2.82748E-13 6.09905E-08 5.56919E-14
 7.84114E-05 4.72811E-14 2.75958E-10 2.40263E-07 6.35998E-09 5.05613E-16 8.93847E-04 4.49896E-03
 4.23569E-05 2.74975E-07 1.15594E-10 3.06556E-08 1.47336E-13 2.02906E-12 8.88055E-17 2.76692E-12
 1.40136E-10 3.73990E-17 4.85580E-18 1.11091E-29 1.25749E-09 7.60861E-17 1.52475E-20 3.59917E-19
 3.70038E-11 1.67511E-19 7.61135E-12 1.54237E-16 6.89940E-15 3.92859E-10 5.19399E-12 2.00404E-13
 6.16849E-08 7.11169E-14 7.46987E-05 5.43349E-14 2.93910E-10 2.38354E-07 6.56252E-09 6.18088E-16
 8.94691E-04 4.49557E-03 4.18790E-05 2.73055E-07 1.21847E-10 3.01516E-08 1.70054E-13 2.25528E-12
 1.02847E-16 2.39898E-12 1.40737E-10 4.05876E-17 5.81071E-18 1.79446E-29 1.24718E-09 9.35237E-17
 2.02282E-20 4.57871E-19 4.73177E-11 1.94914E-19 4.69980E-12 1.09067E-16 7.18946E-15 3.50320E-10
 4.75573E-12 1.22320E-13 6.19936E-08 9.00246E-14 7.43866E-05 6.20889E-14 3.11353E-10 2.34341E-07
 6.73431E-09 7.48133E-16 8.95957E-04 4.49046E-03 4.12079E-05 2.69627E-07 1.27672E-10 2.94047E-08
 1.98003E-13 2.51841E-12 1.19493E-16 2.24182E-12 1.41265E-10 4.51083E-17 6.89026E-18 3.13468E-29
 1.23186E-09 1.18218E-16 2.77670E-20 6.01456E-19 6.26286E-11 2.36128E-19 2.48167E-12 6.60895E-17
 7.16848E-15 2.99045E-10 4.12378E-12 6.38327E-14 6.18964E-08 1.13337E-13 7.46750E-05 7.05897E-14
 3.28029E-10 2.28415E-07 6.88848E-09 8.96873E-16 8.97804E-04 4.48296E-03 4.03003E-05 2.64659E-07
 1.33266E-10 2.83338E-08 2.33082E-13 2.83135E-12 1.39560E-16 2.25147E-12 1.41767E-10 5.12260E-17
 8.32389E-18 5.87699E-29 1.20977E-09 1.53696E-16 3.93224E-20 8.16003E-19 8.47210E-11 2.97914E-19
 1.08499E-12 3.32104E-17 6.76080E-15 2.41706E-10 3.35864E-12 2.76075E-14 6.15396E-08 1.42246E-13
 7.52597E-05 7.99346E-14 3.44124E-10 2.21085E-07 7.03015E-09 1.06733E-15 9.00352E-04 4.47254E-03
 3.91530E-05 2.58843E-07 1.39021E-10 2.68931E-08 2.77292E-13 3.20679E-12 1.63778E-16 2.36278E-12
 1.42251E-10 5.90911E-17 1.02242E-17 1.13944E-28 1.17969E-09 2.03011E-16 5.66834E-20 1.12942E-18
 1.14800E-10 3.86311E-19 3.88635E-13 1.36675E-17 5.98824E-15 1.84000E-10 2.55937E-12 9.77562E-15
 6.10490E-08 1.78098E-13 7.61184E-05 9.02928E-14 3.59805E-10 2.12906E-07 7.16266E-09 1.26310E-15
 9.03689E-04 4.45881E-03 3.77865E-05 2.52729E-07 1.45126E-10 2.50656E-08 3.32457E-13 3.65203E-12
 1.92842E-16 2.52745E-12 1.42657E-10 6.88027E-17 1.26740E-17 2.22311E-28 1.14086E-09 2.69166E-16
 8.21188E-20 1.57423E-18 1.53637E-10 5.07213E-19 1.13031E-13 4.56041E-18 4.95015E-15 1.31136E-10
 1.81725E-12 2.80433E-15 6.04965E-08 2.22395E-13 7.70918E-05 1.01854E-13 3.75427E-10 2.04631E-07
 7.28648E-09 1.49048E-15 9.07599E-04 4.44262E-03 3.63325E-05 2.46650E-07 1.51550E-10 2.30043E-08
 3.99869E-13 4.16707E-12 2.27091E-16 2.71849E-12 1.42804E-10 8.03840E-17 1.57324E-17 4.16771E-28
 1.09604E-09 3.50177E-16 1.16854E-19 2.15646E-18 1.98456E-10 6.55984E-19 2.77534E-14 1.28231E-18
 3.87935E-15 8.88732E-11 1.22327E-12 6.77106E-16 5.99745E-08 2.76670E-13 7.80057E-05 1.14846E-13
 3.91917E-10 1.97416E-07 7.39572E-09 1.76328E-15 9.11350E-04 4.42698E-03 3.50588E-05 2.41055E-07
 1.58121E-10 2.11088E-08 4.79357E-13 4.74119E-12 2.66030E-16 2.91154E-12 1.42490E-10 9.35741E-17
 1.93419E-17 7.05377E-28 1.05368E-09 4.33949E-16 1.58688E-19 2.81081E-18 2.40810E-10 8.05592E-19
 6.77756E-15 3.57867E-19 3.08393E-15 6.13170E-11 8.37003E-13 1.61946E-16 5.93917E-08 3.43322E-13
 7.91800E-05 1.29251E-13 4.08580E-10 1.90267E-07 7.49305E-09 2.08316E-15 9.15434E-04 4.40986E-03
 3.37883E-05 2.35468E-07 1.64985E-10 1.91415E-08 5.74944E-13 5.39159E-12 3.10575E-16 3.11677E-12
 1.41705E-10 1.08851E-16 2.36410E-17 1.14491E-27 1.00828E-09 5.28508E-16 2.12035E-19 3.60479E-18
 2.86213E-10 9.72938E-19 1.49242E-15 9.00762E-20 2.38169E-15 4.12547E-11 5.56708E-13 3.49001E-17
 5.86982E-08 4.24550E-13 8.01433E-05 1.45239E-13 4.25274E-10 1.83278E-07 7.57849E-09 2.45708E-15
 9.19715E-04 4.39180E-03 3.25561E-05 2.29726E-07 1.71881E-10 1.71828E-08 6.88735E-13 6.11644E-12
 3.61109E-16 3.32773E-12 1.40361E-10 1.26232E-16 2.87004E-17 1.79049E-27 9.61387E-10 6.32114E-16
 2.78595E-19 4.54262E-18 3.33106E-10 1.15319E-18 3.07402E-16 2.13487E-20 1.80477E-15 2.72979E-11
 3.63341E-13 7.08078E-18 5.78290E-08 5.22700E-13 8.03153E-05 1.63004E-13 4.41734E-10 1.76474E-07
 7.65383E-09 2.89146E-15 9.24054E-04 4.37339E-03 3.13860E-05 2.23589E-07 1.78447E-10 1.53038E-08
 8.23079E-13 6.91204E-12 4.18258E-16 3.54130E-12 1.38410E-10 1.45717E-16 3.46284E-17 2.72321E-27
 9.14541E-10 7.43374E-16 3.60374E-19 5.62836E-18 3.79952E-10 1.34213E-18 6.36079E-17 5.20711E-21
 1.35644E-15 1.79258E-11 2.35090E-13 1.48192E-18 5.69032E-08 6.41439E-13 8.05308E-05 1.82650E-13
 4.58432E-10 1.69932E-07 7.71164E-09 3.40181E-15 9.28361E-04 4.35500E-03 3.02852E-05 2.17499E-07
 1.85119E-10 1.35418E-08 9.81175E-13 7.78509E-12 4.81583E-16 3.75135E-12 1.35826E-10 1.67342E-16
 4.12742E-17 3.95845E-27 8.68640E-10 8.58236E-16 4.58563E-19 6.84983E-18 4.25852E-10 1.52969E-18
 1.53632E-17 1.55794E-21 1.01392E-15 1.17436E-11 1.51370E-13 3.82648E-19 5.59747E-08 7.84645E-13
 8.10600E-05 2.04356E-13 4.75603E-10 1.63721E-07 7.74764E-09 4.00497E-15 9.32547E-04 4.33703E-03
 2.92584E-05 2.11643E-07 1.92059E-10 1.19274E-08 1.16600E-12 8.73680E-12 5.50677E-16 3.95242E-12
 1.32621E-10 1.90996E-16 4.84664E-17 5.48023E-27 8.24567E-10 9.72965E-16 5.74413E-19 8.19040E-18
 4.69925E-10 1.70621E-18 5.37006E-18 6.93393E-22 7.58069E-16 7.72414E-12 9.75783E-14 1.47324E-19
 5.49923E-08 9.56202E-13 8.15221E-05 2.28339E-13 4.92957E-10 1.57742E-07 7.76333E-09 4.71327E-15
 9.36584E-04 4.31961E-03 2.82924E-05 2.05817E-07 1.99045E-10 1.04599E-08 1.38092E-12 9.76306E-12
 6.25745E-16 4.14247E-12 1.28808E-10 2.16521E-16 5.61422E-17 7.30976E-27 7.82496E-10 1.08685E-15
 7.10688E-19 9.65337E-18 5.11996E-10 1.86907E-18 2.74590E-18 4.32556E-22 5.67840E-16 5.10224E-12
 6.30380E-14 7.90256E-20 5.39617E-08 1.16072E-12 8.18687E-05 2.54821E-13 5.10529E-10 1.52021E-07
 7.75741E-09 5.54632E-15 9.40362E-04 4.30321E-03 2.73963E-05 2.00035E-07 2.06046E-10 9.16518E-09
 1.62976E-12 1.08633E-11 7.06650E-16 4.31778E-12 1.24470E-10 2.43717E-16 6.41429E-17 9.38811E-27
 7.43460E-10 1.19630E-15 8.68699E-19 1.12140E-17 5.51032E-10 2.01070E-18 1.72466E-18 3.16853E-22
 4.30268E-16 3.41712E-12 4.12106E-14 4.94803E-20 5.28915E-08 1.40364E-12 8.21815E-05 2.84009E-13
 5.28302E-10 1.46503E-07 7.72861E-09 6.52587E-15 9.43874E-04 4.28790E-03 2.65583E-05 1.94310E-07
 2.13112E-10 8.02956E-09 1.91688E-12 1.20363E-11 7.92987E-16 4.47512E-12 1.19648E-10 2.72315E-16
 7.22358E-17 1.16271E-26 7.07409E-10 1.29938E-15 1.05076E-18 1.28605E-17 5.87083E-10 2.12721E-18
 1.17070E-18 2.46219E-22 3.30180E-16 2.32312E-12 2.72909E-14 3.27682E-20 5.17858E-08 1.69088E-12
 8.24525E-05 3.16161E-13 5.46242E-10 1.41163E-07 7.67648E-09 7.67724E-15 9.47109E-04 4.27371E-03
 2.57713E-05 1.88645E-07 2.20242E-10 7.04148E-09 2.24673E-12 1.32781E-11 8.84303E-16 4.61131E-12
 1.14401E-10 3.01948E-16 8.01620E-17 1.39185E-26 6.74357E-10 1.39442E-15 1.25949E-18 1.45794E-17
 6.20135E-10 2.21575E-18 8.23068E-19 1.96922E-22 2.57211E-16 1.60676E-12 1.83489E-14 2.23001E-20
 5.06438E-08 2.02904E-12 8.26364E-05 3.51566E-13 5.64282E-10 1.35972E-07 7.60127E-09 9.02927E-15
 9.50069E-04 4.26067E-03 2.50287E-05 1.83022E-07 2.27414E-10 6.18638E-09 2.62383E-12 1.45820E-11
 9.80037E-16 4.72335E-12 1.08781E-10 3.32156E-16 8.76390E-17 1.61511E-26 6.44202E-10 1.48037E-15
 1.49805E-18 1.63593E-17 6.50289E-10 2.27502E-18 5.92858E-19 1.60947E-22 2.03760E-16 1.13226E-12
 1.25453E-14 1.54931E-20 4.94652E-08 2.42553E-12 8.27319E-05 3.90510E-13 5.82347E-10 1.30890E-07
 7.50328E-09 1.06150E-14 9.52775E-04 4.24868E-03 2.43221E-05 1.77427E-07 2.34631E-10 5.44601E-09
 3.05250E-12 1.59370E-11 1.07922E-15 4.80774E-12 1.02827E-10 3.62354E-16 9.43317E-17 1.82106E-26
 6.16669E-10 1.55648E-15 1.77019E-18 1.81916E-17 6.77822E-10 2.30452E-18 4.35891E-19 1.34072E-22
 1.64103E-16 8.12578E-13 8.71830E-15 1.09620E-20 4.82415E-08 2.88842E-12 8.26545E-05 4.33321E-13
 6.00301E-10 1.25884E-07 7.38393E-09 1.24708E-14 9.55245E-04 4.23768E-03 2.36456E-05 1.71819E-07
 2.41830E-10 4.80472E-09 3.53649E-12 1.73268E-11 1.18076E-15 4.86138E-12 9.65797E-11 3.91851E-16
 9.99155E-17 2.00169E-26 5.91516E-10 1.62262E-15 2.08056E-18 2.00715E-17 7.02975E-10 2.30514E-18
 3.26569E-19 1.13696E-22 1.34345E-16 5.93594E-13 6.15568E-15 7.89094E-21 4.69678E-08 3.42645E-12
 8.23137E-05 4.80373E-13 6.18040E-10 1.20943E-07 7.24476E-09 1.46393E-14 9.57487E-04 4.22764E-03
 2.29982E-05 1.66171E-07 2.48934E-10 4.25177E-09 4.07892E-12 1.87316E-11 1.28347E-15 4.88199E-12
 9.01032E-11 4.19905E-16 1.04097E-16 2.15056E-26 5.68641E-10 1.67866E-15 2.43435E-18 2.19914E-17
 7.25851E-10 2.27816E-18 2.49413E-19 9.82222E-23 1.11948E-16 4.41838E-13 4.42101E-15 5.78410E-21
 4.56480E-08 4.04934E-12 8.16772E-05 5.32084E-13 6.35531E-10 1.16077E-07 7.08701E-09 1.71731E-14
 9.59508E-04 4.21854E-03 2.23816E-05 1.60488E-07 2.55906E-10 3.77768E-09 4.68192E-12 2.01294E-11
 1.38577E-15 4.86768E-12 8.34729E-11 4.45723E-16 1.06605E-16 2.26171E-26 5.47953E-10 1.72438E-15
 2.83719E-18 2.39399E-17 7.46538E-10 2.22499E-18 1.94423E-19 8.65631E-23 9.51130E-17 3.35634E-13
 3.23512E-15 4.32367E-21 4.42717E-08 4.76751E-12 8.06656E-05 5.88856E-13 6.52580E-10 1.11247E-07
 6.91267E-09 2.01246E-14 9.61343E-04 4.21022E-03 2.17897E-05 1.54726E-07 2.62650E-10 3.36759E-09
 5.34447E-12 2.14837E-11 1.48544E-15 4.81552E-12 7.67144E-11 4.68302E-16 1.07165E-16 2.33575E-26
 5.29075E-10 1.76061E-15 3.29704E-18 2.59218E-17 7.65416E-10 2.14821E-18 1.54255E-19 7.76273E-23
 8.22269E-17 2.59576E-13 2.40628E-15 3.28787E-21 4.28385E-08 5.59195E-12 7.92070E-05 6.51208E-13
 6.69078E-10 1.06461E-07 6.72363E-09 2.35573E-14 9.63012E-04 4.20260E-03 2.12226E-05 1.48876E-07
 2.69064E-10 3.01219E-09 6.06257E-12 2.27536E-11 1.58009E-15 4.72393E-12 6.98908E-11 4.86645E-16
 1.05602E-16 2.37454E-26 5.11810E-10 1.78815E-15 3.82328E-18 2.79386E-17 7.82682E-10 2.05051E-18
 1.24462E-19 7.07906E-23 7.23137E-17 2.04277E-13 1.81855E-15 2.54193E-21 4.13639E-08 6.53486E-12
 7.73930E-05 7.19665E-13 6.85067E-10 1.01736E-07 6.52018E-09 2.75535E-14 9.64534E-04 4.19561E-03
 2.06811E-05 1.42985E-07 2.75172E-10 2.70340E-09 6.82851E-12 2.38965E-11 1.66639E-15 4.59135E-12
 6.30702E-11 4.99719E-16 1.01804E-16 2.37713E-26 4.95972E-10 1.80675E-15 4.42525E-18 2.99775E-17
 7.98519E-10 1.93332E-18 1.02099E-19 6.56188E-23 6.46468E-17 1.63479E-13 1.39540E-15 1.99687E-21
 3.98675E-08 7.60907E-12 7.53613E-05 7.94791E-13 7.00649E-10 9.70988E-08 6.30210E-09 3.22152E-14
 9.65929E-04 4.18915E-03 2.01663E-05 1.37113E-07 2.81044E-10 2.43389E-09 7.62935E-12 2.48651E-11
 1.74031E-15 4.41687E-12 5.63229E-11 5.06502E-16 9.57834E-17 2.34341E-26 4.81369E-10 1.81590E-15
 5.11306E-18 3.20188E-17 8.13123E-10 1.79822E-18 8.51236E-20 6.17889E-23 5.86772E-17 1.32906E-13
 1.08574E-15 1.59262E-21 3.83694E-08 8.82726E-12 7.32301E-05 8.77287E-13 7.15972E-10 9.25843E-08
 6.06945E-09 3.76685E-14 9.67213E-04 4.18315E-03 1.96799E-05 1.31324E-07 2.86739E-10 2.19777E-09
 8.44652E-12 2.56114E-11 1.79789E-15 4.20158E-12 4.97322E-11 5.06140E-16 8.77522E-17 2.27570E-26
 4.67840E-10 1.81541E-15 5.89870E-18 3.40404E-17 8.26651E-10 1.64791E-18 7.21350E-20 5.90880E-23
 5.40205E-17 1.09676E-13 8.55818E-16 1.28891E-21 3.69000E-08 1.02031E-11 7.12446E-05 9.67840E-13
 7.31356E-10 8.82312E-08 5.82110E-09 4.40840E-14 9.68402E-04 4.17754E-03 1.92240E-05 1.25714E-07
 2.92472E-10 1.99004E-09 9.25675E-12 2.60949E-11 1.83459E-15 3.94773E-12 4.33832E-11 4.98036E-16
 7.80828E-17 2.17384E-26 4.55243E-10 1.80395E-15 6.79221E-18 3.59973E-17 8.39249E-10 1.48484E-18
 6.21642E-20 5.73807E-23 5.03775E-17 9.17896E-14 6.82511E-16 1.05799E-21 3.54946E-08 1.17501E-11
 6.96429E-05 1.06736E-12 7.47280E-10 8.41021E-08 5.55633E-09 5.16945E-14 9.69502E-04 4.17229E-03
 1.88034E-05 1.20397E-07 2.98517E-10 1.80769E-09 1.00351E-11 2.62939E-11 1.84715E-15 3.66173E-12
 3.73822E-11 4.82167E-16 6.73764E-17 2.03915E-26 4.43526E-10 1.78040E-15 7.80324E-18 3.78316E-17
 8.50965E-10 1.31319E-18 5.45762E-20 5.66461E-23 4.75747E-17 7.79330E-14 5.50705E-16 8.81471E-22
 3.41783E-08 1.34804E-11 6.85713E-05 1.17700E-12 7.64181E-10 8.02451E-08 5.27599E-09 6.07904E-14
 9.70522E-04 4.16737E-03 1.84206E-05 1.15452E-07 3.05084E-10 1.64744E-09 1.07540E-11 2.61956E-11
 1.83381E-15 3.35206E-12 3.18167E-11 4.58993E-16 5.63230E-17 1.87761E-26 4.32603E-10 1.74484E-15
 8.94405E-18 3.94971E-17 8.61888E-10 1.13871E-18 4.88556E-20 5.68634E-23 4.54633E-17 6.71057E-14
 4.49404E-16 7.45501E-22 3.29726E-08 1.54058E-11 6.82171E-05 1.29801E-12 7.82531E-10 7.66876E-08
 4.98124E-09 7.17474E-14 9.71479E-04 4.16271E-03 1.80754E-05 1.10944E-07 3.12458E-10 1.50555E-09
 1.13838E-11 2.57951E-11 1.79348E-15 3.02682E-12 2.67408E-11 4.29292E-16 4.55529E-17 1.69577E-26
 4.22330E-10 1.69742E-15 1.02262E-17 4.09457E-17 8.72161E-10 9.66910E-19 4.45867E-20 5.79997E-23
 4.38856E-17 5.85247E-14 3.70318E-16 6.39412E-22 3.19048E-08 1.75387E-11 6.88567E-05 1.43182E-12
 8.02987E-10 7.34602E-08 4.67314E-09 8.50839E-14 9.72384E-04 4.15824E-03 1.77677E-05 1.06959E-07
 3.21106E-10 1.37916E-09 1.18979E-11 2.51089E-11 1.72638E-15 2.69522E-12 2.21955E-11 3.94299E-16
 3.56151E-17 1.49935E-26 4.12597E-10 1.63796E-15 1.16566E-17 4.21157E-17 8.81895E-10 8.02822E-19
 4.14829E-20 6.00689E-23 4.27177E-17 5.16424E-14 3.07695E-16 5.55690E-22 3.09853E-08 1.98887E-11
 7.06186E-05 1.58036E-12 8.26076E-10 7.05842E-08 4.35530E-09 1.01451E-13 9.73247E-04 4.15392E-03
 1.74971E-05 1.03527E-07 3.31325E-10 1.26582E-09 1.22745E-11 2.41647E-11 1.63552E-15 2.36733E-12
 1.82019E-11 3.55653E-16 2.69255E-17 1.29840E-26 4.03300E-10 1.56837E-15 1.32484E-17 4.29831E-17
 8.91191E-10 6.51835E-19 3.93168E-20 6.30953E-23 4.18684E-17 4.60549E-14 2.57531E-16 4.88822E-22
 3.02096E-08 2.24606E-11 7.34570E-05 1.74633E-12 8.52160E-10 6.80776E-08 4.03360E-09 1.21650E-13
 9.74077E-04 4.14970E-03 1.72632E-05 1.00626E-07 3.43135E-10 1.16359E-09 1.25005E-11 2.30029E-11
 1.52677E-15 2.05318E-12 1.47623E-11 3.15266E-16 1.97180E-17 1.10485E-26 3.94360E-10 1.49256E-15
 1.50295E-17 4.35753E-17 9.00131E-10 5.18524E-19 3.79166E-20 6.71259E-23 4.12812E-17 4.14689E-14
 2.17050E-16 4.34874E-22 2.95907E-08 2.52611E-11 7.74428E-05 1.93319E-12 8.81973E-10 6.59813E-08
 3.71247E-09 1.46822E-13 9.74870E-04 4.14562E-03 1.70685E-05 9.82954E-08 3.56822E-10 1.07228E-09
 1.25878E-11 2.17058E-11 1.40768E-15 1.76343E-12 1.18748E-11 2.75279E-16 1.40551E-17 9.24925E-27
 3.85838E-10 1.41320E-15 1.70255E-17 4.38989E-17 9.08654E-10 4.05247E-19 3.72042E-20 7.23072E-23
 4.09533E-17 3.77236E-14 1.84463E-16 3.91425E-22 2.91431E-08 2.82983E-11 8.25285E-05 2.14440E-12
 9.16331E-10 6.43034E-08 3.39518E-09 1.78500E-13 9.75625E-04 4.14167E-03 1.69133E-05 9.65739E-08
 3.72879E-10 9.90977E-10 1.25545E-11 2.03468E-11 1.28401E-15 1.50314E-12 9.49636E-12 2.37247E-16
 9.79366E-18 7.61655E-27 3.77734E-10 1.33163E-15 1.92539E-17 4.39504E-17 9.16758E-10 3.11764E-19
 3.71098E-20 7.87706E-23 4.08493E-17 3.46625E-14 1.58069E-16 3.56294E-22 2.88720E-08 3.15869E-11
 8.73785E-05 2.38233E-12 9.55637E-10 6.30055E-08 3.08564E-09 2.18494E-13 9.76355E-04 4.13781E-03
 1.67950E-05 9.54602E-08 3.91757E-10 9.17843E-10 1.24156E-11 1.89680E-11 1.15919E-15 1.27205E-12
 7.55539E-12 2.02062E-16 6.68966E-18 6.17254E-27 3.69941E-10 1.24878E-15 2.17211E-17 4.37445E-17
 9.24551E-10 2.36336E-19 3.75570E-20 8.66005E-23 4.09101E-17 3.21265E-14 1.36312E-16 3.27461E-22
 2.87834E-08 3.51304E-11 9.20353E-05 2.65100E-12 1.00060E-09 6.20835E-08 2.78689E-09 2.69301E-13
 9.77064E-04 4.13399E-03 1.67123E-05 9.49652E-08 4.13892E-10 8.51627E-10 1.21878E-11 1.76086E-11
 1.03706E-15 1.07005E-12 5.98933E-12 1.70301E-16 4.49086E-18 4.93120E-27 3.62396E-10 1.16658E-15
 2.44464E-17 4.33179E-17 9.32096E-10 1.76903E-19 3.85040E-20 9.59212E-23 4.10902E-17 3.00054E-14
 1.18217E-16 3.03606E-22 2.88834E-08 3.89270E-11 9.65309E-05 2.95519E-12 1.05201E-09 6.15402E-08
 2.50165E-09 3.34219E-13 9.77759E-04 4.13019E-03 1.66634E-05 9.51015E-08 4.39721E-10 7.91338E-10
 1.18894E-11 1.62995E-11 9.20777E-16 8.95895E-13 4.73790E-12 1.42240E-16 2.97061E-18 3.89314E-27
 3.55045E-10 1.08702E-15 2.74549E-17 4.27238E-17 9.39447E-10 1.31076E-19 3.99348E-20 1.06889E-22
 4.13526E-17 2.82165E-14 1.03101E-16 2.83816E-22 2.91804E-08 4.29821E-11 1.00852E-04 3.29973E-12
 1.11074E-09 6.13713E-08 2.23196E-09 4.17664E-13 9.78438E-04 4.12642E-03 1.66470E-05 9.58896E-08
 4.69965E-10 7.36633E-10 1.15471E-11 1.50742E-11 8.12665E-16 7.48147E-13 3.74787E-12 1.17976E-16
 1.94384E-18 3.04269E-27 3.47907E-10 1.01130E-15 3.07548E-17 4.20087E-17 9.46585E-10 9.64197E-20
 4.18410E-20 1.19676E-22 4.16832E-17 2.67092E-14 9.05622E-17 2.67442E-22 2.96679E-08 4.72954E-11
 1.04999E-04 3.69078E-12 1.17740E-09 6.15670E-08 1.98048E-09 5.25242E-13 9.79101E-04 4.12268E-03
 1.66605E-05 9.73024E-08 5.04942E-10 6.86985E-10 1.11816E-11 1.39475E-11 7.14503E-16 6.24311E-13
 2.96965E-12 9.73652E-17 1.26275E-18 2.36605E-27 3.40975E-10 9.41584E-16 3.43837E-17 4.12671E-17
 9.53517E-10 7.07007E-20 4.42075E-20 1.34440E-22 4.20746E-17 2.54357E-14 8.04622E-17 2.53991E-22
 3.03348E-08 5.18695E-11 1.08982E-04 4.13540E-12 1.25249E-09 6.21101E-08 1.74914E-09 6.64168E-13
 9.79751E-04 4.11896E-03 1.67009E-05 9.92972E-08 5.44878E-10 6.41800E-10 1.08080E-11 1.29225E-11
 6.26950E-16 5.21282E-13 2.35946E-12 8.00918E-17 8.16595E-19 1.84126E-27 3.34225E-10 8.79627E-16
 3.83927E-17 4.06007E-17 9.60267E-10 5.18818E-20 4.70169E-20 1.51335E-22 4.25205E-17 2.43540E-14
 7.30627E-17 2.43071E-22 3.11653E-08 5.67278E-11 1.12778E-04 4.64045E-12 1.33638E-09 6.29653E-08
 1.53890E-09 8.43786E-13 9.80384E-04 4.11528E-03 1.67647E-05 1.01820E-07 5.90231E-10 6.00852E-10
 1.04437E-11 1.20025E-11 5.49915E-16 4.36302E-13 1.88197E-12 6.57962E-17 5.27480E-19 1.44082E-27
 3.27684E-10 8.26204E-16 4.28173E-17 4.00933E-17 9.66808E-10 3.82503E-20 5.02293E-20 1.70464E-22
 4.30305E-17 2.34370E-14 6.93828E-17 2.34358E-22 3.21332E-08 6.18894E-11 1.16391E-04 5.21551E-12
 1.42914E-09 6.41047E-08 1.35048E-09 1.07573E-12 9.81002E-04 4.11163E-03 1.68483E-05 1.04780E-07
 6.40848E-10 5.63676E-10 1.00973E-11 1.11796E-11 4.83120E-16 3.66497E-13 1.50784E-12 5.40706E-17
 3.41168E-19 1.14185E-27 3.21337E-10 7.82607E-16 4.77520E-17 3.98544E-17 9.73156E-10 2.84521E-20
 5.38046E-20 1.91936E-22 4.36155E-17 2.26563E-14 7.14259E-17 2.27651E-22 3.32078E-08 6.73822E-11
 1.19806E-04 5.87267E-12 1.53061E-09 6.55003E-08 1.18391E-09 1.37450E-12 9.81603E-04 4.10803E-03
 1.69475E-05 1.08076E-07 6.96240E-10 5.29994E-10 9.77678E-12 1.04465E-11 4.26117E-16 3.09487E-13
 1.21453E-12 4.45342E-17 2.21636E-19 9.22913E-28 3.15193E-10 7.49805E-16 5.33355E-17 3.99884E-17
 9.79300E-10 2.14472E-20 5.76908E-20 2.15849E-22 4.42970E-17 2.19914E-14 8.34316E-17 2.22827E-22
 3.43809E-08 7.32559E-11 1.23018E-04 6.62353E-12 1.64114E-09 6.71236E-08 1.03734E-09 1.75954E-12
 9.82187E-04 4.10447E-03 1.70589E-05 1.11679E-07 7.56923E-10 4.99490E-10 9.48584E-12 9.79537E-12
 3.77459E-16 2.62891E-13 9.83549E-13 3.67919E-17 1.44791E-19 7.62246E-28 3.09252E-10 7.27114E-16
 5.96496E-17 4.05386E-17 9.85241E-10 1.64069E-20 6.18582E-20 2.42322E-22 4.50739E-17 2.14243E-14
 1.13499E-16 2.19758E-22 3.56606E-08 7.95519E-11 1.26047E-04 7.48253E-12 1.76156E-09 6.89748E-08
 9.08598E-10 2.25671E-12 9.82757E-04 4.10093E-03 1.71799E-05 1.15611E-07 8.23658E-10 4.71644E-10
 9.22127E-12 9.21485E-12 3.35704E-16 2.24520E-13 8.00334E-13 3.04884E-17 9.50567E-20 6.43885E-28
 3.03464E-10 7.13961E-16 6.67908E-17 4.15456E-17 9.91028E-10 1.27387E-20 6.63256E-20 2.71586E-22
 4.59250E-17 2.09357E-14 1.74945E-16 2.18387E-22 3.70555E-08 8.63076E-11 1.28899E-04 8.46897E-12
 1.89272E-09 7.10665E-08 7.95896E-10 2.89946E-12 9.83316E-04 4.09741E-03 1.73084E-05 1.19895E-07
 8.96861E-10 4.46097E-10 8.98089E-12 8.69618E-12 2.99928E-16 1.92785E-13 6.54342E-13 2.53517E-17
 6.27259E-20 5.57269E-28 2.97800E-10 7.10411E-16 7.49204E-17 4.30728E-17 9.96692E-10 1.00461E-20
 7.11169E-20 3.03923E-22 4.68383E-17 2.05116E-14 2.86382E-16 2.18707E-22 3.85787E-08 9.35835E-11
 1.31556E-04 9.60377E-12 2.03558E-09 7.33986E-08 6.97359E-10 3.73213E-12 9.83862E-04 4.09391E-03
 1.74410E-05 1.24568E-07 9.77568E-10 4.22731E-10 8.76588E-12 8.23472E-12 2.69230E-16 1.66502E-13
 5.37616E-13 2.11633E-17 4.16378E-20 4.93989E-28 2.92277E-10 7.16156E-16 8.41750E-17 4.51728E-17
 1.00222E-09 8.04833E-21 7.62350E-20 3.39557E-22 4.78062E-17 2.01433E-14 4.69419E-16 2.20682E-22
 4.02514E-08 1.01459E-10 1.34003E-04 1.09099E-11 2.19148E-09 7.59683E-08 6.11126E-10 4.81443E-12
 9.84393E-04 4.09046E-03 1.75744E-05 1.29691E-07 1.06758E-09 4.01442E-10 8.57657E-12 7.82604E-12
 2.42709E-16 1.44676E-13 4.43866E-13 1.77396E-17 2.78115E-20 4.47663E-28 2.86914E-10 7.30736E-16
 9.46575E-17 4.78958E-17 1.00758E-09 6.54524E-21 8.16774E-20 3.78673E-22 4.88152E-17 1.98232E-14
 6.97895E-16 2.24258E-22 4.20994E-08 1.10003E-10 1.36243E-04 1.24192E-11 2.36197E-09 7.88025E-08
 5.35714E-10 6.22597E-12 9.84909E-04 4.08704E-03 1.77065E-05 1.35340E-07 1.16847E-09 3.81951E-10
 8.40927E-12 7.46332E-12 2.19738E-16 1.26446E-13 3.68139E-13 1.49314E-17 1.86831E-20 4.14538E-28
 2.81685E-10 7.54565E-16 1.06567E-16 5.13301E-17 1.01281E-09 5.40015E-21 8.74673E-20 4.21539E-22
 4.98434E-17 1.95414E-14 8.84349E-16 2.29411E-22 4.41464E-08 1.19291E-10 1.38280E-04 1.41736E-11
 2.54865E-09 8.19368E-08 4.69950E-10 8.07270E-12 9.85414E-04 4.08363E-03 1.78351E-05 1.41584E-07
 1.28161E-09 3.64002E-10 8.26034E-12 7.14031E-12 1.99899E-16 1.11172E-13 3.06703E-13 1.26237E-17
 1.26244E-20 3.92348E-28 2.76558E-10 7.88656E-16 1.20208E-16 5.55999E-17 1.01793E-09 4.51967E-21
 9.36109E-20 4.68397E-22 5.08737E-17 1.92898E-14 1.03638E-15 2.36106E-22 4.64213E-08 1.29441E-10
 1.40113E-04 1.62235E-11 2.75346E-09 8.54008E-08 4.12661E-10 1.04999E-11 9.85909E-04 4.08023E-03
 1.79577E-05 1.48504E-07 1.40945E-09 3.47394E-10 8.12693E-12 6.85202E-12 1.82732E-16 9.83371E-14
 2.56586E-13 1.07223E-17 8.57968E-21 3.79173E-28 2.71511E-10 8.33993E-16 1.35893E-16 6.08437E-17
 1.02298E-09 3.83461E-21 1.00081E-19 5.19330E-22 5.18873E-17 1.90622E-14 1.15986E-15 2.44262E-22
 4.89389E-08 1.40628E-10 1.41727E-04 1.86312E-11 2.97805E-09 8.92026E-08 3.62904E-10 1.37047E-11
 9.86393E-04 4.07684E-03 1.80709E-05 1.56140E-07 1.55491E-09 3.32034E-10 8.00817E-12 6.59464E-12
 1.67894E-16 8.75793E-14 2.15529E-13 9.15497E-18 5.86932E-21 3.73759E-28 2.66547E-10 8.91817E-16
 1.54000E-16 6.72327E-17 1.02794E-09 3.29650E-21 1.06767E-19 5.74113E-22 5.28782E-17 1.88542E-14
 1.25896E-15 2.53742E-22 5.16925E-08 1.53056E-10 1.43112E-04 2.14883E-11 3.22325E-09 9.33636E-08
 3.20103E-10 1.79471E-11 9.86865E-04 4.07347E-03 1.81716E-05 1.64457E-07 1.71933E-09 3.17810E-10
 7.90305E-12 6.36393E-12 1.55357E-16 7.86315E-14 1.81795E-13 7.86934E-18 4.04938E-21 3.76418E-28
 2.61663E-10 9.65016E-16 1.75298E-16 7.50300E-17 1.03283E-09 2.87408E-21 1.13505E-19 6.32353E-22
 5.38541E-17 1.86622E-14 1.33737E-15 2.64404E-22 5.46470E-08 1.66992E-10 1.44248E-04 2.49229E-11
 3.48874E-09 9.78798E-08 2.83827E-10 2.35659E-11 9.87324E-04 4.07013E-03 1.82559E-05 1.73326E-07
 1.90231E-09 3.04697E-10 7.81231E-12 6.15636E-12 1.45230E-16 7.13144E-14 1.54072E-13 6.82577E-18
 2.82816E-21 3.88419E-28 2.56883E-10 1.05766E-15 2.01032E-16 8.45872E-17 1.03761E-09 2.54583E-21
 1.20027E-19 6.93300E-22 5.48402E-17 1.84838E-14 1.39777E-15 2.76048E-22 5.77798E-08 1.82871E-10
 1.45116E-04 2.90867E-11 3.77483E-09 1.02702E-07 2.53297E-10 3.10384E-11 9.87764E-04 4.06686E-03
 1.83204E-05 1.82643E-07 2.10671E-09 2.92696E-10 7.73692E-12 5.96922E-12 1.37280E-16 6.54206E-14
 1.31190E-13 5.98344E-18 2.00461E-21 4.10245E-28 2.52243E-10 1.17313E-15 2.32445E-16 9.62796E-17
 1.04225E-09 2.29055E-21 1.26015E-19 7.55761E-22 5.58492E-17 1.83178E-14 1.44234E-15 2.88384E-22
 6.11053E-08 2.01247E-10 1.45711E-04 3.41794E-11 4.08288E-09 1.07803E-07 2.27707E-10 4.10386E-11
 9.88187E-04 4.06365E-03 1.83634E-05 1.92392E-07 2.33739E-09 2.81663E-10 7.67531E-12 5.79931E-12
 1.31238E-16 6.07078E-14 1.12124E-13 5.30599E-18 1.44266E-21 4.42923E-28 2.47723E-10 1.31603E-15
 2.71096E-16 1.10593E-16 1.04677E-09 2.09106E-21 1.31199E-19 8.18463E-22 5.68733E-17 1.81612E-14
 1.47341E-15 3.01094E-22 6.46357E-08 2.22813E-10 1.46025E-04 4.04778E-11 4.41327E-09 1.13149E-07
 2.06524E-10 5.44736E-11 9.88595E-04 4.06048E-03 1.83833E-05 2.02504E-07 2.59758E-09 2.71442E-10
 7.62626E-12 5.64312E-12 1.27061E-16 5.69852E-14 9.61153E-14 4.76809E-18 1.05556E-21 4.89137E-28
 2.43289E-10 1.49325E-15 3.19431E-16 1.28191E-16 1.05120E-09 1.93655E-21 1.35288E-19 8.79945E-22
 5.79133E-17 1.80115E-14 1.49275E-15 3.13812E-22 6.83949E-08 2.48554E-10 1.46042E-04 4.83294E-11
 4.76599E-09 1.18638E-07 1.89197E-10 7.25971E-11 9.88992E-04 4.05734E-03 1.83786E-05 2.12882E-07
 2.89301E-09 2.61922E-10 7.58983E-12 5.49738E-12 1.24609E-16 5.40756E-14 8.25270E-14 4.34760E-18
 7.85715E-22 5.51748E-28 2.38922E-10 1.71206E-15 3.80388E-16 1.49861E-16 1.05557E-09 1.81704E-21
 1.37962E-19 9.38307E-22 5.89748E-17 1.78665E-14 1.50151E-15 3.26089E-22 7.24028E-08 2.79859E-10
 1.45744E-04 5.81590E-11 5.14002E-09 1.24062E-07 1.75190E-10 9.71358E-11 9.89373E-04 4.05425E-03
 1.83480E-05 2.23328E-07 3.23253E-09 2.53088E-10 7.56808E-12 5.35894E-12 1.23668E-16 5.18132E-14
 7.08573E-14 4.02522E-18 5.95081E-22 6.33362E-28 2.34640E-10 1.97854E-15 4.57295E-16 1.76480E-16
 1.05985E-09 1.72298E-21 1.38890E-19 9.91285E-22 6.00784E-17 1.77260E-14 1.50036E-15 3.37441E-22
 7.66965E-08 3.18490E-10 1.45109E-04 7.05134E-11 5.53323E-09 1.29179E-07 1.64070E-10 1.30395E-10
 9.89739E-04 4.05121E-03 1.82906E-05 2.33585E-07 3.62482E-09 2.44896E-10 7.56293E-12 5.22419E-12
 1.24114E-16 5.00333E-14 6.07022E-14 3.78565E-18 4.58086E-22 7.37484E-28 2.30452E-10 2.29936E-15
 5.54540E-16 2.09100E-16 1.06404E-09 1.64660E-21 1.37821E-19 1.03662E-21 6.12500E-17 1.75892E-14
 1.48986E-15 3.47443E-22 8.13054E-08 3.66772E-10 1.44122E-04 8.60652E-11 5.94227E-09 1.33681E-07
 1.55404E-10 1.75458E-10 9.90087E-04 4.04825E-03 1.82063E-05 2.43255E-07 4.08075E-09 2.37344E-10
 7.57716E-12 5.08930E-12 1.25777E-16 4.85831E-14 5.17760E-14 3.61451E-18 3.57790E-22 8.66922E-28
 2.26384E-10 2.67837E-15 6.77150E-16 2.48849E-16 1.06811E-09 1.58046E-21 1.34625E-19 1.07230E-21
 6.25257E-17 1.74564E-14 1.47044E-15 3.55746E-22 8.62668E-08 4.27597E-10 1.42763E-04 1.05662E-10
 6.36293E-09 1.37281E-07 1.48801E-10 2.36322E-10 9.90416E-04 4.04539E-03 1.80945E-05 2.51849E-07
 4.61009E-09 2.30388E-10 7.61296E-12 4.95012E-12 1.28535E-16 4.73218E-14 4.38744E-14 3.49901E-18
 2.82767E-22 1.02426E-27 2.22444E-10 3.11760E-15 8.31378E-16 2.96965E-16 1.07204E-09 1.51840E-21
 1.29317E-19 1.09669E-21 6.39385E-17 1.73270E-14 1.44245E-15 3.62128E-22 9.16380E-08 5.04505E-10
 1.40990E-04 1.30362E-10 6.79034E-09 1.39745E-07 1.43919E-10 3.17970E-10 9.90730E-04 4.04259E-03
 1.79530E-05 2.58808E-07 5.21856E-09 2.23918E-10 7.67161E-12 4.80247E-12 1.32321E-16 4.61218E-14
 3.68403E-14 3.42781E-18 2.25225E-22 1.21186E-27 2.18598E-10 3.61880E-15 1.02517E-15 3.54753E-16
 1.07589E-09 1.45547E-21 1.21996E-19 1.10819E-21 6.55110E-17 1.71994E-14 1.40567E-15 3.66479E-22
 9.74175E-08 6.01940E-10 1.38769E-04 1.61459E-10 7.21851E-09 1.40837E-07 1.40451E-10 4.26479E-10
 9.91028E-04 4.03987E-03 1.77799E-05 2.63410E-07 5.90684E-09 2.17916E-10 7.75523E-12 4.64277E-12
 1.37076E-16 4.48831E-14 3.06078E-14 3.39032E-18 1.80260E-22 1.42970E-27 2.14861E-10 4.17694E-15
 1.26805E-15 4.23383E-16 1.07963E-09 1.38767E-21 1.12948E-19 1.10610E-21 6.72710E-17 1.70734E-14
 1.36012E-15 3.68806E-22 1.03593E-07 7.25412E-10 1.36061E-04 2.00528E-10 7.64134E-09 1.40387E-07
 1.38140E-10 5.68944E-10 9.91307E-04 4.03726E-03 1.75723E-05 2.64971E-07 6.66741E-09 2.12356E-10
 7.86513E-12 4.46822E-12 1.42762E-16 4.35184E-14 2.51266E-14 3.37685E-18 1.44467E-22 1.67517E-27
 2.11245E-10 4.78210E-15 1.57182E-15 5.03774E-16 1.08324E-09 1.31191E-21 1.02567E-19 1.09027E-21
 6.92351E-17 1.69488E-14 1.30566E-15 3.69209E-22 1.10155E-07 8.82021E-10 1.32825E-04 2.49411E-10
 8.05298E-09 1.38262E-07 1.36742E-10 7.53531E-10 9.91568E-04 4.03476E-03 1.73264E-05 2.62981E-07
 7.48854E-09 2.07221E-10 8.00175E-12 4.27704E-12 1.49229E-16 4.19491E-14 2.03527E-14 3.37675E-18
 1.15448E-22 1.93939E-27 2.07766E-10 5.41351E-15 1.94948E-15 5.96222E-16 1.08672E-09 1.22530E-21
 9.13172E-20 1.06107E-21 7.14138E-17 1.68256E-14 1.24217E-15 3.67842E-22 1.17109E-07 1.08149E-09
 1.29012E-04 3.10108E-10 8.44822E-09 1.34337E-07 1.35939E-10 9.89941E-10 9.91810E-04 4.03239E-03
 1.70363E-05 2.57183E-07 8.36658E-09 2.02491E-10 8.16463E-12 4.06847E-12 1.55987E-16 4.01098E-14
 1.62327E-14 3.37519E-18 9.14331E-23 2.20035E-27 2.04440E-10 6.03244E-15 2.41114E-15 6.99740E-16
 1.09004E-09 1.12454E-21 7.96518E-20 1.01899E-21 7.38240E-17 1.67035E-14 1.16940E-15 3.64867E-22
 1.24325E-07 1.33747E-09 1.24561E-04 3.84709E-10 8.81852E-09 1.28491E-07 1.35454E-10 1.28937E-09
 9.92031E-04 4.03017E-03 1.66937E-05 2.47261E-07 9.30276E-09 1.98144E-10 8.35294E-12 3.84214E-12
 1.62343E-16 3.79924E-14 1.27119E-14 3.35679E-18 7.13440E-23 2.42289E-27 2.01278E-10 6.58540E-15
 2.96219E-15 8.11516E-16 1.09321E-09 1.00835E-21 6.79236E-20 9.64333E-22 7.65141E-17 1.65823E-14
 1.08700E-15 3.60397E-22 1.31032E-07 1.66836E-09 1.19445E-04 4.75986E-10 9.14092E-09 1.20700E-07
 1.35536E-10 1.66199E-09 9.92229E-04 4.02814E-03 1.62906E-05 2.32220E-07 1.02500E-08 1.94191E-10
 8.56709E-12 3.59675E-12 1.68412E-16 3.57342E-14 9.76348E-15 3.32297E-18 5.50199E-23 2.58217E-27
 1.98318E-10 7.03179E-15 3.62018E-15 9.27631E-16 1.09616E-09 8.82990E-22 5.64137E-20 8.97744E-22
 7.95854E-17 1.64624E-14 9.95306E-16 3.54425E-22 1.35217E-07 2.09800E-09 1.13624E-04 5.89528E-10
 9.35849E-09 1.11003E-07 1.37842E-10 2.10907E-09 9.92405E-04 4.02633E-03 1.58169E-05 2.09814E-07
 1.09909E-08 1.90624E-10 8.81157E-12 3.32666E-12 1.76943E-16 3.36035E-14 7.35189E-15 3.31563E-18
 4.27788E-23 2.71176E-27 1.95587E-10 7.39600E-15 4.47185E-15 1.04632E-15 1.09889E-09 7.63088E-22
 4.52084E-20 8.18437E-22 8.31895E-17 1.63439E-14 8.94443E-16 3.46694E-22 1.33731E-07 2.65844E-09
 1.07093E-04 7.38611E-10 9.36910E-09 9.95057E-08 1.46262E-10 2.61553E-09 9.92559E-04 4.02476E-03
 1.52688E-05 1.77779E-07 1.10491E-08 1.87449E-10 9.09786E-12 3.01950E-12 1.95268E-16 3.18692E-14
 5.41986E-15 3.43295E-18 3.47988E-23 2.93775E-27 1.93116E-10 7.77225E-15 5.78953E-15 1.17282E-15
 1.10136E-09 6.64516E-22 3.44292E-20 7.24487E-22 8.74385E-17 1.62272E-14 7.84885E-16 3.36513E-22
 1.24719E-07 3.41162E-09 9.98955E-05 9.45882E-10 9.07213E-09 8.62853E-08 1.65393E-10 3.17920E-09
 9.92691E-04 4.02346E-03 1.46569E-05 1.37589E-07 1.00993E-08 1.84677E-10 9.44009E-12 2.66070E-12
 2.32416E-16 3.04903E-14 3.86151E-15 3.76993E-18 3.01879E-23 3.36711E-27 1.90940E-10 8.16919E-15
 8.08543E-15 1.31109E-15 1.10354E-09 5.85648E-22 2.44640E-20 6.14251E-22 9.23006E-17 1.61140E-14
 6.67075E-16 3.22496E-22 1.09839E-07 4.49361E-09 9.20744E-05 1.23599E-09 8.44189E-09 7.15488E-08
 1.97858E-10 3.86705E-09 9.92802E-04 4.02242E-03 1.40080E-05 9.58905E-08 8.47320E-09 1.82303E-10
 9.84167E-12 2.24672E-12 2.92311E-16 2.89876E-14 2.57947E-15 4.31313E-18 2.70147E-23 3.87066E-27
 1.89069E-10 8.34009E-15 1.19994E-14 1.43960E-15 1.10540E-09 5.03846E-22 1.59467E-20 4.90839E-22
 9.76376E-17 1.60063E-14 5.40220E-16 3.03244E-22 9.20723E-08 6.14296E-09 8.36631E-05 1.63347E-09
 7.50765E-09 5.61837E-08 2.47401E-10 4.79347E-09 9.92893E-04 4.02162E-03 1.33634E-05 5.99422E-08
 6.62596E-09 1.80313E-10 1.02867E-11 1.79336E-12 3.76434E-16 2.68009E-14 1.56589E-15 4.97764E-18
 2.36270E-23 4.14108E-27 1.87505E-10 7.96701E-15 1.84604E-14 1.51376E-15 1.10696E-09 4.03455E-22
 9.43192E-21 3.64770E-22 1.02984E-16 1.59066E-14 4.02382E-16 2.78367E-22 7.40556E-08 8.74085E-09
 7.46493E-05 2.15129E-09 6.37501E-09 4.16747E-08 3.19021E-10 6.10966E-09 9.92967E-04 4.02103E-03
 1.27736E-05 3.38432E-08 4.90054E-09 1.78682E-10 1.07356E-11 1.33962E-12 4.80284E-16 2.36286E-14
 8.47834E-16 5.57605E-18 1.92323E-23 3.86832E-27 1.86234E-10 6.93277E-15 2.86611E-14 1.48758E-15
 1.10822E-09 2.89834E-22 5.06062E-21 2.51800E-22 1.07476E-16 1.58178E-14 2.50042E-16 2.48630E-22
 5.74715E-08 1.28119E-08 6.50334E-05 2.77058E-09 5.21380E-09 2.95473E-08 4.18651E-10 7.97414E-09
 9.93026E-04 4.02061E-03 1.22991E-05 1.76479E-08 3.45109E-09 1.77394E-10 1.11348E-11 9.38497E-13
 5.91369E-16 1.96722E-14 4.12996E-16 5.88780E-18 1.42232E-23 3.11476E-27 1.85249E-10 5.49979E-15
 4.39679E-14 1.35938E-15 1.10919E-09 1.85648E-22 2.51111E-21 1.65117E-22 1.10386E-16 1.57435E-14
 1.68352E-16 2.16829E-22 4.33418E-08 1.90533E-08 5.48165E-05 3.41894E-09 4.18813E-09 2.05778E-08
 5.51977E-10 1.05452E-08 9.93072E-04 4.02033E-03 1.20033E-05 8.82647E-09 2.33224E-09 1.76436E-10
 1.14457E-11 6.27576E-13 6.86947E-16 1.55328E-14 1.87471E-16 5.76278E-18 9.56426E-24 2.23337E-27
 1.84536E-10 4.07486E-15 6.52646E-14 1.17581E-15 1.10989E-09 1.08081E-22 1.19597E-21 1.07163E-22
 1.12408E-16 1.56855E-14 1.26064E-16 1.87684E-22 3.23247E-08 2.90043E-08 4.40859E-05 4.01091E-09
 3.36870E-09 1.47366E-08 7.42092E-10 1.42298E-08 9.93104E-04 4.02018E-03 1.19452E-05 4.39938E-09
 1.51912E-09 1.75805E-10 1.16696E-11 4.04698E-13 7.48756E-16 1.19481E-14 8.21437E-17 5.29863E-18
 6.03135E-24 1.47281E-27 1.84082E-10 2.90163E-15 9.27997E-14 9.82338E-16 1.11031E-09 5.86917E-23
 5.74538E-22 7.05792E-23 1.15026E-16 1.56446E-14 1.05383E-16 1.64140E-22 2.53715E-08 6.26332E-08
 3.69897E-05 4.77412E-09 2.57348E-09 1.16220E-08 1.25641E-09 2.45217E-08 9.93123E-04 4.02011E-03
 1.21647E-05 2.22735E-09 8.96321E-10 1.75493E-10 1.18761E-11 1.99357E-13 8.16626E-16 9.57376E-15
 3.31350E-17 5.04312E-18 3.92446E-24 7.16799E-28 1.83865E-10 2.01493E-15 1.33547E-13 6.85513E-16
 1.11049E-09 3.08064E-23 3.02333E-22 3.70567E-23 1.15151E-16 1.56248E-14 9.73800E-17 1.33672E-22
 2.92361E+02 2.89591E+02 2.86723E+02 2.83772E+02 2.80710E+02 2.77512E+02 2.74201E+02 2.70936E+02
 2.67592E+02 2.64004E+02 2.60134E+02 2.55950E+02 2.51425E+02 2.46574E+02 2.42006E+02 2.38878E+02
 2.37100E+02 2.35757E+02 2.34740E+02 2.34047E+02 2.33428E+02 2.32708E+02 2.31936E+02 2.31191E+02
 2.30478E+02 2.29778E+02 2.29071E+02 2.28397E+02 2.27701E+02 2.26915E+02 2.26140E+02 2.25403E+02
 2.24660E+02 2.23907E+02 2.23153E+02 2.22398E+02 2.21637E+02 2.20871E+02 2.20091E+02 2.19288E+02
 2.18461E+02 2.17601E+02 2.16699E+02 2.15763E+02 2.14806E+02 2.13836E+02 2.12881E+02 2.11967E+02
 2.11109E+02 2.10329E+02 2.09659E+02 2.09109E+02 2.08658E+02 2.08305E+02 2.08069E+02 2.07964E+02
 2.07993E+02 2.08153E+02 2.08456E+02 2.08881E+02 2.09401E+02 2.10007E+02 2.10652E+02 2.11285E+02
 2.11907E+02 2.12525E+02 2.13124E+02 2.13713E+02 2.14316E+02 2.14937E+02 2.15560E+02 2.16191E+02
 2.16835E+02 2.17442E+02 2.17928E+02 2.18282E+02 2.18515E+02 2.18593E+02 2.18520E+02 2.18337E+02
 2.18071E+02 2.17769E+02 2.17468E+02 2.17180E+02 2.16916E+02 2.16671E+02 2.16460E+02 2.16364E+02
 2.16498E+02 2.16801E+02 2.16710E+02 2.14989E+02 2.10859E+02 2.05219E+02 1.99026E+02 1.92916E+02
 1.86994E+02 1.81254E+02 1.75690E+02 1.70296E+02 1.00000E+05 1.00000E+05 1.00000E+05 1.00000E+05
 1.00000E+05 1.00000E+05 1.00000E+05 1.00000E+05 1.00000E+05 1.00000E+05 1.00000E+05 1.00000E+05
 1.00000E+05 1.00000E+05 1.00000E+05 1.00000E+05 9.01943E+04 8.41600E+04 4.61007E+04 3.20121E+04
 1.69207E+04 1.40000E+04 7.76000E+03 7.15829E+03 4.38800E+03 5.04736E+03 4.60250E+03 4.10250E+03
 4.02286E+03 3.82857E+03 3.90357E+03 3.87500E+03 4.00607E+03 4.22014E+03 4.41671E+03 4.73664E+03
 5.02293E+03 5.39650E+03 5.73650E+03 6.24043E+03 6.73279E+03 7.21793E+03 7.78086E+03 8.32257E+03
 8.91443E+03 9.48700E+03 1.01046E+04 1.08336E+04 1.15479E+04 1.22307E+04 1.29221E+04 1.35486E+04
 1.42000E+04 1.52371E+04 1.61329E+04 1.70243E+04 1.78607E+04 1.87121E+04 1.98514E+04 2.08800E+04
 2.21229E+04 2.35679E+04 2.49793E+04 2.68150E+04 2.85350E+04 3.02457E+04 3.19600E+04 3.41886E+04
 3.65179E+04 3.88093E+04 4.10929E+04 4.33786E+04 4.61100E+04 4.86700E+04 5.23014E+04 5.60821E+04
 5.97907E+04 6.31536E+04 6.66107E+04 7.08664E+04 7.48150E+04 8.05100E+04 8.50493E+04 8.96264E+04
 9.49500E+04 1.00070E+05 1.06184E+05 1.11915E+05 1.18579E+05 1.26800E+05 1.34800E+05 1.44764E+05
 1.54193E+05 1.64550E+05 1.74550E+05 1.84550E+05 1.95193E+05 2.05764E+05 2.20500E+05 2.34100E+05
 2.41864E+19 2.26643E+19 2.12322E+19 1.98833E+19 1.86148E+19 1.74231E+19 1.63019E+19 1.52383E+19
 1.42366E+19 1.33015E+19 1.24294E+19 1.16165E+19 1.08589E+19 1.01513E+19 9.46674E+18 8.76596E+18
 8.06489E+18 7.40231E+18 6.78199E+18 6.20318E+18 5.67066E+18 5.18487E+18 4.74049E+18 4.33250E+18
 3.95801E+18 3.61476E+18 3.30053E+18 3.01240E+18 2.74899E+18 2.50892E+18 2.28902E+18 2.08743E+18
 1.90312E+18 1.73465E+18 1.58064E+18 1.43989E+18 1.31131E+18 1.19388E+18 1.08670E+18 9.88928E+17
 8.99756E+17 8.18465E+17 7.44392E+17 6.76869E+17 6.15286E+17 5.59110E+17 5.07820E+17 4.60960E+17
 4.18152E+17 3.79044E+17 3.43304E+17 3.10673E+17 2.80949E+17 2.53905E+17 2.29308E+17 2.06950E+17
 1.86652E+17 1.68250E+17 1.51579E+17 1.36508E+17 1.22911E+17 1.10657E+17 9.96389E+16 8.97535E+16
 8.08798E+16 7.29084E+16 6.57493E+16 5.93143E+16 5.35219E+16 4.83064E+16 4.36125E+16 3.93856E+16
 3.55777E+16 3.21535E+16 2.90831E+16 2.63273E+16 2.38495E+16 2.16222E+16 1.96169E+16 1.78058E+16
 1.61668E+16 1.46795E+16 1.33275E+16 1.20980E+16 1.09795E+16 9.96258E+15 9.03775E+15 8.19397E+15
 7.42130E+15 6.71707E+15 6.09112E+15 5.56320E+15 5.13256E+15 4.76085E+15 4.41852E+15 4.08956E+15
 3.77218E+15 3.46720E+15 3.17532E+15 2.89713E+15 1.65119E-11 1.83020E-11 2.20910E-11 2.80720E-11
 3.58858E-11 4.54122E-11 5.65958E-11 6.93925E-11 8.37424E-11 9.95441E-11 1.16641E-10 1.34807E-10
 1.53733E-10 1.73038E-10 1.92327E-10 2.11198E-10 2.30238E-10 2.49647E-10 2.74295E-10 3.07992E-10
 3.52921E-10 4.05151E-10 4.61111E-10 5.14209E-10 5.58359E-10 5.87805E-10 6.00869E-10 6.02955E-10
 5.95865E-10 5.81759E-10 5.62556E-10 5.39929E-10 5.14961E-10 4.89053E-10 4.62814E-10 4.36766E-10
 4.11257E-10 3.86413E-10 3.62329E-10 3.39188E-10 3.17156E-10 2.96054E-10 2.75865E-10 2.56558E-10
 2.38065E-10 2.20345E-10 2.03354E-10 1.87162E-10 1.71770E-10 1.57089E-10 1.42768E-10 1.29062E-10
 1.16008E-10 1.03916E-10 9.26073E-11 8.20440E-11 7.21736E-11 6.29984E-11 5.46327E-11 4.69924E-11
 4.01175E-11 3.40083E-11 2.85961E-11 2.38981E-11 1.98142E-11 1.62817E-11 1.32477E-11 1.06969E-11
 8.56653E-12 6.79479E-12 5.33138E-12 4.13302E-12 3.17034E-12 2.40091E-12 1.80353E-12 1.34285E-12
 9.89162E-13 7.18527E-13 5.14193E-13 3.63370E-13 2.52762E-13 1.74190E-13 1.18052E-13 7.85378E-14
 5.13561E-14 3.29049E-14 2.07009E-14 1.27339E-14 7.66991E-15 4.54104E-15 2.63380E-15 1.50589E-15
 8.45958E-16 4.67673E-16 2.53244E-16 1.33904E-16 6.90270E-17 3.45676E-17 1.70063E-17 8.21632E-18
 3.55831E+01 3.18740E+01 3.16454E+01 3.33596E+01 3.74450E+01 4.22587E+01 4.73554E+01 5.13781E+01
 5.55902E+01 5.93177E+01 6.25734E+01 6.58439E+01 6.84272E+01 7.02146E+01 7.07248E+01 7.08948E+01
 7.02417E+01 6.87193E+01 6.67451E+01 6.71550E+01 6.97608E+01 7.31033E+01 7.60678E+01 7.75301E+01
 7.69088E+01 7.39498E+01 6.90469E+01 6.32526E+01 5.70533E+01 5.08511E+01 4.48681E+01 3.92708E+01
 3.41540E+01 2.95767E+01 2.55131E+01 2.19387E+01 1.88162E+01 1.60979E+01 1.37398E+01 1.17104E+01
 9.96684E+00 8.46622E+00 7.17709E+00 6.07056E+00 5.12169E+00 4.31080E+00 3.61558E+00 3.02192E+00
 2.51663E+00 2.08674E+00 1.71829E+00 1.40625E+00 1.14346E+00 9.25854E-01 7.44793E-01 5.93502E-01
 4.68035E-01 3.65107E-01 2.82433E-01 2.16288E-01 1.64124E-01 1.23503E-01 9.22930E-02 6.86151E-02
 5.06312E-02 3.70691E-02 2.69236E-02 1.94138E-02 1.38850E-02 9.84191E-03 6.90452E-03 4.78680E-03
 3.29025E-03 2.23501E-03 1.50822E-03 1.01039E-03 6.70586E-04 4.39629E-04 2.84383E-04 1.81851E-04
 1.14547E-04 7.15032E-05 4.38994E-05 2.64484E-05 1.56551E-05 9.07604E-06 5.16373E-06 2.86880E-06
 1.55768E-06 8.30369E-07 4.35084E-07 2.27841E-07 1.19741E-07 6.29817E-08 3.27171E-08 1.67255E-08
 8.38475E-09 4.12440E-09 2.02597E-09 1.02685E-09 1.00000E-12 1.00000E-12 1.00000E-12 1.00000E-12
 1.00000E-12 1.00000E-12 1.00000E-12 1.00000E-12 1.00000E-12 1.00000E-12 1.00000E-12 1.00000E-12
 1.00000E-12 1.00000E-12 1.00000E-12 1.00000E-12 1.00000E-12 1.00000E-12 1.00000E-12 1.00000E-12
 1.00000E-12 1.00000E-12 1.00000E-12 1.00000E-12 1.00000E-12 1.00000E-12 1.00000E-12 1.00000E-12
 1.00000E-12 1.00000E-12 1.00000E-12 1.00000E-12 1.00000E-12 1.00000E-12 1.00000E-12 1.00000E-12
 1.00000E-12 1.00000E-12 1.00000E-12 1.00000E-12 1.00000E-12 1.00000E-12 1.00000E-12 1.00000E-12
 1.00000E-12 1.00000E-12 1.00000E-12 1.00000E-12 1.00000E-12 1.00000E-12 1.00000E-12 1.00000E-12
 1.00000E-12 1.00000E-12 1.00000E-12 1.00000E-12 1.00000E-12 1.00000E-12 1.00000E-12 1.00000E-12
 1.00000E-12 1.00000E-12 1.00000E-12 1.00000E-12 1.00000E-12 1.00000E-12 1.00000E-12 1.00000E-12
 1.00000E-12 1.00000E-12 1.00000E-12 1.00000E-12 1.00000E-12 1.00000E-12 1.00000E-12 1.00000E-12
 1.00000E-12 1.00000E-12 1.00000E-12 1.00000E-12 1.00000E-12 1.00000E-12 1.00000E-12 1.00000E-12
 1.00000E-12 1.00000E-12 1.00000E-12 1.00000E-12 1.00000E-12 1.00000E-12 1.00000E-12 1.00000E-12
 1.00000E-12 1.00000E-12 1.00000E-12 1.00000E-12 1.00000E-12 1.00000E-12 1.00000E-12 1.00000E-12
 1.00000E-12 1.00000E-12 1.00000E-12 1.00000E-12 1.00000E-12 1.00000E-12 1.00000E-12 1.00000E-12
 1.00000E-12 1.00000E-12 1.00000E-12 1.00000E-12 1.00000E-12 1.00000E-12 1.00000E-12 1.00000E-12
 1.00000E-12 1.00000E-12 1.00000E-12 1.00000E-12 1.00000E-12 1.00000E-12 1.00000E-12 1.00000E-12
 1.00000E-12 1.00000E-12 1.00000E-12 1.00000E-12 1.00000E-12 1.00000E-12 1.00000E-12 1.00000E-12
 1.00000E-12 1.00000E-12 1.00000E-12 1.00000E-12 1.00000E-12 1.00000E-12 1.00000E-12 1.00000E-12
 1.00000E-12 1.00000E-12 1.00000E-12 1.00000E-12 1.00000E-12 1.00000E-12 1.00000E-12 1.00000E-12
 1.00000E-12 1.00000E-12 1.00000E-12 1.00000E-12 1.00000E-12 1.00000E-12 1.00000E-12 1.00000E-12
 1.00000E-12 1.00000E-12 1.00000E-12 1.00000E-12 1.00000E-12 1.00000E-12 1.00000E-12 1.00000E-12
 1.00000E-12 1.00000E-12 1.00000E-12 1.00000E-12 1.00000E-12 1.00000E-12 1.00000E-12 1.00000E-12
 1.00000E-12 1.00000E-12 1.00000E-12 1.00000E-12 1.00000E-12 1.00000E-12 1.00000E-12 1.00000E-12
 1.00000E-12 1.00000E-12 1.00000E-12 1.00000E-12 1.00000E-12 1.00000E-12 1.00000E-12 1.00000E-12
 1.00000E-12 1.00000E-12 1.00000E-12 1.00000E-12 1.00000E-12 1.00000E-12 1.00000E-12 1.00000E-12
 1.00000E-12 1.00000E-12 1.00000E-12 1.00000E-12 2.73646E-04 2.92608E-04 3.13359E-04 3.36490E-04
 3.58007E-04 3.80485E-04 4.04518E-04 4.32790E-04 4.62571E-04 4.95524E-04 5.31816E-04 5.70465E-04
 6.13456E-04 6.61495E-04 7.15984E-04 7.73081E-04 8.35551E-04 9.06039E-04 9.90071E-04 1.07828E-03
 1.17127E-03 1.27115E-03 1.38050E-03 1.50098E-03 1.63379E-03 1.78009E-03 1.94117E-03 2.11882E-03
 2.31470E-03 2.53067E-03 2.76908E-03 3.03233E-03 3.32269E-03 3.64301E-03 3.99687E-03 4.38789E-03
 4.82012E-03 5.29809E-03 5.82683E-03 6.41088E-03 7.05730E-03 7.77329E-03 8.56674E-03 9.44667E-03
 1.04227E-02 1.15040E-02 1.27052E-02 1.40401E-02 1.55237E-02 1.71726E-02 1.90038E-02 2.10375E-02
 2.32961E-02 2.58045E-02 2.85949E-02 3.17207E-02 3.52217E-02 3.91414E-02 4.35135E-02 4.83924E-02
 5.38347E-02 5.99016E-02 6.66113E-02 7.40384E-02 8.22703E-02 9.13691E-02 1.01395E-01 1.12490E-01
 1.24774E-01 1.38344E-01 1.53337E-01 1.69912E-01 1.88107E-01 2.08151E-01 2.30211E-01 2.54482E-01
 2.81195E-01 3.10574E-01 3.42897E-01 3.78509E-01 4.17782E-01 4.61139E-01 5.09011E-01 5.61955E-01
 6.20531E-01 6.85342E-01 7.57080E-01 8.36626E-01 9.24845E-01 1.02250E+00 1.12968E+00 1.24508E+00
 1.36797E+00 1.50045E+00 1.64725E+00 1.80924E+00 1.98984E+00 2.18927E+00 2.40628E+00 2.61997E+00
 1.00000E+00 1.00000E+00 1.00000E+00 1.00000E+00 1.00000E+00 1.00000E+00 1.00000E+00 1.00000E+00
 1.00000E+00 1.00000E+00 1.00000E+00 1.00000E+00 1.00000E+00 1.00000E+00 1.00000E+00 1.00000E+00
 1.00000E+00 1.00000E+00 1.00000E+00 1.00000E+00 1.00000E+00 1.00000E+00 1.00000E+00 1.00000E+00
 1.00000E+00 1.00000E+00 1.00000E+00 1.00000E+00 1.00000E+00 1.00000E+00 1.00000E+00 1.00000E+00
 1.00000E+00 1.00000E+00 1.00000E+00 1.00000E+00 1.00000E+00 1.00000E+00 1.00000E+00 1.00000E+00
 1.00000E+00 1.00000E+00 1.00000E+00 1.00000E+00 1.00000E+00 1.00000E+00 1.00000E+00 1.00000E+00
 1.00000E+00 1.00000E+00 1.00000E+00 1.00000E+00 1.00000E+00 1.00000E+00 1.00000E+00 1.00000E+00
 1.00000E+00 1.00000E+00 1.00000E+00 1.00000E+00 1.00000E+00 1.00000E+00 1.00000E+00 1.00000E+00
 1.00000E+00 1.00000E+00 1.00000E+00 1.00000E+00 1.00000E+00 1.00000E+00 1.00000E+00 1.00000E+00
 1.00000E+00 1.00000E+00 1.00000E+00 1.00000E+00 1.00000E+00 1.00000E+00 1.00000E+00 1.00000E+00
 1.00000E+00 1.00000E+00 1.00000E+00 1.00000E+00 1.00000E+00 1.00000E+00 1.00000E+00 1.00000E+00
 1.00000E+00 1.00000E+00 1.00000E+00 1.00000E+00 1.00000E+00 1.00000E+00 1.00000E+00 1.00000E+00
 1.00000E+00 1.00000E+00 1.00000E+00 1.00000E+00 1.00000E+00 1.00000E+00 1.00000E+00 1.00000E+00
 1.00000E+00 1.00000E+00 1.00000E+00 1.00000E+00 1.00000E+00 1.00000E+00 1.00000E+00 1.00000E+00
 1.00000E+00 1.00000E+00 1.00000E+00 1.00000E+00 1.00000E+00 1.00000E+00 1.00000E+00 1.00000E+00
 1.00000E+00 1.00000E+00 1.00000E+00 1.00000E+00 1.00000E+00 1.00000E+00 1.00000E+00 1.00000E+00
 1.00000E+00 1.00000E+00 1.00000E+00 1.00000E+00 1.00000E+00 1.00000E+00 1.00000E+00 1.00000E+00
 1.00000E+00 1.00000E+00 1.00000E+00 1.00000E+00 1.00000E+00 1.00000E+00 1.00000E+00 1.00000E+00
 1.00000E+00 1.00000E+00 1.00000E+00 1.00000E+00 1.00000E+00 1.00000E+00 1.00000E+00 1.00000E+00
 1.00000E+00 1.00000E+00 1.00000E+00 1.00000E+00 1.00000E+00 1.00000E+00 1.00000E+00 1.00000E+00
 1.00000E+00 1.00000E+00 1.00000E+00 1.00000E+00 1.00000E+00 1.00000E+00 1.00000E+00 1.00000E+00
 1.00000E+00 1.00000E+00 1.00000E+00 1.00000E+00 1.00000E+00 1.00000E+00 1.00000E+00 1.00000E+00
 1.00000E+00 1.00000E+00 1.00000E+00 1.00000E+00 1.00000E+00 1.00000E+00 1.00000E+00 1.00000E+00
 1.00000E+00 1.00000E+00 1.00000E+00 1.00000E+00 1.00000E+00 1.00000E+00 1.00000E+00 1.00000E+00
 1.00000E+00 1.00000E+00 1.00000E+00 1.00000E+00 1.00000E+00 1.00000E+00 1.00000E+00 1.00000E+00
 1.00000E-05 1.00000E-05 1.00000E-05 1.00000E-05 1.00000E-05 1.00000E-05 1.00000E-05 1.00000E-05
 1.00000E-05 1.00000E-05 1.00000E-05 1.00000E-05 1.00000E-05 1.00000E-05 1.00000E-05 1.00000E-05
 1.00000E-05 1.00000E-05 1.00000E-05 1.00000E-05 1.00000E-05 1.00000E-05 1.00000E-05 1.00000E-05
 1.00000E-05 1.00000E-05 1.00000E-05 1.00000E-05 1.00000E-05 1.00000E-05 1.00000E-05 1.00000E-05
 1.00000E-05 1.00000E-05 1.00000E-05 1.00000E-05 1.00000E-05 1.00000E-05 1.00000E-05 1.00000E-05
 1.00000E-05 1.00000E-05 1.00000E-05 1.00000E-05 1.00000E-05 1.00000E-05 1.00000E-05 1.00000E-05
 1.00000E-05 1.00000E-05 1.00000E-05 1.00000E-05 1.00000E-05 1.00000E-05 1.00000E-05 1.00000E-05
 1.00000E-05 1.00000E-05 1.00000E-05 1.00000E-05 1.00000E-05 1.00000E-05 1.00000E-05 1.00000E-05
 1.00000E-05 1.00000E-05 1.00000E-05 1.00000E-05 1.00000E-05 1.00000E-05 1.00000E-05 1.00000E-05
 1.00000E-05 1.00000E-05 1.00000E-05 1.00000E-05 1.00000E-05 1.00000E-05 1.00000E-05 1.00000E-05
 1.00000E-05 1.00000E-05 1.00000E-05 1.00000E-05 1.00000E-05 1.00000E-05 1.00000E-05 1.00000E-05
 1.00000E-05 1.00000E-05 1.00000E-05 1.00000E-05 1.00000E-05 1.00000E-05 1.00000E-05 1.00000E-05
 1.00000E-05 1.00000E-05 1.00000E-05 1.00000E-05 1.00000E-09 1.00000E-09 1.00000E-09 1.00000E-09
 1.00000E-09 1.00000E-09 1.00000E-09 1.00000E-09 1.00000E-09 1.00000E-09 1.00000E-09 1.00000E-09
 1.00000E-09 1.00000E-09 1.00000E-09 1.00000E-09 1.00000E-09 1.00000E-09 1.00000E-09 1.00000E-09
 1.00000E-09 1.00000E-09 1.00000E-09 1.00000E-09 1.00000E-09 1.00000E-09 1.00000E-09 1.00000E-09
 1.00000E-09 1.00000E-09 1.00000E-09 1.00000E-09 1.00000E-09 1.00000E-09 1.00000E-09 1.00000E-09
 1.00000E-09 1.00000E-09 1.00000E-09 1.00000E-09 1.00000E-09 1.00000E-09 1.00000E-09 1.00000E-09
 1.00000E-09 1.00000E-09 1.00000E-09 1.00000E-09 1.00000E-09 1.00000E-09 1.00000E-09 1.00000E-09
 1.00000E-09 1.00000E-09 1.00000E-09 1.00000E-09 1.00000E-09 1.00000E-09 1.00000E-09 1.00000E-09
 1.00000E-09 1.00000E-09 1.00000E-09 1.00000E-09 1.00000E-09 1.00000E-09 1.00000E-09 1.00000E-09
 1.00000E-09 1.00000E-09 1.00000E-09 1.00000E-09 1.00000E-09 1.00000E-09 1.00000E-09 1.00000E-09
 1.00000E-09 1.00000E-09 1.00000E-09 1.00000E-09 1.00000E-09 1.00000E-09 1.00000E-09 1.00000E-09
 1.00000E-09 1.00000E-09 1.00000E-09 1.00000E-09 1.00000E-09 1.00000E-09 1.00000E-09 1.00000E-09
 1.00000E-09 1.00000E-09 1.00000E-09 1.00000E-09 1.00000E-09 1.00000E-09 1.00000E-09 1.00000E-09
 1.00000E-09 1.00000E-09 1.00000E-09 1.00000E-09 1.00000E-09 1.00000E-09 1.00000E-09 1.00000E-09
 1.00000E-09 1.00000E-09 1.00000E-09 1.00000E-09 1.00000E-09 1.00000E-09 1.00000E-09 1.00000E-09
 1.00000E-09 1.00000E-09 1.00000E-09 1.00000E-09 1.00000E-09 1.00000E-09 1.00000E-09 1.00000E-09
 1.00000E-09 1.00000E-09 1.00000E-09 1.00000E-09 1.00000E-09 1.00000E-09 1.00000E-09 1.00000E-09
 1.00000E-09 1.00000E-09 1.00000E-09 1.00000E-09 1.00000E-09 1.00000E-09 1.00000E-09 1.00000E-09
 1.00000E-09 1.00000E-09 1.00000E-09 1.00000E-09 1.00000E-09 1.00000E-09 1.00000E-09 1.00000E-09
 1.00000E-09 1.00000E-09 1.00000E-09 1.00000E-09 1.00000E-09 1.00000E-09 1.00000E-09 1.00000E-09
 1.00000E-09 1.00000E-09 1.00000E-09 1.00000E-09 1.00000E-09 1.00000E-09 1.00000E-09 1.00000E-09
 1.00000E-09 1.00000E-09 1.00000E-09 1.00000E-09 1.00000E-09 1.00000E-09 1.00000E-09 1.00000E-09
 1.00000E-09 1.00000E-09 1.00000E-09 1.00000E-09 1.00000E-09 1.00000E-09 1.00000E-09 1.00000E-09
 1.00000E-09 1.00000E-09 1.00000E-09 1.00000E-09 1.00000E-09 1.00000E-09 1.00000E-09 1.00000E-09
 1.00000E-09 1.00000E-09 1.00000E-09 1.00000E-09 1.00000E-09 1.00000E-09 1.00000E-09 1.00000E-09
 1.00000E-09 1.00000E-09 1.00000E-09 1.00000E-09
