 2.87031E-10 1.52427E-17 2.63677E-02 1.19426E-17 2.37741E-12 2.71664E-10 1.48981E-08 5.71808E-22
 1.27192E-04 5.98588E-04 4.45083E-05 2.55279E-10 1.52209E-12 6.36709E-05 2.19234E-12 1.09799E-10
 1.71362E-18 1.27720E-10 7.86691E-14 6.23541E-14 1.18219E-15 1.84501E-31 2.36053E-07 1.00032E-16
 1.99648E-21 1.23188E-18 4.48409E-12 6.17069E-15 5.95403E-10 2.31821E-19 1.07377E-21 6.95490E-11
 1.14080E-15 2.54857E-13 3.29311E-10 1.83860E-17 2.27085E-02 1.45898E-17 2.60573E-12 3.19570E-10
 1.59399E-08 7.14757E-22 1.27192E-04 5.98584E-04 4.45020E-05 2.94827E-10 1.55068E-12 6.36709E-05
 2.64514E-12 1.23568E-10 2.32123E-18 1.69767E-10 1.22174E-13 6.36167E-14 1.61362E-15 2.97450E-31
 2.36044E-07 1.30132E-16 2.45826E-21 1.44056E-18 6.29025E-12 8.10991E-15 6.02683E-10 2.77798E-19
 1.39881E-21 1.12464E-10 2.02251E-15 4.21178E-13 3.81821E-10 2.22365E-17 1.96233E-02 1.76828E-17
 2.81595E-12 3.86567E-10 1.71025E-08 8.87882E-22 1.27192E-04 5.98581E-04 4.44953E-05 3.46383E-10
 1.55068E-12 6.36708E-05 3.15849E-12 1.37993E-10 3.08500E-18 2.17802E-10 1.87186E-13 6.45421E-14
 2.16952E-15 4.80984E-31 2.36035E-07 1.60462E-16 3.00348E-21 1.68741E-18 8.72385E-12 1.00927E-14
 6.09822E-10 3.29506E-19 1.81183E-21 1.57337E-10 3.15359E-15 6.03524E-13 4.44871E-10 2.69341E-17
 1.67176E-02 2.12936E-17 3.02495E-12 4.75332E-10 1.83868E-08 1.09731E-21 1.27192E-04 5.98577E-04
 4.44884E-05 4.11712E-10 1.54382E-12 6.36708E-05 3.74336E-12 1.53336E-10 4.04419E-18 2.73607E-10
 2.87261E-13 6.51949E-14 2.92597E-15 7.95458E-31 2.36024E-07 1.92170E-16 3.64715E-21 1.97601E-18
 1.19699E-11 1.21331E-14 6.16774E-10 3.87452E-19 2.34090E-21 2.05136E-10 4.60928E-15 8.05617E-13
 5.12027E-10 3.26586E-17 1.42524E-02 2.56454E-17 3.24303E-12 5.78019E-10 1.97919E-08 1.35740E-21
 1.27192E-04 5.98572E-04 4.44811E-05 4.83769E-10 1.53665E-12 6.36708E-05 4.40970E-12 1.69703E-10
 5.26613E-18 3.32151E-10 4.42886E-13 6.55637E-14 3.91425E-15 1.32941E-30 2.36014E-07 2.26404E-16
 4.43057E-21 2.32440E-18 1.59500E-11 1.42419E-14 6.23488E-10 4.54712E-19 3.03601E-21 2.55413E-10
 6.37344E-15 1.02633E-12 5.79539E-10 3.95953E-17 1.19896E-02 3.07158E-17 3.45514E-12 6.91009E-10
 2.13147E-08 1.67050E-21 1.27192E-04 5.98568E-04 4.44736E-05 5.59233E-10 1.52124E-12 6.36708E-05
 5.17288E-12 1.87064E-10 6.79010E-18 3.90466E-10 6.86390E-13 6.55373E-14 5.24776E-15 2.23792E-30
 2.36003E-07 2.64134E-16 5.35467E-21 2.72777E-18 2.06665E-11 1.64216E-14 6.29902E-10 5.29758E-19
 3.93631E-21 3.07561E-10 8.45622E-15 1.26367E-12 6.44906E-10 4.79788E-17 1.00364E-02 3.67161E-17
 3.66838E-12 8.12416E-10 2.29494E-08 2.05240E-21 1.27192E-04 5.98563E-04 4.44656E-05 6.36407E-10
 1.50242E-12 6.36707E-05 6.03906E-12 2.05150E-10 8.69252E-18 4.46368E-10 1.06946E-12 6.50189E-14
 6.98189E-15 3.81844E-30 2.35991E-07 3.06482E-16 6.46116E-21 3.20562E-18 2.61565E-11 1.86675E-14
 6.35951E-10 6.15091E-19 5.11897E-21 3.60831E-10 1.08669E-14 1.51499E-12 7.06131E-10 5.80371E-17
 8.31810E-03 4.37098E-17 3.87691E-12 9.41157E-10 2.46872E-08 2.51127E-21 1.27193E-04 5.98558E-04
 4.44573E-05 7.14356E-10 1.47754E-12 6.36707E-05 7.01161E-12 2.23354E-10 1.10215E-17 4.98074E-10
 1.67874E-12 6.37944E-14 9.21086E-15 6.61307E-30 2.35979E-07 3.54600E-16 7.76862E-21 3.76717E-18
 3.24765E-11 2.09633E-14 6.41558E-10 7.10588E-19 6.67267E-21 4.14313E-10 1.35859E-14 1.77687E-12
 7.61504E-10 7.00470E-17 6.78223E-03 5.16748E-17 4.07555E-12 1.07669E-09 2.65165E-08 3.05199E-21
 1.27193E-04 5.98553E-04 4.44487E-05 7.92666E-10 1.44618E-12 6.36707E-05 8.07503E-12 2.40574E-10
 1.37649E-17 5.44185E-10 2.64312E-12 6.17140E-14 1.20317E-14 1.16069E-29 2.35966E-07 4.09825E-16
 9.28102E-21 4.42556E-18 3.96982E-11 2.32808E-14 6.46638E-10 8.14966E-19 8.69684E-21 4.66916E-10
 1.65619E-14 2.04513E-12 8.09586E-10 8.42691E-17 5.52360E-03 6.08054E-17 4.27697E-12 1.21890E-09
 2.84227E-08 3.69118E-21 1.27193E-04 5.98548E-04 4.44397E-05 8.71321E-10 1.41434E-12 6.36707E-05
 9.17733E-12 2.54958E-10 1.68841E-17 5.83787E-10 4.18494E-12 5.85188E-14 1.51958E-14 2.10174E-29
 2.35952E-07 4.73882E-16 1.10434E-20 5.22957E-18 4.79067E-11 2.55812E-14 6.51096E-10 9.30775E-19
 1.13697E-20 5.17348E-10 1.97152E-14 2.31505E-12 8.49179E-10 1.01022E-16 4.33667E-03 7.02684E-17
 4.45135E-12 1.36786E-09 3.03896E-08 4.38716E-21 1.27193E-04 5.98542E-04 4.44303E-05 9.50422E-10
 1.37380E-12 6.36706E-05 1.02364E-11 2.64539E-10 1.99733E-17 6.16575E-10 6.58143E-12 5.42212E-14
 1.89778E-14 3.84962E-29 2.35938E-07 5.48388E-16 1.29150E-20 6.16280E-18 5.71979E-11 2.78126E-14
 6.54823E-10 1.04540E-18 1.47336E-20 5.64113E-10 2.29047E-14 2.58134E-12 8.79990E-10 1.21136E-16
 3.39240E-03 8.11052E-17 4.65385E-12 1.52410E-09 3.23975E-08 5.22174E-21 1.27193E-04 5.98536E-04
 4.44205E-05 1.03041E-09 1.34400E-12 6.36706E-05 1.12961E-11 2.71356E-10 2.32772E-17 6.43012E-10
 1.01317E-11 4.98195E-14 2.32210E-14 7.05696E-29 2.35922E-07 6.36055E-16 1.50817E-20 7.31101E-18
 6.76836E-11 2.99310E-14 6.57698E-10 1.17328E-18 1.90384E-20 6.05530E-10 2.60702E-14 2.83915E-12
 9.01473E-10 1.44554E-16 2.60210E-03 9.36891E-17 4.87703E-12 1.68781E-09 3.44268E-08 6.21503E-21
 1.27193E-04 5.98529E-04 4.44102E-05 1.11142E-09 1.31086E-12 6.36706E-05 1.24119E-11 2.75690E-10
 2.70453E-17 6.63763E-10 1.60179E-11 4.49358E-14 2.81896E-14 1.33153E-28 2.35906E-07 7.39398E-16
 1.76435E-20 8.68836E-18 7.94756E-11 3.18810E-14 6.59582E-10 1.31857E-18 2.47995E-20 6.39707E-10
 2.91128E-14 3.08345E-12 9.12912E-10 1.71443E-16 1.94533E-03 1.08350E-16 5.13277E-12 1.85859E-09
 3.64543E-08 7.39489E-21 1.27194E-04 5.98522E-04 4.43995E-05 1.19335E-09 1.27406E-12 6.36705E-05
 1.35407E-11 2.76374E-10 3.12692E-17 6.79587E-10 2.62891E-11 3.95507E-14 3.38397E-14 2.62115E-28
 2.35890E-07 8.60649E-16 2.06908E-20 1.03648E-17 9.26695E-11 3.35886E-14 6.60317E-10 1.48500E-18
 3.26298E-20 6.64542E-10 3.18393E-14 3.30884E-12 9.13744E-10 2.01882E-16 1.41013E-03 1.24163E-16
 5.39665E-12 2.03585E-09 3.84544E-08 8.70694E-21 1.27194E-04 5.98515E-04 4.43884E-05 1.27618E-09
 1.22985E-12 6.36705E-05 1.45281E-11 2.70357E-10 3.52824E-17 6.91623E-10 4.44208E-11 3.35978E-14
 3.94924E-14 5.40707E-28 2.35872E-07 1.00055E-15 2.40828E-20 1.23961E-17 1.07379E-10 3.49591E-14
 6.59729E-10 1.66062E-18 4.30681E-20 6.77782E-10 3.38912E-14 3.50991E-12 9.04052E-10 2.35828E-16
 9.85528E-04 1.37011E-16 5.54429E-12 2.21798E-09 4.04034E-08 9.86886E-21 1.27194E-04 5.98507E-04
 4.43767E-05 1.35952E-09 1.16377E-12 6.36704E-05 1.51258E-11 2.53600E-10 3.72858E-17 7.01004E-10
 7.44145E-11 2.71004E-14 4.35609E-14 1.14561E-27 2.35853E-07 1.15777E-15 2.70491E-20 1.46634E-17
 1.23677E-10 3.59005E-14 6.57620E-10 1.79429E-18 5.58556E-20 6.77003E-10 3.48183E-14 3.68195E-12
 8.86060E-10 2.74244E-16 6.65890E-04 1.42413E-16 5.48598E-12 2.40414E-09 4.22906E-08 1.05686E-20
 1.27194E-04 5.98499E-04 4.43646E-05 1.44359E-09 1.07844E-12 6.36704E-05 1.50887E-11 2.25848E-10
 3.56176E-17 7.08968E-10 1.16002E-10 2.07061E-14 4.46389E-14 2.39215E-27 2.35833E-07 1.33474E-15
 2.86674E-20 1.69975E-17 1.41612E-10 3.63981E-14 6.55505E-10 1.83685E-18 6.97640E-20 6.76993E-10
 3.46719E-14 3.82332E-12 8.64538E-10 3.23222E-16 4.80182E-04 1.49928E-16 5.57189E-12 2.59615E-09
 4.41249E-08 1.15839E-20 1.27194E-04 5.98490E-04 4.43519E-05 1.52978E-09 1.04136E-12 6.36703E-05
 1.48359E-11 2.00124E-10 3.35183E-17 7.16697E-10 1.60977E-10 1.61222E-14 4.30302E-14 4.67523E-27
 2.35812E-07 1.54740E-15 3.06806E-20 2.01222E-17 1.61270E-10 3.65798E-14 6.53372E-10 1.90483E-18
 8.57074E-20 6.77516E-10 3.41915E-14 3.93722E-12 8.42702E-10 3.87728E-16 4.09468E-04 1.65001E-16
 5.97856E-12 2.79533E-09 4.59274E-08 1.34198E-20 1.27194E-04 5.98481E-04 4.43384E-05 1.61895E-09
 1.06881E-12 6.36703E-05 1.45231E-11 1.80532E-10 3.23036E-17 7.24823E-10 2.04050E-10 1.31783E-14
 3.74965E-14 8.51793E-27 2.35790E-07 1.80945E-15 3.41687E-20 2.47118E-17 1.82778E-10 3.65647E-14
 6.51204E-10 2.06047E-18 1.04875E-19 6.78404E-10 3.38323E-14 4.02694E-12 8.21636E-10 4.66947E-16
 3.40549E-04 1.81183E-16 6.39272E-12 3.00024E-09 4.77120E-08 1.55806E-20 1.27195E-04 5.98471E-04
 4.43242E-05 1.71049E-09 1.10062E-12 6.36702E-05 1.42800E-11 1.63996E-10 3.10589E-17 7.33567E-10
 2.47626E-10 1.08869E-14 3.37127E-14 1.46447E-26 2.35766E-07 2.11585E-15 3.79425E-20 3.00083E-17
 2.06255E-10 3.63955E-14 6.48993E-10 2.22261E-18 1.26954E-19 6.79546E-10 3.34332E-14 4.09349E-12
 8.02266E-10 5.62224E-16 2.82466E-04 1.96928E-16 6.75326E-12 3.20963E-09 4.94888E-08 1.79414E-20
 1.27195E-04 5.98460E-04 4.43090E-05 1.80390E-09 1.12547E-12 6.36701E-05 1.40522E-11 1.48694E-10
 2.95426E-17 7.43072E-10 2.93220E-10 8.94105E-15 3.01756E-14 2.44314E-26 2.35740E-07 2.46268E-15
 4.17287E-20 3.59017E-17 2.31797E-10 3.61306E-14 6.46733E-10 2.37354E-18 1.52674E-19 6.80865E-10
 3.29291E-14 4.13831E-12 7.85811E-10 6.78837E-16 2.40599E-04 2.14897E-16 7.15964E-12 3.42334E-09
 5.12695E-08 2.08058E-20 1.27195E-04 5.98448E-04 4.42929E-05 1.89921E-09 1.15668E-12 6.36701E-05
 1.38565E-11 1.35448E-10 2.81629E-17 7.53476E-10 3.39768E-10 7.39154E-15 2.66494E-14 3.95248E-26
 2.35712E-07 2.85274E-15 4.60624E-20 4.27831E-17 2.59533E-10 3.58617E-14 6.44417E-10 2.54355E-18
 1.83199E-19 6.82308E-10 3.24378E-14 4.16393E-12 7.72941E-10 8.22831E-16 2.04934E-04 2.35949E-16
 7.61641E-12 3.64973E-09 5.31347E-08 2.43399E-20 1.27195E-04 5.98434E-04 4.42750E-05 2.00029E-09
 1.19428E-12 6.36700E-05 1.37380E-11 1.24502E-10 2.70677E-17 7.65354E-10 3.88275E-10 6.18274E-15
 2.39103E-14 6.22641E-26 2.35680E-07 3.30348E-15 5.11563E-20 5.08112E-17 2.90777E-10 3.56839E-14
 6.41947E-10 2.73790E-18 2.19855E-19 6.83902E-10 3.20551E-14 4.17359E-12 7.64870E-10 1.00251E-15
 1.79548E-04 2.61831E-16 8.12982E-12 3.89546E-09 5.51479E-08 2.88523E-20 1.27195E-04 5.98419E-04
 4.42546E-05 2.11032E-09 1.23967E-12 6.36699E-05 1.37932E-11 1.16442E-10 2.65286E-17 7.79287E-10
 4.39371E-10 5.28353E-15 2.17849E-14 9.52032E-26 2.35644E-07 3.83180E-15 5.74202E-20 6.01194E-17
 3.26820E-10 3.57208E-14 6.39242E-10 2.97053E-18 2.64433E-19 6.85675E-10 3.19052E-14 4.16944E-12
 7.63016E-10 1.23380E-15 1.53262E-04 2.96385E-16 8.75608E-12 4.18623E-09 5.75258E-08 3.49930E-20
 1.27195E-04 5.98400E-04 4.42293E-05 2.24110E-09 1.30112E-12 6.36698E-05 1.41256E-11 1.12195E-10
 2.69195E-17 7.97128E-10 4.97121E-10 4.70159E-15 2.13377E-14 1.41331E-25 2.35599E-07 4.50316E-15
 6.57489E-20 7.13313E-17 3.72126E-10 3.61640E-14 6.36009E-10 3.26831E-18 3.19448E-19 6.87801E-10
 3.21687E-14 4.15223E-12 7.70709E-10 1.54691E-15 1.53308E-04 3.48222E-16 9.62576E-12 4.57143E-09
 6.06775E-08 4.42189E-20 1.27195E-04 5.98372E-04 4.41940E-05 2.41545E-09 1.39845E-12 6.36696E-05
 1.48596E-11 1.13228E-10 2.89127E-17 8.22748E-10 5.70547E-10 4.48019E-15 2.04504E-14 2.05990E-25
 2.35535E-07 5.46090E-15 7.81630E-20 8.62969E-17 4.35933E-10 3.74135E-14 6.31678E-10 3.68934E-18
 3.89076E-19 6.90633E-10 3.31471E-14 4.11908E-12 7.93392E-10 1.97466E-15 1.53379E-04 4.18954E-16
 1.06441E-11 5.11302E-09 6.51304E-08 5.72380E-20 1.27195E-04 5.98331E-04 4.41415E-05 2.66249E-09
 1.51928E-12 6.36694E-05 1.59280E-11 1.18253E-10 3.23569E-17 8.61894E-10 6.76434E-10 4.48683E-15
 2.09743E-14 3.14114E-25 2.35439E-07 6.91585E-15 9.55689E-20 1.06834E-16 5.31853E-10 4.01928E-14
 6.25490E-10 4.19599E-18 4.80409E-19 6.94613E-10 3.50234E-14 4.06261E-12 8.35442E-10 2.55554E-15
 1.53481E-04 5.08441E-16 1.17725E-11 5.84081E-09 7.11457E-08 7.46108E-20 1.27196E-04 5.98272E-04
 4.40664E-05 2.99750E-09 1.65486E-12 6.36690E-05 1.70388E-11 1.24543E-10 3.65304E-17 9.19404E-10
 8.29124E-10 4.56975E-15 2.22555E-14 5.24624E-25 2.35300E-07 9.09602E-15 1.18731E-19 1.36009E-16
 6.70356E-10 4.53860E-14 6.17024E-10 4.73547E-18 6.01373E-19 6.99950E-10 3.77330E-14 3.97791E-12
 9.05720E-10 3.38784E-15 1.53635E-04 6.32941E-16 1.32138E-11 6.85108E-09 7.95357E-08 9.98092E-20
 1.27196E-04 5.98182E-04 4.39552E-05 3.46760E-09 1.83570E-12 6.36685E-05 1.82846E-11 1.34450E-10
 4.23539E-17 1.00705E-09 1.05503E-09 4.88281E-15 2.52989E-14 9.59102E-25 2.35093E-07 1.26463E-14
 1.52687E-19 1.81476E-16 8.77650E-10 5.49073E-14 6.05064E-10 5.35014E-18 7.62283E-19 7.07304E-10
 4.17348E-14 3.85588E-12 1.01089E-09 4.59322E-15 1.53859E-04 8.05208E-16 1.49922E-11 8.20499E-09
 9.08608E-08 1.36476E-19 1.27196E-04 5.98052E-04 4.37954E-05 4.10581E-09 2.06976E-12 6.36677E-05
 1.96920E-11 1.48493E-10 5.02695E-17 1.13691E-09 1.38038E-09 5.45440E-15 3.07024E-14 1.91655E-24
 2.34792E-07 1.85170E-14 2.03070E-19 2.53495E-16 1.17911E-09 7.14109E-14 5.88740E-10 6.01634E-18
 9.74979E-19 7.17037E-10 4.72883E-14 3.69266E-12 1.15016E-09 6.30816E-15 1.54164E-04 1.03346E-15
 1.70672E-11 9.88374E-09 1.05085E-07 1.88270E-19 1.27196E-04 5.97874E-04 4.35809E-05 4.90974E-09
 2.35426E-12 6.36667E-05 2.12005E-11 1.65613E-10 6.00755E-17 1.31675E-09 1.81882E-09 6.22963E-15
 3.84996E-14 4.07056E-24 2.34382E-07 2.79690E-14 2.75980E-19 3.65173E-16 1.58850E-09 9.79669E-14
 5.68090E-10 6.68469E-18 1.24813E-18 7.28886E-10 5.42562E-14 3.49415E-12 1.36044E-09 8.98629E-15
 1.54652E-04 1.37320E-15 1.97274E-11 1.22966E-08 1.25994E-07 2.68394E-19 1.27195E-04 5.97591E-04
 4.32438E-05 6.08833E-09 2.75406E-12 6.36650E-05 2.29176E-11 1.91233E-10 7.45063E-17 1.60925E-09
 2.50949E-09 7.63152E-15 5.33639E-14 1.02340E-23 2.33730E-07 4.65121E-14 3.98743E-19 5.72497E-16
 2.24066E-09 1.48939E-13 5.37726E-10 7.30232E-18 1.61257E-18 7.45479E-10 6.46973E-14 3.22253E-12
 1.62362E-09 1.28965E-14 1.55313E-04 1.82804E-15 2.27267E-11 1.51793E-08 1.52032E-07 3.82862E-19
 1.27194E-04 5.97208E-04 4.27968E-05 7.53096E-09 3.24285E-12 6.36627E-05 2.47938E-11 2.21965E-10
 9.24672E-17 2.01221E-09 3.42852E-09 9.46961E-15 7.52003E-14 2.70117E-23 2.32852E-07 7.86231E-14
 5.88447E-19 9.21596E-16 3.11898E-09 2.32994E-13 5.00450E-10 7.77901E-18 2.05438E-18 7.64595E-10
 7.75039E-14 2.90498E-12 1.92677E-09 1.84039E-14 1.56135E-04 2.41075E-15 2.59127E-11 1.82817E-08
 1.82070E-07 5.40696E-19 1.27192E-04 5.96732E-04 4.22527E-05 9.13010E-09 3.80720E-12 6.36599E-05
 2.70197E-11 2.57696E-10 1.14198E-16 2.52393E-09 4.54685E-09 1.16996E-14 1.05265E-13 6.95325E-23
 2.31764E-07 1.30421E-13 8.70651E-19 1.47398E-15 4.20656E-09 3.62553E-13 4.58979E-10 8.10212E-18
 2.55274E-18 7.84127E-10 9.18508E-14 2.56432E-12 2.28741E-09 2.62954E-14 1.57181E-04 3.17470E-15
 2.93104E-11 2.16146E-08 2.17868E-07 7.61356E-19 1.27188E-04 5.96127E-04 4.15773E-05 1.09110E-08
 4.47895E-12 6.36564E-05 2.98459E-11 3.02900E-10 1.42340E-16 3.19020E-09 5.92972E-09 1.46621E-14
 1.50688E-13 1.78240E-22 2.30387E-07 2.15471E-13 1.30452E-18 2.36839E-15 5.58301E-09 5.70185E-13
 4.12541E-10 8.22821E-18 3.09060E-18 8.03563E-10 1.08390E-13 2.20187E-12 2.68699E-09 3.72079E-14
 1.58407E-04 4.12857E-15 3.27356E-11 2.48229E-08 2.57677E-07 1.05777E-18 1.27183E-04 5.95418E-04
 4.08068E-05 1.26997E-08 5.22942E-12 6.36523E-05 3.34026E-11 3.56989E-10 1.77014E-16 3.99195E-09
 7.49574E-09 1.82626E-14 2.14364E-13 4.29175E-22 2.28782E-07 3.42975E-13 1.93705E-18 3.71323E-15
 7.18744E-09 8.79509E-13 3.65446E-10 8.18608E-18 3.63379E-18 8.20175E-10 1.25629E-13 1.85236E-12
 3.16195E-09 5.28181E-14 1.59933E-04 5.36946E-15 3.62599E-11 2.79967E-08 3.05203E-07 1.46573E-18
 1.27175E-04 5.94538E-04 3.98760E-05 1.45607E-08 6.11595E-12 6.36472E-05 3.79762E-11 4.27693E-10
 2.23059E-16 5.01937E-09 9.36555E-09 2.32016E-14 3.14805E-13 1.02708E-21 2.26797E-07 5.42977E-13
 2.90612E-18 5.83898E-15 9.17206E-09 1.37421E-12 3.15639E-10 7.90527E-18 4.14923E-18 8.33602E-10
 1.44732E-13 1.50926E-12 3.70329E-09 7.46911E-14 1.61730E-04 6.94174E-15 3.97576E-11 3.08576E-08
 3.59470E-07 2.01440E-18 1.27163E-04 5.93504E-04 3.88148E-05 1.63350E-08 7.11963E-12 6.36412E-05
 4.37961E-11 5.17185E-10 2.82670E-16 6.26877E-09 1.14604E-08 2.96484E-14 4.67489E-13 2.34812E-21
 2.24474E-07 8.36361E-13 4.34151E-18 9.03215E-15 1.14940E-08 2.12436E-12 2.66719E-10 7.44054E-18
 4.59427E-18 8.41638E-10 1.64367E-13 1.19732E-12 4.31054E-09 1.04990E-13 1.63787E-04 8.91326E-15
 4.31761E-11 3.32554E-08 4.20186E-07 2.74341E-18 1.27146E-04 5.92320E-04 3.76407E-05 1.79127E-08
 8.22827E-12 6.36345E-05 5.11258E-11 6.28989E-10 3.59241E-16 7.75013E-09 1.37220E-08 3.78848E-14
 6.95465E-13 5.07466E-21 2.21831E-07 1.24735E-12 6.42651E-18 1.36624E-14 1.41354E-08 3.22419E-12
 2.20855E-10 6.84646E-18 4.93911E-18 8.43024E-10 1.83614E-13 9.27572E-13 4.99529E-09 1.46813E-13
 1.66135E-04 1.13884E-14 4.64995E-11 3.51449E-08 4.88114E-07 3.70649E-18 1.27124E-04 5.90971E-04
 3.63483E-05 1.92307E-08 9.43925E-12 6.36269E-05 6.02488E-11 7.67971E-10 4.57755E-16 9.50443E-09
 1.61325E-08 4.83359E-14 1.03352E-12 1.04950E-20 2.18833E-07 1.81064E-12 9.44406E-18 2.02865E-14
 1.71312E-08 4.81565E-12 1.78775E-10 6.15137E-18 5.15921E-18 8.37060E-10 2.02051E-13 7.00860E-13
 5.76000E-09 2.03765E-13 1.68752E-04 1.44883E-14 4.97327E-11 3.64782E-08 5.62186E-07 4.97223E-18
 1.27096E-04 5.89469E-04 3.49630E-05 2.02063E-08 1.07281E-11 6.36185E-05 7.16388E-11 9.39396E-10
 5.84882E-16 1.15327E-08 1.86064E-08 6.13111E-14 1.52461E-12 2.05392E-20 2.15515E-07 2.54811E-12
 1.37440E-17 2.94148E-14 2.04458E-08 7.03099E-12 1.41795E-10 5.42574E-18 5.25228E-18 8.23606E-10
 2.19034E-13 5.19194E-13 6.62464E-09 2.80913E-13 1.71663E-04 1.84166E-14 5.29145E-11 3.72787E-08
 6.42353E-07 6.64359E-18 1.27059E-04 5.87801E-04 3.34833E-05 2.08007E-08 1.20875E-11 6.36093E-05
 8.60225E-11 1.15318E-09 7.52530E-16 1.38726E-08 2.11011E-08 7.75018E-14 2.24050E-12 3.81608E-20
 2.11851E-07 3.49063E-12 1.98795E-17 4.17499E-14 2.41060E-08 1.00611E-11 1.09948E-10 4.70149E-18
 5.21626E-18 8.02788E-10 2.34576E-13 3.77276E-13 7.59538E-09 3.83908E-13 1.74851E-04 2.34034E-14
 5.60713E-11 3.75725E-08 7.26940E-07 8.84448E-18 1.27014E-04 5.85975E-04 3.19290E-05 2.09796E-08
 1.34835E-11 6.35994E-05 1.04114E-10 1.41568E-09 9.74063E-16 1.65270E-08 2.35350E-08 9.70746E-14
 3.25167E-12 6.73277E-20 2.07865E-07 4.65403E-12 2.85676E-17 5.79259E-14 2.80873E-08 1.40604E-11
 8.34246E-11 4.01534E-18 5.06846E-18 7.75293E-10 2.48416E-13 2.69877E-13 8.68873E-09 5.19933E-13
 1.78348E-04 2.97866E-14 5.92121E-11 3.73960E-08 8.14952E-07 1.17417E-17 1.26959E-04 5.83974E-04
 3.02976E-05 2.07302E-08 1.48882E-11 6.35887E-05 1.26895E-10 1.73572E-09 1.27027E-15 1.95309E-08
 2.58609E-08 1.20216E-13 4.64617E-12 1.13994E-19 2.03525E-07 6.06342E-12 4.09133E-17 7.88011E-14
 3.24204E-08 1.92289E-11 6.17341E-11 3.37488E-18 4.81985E-18 7.41673E-10 2.60632E-13 1.89810E-13
 9.91113E-09 6.96512E-13 1.82131E-04 3.80008E-14 6.23423E-11 3.67780E-08 9.03732E-07 1.55531E-17
 1.26892E-04 5.81812E-04 2.86102E-05 2.00525E-08 1.62544E-11 6.35773E-05 1.55700E-10 2.12109E-09
 1.67060E-15 2.28729E-08 2.79909E-08 1.46552E-13 6.49871E-12 1.85342E-19 1.98863E-07 7.71342E-12
 5.84178E-17 1.04957E-13 3.70742E-08 2.56710E-11 4.45558E-11 2.79803E-18 4.49818E-18 7.03067E-10
 2.71298E-13 1.31598E-13 1.12779E-08 9.22058E-13 1.86190E-04 4.86829E-14 6.54455E-11 3.57376E-08
 9.90682E-07 2.05831E-17 1.26811E-04 5.79493E-04 2.68819E-05 1.89630E-08 1.75344E-11 6.35654E-05
 1.92551E-10 2.58378E-09 2.22318E-15 2.65445E-08 2.98432E-08 1.75594E-13 8.88995E-12 2.90064E-19
 1.93898E-07 9.58110E-12 8.33227E-17 1.36829E-13 4.20300E-08 3.34633E-11 3.13194E-11 2.29028E-18
 4.12976E-18 6.60594E-10 2.80808E-13 9.00463E-14 1.28087E-08 1.20513E-12 1.90501E-04 6.27581E-14
 6.84723E-11 3.42840E-08 1.07288E-06 2.72625E-17 1.26717E-04 5.77033E-04 2.51322E-05 1.74956E-08
 1.86710E-11 6.35530E-05 2.40499E-10 3.14036E-09 3.00728E-15 3.05214E-08 3.13262E-08 2.06569E-13
 1.19012E-11 4.37648E-19 1.88663E-07 1.16077E-11 1.18970E-16 1.74441E-13 4.72534E-08 4.26177E-11
 2.14160E-11 1.85305E-18 3.74261E-18 6.15489E-10 2.89811E-13 6.09047E-14 1.45305E-08 1.55399E-12
 1.95024E-04 8.16327E-14 7.13417E-11 3.24256E-08 1.14720E-06 3.62364E-17 1.26608E-04 5.74453E-04
 2.33858E-05 1.57078E-08 1.96036E-11 6.35404E-05 3.04375E-10 3.81721E-09 4.16107E-15 3.47596E-08
 3.23359E-08 2.38644E-13 1.56431E-11 6.35946E-19 1.83214E-07 1.36852E-11 1.70464E-16 2.17133E-13
 5.26897E-08 5.30836E-11 1.42425E-11 1.48571E-18 3.36465E-18 5.69072E-10 2.99298E-13 4.08371E-14
 1.65033E-08 1.97818E-12 1.99778E-04 1.07683E-13 7.38954E-11 3.01470E-08 1.21164E-06 4.85369E-17
 1.26483E-04 5.71743E-04 2.16422E-05 1.36561E-08 2.02812E-11 6.35275E-05 3.92589E-10 4.66752E-09
 5.95327E-15 3.92697E-08 3.27692E-08 2.71910E-13 2.03897E-11 8.90196E-19 1.77531E-07 1.56804E-11
 2.46509E-16 2.63959E-13 5.83587E-08 6.49665E-11 9.14854E-12 1.17640E-18 3.00232E-18 5.21901E-10
 3.10692E-13 2.70645E-14 1.87687E-08 2.48523E-12 2.04715E-04 1.44584E-13 7.59491E-11 2.74863E-08
 1.26317E-06 6.57714E-17 1.26341E-04 5.68931E-04 1.99269E-05 1.14549E-08 2.06643E-11 6.35145E-05
 5.18220E-10 5.76160E-09 8.87495E-15 4.39869E-08 3.24916E-08 3.05834E-13 2.64678E-11 1.19313E-18
 1.71678E-07 1.73934E-11 3.60813E-16 3.12686E-13 6.41972E-08 7.81383E-11 5.66178E-12 9.20256E-19
 2.66863E-18 4.75111E-10 3.25524E-13 1.77447E-14 2.13502E-08 3.08240E-12 2.09808E-04 1.98041E-13
 7.73213E-11 2.45249E-08 1.29940E-06 9.03875E-17 1.26182E-04 5.66030E-04 1.82570E-05 9.24939E-09
 2.07695E-11 6.35015E-05 7.00817E-10 7.18748E-09 1.38261E-14 4.88445E-08 3.13837E-08 3.39355E-13
 3.42038E-11 1.52529E-18 1.65692E-07 1.86534E-11 5.35544E-16 3.60928E-13 7.01671E-08 9.23317E-11
 3.36045E-12 7.08570E-19 2.36454E-18 4.29498E-10 3.44980E-13 1.14732E-14 2.42296E-08 3.77829E-12
 2.15063E-04 2.76352E-13 7.80083E-11 2.13939E-08 1.31895E-06 1.25836E-16 1.26004E-04 5.63038E-04
 1.66390E-05 7.19951E-09 2.07179E-11 6.34886E-05 9.65351E-10 9.01853E-09 2.23299E-14 5.37735E-08
 2.93831E-08 3.70267E-13 4.36077E-11 1.86152E-18 1.59573E-07 1.94275E-11 8.05005E-16 4.07578E-13
 7.62707E-08 1.07045E-10 1.89700E-12 5.31102E-19 2.08041E-18 3.85454E-10 3.68968E-13 7.23597E-15
 2.73110E-08 4.58525E-12 2.20463E-04 3.90134E-13 7.84249E-11 1.82941E-08 1.32208E-06 1.76446E-16
 1.25807E-04 5.59960E-04 1.50879E-05 5.46102E-09 2.07525E-11 6.34757E-05 1.33382E-09 1.12390E-08
 3.65278E-14 5.86371E-08 2.65722E-08 3.95143E-13 5.38701E-11 2.18800E-18 1.53348E-07 1.98975E-11
 1.21671E-15 4.54177E-13 8.24815E-08 1.21375E-10 1.01237E-12 3.82386E-19 1.81411E-18 3.43515E-10
 3.95433E-13 4.38829E-15 3.04550E-08 5.52155E-12 2.26016E-04 5.52472E-13 7.92000E-11 1.54128E-08
 1.31178E-06 2.47220E-16 1.25588E-04 5.56794E-04 1.36130E-05 4.10936E-09 2.11167E-11 6.34630E-05
 1.81766E-09 1.37259E-08 5.90024E-14 6.32780E-08 2.31986E-08 4.11493E-13 6.35458E-11 2.53314E-18
 1.47018E-07 2.04014E-11 1.83532E-15 5.05281E-13 8.87975E-08 1.34459E-10 5.06506E-13 2.60088E-19
 1.57344E-18 3.03965E-10 4.21182E-13 2.51220E-15 3.34733E-08 6.61337E-12 2.31658E-04 7.78087E-13
 8.08884E-11 1.29080E-08 1.29319E-06 3.43566E-16 1.25350E-04 5.53570E-04 1.22398E-05 3.14046E-09
 2.19571E-11 6.34504E-05 2.41144E-09 1.62716E-08 9.21875E-14 6.74673E-08 1.96397E-08 4.19102E-13
 7.11865E-11 2.96508E-18 1.40663E-07 2.12637E-11 2.74263E-15 5.66463E-13 9.51405E-08 1.45540E-10
 2.37483E-13 1.65714E-19 1.37850E-18 2.67447E-10 4.43065E-13 1.34341E-15 3.62250E-08 7.90075E-12
 2.37350E-04 1.08388E-12 8.37523E-11 1.08357E-08 1.27129E-06 4.71676E-16 1.25094E-04 5.50311E-04
 1.09840E-05 2.48035E-09 2.33282E-11 6.34381E-05 3.10085E-09 1.87015E-08 1.38015E-13 7.10158E-08
 1.62345E-08 4.21015E-13 7.62960E-11 3.54808E-18 1.34338E-07 2.26699E-11 4.04164E-15 6.42473E-13
 1.01456E-07 1.54192E-10 1.04374E-13 9.83802E-20 1.23796E-18 2.34278E-10 4.58574E-13 6.66514E-16
 3.86427E-08 9.43445E-12 2.43074E-04 1.48907E-12 8.77686E-11 9.16977E-09 1.24890E-06 6.38906E-16
 1.24820E-04 5.47021E-04 9.85115E-06 2.03690E-09 2.52178E-11 6.34260E-05 3.87357E-09 2.09269E-08
 1.97818E-13 7.37914E-08 1.31949E-08 4.20935E-13 7.91950E-11 4.31495E-18 1.28065E-07 2.46425E-11
 5.85844E-15 7.35857E-13 1.07720E-07 1.60114E-10 4.29390E-14 5.41655E-20 1.14708E-18 2.04472E-10
 4.65956E-13 3.05290E-16 4.07015E-08 1.12677E-11 2.48792E-04 2.01387E-12 9.27085E-11 7.85072E-09
 1.22671E-06 8.54079E-16 1.24532E-04 5.43717E-04 8.84699E-06 1.73305E-09 2.75454E-11 6.34143E-05
 4.72591E-09 2.29234E-08 2.72358E-13 7.56947E-08 1.06156E-08 4.20855E-13 8.03841E-11 5.26172E-18
 1.21891E-07 2.70568E-11 8.33782E-15 8.46088E-13 1.13889E-07 1.62936E-10 1.65779E-14 2.76696E-20
 1.09556E-18 1.78041E-10 4.64553E-13 1.29283E-16 4.24217E-08 1.34528E-11 2.54485E-04 2.68036E-12
 9.82569E-11 6.80267E-09 1.20398E-06 1.12826E-15 1.24230E-04 5.40406E-04 7.96899E-06 1.51332E-09
 3.01984E-11 6.34028E-05 5.66673E-09 2.47101E-08 3.62333E-13 7.66792E-08 8.49037E-09 4.21186E-13
 8.02513E-11 6.34343E-18 1.15834E-07 2.97045E-11 1.16488E-14 9.70185E-13 1.19943E-07 1.62365E-10
 6.00802E-15 1.31110E-20 1.06992E-18 1.54794E-10 4.54724E-13 5.06793E-17 4.38449E-08 1.60471E-11
 2.60095E-04 3.50954E-12 1.04202E-10 5.96577E-09 1.17981E-06 1.47580E-15 1.23918E-04 5.37115E-04
 7.21672E-06 1.34555E-09 3.30802E-11 6.33917E-05 6.70623E-09 2.62981E-08 4.67482E-13 7.67293E-08
 6.77690E-09 4.21442E-13 7.89709E-11 7.46715E-18 1.09954E-07 3.23520E-11 1.59632E-14 1.10348E-12
 1.25825E-07 1.58267E-10 2.05624E-15 5.79577E-21 1.05959E-18 1.34627E-10 4.37707E-13 1.85207E-17
 4.50292E-08 1.91153E-11 2.65576E-04 4.52134E-12 1.10440E-10 5.29241E-09 1.15360E-06 1.91527E-15
 1.23600E-04 5.33863E-04 6.58358E-06 1.21203E-09 3.61252E-11 6.33809E-05 7.85287E-09 2.76891E-08
 5.86431E-13 7.58722E-08 5.41160E-09 4.20826E-13 7.66043E-11 8.51840E-18 1.04288E-07 3.48081E-11
 2.14531E-14 1.24111E-12 1.31495E-07 1.50842E-10 6.68535E-16 2.40496E-21 1.05714E-18 1.17309E-10
 4.15228E-13 6.35519E-18 4.60307E-08 2.27314E-11 2.70896E-04 5.73360E-12 1.16945E-10 4.74852E-09
 1.12521E-06 2.47007E-15 1.23279E-04 5.30662E-04 6.05863E-06 1.10350E-09 3.92935E-11 6.33705E-05
 9.10957E-09 2.88708E-08 7.16431E-13 7.41615E-08 4.32928E-09 4.18483E-13 7.31759E-11 9.39932E-18
 9.88558E-08 3.69576E-11 2.82844E-14 1.37907E-12 1.36936E-07 1.40606E-10 2.07355E-16 9.41248E-22
 1.05854E-18 1.02530E-10 3.89193E-13 2.05869E-18 4.69097E-08 2.69906E-11 2.76014E-04 7.15865E-12
 1.23842E-10 4.31411E-09 1.09500E-06 3.16978E-15 1.22958E-04 5.27529E-04 5.63089E-06 1.01638E-09
 4.26050E-11 6.33604E-05 1.04650E-08 2.98169E-08 8.52160E-13 7.16740E-08 3.47532E-09 4.13866E-13
 6.87461E-11 1.00293E-17 9.36819E-08 3.87707E-11 3.65808E-14 1.51473E-12 1.42120E-07 1.28291E-10
 6.17464E-17 3.49822E-22 1.06237E-18 9.00089E-11 3.61607E-13 6.34006E-19 4.77316E-08 3.20153E-11
 2.80890E-04 8.80207E-12 1.31371E-10 3.97630E-09 1.06349E-06 4.05134E-15 1.22640E-04 5.24478E-04
 5.28834E-06 9.49480E-10 4.61398E-11 6.33508E-05 1.18929E-08 3.04997E-08 9.85710E-13 6.85033E-08
 2.80333E-09 4.06698E-13 6.34350E-11 1.03518E-17 8.87833E-08 4.02881E-11 4.64002E-14 1.64701E-12
 1.47031E-07 1.14708E-10 1.77631E-17 1.24287E-22 1.06820E-18 7.94595E-11 3.34752E-13 1.86854E-19
 4.85373E-08 3.79475E-11 2.85484E-04 1.06605E-11 1.39750E-10 3.72495E-09 1.03129E-06 5.15826E-15
 1.22329E-04 5.21525E-04 5.01914E-06 9.01575E-10 4.99748E-11 6.33414E-05 1.33563E-08 3.08913E-08
 1.10786E-12 6.47595E-08 2.27439E-09 3.96734E-13 5.74189E-11 1.03673E-17 8.41756E-08 4.15762E-11
 5.77280E-14 1.77576E-12 1.51651E-07 1.00653E-10 4.97223E-18 4.25346E-23 1.07690E-18 7.06177E-11
 3.11398E-13 5.30968E-20 4.93362E-08 4.49397E-11 2.89757E-04 1.27210E-11 1.49098E-10 3.55013E-09
 9.98886E-07 6.53867E-15 1.22027E-04 5.18683E-04 4.81152E-06 8.70754E-10 5.41526E-11 6.33325E-05
 1.48133E-08 3.09677E-08 1.20985E-12 6.05600E-08 1.85574E-09 3.83758E-13 5.09182E-11 1.01312E-17
 7.98667E-08 4.26983E-11 7.04890E-14 1.90132E-12 1.55973E-07 8.67942E-11 1.36237E-18 1.41127E-23
 1.09007E-18 6.32333E-11 2.94962E-13 1.46397E-20 5.01208E-08 5.31649E-11 2.93650E-04 1.49574E-11
 1.59495E-10 3.44355E-09 9.66766E-07 8.24369E-15 1.21739E-04 5.15982E-04 4.65549E-06 8.55442E-10
 5.87043E-11 6.33239E-05 1.62149E-08 3.07104E-08 1.28367E-12 5.60549E-08 1.52269E-09 3.67852E-13
 4.42152E-11 9.71443E-18 7.58856E-08 4.37018E-11 8.45069E-14 2.02416E-12 1.59966E-07 7.36932E-11
 3.69508E-19 4.59258E-24 1.11019E-18 5.71219E-11 2.89019E-13 3.96118E-21 5.08840E-08 6.28197E-11
 2.97120E-04 1.73324E-11 1.70999E-10 3.39715E-09 9.35151E-07 1.03252E-14 1.21469E-04 5.13441E-04
 4.54104E-06 8.54418E-10 6.36691E-11 6.33158E-05 1.75115E-08 3.01181E-08 1.32346E-12 5.13877E-08
 1.25574E-09 3.49283E-13 3.75909E-11 9.17541E-18 7.22428E-08 4.46168E-11 9.95221E-14 2.14461E-12
 1.63619E-07 6.17109E-11 1.00243E-19 1.48199E-24 1.13904E-18 5.20942E-11 2.97630E-13 1.06311E-21
 5.16059E-08 7.41044E-11 3.00152E-04 1.98011E-11 1.83584E-10 3.40337E-09 9.04028E-07 1.28299E-14
 1.21217E-04 5.11058E-04 4.45849E-06 8.66447E-10 6.90585E-11 6.33080E-05 1.86595E-08 2.92022E-08
 1.32701E-12 4.66654E-08 1.03929E-09 3.28288E-13 3.12710E-11 8.57338E-18 6.89177E-08 4.54575E-11
 1.15249E-13 2.26296E-12 1.66954E-07 5.10055E-11 2.73284E-20 4.77012E-25 1.17780E-18 4.79519E-11
 3.29350E-13 2.84581E-22 5.22489E-08 8.72230E-11 3.02728E-04 2.23099E-11 1.97133E-10 3.45592E-09
 8.73417E-07 1.57940E-14 1.20985E-04 5.08839E-04 4.39987E-06 8.90375E-10 7.48459E-11 6.33006E-05
 1.96210E-08 2.79835E-08 1.29549E-12 4.19957E-08 8.62047E-10 3.05269E-13 2.54528E-11 7.96670E-18
 6.58982E-08 4.62255E-11 1.31382E-13 2.37960E-12 1.69982E-07 4.16536E-11 7.53372E-21 1.54547E-25
 1.22835E-18 4.45421E-11 3.93959E-13 7.66576E-23 5.27713E-08 1.02389E-10 3.04827E-04 2.48014E-11
 2.11496E-10 3.54973E-09 8.43313E-07 1.92398E-14 1.20774E-04 5.06787E-04 4.35853E-06 9.25334E-10
 8.09947E-11 6.32936E-05 2.03658E-08 2.64961E-08 1.23289E-12 3.74757E-08 7.15644E-10 2.80773E-13
 2.02793E-11 7.39726E-18 6.31726E-08 4.69176E-11 1.47610E-13 2.49503E-12 1.72715E-07 3.36470E-11
 2.11447E-21 5.12083E-26 1.29277E-18 4.17396E-11 5.02090E-13 2.11110E-23 5.31254E-08 1.19790E-10
 3.06440E-04 2.72192E-11 2.26438E-10 3.68126E-09 8.13637E-07 2.31690E-14 1.20585E-04 5.04901E-04
 4.32899E-06 9.70618E-10 8.74253E-11 6.32869E-05 2.08741E-08 2.47823E-08 1.14565E-12 3.31770E-08
 5.93710E-10 2.55356E-13 1.58210E-11 6.90122E-18 6.07224E-08 4.75291E-11 1.63685E-13 2.60997E-12
 1.75171E-07 2.69015E-11 6.07261E-22 1.79637E-26 1.37375E-18 3.94357E-11 6.60339E-13 6.15686E-24
 5.33015E-08 1.39654E-10 3.07557E-04 2.95070E-11 2.41892E-10 3.84952E-09 7.84150E-07 2.75742E-14
 1.20417E-04 5.03179E-04 4.30706E-06 1.02700E-09 9.41535E-11 6.32805E-05 2.11301E-08 2.28987E-08
 1.04020E-12 2.91562E-08 4.91754E-10 2.29640E-13 1.20892E-11 6.47206E-18 5.85299E-08 4.80511E-11
 1.79287E-13 2.72440E-12 1.77369E-07 2.12904E-11 1.79343E-22 7.28479E-27 1.47310E-18 3.75431E-11
 8.79343E-13 2.08002E-24 5.33098E-08 1.62246E-10 3.08167E-04 3.16198E-11 2.57826E-10 4.05344E-09
 7.54638E-07 3.24464E-14 1.20271E-04 5.01629E-04 4.28977E-06 1.09554E-09 1.01226E-10 6.32744E-05
 2.11358E-08 2.09159E-08 9.23832E-13 2.54803E-08 4.06663E-10 2.04377E-13 9.06743E-12 6.08911E-18
 5.65924E-08 4.84573E-11 1.94092E-13 2.83714E-12 1.79310E-07 1.66977E-11 5.51946E-23 4.00457E-27
 1.59274E-18 3.60021E-11 1.16984E-12 9.55512E-25 5.31548E-08 1.87783E-10 3.08277E-04 3.35269E-11
 2.74123E-10 4.29188E-09 7.24850E-07 3.77678E-14 1.20147E-04 5.00251E-04 4.27490E-06 1.17725E-09
 1.08646E-10 6.32688E-05 2.09086E-08 1.88998E-08 8.04007E-13 2.21828E-08 3.35723E-10 1.80156E-13
 6.69034E-12 5.74240E-18 5.48972E-08 4.87135E-11 2.07904E-13 2.94668E-12 1.81009E-07 1.29872E-11
 1.80794E-23 3.22523E-27 1.73526E-18 3.47558E-11 1.53542E-12 6.42187E-25 5.28701E-08 2.16505E-10
 3.07897E-04 3.51987E-11 2.90873E-10 4.56545E-09 6.94368E-07 4.35260E-14 1.20044E-04 4.99031E-04
 4.26078E-06 1.27488E-09 1.16550E-10 6.32635E-05 2.04631E-08 1.69072E-08 6.86016E-13 1.92572E-08
 2.76625E-10 1.57316E-13 4.85920E-12 5.40253E-18 5.34183E-08 4.87838E-11 2.20433E-13 3.05054E-12
 1.82490E-07 1.00108E-11 6.58742E-24 3.37365E-27 1.90140E-18 3.37480E-11 1.97307E-12 5.57520E-25
 5.24890E-08 2.48668E-10 3.07043E-04 3.66168E-11 3.08196E-10 4.87240E-09 6.62886E-07 4.97205E-14
 1.19959E-04 4.97961E-04 4.24622E-06 1.39137E-09 1.25129E-10 6.32585E-05 1.98233E-08 1.49888E-08
 5.74206E-13 1.66921E-08 2.27533E-10 1.36138E-13 3.47889E-12 5.04258E-18 5.21350E-08 4.86245E-11
 2.31407E-13 3.14547E-12 1.83776E-07 7.64657E-12 2.96322E-24 3.95932E-27 2.09109E-18 3.29352E-11
 2.49795E-12 5.40716E-25 5.19857E-08 2.84293E-10 3.05728E-04 3.77762E-11 3.25804E-10 5.20671E-09
 6.30297E-07 5.63161E-14 1.19891E-04 4.97027E-04 4.23017E-06 1.52733E-09 1.34362E-10 6.32539E-05
 1.90235E-08 1.31754E-08 4.72421E-13 1.44643E-08 1.86710E-10 1.16791E-13 2.45907E-12 4.67511E-18
 5.10268E-08 4.81932E-11 2.40852E-13 3.22933E-12 1.84887E-07 5.78971E-12 1.87520E-24 4.84348E-27
 2.30770E-18 3.22807E-11 2.93655E-12 5.45401E-25 5.13020E-08 3.23088E-10 3.03963E-04 3.86748E-11
 3.43109E-10 5.55956E-09 5.96581E-07 6.32276E-14 1.19837E-04 4.96216E-04 4.21179E-06 1.68182E-09
 1.44060E-10 6.32496E-05 1.80972E-08 1.14829E-08 3.82909E-13 1.25399E-08 1.52645E-10 9.93402E-14
 1.71801E-12 4.32566E-18 5.00722E-08 4.74525E-11 2.48975E-13 3.30076E-12 1.85843E-07 4.34625E-12
 1.66720E-24 6.00820E-27 2.55834E-18 3.17532E-11 3.23556E-12 5.57351E-25 5.04062E-08 3.64615E-10
 3.01756E-04 3.93113E-11 3.59612E-10 5.92074E-09 5.61713E-07 7.03639E-14 1.19797E-04 4.95517E-04
 4.19054E-06 1.85438E-09 1.54092E-10 6.32455E-05 1.70741E-08 9.92403E-09 3.06172E-13 1.08859E-08
 1.24214E-10 8.38046E-14 1.18772E-12 3.99886E-18 4.92533E-08 4.63676E-11 2.55908E-13 3.35750E-12
 1.86664E-07 3.23542E-12 1.81114E-24 7.48614E-27 2.85045E-18 3.13283E-11 3.41837E-12 5.72019E-25
 4.93039E-08 4.08364E-10 2.99115E-04 3.96846E-11 3.75045E-10 6.27950E-09 5.25651E-07 7.76554E-14
 1.19767E-04 4.94918E-04 4.16628E-06 2.04581E-09 1.64482E-10 6.32418E-05 1.59800E-08 8.50867E-09
 2.41590E-13 9.47114E-09 1.00557E-10 7.01473E-14 8.13427E-13 3.67982E-18 4.85543E-08 4.49067E-11
 2.61621E-13 3.39572E-12 1.87366E-07 2.38816E-12 2.13899E-24 9.34135E-27 3.18975E-18 3.09864E-11
 3.50341E-12 5.88067E-25 4.80097E-08 4.53730E-10 2.96068E-04 3.98138E-11 3.89111E-10 6.62216E-09
 4.88599E-07 8.50647E-14 1.19747E-04 4.94412E-04 4.13925E-06 2.25562E-09 1.75226E-10 6.32383E-05
 1.48479E-08 7.24418E-09 1.88353E-13 8.27181E-09 8.10162E-11 5.83410E-14 5.53575E-13 3.35852E-18
 4.79643E-08 4.30591E-11 2.66189E-13 3.41190E-12 1.87958E-07 1.75000E-12 2.60139E-24 1.16565E-26
 3.58309E-18 3.07134E-11 3.50549E-12 6.04917E-25 4.65278E-08 4.99848E-10 2.92633E-04 3.97119E-11
 4.01460E-10 6.93563E-09 4.50829E-07 9.25284E-14 1.19735E-04 4.93988E-04 4.10982E-06 2.48277E-09
 1.86263E-10 6.32351E-05 1.37030E-08 6.12782E-09 1.45214E-13 7.25979E-09 6.49633E-11 4.82679E-14
 3.75215E-13 3.03260E-18 4.74705E-08 4.08366E-11 2.69694E-13 3.40327E-12 1.88455E-07 1.27383E-12
 3.19141E-24 1.45329E-26 4.03980E-18 3.04963E-11 3.43741E-12 6.22260E-25 4.48488E-08 5.45454E-10
 2.88816E-04 3.93804E-11 4.11645E-10 7.20812E-09 4.12659E-07 9.99166E-14 1.19730E-04 4.93636E-04
 4.07837E-06 2.72569E-09 1.97415E-10 6.32321E-05 1.25614E-08 5.14964E-09 1.10748E-13 6.40587E-09
 5.18194E-11 3.97561E-14 2.53567E-13 2.70664E-18 4.70592E-08 3.82732E-11 2.72224E-13 3.36822E-12
 1.88869E-07 9.20882E-13 3.91865E-24 1.80912E-26 4.57444E-18 3.03237E-11 3.30941E-12 6.39872E-25
 4.29744E-08 5.89313E-10 2.84629E-04 3.88264E-11 4.19343E-10 7.42855E-09 3.74554E-07 1.07111E-13
 1.19729E-04 4.93347E-04 4.04545E-06 2.98215E-09 2.08541E-10 6.32294E-05 1.14383E-08 4.29966E-09
 8.35674E-14 5.68618E-09 4.11198E-11 3.26366E-14 1.71131E-13 2.38358E-18 4.67194E-08 3.54295E-11
 2.73842E-13 3.30636E-12 1.89212E-07 6.61419E-13 4.79589E-24 2.24746E-26 5.20380E-18 3.01868E-11
 3.12968E-12 6.57522E-25 4.09066E-08 6.30064E-10 2.80069E-04 3.80444E-11 4.24346E-10 7.58842E-09
 3.36924E-07 1.13955E-13 1.19732E-04 4.93110E-04 4.01157E-06 3.25023E-09 2.19554E-10 6.32269E-05
 1.03415E-08 3.56538E-09 6.23299E-14 5.07810E-09 3.24386E-11 2.67149E-14 1.15363E-13 2.06540E-18
 4.64402E-08 3.23760E-11 2.74474E-13 3.21760E-12 1.89494E-07 4.71634E-13 5.83631E-24 2.78604E-26
 5.94736E-18 3.00783E-11 2.90415E-12 6.75100E-25 3.86572E-08 6.66855E-10 2.75172E-04 3.70673E-11
 4.26448E-10 7.68001E-09 3.00510E-07 1.20370E-13 1.19737E-04 4.92920E-04 3.97753E-06 3.52360E-09
 2.30257E-10 6.32246E-05 9.28827E-09 2.93722E-09 4.60070E-14 4.56717E-09 2.54631E-11 2.18538E-14
 7.79353E-14 1.76095E-18 4.62140E-08 2.92231E-11 2.74336E-13 3.10585E-12 1.89724E-07 3.34545E-13
 7.03478E-24 3.44239E-26 6.83225E-18 2.99928E-11 2.63945E-12 6.91835E-25 3.62273E-08 6.98662E-10
 2.69956E-04 3.59155E-11 4.25369E-10 7.70009E-09 2.65902E-07 1.26189E-13 1.19744E-04 4.92769E-04
 3.94402E-06 3.79467E-09 2.40270E-10 6.32225E-05 8.28728E-09 2.40269E-09 3.36301E-14 4.13826E-09
 1.98899E-11 1.78987E-14 5.28644E-14 1.48012E-18 4.60329E-08 2.60782E-11 2.73677E-13 2.97645E-12
 1.89908E-07 2.36330E-13 8.37375E-24 4.23390E-26 7.90142E-18 2.99258E-11 2.34048E-12 7.06830E-25
 3.36254E-08 7.24677E-10 2.64430E-04 3.46072E-11 4.20928E-10 7.64974E-09 2.33578E-07 1.31219E-13
 1.19752E-04 4.92651E-04 3.91160E-06 4.05517E-09 2.49187E-10 6.32206E-05 7.34292E-09 1.94975E-09
 2.43521E-14 3.77791E-09 1.54591E-11 1.47008E-14 3.60508E-14 1.22938E-18 4.58894E-08 2.30401E-11
 2.72735E-13 2.83574E-12 1.90055E-07 1.66413E-13 9.81959E-24 5.17665E-26 9.21545E-18 2.98733E-11
 2.01082E-12 7.19076E-25 3.08814E-08 7.44779E-10 2.58612E-04 3.31763E-11 4.13136E-10 7.53434E-09
 2.03969E-07 1.35338E-13 1.19760E-04 4.92560E-04 3.88086E-06 4.29628E-09 2.56676E-10 6.32190E-05
 6.45968E-09 1.56833E-09 1.74808E-14 3.47553E-09 1.19626E-11 1.21333E-14 2.47658E-14 1.01220E-18
 4.57770E-08 2.01994E-11 2.71829E-13 2.69136E-12 1.90171E-07 1.17017E-13 1.13188E-23 6.28211E-26
 1.08574E-17 2.98322E-11 1.65384E-12 7.27322E-25 2.80250E-08 7.58732E-10 2.52477E-04 3.16334E-11
 4.02066E-10 7.36225E-09 1.77217E-07 1.38344E-13 1.19767E-04 4.92490E-04 3.85210E-06 4.51134E-09
 2.62458E-10 6.32175E-05 5.63472E-09 1.24813E-09 1.24266E-14 3.22062E-09 9.21032E-12 1.00710E-14
 1.71318E-14 8.28537E-19 4.56896E-08 1.76105E-11 2.71121E-13 2.54940E-12 1.90261E-07 8.21567E-14
 1.28137E-23 7.55811E-26 1.29469E-17 2.98000E-11 1.26989E-12 7.30607E-25 2.51054E-08 7.66983E-10
 2.46015E-04 3.00100E-11 3.87916E-10 7.14460E-09 1.53453E-07 1.40128E-13 1.19774E-04 4.92438E-04
 3.82564E-06 4.69355E-09 2.66308E-10 6.32161E-05 4.86801E-09 9.81089E-10 8.74637E-15 3.00555E-09
 7.05562E-12 8.42013E-15 1.19373E-14 6.77841E-19 4.56224E-08 1.53192E-11 2.70964E-13 2.41724E-12
 1.90330E-07 5.76385E-14 1.42349E-23 9.00038E-26 1.56622E-17 2.97746E-11 8.59471E-13 7.27809E-25
 2.21838E-08 7.70645E-10 2.39210E-04 2.83497E-11 3.70997E-10 6.89447E-09 1.32729E-07 1.40691E-13
 1.19781E-04 4.92398E-04 3.80172E-06 4.83697E-09 2.68142E-10 6.32150E-05 4.15996E-09 7.60386E-10
 6.09642E-15 2.82432E-09 5.37888E-12 7.10580E-15 8.38201E-15 5.58644E-19 4.55713E-08 1.33574E-11
 2.71857E-13 2.30275E-12 1.90384E-07 4.04488E-14 1.55119E-23 1.05877E-25 1.92715E-17 2.97547E-11
 4.54876E-13 7.17850E-25 1.93428E-08 7.71870E-10 2.32082E-04 2.67359E-11 3.51779E-10 6.62770E-09
 1.15119E-07 1.40268E-13 1.19786E-04 4.92370E-04 3.78062E-06 4.93634E-09 2.67912E-10 6.32139E-05
 3.51487E-09 5.80720E-10 4.22153E-15 2.67299E-09 4.08873E-12 6.07949E-15 5.94664E-15 4.69900E-19
 4.55331E-08 1.17567E-11 2.74876E-13 2.21687E-12 1.90423E-07 2.84911E-14 1.65780E-23 1.22695E-25
 2.42097E-17 2.97390E-11 2.03089E-13 6.99819E-25 1.66636E-08 7.73721E-10 2.24638E-04 2.52565E-11
 3.30861E-10 6.36037E-09 1.00581E-07 1.39301E-13 1.19791E-04 4.92349E-04 3.76247E-06 4.98951E-09
 2.65885E-10 6.32131E-05 2.93537E-09 4.36952E-10 2.91497E-15 2.54806E-09 3.10693E-12 5.29873E-15
 4.27631E-15 4.09808E-19 4.55051E-08 1.05354E-11 2.81361E-13 2.17085E-12 1.90453E-07 2.02267E-14
 1.73923E-23 1.39667E-25 3.11577E-17 2.97269E-11 7.78405E-14 6.73468E-25 1.42199E-08 7.79679E-10
 2.16874E-04 2.40127E-11 3.08902E-10 6.10817E-09 8.90107E-08 1.38399E-13 1.19795E-04 4.92335E-04
 3.74729E-06 4.99737E-09 2.62260E-10 6.32123E-05 2.42371E-09 3.24174E-10 2.01945E-15 2.44667E-09
 2.36984E-12 4.73570E-15 3.13242E-15 3.78235E-19 4.54851E-08 9.71202E-12 2.93415E-13 2.17896E-12
 1.90474E-07 1.45619E-14 1.79451E-23 1.55719E-25 4.12804E-17 2.97175E-11 2.71022E-14 6.39998E-25
 1.20827E-08 7.91887E-10 2.08798E-04 2.31394E-11 2.86786E-10 5.88652E-09 8.02964E-08 1.38218E-13
 1.19798E-04 4.92325E-04 3.73511E-06 4.96440E-09 2.56020E-10 6.32117E-05 1.98411E-09 2.37992E-10
 1.42334E-15 2.36685E-09 1.82925E-12 4.39404E-15 2.35875E-15 3.79805E-19 4.54713E-08 9.31613E-12
 3.15367E-13 2.26535E-12 1.90488E-07 1.07493E-14 1.82588E-23 1.69747E-25 5.70096E-17 2.97104E-11
 9.27221E-15 6.04408E-25 1.03233E-08 8.11510E-10 2.00399E-04 2.28036E-11 2.66048E-10 5.70848E-09
 7.42606E-08 1.39702E-13 1.19800E-04 4.92319E-04 3.72588E-06 4.90156E-09 2.45606E-10 6.32113E-05
 1.62236E-09 1.74542E-10 1.04275E-15 2.30709E-09 1.44814E-12 4.30056E-15 1.85124E-15 4.23501E-19
 4.54622E-08 9.36024E-12 3.54463E-13 2.46315E-12 1.90496E-07 8.26993E-15 1.83870E-23 1.81364E-25
 8.34202E-17 2.97053E-11 3.61616E-15 5.77100E-25 9.03403E-09 8.43569E-10 1.91665E-04 2.32725E-11
 2.49192E-10 5.58439E-09 7.06839E-08 1.45186E-13 1.19801E-04 4.92315E-04 3.71963E-06 4.82845E-09
 2.31163E-10 6.32110E-05 1.35125E-09 1.30997E-10 8.18929E-16 2.26676E-09 1.20221E-12 4.50050E-15
 1.54482E-15 5.15324E-19 4.54568E-08 9.77434E-12 4.21201E-13 2.80101E-12 1.90501E-07 6.78527E-15
 1.84008E-23 1.91488E-25 1.29634E-16 2.97019E-11 1.89977E-15 5.73147E-25 8.32628E-09 9.05710E-10
 1.82569E-04 2.51751E-11 2.40229E-10 5.52078E-09 6.92617E-08 1.61247E-13 1.19802E-04 4.92314E-04
 3.71642E-06 4.77348E-09 2.17749E-10 6.32109E-05 1.19460E-09 1.06039E-10 7.22006E-16 2.24603E-09
 1.07875E-12 5.06242E-15 1.40089E-15 6.27517E-19 4.54544E-08 1.02870E-11 5.29579E-13 3.25781E-12
 1.90502E-07 6.08924E-15 1.83736E-23 2.02708E-25 2.03897E-16 2.97001E-11 1.42835E-15 6.04920E-25
 2.99941E+02 2.97516E+02 2.95060E+02 2.92543E+02 2.89982E+02 2.87346E+02 2.84652E+02 2.81864E+02
 2.78992E+02 2.76010E+02 2.72934E+02 2.70021E+02 2.66954E+02 2.63670E+02 2.60132E+02 2.56309E+02
 2.52396E+02 2.49361E+02 2.47399E+02 2.45708E+02 2.44037E+02 2.42540E+02 2.41189E+02 2.39998E+02
 2.39046E+02 2.38475E+02 2.37910E+02 2.37119E+02 2.36353E+02 2.35607E+02 2.34867E+02 2.34133E+02
 2.33428E+02 2.32800E+02 2.32256E+02 2.31797E+02 2.31413E+02 2.31107E+02 2.30872E+02 2.30679E+02
 2.30532E+02 2.30442E+02 2.30389E+02 2.30346E+02 2.30290E+02 2.30204E+02 2.30066E+02 2.29861E+02
 2.29590E+02 2.29264E+02 2.28904E+02 2.28555E+02 2.28268E+02 2.28051E+02 2.27855E+02 2.27658E+02
 2.27474E+02 2.27315E+02 2.27184E+02 2.27095E+02 2.27056E+02 2.27071E+02 2.27149E+02 2.27312E+02
 2.27564E+02 2.27891E+02 2.28273E+02 2.28695E+02 2.29140E+02 2.29576E+02 2.29976E+02 2.30304E+02
 2.30558E+02 2.30746E+02 2.30865E+02 2.30941E+02 2.31008E+02 2.31047E+02 2.31010E+02 2.30871E+02
 2.30638E+02 2.30321E+02 2.29917E+02 2.29408E+02 2.28786E+02 2.28051E+02 2.27193E+02 2.26178E+02
 2.24971E+02 2.23541E+02 2.21855E+02 2.19876E+02 2.17568E+02 2.14873E+02 2.11757E+02 2.08164E+02
 2.03907E+02 1.98767E+02 1.92822E+02 1.86862E+02 1.00000E+05 1.00000E+05 1.00000E+05 1.00000E+05
 1.00000E+05 1.00000E+05 1.00000E+05 1.00000E+05 1.00000E+05 1.00000E+05 1.00000E+05 1.00000E+05
 1.00000E+05 1.00000E+05 1.00000E+05 1.00000E+05 1.00000E+05 1.00000E+05 1.00000E+05 1.00000E+05
 1.00000E+05 1.00000E+05 9.27804E+04 8.84702E+04 6.92150E+04 5.27048E+04 3.61946E+04 2.98562E+04
 1.90766E+04 1.66743E+04 1.22171E+04 7.76000E+03 7.94980E+03 5.97102E+03 5.85405E+03 5.18181E+03
 4.50956E+03 4.45964E+03 4.10250E+03 4.07837E+03 3.93959E+03 3.92806E+03 3.90765E+03 3.88724E+03
 3.96566E+03 4.00607E+03 4.16398E+03 4.30439E+03 4.44480E+03 4.69574E+03 4.90023E+03 5.15364E+03
 5.39650E+03 5.63936E+03 5.99618E+03 6.30149E+03 6.66348E+03 7.01001E+03 7.35654E+03 7.78086E+03
 8.16780E+03 8.58724E+03 8.99622E+03 9.42278E+03 9.84890E+03 1.02750E+04 1.08336E+04 1.13438E+04
 1.18356E+04 1.23295E+04 1.28234E+04 1.32694E+04 1.37347E+04 1.43800E+04 1.49922E+04 1.56045E+04
 1.62602E+04 1.68969E+04 1.74958E+04 1.81040E+04 1.87121E+04 1.95576E+04 2.02922E+04 2.11433E+04
 2.19596E+04 2.27759E+04 2.39711E+04 2.49793E+04 2.63236E+04 2.75521E+04 2.87763E+04 3.00008E+04
 3.12253E+04 3.27682E+04 3.41886E+04 3.58632E+04 3.74999E+04 3.91366E+04 4.07663E+04 4.23990E+04
 2.35899E+19 2.21040E+19 2.07032E+19 1.93847E+19 1.81427E+19 1.69748E+19 1.58758E+19 1.48435E+19
 1.38732E+19 1.29625E+19 1.21068E+19 1.12925E+19 1.05310E+19 9.82085E+18 9.15930E+18 8.54338E+18
 7.96342E+18 7.38980E+18 6.82296E+18 6.28905E+18 5.79330E+18 5.33008E+18 4.89861E+18 4.49716E+18
 4.12298E+18 3.77294E+18 3.45185E+18 3.16036E+18 2.89239E+18 2.64621E+18 2.42029E+18 2.21302E+18
 2.02273E+18 1.84776E+18 1.68695E+18 1.53930E+18 1.40391E+18 1.27985E+18 1.16628E+18 1.06253E+18
 9.67769E+17 8.81216E+17 8.02265E+17 7.30355E+17 6.64925E+17 6.05432E+17 5.51373E+17 5.02260E+17
 4.57616E+17 4.16999E+17 3.79998E+17 3.46221E+17 3.15324E+17 2.87073E+17 2.61313E+17 2.37849E+17
 2.16466E+17 1.96976E+17 1.79209E+17 1.63011E+17 1.48243E+17 1.34784E+17 1.22516E+17 1.11332E+17
 1.01139E+17 9.18622E+16 8.34307E+16 7.57736E+16 6.88266E+16 6.25315E+16 5.68319E+16 5.16768E+16
 4.70110E+16 4.27834E+16 3.89507E+16 3.54700E+16 3.23033E+16 2.94239E+16 2.68106E+16 2.44398E+16
 2.22863E+16 2.03282E+16 1.85468E+16 1.69265E+16 1.54523E+16 1.41098E+16 1.28870E+16 1.17742E+16
 1.07620E+16 9.84169E+15 9.00492E+15 8.24431E+15 7.55296E+15 6.92504E+15 6.35452E+15 5.83634E+15
 5.36913E+15 4.95149E+15 4.57473E+15 4.21663E+15 2.44636E-13 2.70086E-13 3.23699E-13 4.08643E-13
 5.19617E-13 6.55076E-13 8.14758E-13 9.98922E-13 1.20805E-12 1.44271E-12 1.70350E-12 1.99107E-12
 2.30589E-12 2.64773E-12 3.01685E-12 3.41237E-12 3.83300E-12 4.27839E-12 4.74941E-12 5.24674E-12
 5.77070E-12 6.32217E-12 6.92500E-12 7.60060E-12 8.42646E-12 9.55831E-12 1.12137E-11 1.35368E-11
 1.69092E-11 2.16484E-11 2.78360E-11 3.72368E-11 4.91674E-11 6.29018E-11 7.88031E-11 9.54325E-11
 1.13457E-10 1.31370E-10 1.48029E-10 1.62705E-10 1.74396E-10 1.82566E-10 1.86717E-10 1.86644E-10
 1.82315E-10 1.73941E-10 1.61945E-10 1.46934E-10 1.29364E-10 1.09915E-10 8.87011E-11 7.08946E-11
 5.60319E-11 4.37418E-11 3.38563E-11 2.58920E-11 1.95870E-11 1.46277E-11 1.07692E-11 7.82976E-12
 5.60429E-12 3.94798E-12 2.73147E-12 1.85399E-12 1.23216E-12 8.00210E-13 5.09646E-13 3.17060E-13
 1.92105E-13 1.13110E-13 6.45633E-14 3.55613E-14 1.88646E-14 9.69089E-15 4.79966E-15 2.28511E-15
 1.04446E-15 4.56274E-16 1.89440E-16 7.44872E-17 2.76175E-17 9.73441E-18 3.22742E-18 1.00789E-18
 2.94347E-19 7.99275E-20 2.04980E-20 4.88178E-21 1.09345E-21 2.27273E-22 4.35073E-23 7.61220E-24
 1.20716E-24 1.75261E-25 2.29314E-26 2.71652E-27 2.88233E-28 2.72539E-29 2.29027E-30 1.70733E-31
 4.94410E-01 4.38106E-01 4.34441E-01 4.57299E-01 5.18240E-01 5.84444E-01 6.51525E-01 7.19925E-01
 7.88012E-01 8.56836E-01 9.13453E-01 9.63400E-01 1.01469E+00 1.05969E+00 1.09865E+00 1.13559E+00
 1.16483E+00 1.18091E+00 1.19966E+00 1.20162E+00 1.20110E+00 1.19649E+00 1.18834E+00 1.18326E+00
 1.18387E+00 1.22546E+00 1.31160E+00 1.44916E+00 1.65569E+00 1.93777E+00 2.27716E+00 2.78415E+00
 3.35783E+00 3.91842E+00 4.47141E+00 4.92547E+00 5.32038E+00 5.59052E+00 5.71096E+00 5.68768E+00
 5.52056E+00 5.23306E+00 4.84483E+00 4.38403E+00 3.87769E+00 3.35178E+00 2.82949E+00 2.33002E+00
 1.86362E+00 1.43953E+00 1.05651E+00 7.68019E-01 5.51591E-01 3.90925E-01 2.74603E-01 1.90577E-01
 1.30798E-01 8.85889E-02 5.91243E-02 3.89457E-02 2.52385E-02 1.60871E-02 1.00653E-02 6.17222E-03
 3.70227E-03 2.16836E-03 1.24558E-03 6.99404E-04 3.82455E-04 2.03284E-04 1.04802E-04 5.21852E-05
 2.50476E-05 1.16504E-05 5.22864E-06 2.25822E-06 9.36415E-07 3.71220E-07 1.39957E-07 5.00143E-08
 1.68687E-08 5.41291E-09 1.63474E-09 4.65380E-10 1.23984E-10 3.07327E-11 7.19969E-12 1.56776E-12
 3.21437E-13 6.12515E-14 1.07690E-14 1.73439E-15 2.53825E-16 3.41222E-17 4.15433E-18 4.59796E-19
 4.60014E-20 4.17094E-21 3.43860E-22 2.57121E-23 1.00000E-12 1.00000E-12 1.00000E-12 1.00000E-12
 1.00000E-12 1.00000E-12 1.00000E-12 1.00000E-12 1.00000E-12 1.00000E-12 1.00000E-12 1.00000E-12
 1.00000E-12 1.00000E-12 1.00000E-12 1.00000E-12 1.00000E-12 1.00000E-12 1.00000E-12 1.00000E-12
 1.00000E-12 1.00000E-12 1.00000E-12 1.00000E-12 1.00000E-12 1.00000E-12 1.00000E-12 1.00000E-12
 1.00000E-12 1.00000E-12 1.00000E-12 1.00000E-12 1.00000E-12 1.00000E-12 1.00000E-12 1.00000E-12
 1.00000E-12 1.00000E-12 1.00000E-12 1.00000E-12 1.00000E-12 1.00000E-12 1.00000E-12 1.00000E-12
 1.00000E-12 1.00000E-12 1.00000E-12 1.00000E-12 1.00000E-12 1.00000E-12 1.00000E-12 1.00000E-12
 1.00000E-12 1.00000E-12 1.00000E-12 1.00000E-12 1.00000E-12 1.00000E-12 1.00000E-12 1.00000E-12
 1.00000E-12 1.00000E-12 1.00000E-12 1.00000E-12 1.00000E-12 1.00000E-12 1.00000E-12 1.00000E-12
 1.00000E-12 1.00000E-12 1.00000E-12 1.00000E-12 1.00000E-12 1.00000E-12 1.00000E-12 1.00000E-12
 1.00000E-12 1.00000E-12 1.00000E-12 1.00000E-12 1.00000E-12 1.00000E-12 1.00000E-12 1.00000E-12
 1.00000E-12 1.00000E-12 1.00000E-12 1.00000E-12 1.00000E-12 1.00000E-12 1.00000E-12 1.00000E-12
 1.00000E-12 1.00000E-12 1.00000E-12 1.00000E-12 1.00000E-12 1.00000E-12 1.00000E-12 1.00000E-12
 1.00000E-12 1.00000E-12 1.00000E-12 1.00000E-12 1.00000E-12 1.00000E-12 1.00000E-12 1.00000E-12
 1.00000E-12 1.00000E-12 1.00000E-12 1.00000E-12 1.00000E-12 1.00000E-12 1.00000E-12 1.00000E-12
 1.00000E-12 1.00000E-12 1.00000E-12 1.00000E-12 1.00000E-12 1.00000E-12 1.00000E-12 1.00000E-12
 1.00000E-12 1.00000E-12 1.00000E-12 1.00000E-12 1.00000E-12 1.00000E-12 1.00000E-12 1.00000E-12
 1.00000E-12 1.00000E-12 1.00000E-12 1.00000E-12 1.00000E-12 1.00000E-12 1.00000E-12 1.00000E-12
 1.00000E-12 1.00000E-12 1.00000E-12 1.00000E-12 1.00000E-12 1.00000E-12 1.00000E-12 1.00000E-12
 1.00000E-12 1.00000E-12 1.00000E-12 1.00000E-12 1.00000E-12 1.00000E-12 1.00000E-12 1.00000E-12
 1.00000E-12 1.00000E-12 1.00000E-12 1.00000E-12 1.00000E-12 1.00000E-12 1.00000E-12 1.00000E-12
 1.00000E-12 1.00000E-12 1.00000E-12 1.00000E-12 1.00000E-12 1.00000E-12 1.00000E-12 1.00000E-12
 1.00000E-12 1.00000E-12 1.00000E-12 1.00000E-12 1.00000E-12 1.00000E-12 1.00000E-12 1.00000E-12
 1.00000E-12 1.00000E-12 1.00000E-12 1.00000E-12 1.00000E-12 1.00000E-12 1.00000E-12 1.00000E-12
 1.00000E-12 1.00000E-12 1.00000E-12 1.00000E-12 1.00000E-12 1.00000E-12 1.00000E-12 1.00000E-12
 1.00000E-12 1.00000E-12 1.00000E-12 1.00000E-12 2.74063E-04 2.93491E-04 3.13949E-04 3.36681E-04
 3.56649E-04 3.78296E-04 4.01924E-04 4.27334E-04 4.54780E-04 4.84199E-04 5.17766E-04 5.54725E-04
 5.94221E-04 6.37874E-04 6.86161E-04 7.38825E-04 7.97342E-04 8.62538E-04 9.30996E-04 1.00898E-03
 1.09418E-03 1.18767E-03 1.29168E-03 1.40588E-03 1.53403E-03 1.66830E-03 1.81598E-03 1.97669E-03
 2.15366E-03 2.34851E-03 2.56289E-03 2.79850E-03 3.05808E-03 3.34477E-03 3.66148E-03 4.01141E-03
 4.39780E-03 4.82458E-03 5.29578E-03 5.81536E-03 6.38843E-03 7.01910E-03 7.71389E-03 8.47869E-03
 9.31985E-03 1.02444E-02 1.12597E-02 1.23741E-02 1.35973E-02 1.49409E-02 1.64184E-02 1.80441E-02
 1.98382E-02 2.18188E-02 2.40016E-02 2.64060E-02 2.90559E-02 3.19774E-02 3.51992E-02 3.87538E-02
 4.26768E-02 4.70055E-02 5.17795E-02 5.70517E-02 6.28744E-02 6.93006E-02 7.63696E-02 8.41255E-02
 9.26600E-02 1.02042E-01 1.12348E-01 1.23651E-01 1.36054E-01 1.49664E-01 1.64596E-01 1.80946E-01
 1.98913E-01 2.18646E-01 2.40299E-01 2.64049E-01 2.90090E-01 3.18660E-01 3.50036E-01 3.84485E-01
 4.22330E-01 4.63931E-01 5.09684E-01 5.60010E-01 6.15385E-01 6.76294E-01 7.43338E-01 8.17136E-01
 8.98450E-01 9.88038E-01 1.08643E+00 1.19534E+00 1.31445E+00 1.44229E+00 1.57748E+00 1.72002E+00
 1.00000E+00 1.00000E+00 1.00000E+00 1.00000E+00 1.00000E+00 1.00000E+00 1.00000E+00 1.00000E+00
 1.00000E+00 1.00000E+00 1.00000E+00 1.00000E+00 1.00000E+00 1.00000E+00 1.00000E+00 1.00000E+00
 1.00000E+00 1.00000E+00 1.00000E+00 1.00000E+00 1.00000E+00 1.00000E+00 1.00000E+00 1.00000E+00
 1.00000E+00 1.00000E+00 1.00000E+00 1.00000E+00 1.00000E+00 1.00000E+00 1.00000E+00 1.00000E+00
 1.00000E+00 1.00000E+00 1.00000E+00 1.00000E+00 1.00000E+00 1.00000E+00 1.00000E+00 1.00000E+00
 1.00000E+00 1.00000E+00 1.00000E+00 1.00000E+00 1.00000E+00 1.00000E+00 1.00000E+00 1.00000E+00
 1.00000E+00 1.00000E+00 1.00000E+00 1.00000E+00 1.00000E+00 1.00000E+00 1.00000E+00 1.00000E+00
 1.00000E+00 1.00000E+00 1.00000E+00 1.00000E+00 1.00000E+00 1.00000E+00 1.00000E+00 1.00000E+00
 1.00000E+00 1.00000E+00 1.00000E+00 1.00000E+00 1.00000E+00 1.00000E+00 1.00000E+00 1.00000E+00
 1.00000E+00 1.00000E+00 1.00000E+00 1.00000E+00 1.00000E+00 1.00000E+00 1.00000E+00 1.00000E+00
 1.00000E+00 1.00000E+00 1.00000E+00 1.00000E+00 1.00000E+00 1.00000E+00 1.00000E+00 1.00000E+00
 1.00000E+00 1.00000E+00 1.00000E+00 1.00000E+00 1.00000E+00 1.00000E+00 1.00000E+00 1.00000E+00
 1.00000E+00 1.00000E+00 1.00000E+00 1.00000E+00 1.00000E+00 1.00000E+00 1.00000E+00 1.00000E+00
 1.00000E+00 1.00000E+00 1.00000E+00 1.00000E+00 1.00000E+00 1.00000E+00 1.00000E+00 1.00000E+00
 1.00000E+00 1.00000E+00 1.00000E+00 1.00000E+00 1.00000E+00 1.00000E+00 1.00000E+00 1.00000E+00
 1.00000E+00 1.00000E+00 1.00000E+00 1.00000E+00 1.00000E+00 1.00000E+00 1.00000E+00 1.00000E+00
 1.00000E+00 1.00000E+00 1.00000E+00 1.00000E+00 1.00000E+00 1.00000E+00 1.00000E+00 1.00000E+00
 1.00000E+00 1.00000E+00 1.00000E+00 1.00000E+00 1.00000E+00 1.00000E+00 1.00000E+00 1.00000E+00
 1.00000E+00 1.00000E+00 1.00000E+00 1.00000E+00 1.00000E+00 1.00000E+00 1.00000E+00 1.00000E+00
 1.00000E+00 1.00000E+00 1.00000E+00 1.00000E+00 1.00000E+00 1.00000E+00 1.00000E+00 1.00000E+00
 1.00000E+00 1.00000E+00 1.00000E+00 1.00000E+00 1.00000E+00 1.00000E+00 1.00000E+00 1.00000E+00
 1.00000E+00 1.00000E+00 1.00000E+00 1.00000E+00 1.00000E+00 1.00000E+00 1.00000E+00 1.00000E+00
 1.00000E+00 1.00000E+00 1.00000E+00 1.00000E+00 1.00000E+00 1.00000E+00 1.00000E+00 1.00000E+00
 1.00000E+00 1.00000E+00 1.00000E+00 1.00000E+00 1.00000E+00 1.00000E+00 1.00000E+00 1.00000E+00
 1.00000E+00 1.00000E+00 1.00000E+00 1.00000E+00 1.00000E+00 1.00000E+00 1.00000E+00 1.00000E+00
 1.00000E-05 1.00000E-05 1.00000E-05 1.00000E-05 1.00000E-05 1.00000E-05 1.00000E-05 1.00000E-05
 1.00000E-05 1.00000E-05 1.00000E-05 1.00000E-05 1.00000E-05 1.00000E-05 1.00000E-05 1.00000E-05
 1.00000E-05 1.00000E-05 1.00000E-05 1.00000E-05 1.00000E-05 1.00000E-05 1.00000E-05 1.00000E-05
 1.00000E-05 1.00000E-05 1.00000E-05 1.00000E-05 1.00000E-05 1.00000E-05 1.00000E-05 1.00000E-05
 1.00000E-05 1.00000E-05 1.00000E-05 1.00000E-05 1.00000E-05 1.00000E-05 1.00000E-05 1.00000E-05
 1.00000E-05 1.00000E-05 1.00000E-05 1.00000E-05 1.00000E-05 1.00000E-05 1.00000E-05 1.00000E-05
 1.00000E-05 1.00000E-05 1.00000E-05 1.00000E-05 1.00000E-05 1.00000E-05 1.00000E-05 1.00000E-05
 1.00000E-05 1.00000E-05 1.00000E-05 1.00000E-05 1.00000E-05 1.00000E-05 1.00000E-05 1.00000E-05
 1.00000E-05 1.00000E-05 1.00000E-05 1.00000E-05 1.00000E-05 1.00000E-05 1.00000E-05 1.00000E-05
 1.00000E-05 1.00000E-05 1.00000E-05 1.00000E-05 1.00000E-05 1.00000E-05 1.00000E-05 1.00000E-05
 1.00000E-05 1.00000E-05 1.00000E-05 1.00000E-05 1.00000E-05 1.00000E-05 1.00000E-05 1.00000E-05
 1.00000E-05 1.00000E-05 1.00000E-05 1.00000E-05 1.00000E-05 1.00000E-05 1.00000E-05 1.00000E-05
 1.00000E-05 1.00000E-05 1.00000E-05 1.00000E-05 1.00000E-09 1.00000E-09 1.00000E-09 1.00000E-09
 1.00000E-09 1.00000E-09 1.00000E-09 1.00000E-09 1.00000E-09 1.00000E-09 1.00000E-09 1.00000E-09
 1.00000E-09 1.00000E-09 1.00000E-09 1.00000E-09 1.00000E-09 1.00000E-09 1.00000E-09 1.00000E-09
 1.00000E-09 1.00000E-09 1.00000E-09 1.00000E-09 1.00000E-09 1.00000E-09 1.00000E-09 1.00000E-09
 1.00000E-09 1.00000E-09 1.00000E-09 1.00000E-09 1.00000E-09 1.00000E-09 1.00000E-09 1.00000E-09
 1.00000E-09 1.00000E-09 1.00000E-09 1.00000E-09 1.00000E-09 1.00000E-09 1.00000E-09 1.00000E-09
 1.00000E-09 1.00000E-09 1.00000E-09 1.00000E-09 1.00000E-09 1.00000E-09 1.00000E-09 1.00000E-09
 1.00000E-09 1.00000E-09 1.00000E-09 1.00000E-09 1.00000E-09 1.00000E-09 1.00000E-09 1.00000E-09
 1.00000E-09 1.00000E-09 1.00000E-09 1.00000E-09 1.00000E-09 1.00000E-09 1.00000E-09 1.00000E-09
 1.00000E-09 1.00000E-09 1.00000E-09 1.00000E-09 1.00000E-09 1.00000E-09 1.00000E-09 1.00000E-09
 1.00000E-09 1.00000E-09 1.00000E-09 1.00000E-09 1.00000E-09 1.00000E-09 1.00000E-09 1.00000E-09
 1.00000E-09 1.00000E-09 1.00000E-09 1.00000E-09 1.00000E-09 1.00000E-09 1.00000E-09 1.00000E-09
 1.00000E-09 1.00000E-09 1.00000E-09 1.00000E-09 1.00000E-09 1.00000E-09 1.00000E-09 1.00000E-09
 1.00000E-09 1.00000E-09 1.00000E-09 1.00000E-09 1.00000E-09 1.00000E-09 1.00000E-09 1.00000E-09
 1.00000E-09 1.00000E-09 1.00000E-09 1.00000E-09 1.00000E-09 1.00000E-09 1.00000E-09 1.00000E-09
 1.00000E-09 1.00000E-09 1.00000E-09 1.00000E-09 1.00000E-09 1.00000E-09 1.00000E-09 1.00000E-09
 1.00000E-09 1.00000E-09 1.00000E-09 1.00000E-09 1.00000E-09 1.00000E-09 1.00000E-09 1.00000E-09
 1.00000E-09 1.00000E-09 1.00000E-09 1.00000E-09 1.00000E-09 1.00000E-09 1.00000E-09 1.00000E-09
 1.00000E-09 1.00000E-09 1.00000E-09 1.00000E-09 1.00000E-09 1.00000E-09 1.00000E-09 1.00000E-09
 1.00000E-09 1.00000E-09 1.00000E-09 1.00000E-09 1.00000E-09 1.00000E-09 1.00000E-09 1.00000E-09
 1.00000E-09 1.00000E-09 1.00000E-09 1.00000E-09 1.00000E-09 1.00000E-09 1.00000E-09 1.00000E-09
 1.00000E-09 1.00000E-09 1.00000E-09 1.00000E-09 1.00000E-09 1.00000E-09 1.00000E-09 1.00000E-09
 1.00000E-09 1.00000E-09 1.00000E-09 1.00000E-09 1.00000E-09 1.00000E-09 1.00000E-09 1.00000E-09
 1.00000E-09 1.00000E-09 1.00000E-09 1.00000E-09 1.00000E-09 1.00000E-09 1.00000E-09 1.00000E-09
 1.00000E-09 1.00000E-09 1.00000E-09 1.00000E-09 1.00000E-09 1.00000E-09 1.00000E-09 1.00000E-09
 1.00000E-09 1.00000E-09 1.00000E-09 1.00000E-09
