 2.08882E-10 1.01185E-17 2.80248E-02 4.87028E-18 1.82546E-12 1.81299E-10 1.24861E-08 3.71876E-22
 1.58183E-04 8.37664E-04 7.18906E-05 1.51241E-10 1.05690E-12 1.24393E-04 2.00833E-12 1.20262E-10
 6.32976E-19 1.27862E-10 5.74277E-14 5.88711E-14 1.12094E-15 1.92656E-32 3.44252E-07 3.89685E-17
 8.49040E-22 4.20759E-19 4.25702E-12 3.24436E-15 6.46804E-10 1.09147E-19 4.84591E-22 6.94564E-11
 4.88486E-16 1.33025E-13 2.40785E-10 1.22001E-17 2.42094E-02 5.98270E-18 2.00643E-12 2.14461E-10
 1.33511E-08 4.67544E-22 1.58183E-04 8.37661E-04 7.18842E-05 1.75836E-10 1.08366E-12 1.24393E-04
 2.41812E-12 1.35257E-10 8.60087E-19 1.70086E-10 8.86116E-14 6.01434E-14 1.52568E-15 3.13287E-32
 3.44243E-07 5.11653E-17 1.05079E-21 4.95824E-19 6.01614E-12 4.27877E-15 6.54742E-10 1.31718E-19
 6.29380E-22 1.12299E-10 8.69000E-16 2.21275E-13 2.81320E-10 1.47400E-17 2.10315E-02 7.26768E-18
 2.16601E-12 2.61819E-10 1.43097E-08 5.82255E-22 1.58183E-04 8.37657E-04 7.18774E-05 2.08864E-10
 1.08545E-12 1.24393E-04 2.88136E-12 1.50820E-10 1.14313E-18 2.18448E-10 1.34352E-13 6.10132E-14
 2.03848E-15 5.11854E-32 3.44233E-07 6.38250E-17 1.28633E-21 5.83630E-19 8.42711E-12 5.34873E-15
 6.62560E-10 1.56905E-19 8.09959E-22 1.57082E-10 1.35909E-15 3.19627E-13 3.30804E-10 1.78349E-17
 1.79839E-02 8.75743E-18 2.32209E-12 3.25585E-10 1.53639E-08 7.20361E-22 1.58183E-04 8.37653E-04
 7.18703E-05 2.51669E-10 1.08221E-12 1.24393E-04 3.40550E-12 1.67201E-10 1.49497E-18 2.74781E-10
 2.03138E-13 6.16135E-14 2.73068E-15 8.40829E-32 3.44223E-07 7.73550E-17 1.56237E-21 6.86222E-19
 1.16827E-11 6.46041E-15 6.70210E-10 1.85051E-19 1.03671E-21 2.04774E-10 1.99056E-15 4.30416E-13
 3.84515E-10 2.15970E-17 1.54418E-02 1.05611E-17 2.48683E-12 4.00880E-10 1.65142E-08 8.92687E-22
 1.58183E-04 8.37648E-04 7.18629E-05 3.00295E-10 1.07969E-12 1.24393E-04 3.99778E-12 1.84459E-10
 1.94190E-18 3.34115E-10 3.08743E-13 6.18845E-14 3.61367E-15 1.40962E-31 3.44212E-07 9.22157E-17
 1.89973E-21 8.11615E-19 1.57229E-11 7.61920E-15 6.77637E-10 2.18020E-19 1.33198E-21 2.54923E-10
 2.74111E-15 5.53450E-13 4.39659E-10 2.61573E-17 1.30191E-02 1.26337E-17 2.64366E-12 4.85661E-10
 1.77603E-08 1.09820E-21 1.58183E-04 8.37644E-04 7.18550E-05 3.52985E-10 1.07079E-12 1.24393E-04
 4.66855E-12 2.02508E-10 2.48867E-18 3.93577E-10 4.69368E-13 6.18044E-14 4.80576E-15 2.36892E-31
 3.44201E-07 1.08855E-16 2.29209E-21 9.56465E-19 2.05664E-11 8.82764E-15 6.84779E-10 2.54392E-19
 1.70437E-21 3.06921E-10 3.61942E-15 6.88104E-13 4.94384E-10 3.16672E-17 1.10345E-02 1.51304E-17
 2.80918E-12 5.79101E-10 1.91001E-08 1.35309E-21 1.58183E-04 8.37639E-04 7.18467E-05 4.08977E-10
 1.06286E-12 1.24393E-04 5.41795E-12 2.20975E-10 3.17139E-18 4.51128E-10 7.18570E-13 6.12242E-14
 6.28233E-15 1.47022E-31 3.44188E-07 1.27841E-16 2.76966E-21 1.13370E-18 2.62666E-11 1.00865E-14
 6.91567E-10 2.96769E-19 2.19247E-21 3.60017E-10 4.62526E-15 8.33429E-13 5.47174E-10 3.82921E-17
 9.13643E-03 1.79478E-17 2.96274E-12 6.80864E-10 2.05304E-08 1.65206E-21 1.58184E-04 8.37634E-04
 7.18380E-05 4.67900E-10 1.04793E-12 1.24393E-04 6.24631E-12 2.39172E-10 3.97694E-18 5.05143E-10
 1.10115E-12 6.00341E-14 8.22989E-15 7.02849E-31 3.44175E-07 1.49754E-16 3.31636E-21 1.33880E-18
 3.28974E-11 1.13920E-14 6.97922E-10 3.42605E-19 2.80994E-21 4.13299E-10 5.74757E-15 9.88024E-13
 5.96865E-10 4.62285E-17 7.61785E-03 2.12797E-17 3.12671E-12 7.91097E-10 2.20461E-08 2.01660E-21
 1.58184E-04 8.37628E-04 7.18288E-05 5.29777E-10 1.03527E-12 1.24393E-04 7.12748E-12 2.55864E-10
 4.93116E-18 5.54449E-10 1.69647E-12 5.80470E-14 1.04589E-14 1.24912E-30 3.44162E-07 1.75391E-16
 3.97090E-21 1.59367E-18 4.05499E-11 1.27380E-14 7.03753E-10 3.95187E-19 3.62027E-21 4.65677E-10
 6.96311E-15 1.15016E-12 6.42383E-10 5.56610E-17 6.20179E-03 2.49152E-17 3.27975E-12 9.10098E-10
 2.36413E-08 2.43155E-21 1.58184E-04 8.37622E-04 7.18191E-05 5.94728E-10 1.01739E-12 1.24392E-04
 8.01924E-12 2.69159E-10 5.95535E-18 5.98315E-10 2.61359E-12 5.50697E-14 1.31078E-14 6.48515E-30
 3.44147E-07 2.05559E-16 4.69834E-21 1.89691E-18 4.93289E-11 1.41129E-14 7.08962E-10 4.50365E-19
 4.64608E-21 5.15859E-10 8.23364E-15 1.31763E-12 6.83047E-10 6.68287E-17 5.02235E-03 2.88475E-17
 3.43541E-12 1.03843E-09 2.53089E-08 2.90057E-21 1.58184E-04 8.37616E-04 7.18089E-05 6.63063E-10
 1.00047E-12 1.24392E-04 8.82856E-12 2.77031E-10 6.96150E-18 6.36665E-10 4.02051E-12 5.10598E-14
 1.57997E-14 4.22070E-30 3.44132E-07 2.41319E-16 5.50079E-21 2.27183E-18 5.93521E-11 1.55043E-14
 7.13434E-10 5.08147E-19 5.94948E-21 5.62347E-10 9.51303E-15 1.48803E-12 7.18662E-10 8.01563E-17
 3.94411E-03 3.30863E-17 3.58918E-12 1.17675E-09 2.70388E-08 3.43326E-21 1.58184E-04 8.37610E-04
 7.17982E-05 7.35116E-10 9.81839E-13 1.24392E-04 9.62320E-12 2.81519E-10 7.97082E-18 6.70102E-10
 6.12069E-12 4.67461E-14 1.90439E-14 7.84937E-30 3.44115E-07 2.83840E-16 6.38138E-21 2.71919E-18
 7.07502E-11 1.69005E-14 7.17043E-10 5.68167E-19 7.58246E-21 6.03447E-10 1.07643E-14 1.65892E-12
 7.49258E-10 9.60409E-17 3.07448E-03 3.80204E-17 3.77225E-12 1.32575E-09 2.88220E-08 4.07666E-21
 1.58184E-04 8.37603E-04 7.17868E-05 8.11241E-10 9.67736E-13 1.24392E-04 1.04161E-11 2.83559E-10
 9.06593E-18 6.99518E-10 9.34071E-12 4.23498E-14 2.26413E-14 1.48803E-29 3.44098E-07 3.34666E-16
 7.41883E-21 3.27533E-18 8.36598E-11 1.82918E-14 7.19645E-10 6.36409E-19 9.70800E-21 6.37276E-10
 1.19574E-14 1.82790E-12 7.74758E-10 1.14603E-16 2.34978E-03 4.37849E-17 3.98285E-12 1.48569E-09
 3.06490E-08 4.84772E-21 1.58185E-04 8.37595E-04 7.17749E-05 8.91543E-10 9.52101E-13 1.24392E-04
 1.12192E-11 2.82918E-10 1.02887E-17 7.25796E-10 1.46943E-11 3.76796E-14 2.67268E-14 3.20031E-29
 3.44080E-07 3.95291E-16 8.65215E-21 3.96083E-18 9.82064E-11 1.96640E-14 7.21078E-10 7.14333E-19
 1.25581E-20 6.61743E-10 1.30398E-14 1.99241E-12 7.95238E-10 1.36057E-16 1.75035E-03 5.02318E-17
 4.20432E-12 1.65678E-09 3.25087E-08 5.73724E-21 1.58185E-04 8.37587E-04 7.17623E-05 9.76168E-10
 9.30889E-13 1.24392E-04 1.19875E-11 2.78308E-10 1.15508E-17 7.50078E-10 2.38383E-11 3.27154E-14
 3.11758E-14 5.94195E-29 3.44060E-07 4.66979E-16 1.00653E-20 4.79429E-18 1.14533E-10 2.09972E-14
 7.21160E-10 7.99027E-19 1.63621E-20 6.74594E-10 1.39189E-14 2.14977E-12 8.11031E-10 1.60598E-16
 1.26334E-03 5.60010E-17 4.32810E-12 1.83843E-09 3.43903E-08 6.59722E-21 1.58185E-04 8.37579E-04
 7.17490E-05 1.06496E-09 8.91026E-13 1.24392E-04 1.26571E-11 2.67838E-10 1.24762E-17 7.73294E-10
 3.86576E-11 2.74854E-14 3.55641E-14 1.21687E-28 3.44039E-07 5.50750E-16 1.13977E-20 5.70257E-18
 1.32735E-10 2.22707E-14 7.19685E-10 8.69429E-19 2.10899E-20 6.73397E-10 1.44842E-14 2.29745E-12
 8.23505E-10 1.90327E-16 8.93609E-04 6.08366E-17 4.40588E-12 2.03061E-09 3.62891E-08 7.43650E-21
 1.58185E-04 8.37570E-04 7.17349E-05 1.15818E-09 8.56916E-13 1.24392E-04 1.30478E-11 2.52510E-10
 1.27688E-17 7.96308E-10 5.79253E-11 2.28405E-14 3.97656E-14 2.38229E-28 3.44017E-07 6.49911E-16
 1.25693E-20 6.74146E-18 1.52893E-10 2.34904E-14 7.18166E-10 9.24163E-19 2.65137E-20 6.72983E-10
 1.48448E-14 2.43419E-12 8.34761E-10 2.29553E-16 7.57019E-04 6.90460E-17 4.71767E-12 2.23422E-09
 3.82068E-08 8.85476E-21 1.58185E-04 8.37560E-04 7.17200E-05 1.25642E-09 8.76252E-13 1.24392E-04
 1.34121E-11 2.41166E-10 1.33928E-17 8.19878E-10 7.82479E-11 1.98353E-14 3.92448E-14 4.65220E-28
 3.43993E-07 7.70562E-16 1.44199E-20 8.30010E-18 1.75123E-10 2.46944E-14 7.16597E-10 1.02463E-18
 3.33160E-20 6.73117E-10 1.52406E-14 2.56026E-12 8.45403E-10 2.78950E-16 6.45725E-04 7.91687E-17
 5.12046E-12 2.44868E-09 4.01498E-08 1.07163E-20 1.58186E-04 8.37549E-04 7.17041E-05 1.35947E-09
 9.13715E-13 1.24392E-04 1.38045E-11 2.32455E-10 1.41047E-17 8.44307E-10 1.00191E-10 1.76030E-14
 3.92967E-14 7.48036E-28 3.43968E-07 9.14440E-16 1.66836E-20 1.02592E-17 1.99547E-10 2.58930E-14
 7.14968E-10 1.14670E-18 4.15341E-20 6.73632E-10 1.56510E-14 2.67497E-12 8.55589E-10 3.38634E-16
 5.43130E-04 8.94600E-17 5.46429E-12 2.67267E-09 4.21189E-08 1.28034E-20 1.58186E-04 8.37538E-04
 7.16871E-05 1.46675E-09 9.42033E-13 1.24392E-04 1.42459E-11 2.23849E-10 1.46651E-17 8.69747E-10
 1.25764E-10 1.55441E-14 3.96119E-14 1.30220E-27 3.43940E-07 1.08114E-15 1.90328E-20 1.24419E-17
 2.26255E-10 2.70896E-14 7.13277E-10 1.26525E-18 5.13326E-20 6.74415E-10 1.59872E-14 2.77721E-12
 8.65830E-10 4.11461E-16 4.61435E-04 1.00703E-16 5.81979E-12 2.90563E-09 4.41148E-08 1.52746E-20
 1.58186E-04 8.37526E-04 7.16690E-05 1.57807E-09 9.71618E-13 1.24392E-04 1.46745E-11 2.15181E-10
 1.51221E-17 8.96387E-10 1.54795E-10 1.37063E-14 3.93766E-14 2.14972E-27 3.43911E-07 1.27275E-15
 2.16300E-20 1.49982E-17 2.55348E-10 2.83076E-14 7.11520E-10 1.39112E-18 6.31714E-20 6.75388E-10
 1.62516E-14 2.86649E-12 8.76807E-10 5.00772E-16 3.99229E-04 1.13293E-16 6.20981E-12 3.14746E-09
 4.61397E-08 1.82594E-20 1.58186E-04 8.37513E-04 7.16496E-05 1.69351E-09 1.00580E-12 1.24392E-04
 1.50851E-11 2.06715E-10 1.55037E-17 9.24476E-10 1.86729E-10 1.21002E-14 3.84607E-14 3.46843E-27
 3.43879E-07 1.49187E-15 2.45634E-20 1.80225E-17 2.86964E-10 2.95852E-14 7.09692E-10 1.52877E-18
 7.74798E-20 6.76504E-10 1.64659E-14 2.94279E-12 8.89780E-10 6.10563E-16 3.42277E-04 1.26975E-16
 6.60498E-12 3.40784E-09 4.82747E-08 2.17828E-20 1.58187E-04 8.37498E-04 7.16279E-05 1.81782E-09
 1.04045E-12 1.24392E-04 1.54862E-11 1.98439E-10 1.57850E-17 9.55436E-10 2.22389E-10 1.06784E-14
 3.77674E-14 5.51617E-27 3.43843E-07 1.75013E-15 2.78006E-20 2.15444E-17 3.22585E-10 3.10275E-14
 7.07715E-10 1.67220E-18 9.48768E-20 6.77776E-10 1.66581E-14 3.00887E-12 9.06344E-10 7.47073E-16
 2.96721E-04 1.42476E-16 7.01894E-12 3.69517E-09 5.05836E-08 2.60661E-20 1.58187E-04 8.37481E-04
 7.16033E-05 1.95516E-09 1.07852E-12 1.24392E-04 1.59342E-11 1.91394E-10 1.60886E-17 9.90616E-10
 2.61562E-10 9.48982E-15 3.71811E-14 8.64409E-27 3.43802E-07 2.06187E-15 3.15129E-20 2.56813E-17
 3.63657E-10 3.27641E-14 7.05523E-10 1.82744E-18 1.16266E-19 6.79228E-10 1.68912E-14 3.06611E-12
 9.30124E-10 9.23416E-16 2.54377E-04 1.62414E-16 7.54203E-12 4.04131E-09 5.33078E-08 3.17768E-20
 1.58187E-04 8.37459E-04 7.15725E-05 2.12098E-09 1.13286E-12 1.24392E-04 1.65126E-11 1.87798E-10
 1.67059E-17 1.03441E-09 3.05752E-10 8.67401E-15 3.82295E-14 1.34193E-26 3.43750E-07 2.47497E-15
 3.62919E-20 3.09100E-17 4.15240E-10 3.51276E-14 7.02873E-10 2.01688E-18 1.43287E-19 6.81011E-10
 1.73105E-14 3.11905E-12 9.68333E-10 1.16657E-15 2.54436E-04 1.93255E-16 8.37710E-12 4.50907E-09
 5.69104E-08 4.06220E-20 1.58187E-04 8.37429E-04 7.15297E-05 2.34573E-09 1.23183E-12 1.24391E-04
 1.73572E-11 1.91473E-10 1.82140E-17 1.09576E-09 3.59153E-10 8.46359E-15 3.79134E-14 2.08813E-26
 3.43677E-07 3.09403E-15 4.36031E-20 3.84962E-17 4.87825E-10 3.88171E-14 6.99280E-10 2.29380E-18
 1.78812E-19 6.83442E-10 1.81445E-14 3.17278E-12 1.03130E-09 1.50980E-15 2.54525E-04 2.37793E-16
 9.44846E-12 5.18140E-09 6.19902E-08 5.38236E-20 1.58188E-04 8.37384E-04 7.14657E-05 2.67013E-09
 1.36791E-12 1.24391E-04 1.86173E-11 2.03793E-10 2.08639E-17 1.18761E-09 4.32296E-10 8.83567E-15
 4.13353E-14 3.33964E-26 3.43568E-07 4.07720E-15 5.42905E-20 4.93869E-17 5.96899E-10 4.49909E-14
 6.94081E-10 2.64760E-18 2.26985E-19 6.86942E-10 1.95922E-14 3.22765E-12 1.12625E-09 1.98537E-15
 2.54654E-04 2.95226E-16 1.05799E-11 6.10496E-09 6.88362E-08 7.18663E-20 1.58189E-04 8.37318E-04
 7.13740E-05 3.11800E-09 1.51865E-12 1.24391E-04 2.01645E-11 2.21496E-10 2.43949E-17 1.31991E-09
 5.37606E-10 9.51422E-15 4.77983E-14 5.71189E-26 3.43411E-07 5.58380E-15 6.85836E-20 6.45460E-17
 7.54386E-10 5.48868E-14 6.86871E-10 3.02871E-18 2.93264E-19 6.91761E-10 2.16108E-14 3.27486E-12
 1.27042E-09 2.68627E-15 2.54847E-04 3.80566E-16 1.21002E-11 7.41691E-09 7.83433E-08 9.98389E-20
 1.58190E-04 8.37219E-04 7.12378E-05 3.75771E-09 1.73091E-12 1.24390E-04 2.21772E-11 2.51112E-10
 2.99393E-17 1.51764E-09 6.91228E-10 1.10066E-14 6.15701E-14 1.04126E-25 3.43175E-07 8.07246E-15
 9.04647E-20 8.83274E-17 9.90126E-10 7.14293E-14 6.76542E-10 3.50369E-18 3.85855E-19 6.98592E-10
 2.46620E-14 3.30774E-12 1.47499E-09 3.72193E-15 2.55129E-04 5.04994E-16 1.40457E-11 9.21808E-09
 9.10568E-08 1.42967E-19 1.58191E-04 8.37076E-04 7.10415E-05 4.64118E-09 2.01416E-12 1.24390E-04
 2.46978E-11 2.94647E-10 3.81642E-17 1.80474E-09 9.12943E-10 1.35016E-14 8.65913E-14 2.01701E-25
 3.42832E-07 1.22122E-14 1.23814E-19 1.25881E-16 1.33310E-09 9.83915E-14 6.62238E-10 4.06296E-18
 5.13655E-19 7.07922E-10 2.89647E-14 3.31064E-12 1.73196E-09 5.17913E-15 2.55514E-04 6.64961E-16
 1.62207E-11 1.15053E-08 1.06717E-07 2.02715E-19 1.58192E-04 8.36880E-04 7.07775E-05 5.77020E-09
 2.33771E-12 1.24389E-04 2.71042E-11 3.41495E-10 4.76738E-17 2.19313E-09 1.22535E-09 1.63792E-14
 1.19564E-13 4.21493E-25 3.42366E-07 1.88409E-14 1.70029E-19 1.83211E-16 1.79879E-09 1.39420E-13
 6.43895E-10 4.60369E-18 6.83624E-19 7.19664E-10 3.40686E-14 3.26256E-12 2.09838E-09 7.42001E-15
 2.56129E-04 8.96966E-16 1.90162E-11 1.48787E-08 1.29051E-07 2.93657E-19 1.58194E-04 8.36568E-04
 7.03621E-05 7.44723E-09 2.77553E-12 1.24387E-04 2.93972E-11 4.01446E-10 6.03301E-17 2.80789E-09
 1.73582E-09 2.06943E-14 1.74257E-13 1.04534E-24 3.41625E-07 3.17204E-14 2.44379E-19 2.87595E-16
 2.53975E-09 2.13418E-13 6.16568E-10 5.11612E-18 9.18880E-19 7.36716E-10 4.12916E-14 3.13261E-12
 2.53131E-09 1.06090E-14 2.56959E-04 1.20284E-15 2.22024E-11 1.90309E-08 1.55745E-07 4.22291E-19
 1.58197E-04 8.36147E-04 6.98106E-05 9.52752E-09 3.29737E-12 1.24385E-04 3.16479E-11 4.67173E-10
 7.52492E-17 3.62805E-09 2.43501E-09 2.58353E-14 2.47927E-13 2.67989E-24 3.40629E-07 5.36811E-14
 3.54916E-19 4.58247E-16 3.53591E-09 3.27111E-13 5.82564E-10 5.56271E-18 1.20709E-18 7.57207E-10
 4.99225E-14 2.92120E-12 2.99241E-09 1.49113E-14 2.57989E-04 1.57564E-15 2.55683E-11 2.36580E-08
 1.84970E-07 5.92078E-19 1.58199E-04 8.35625E-04 6.91393E-05 1.18659E-08 3.86803E-12 1.24382E-04
 3.36624E-11 5.28237E-10 9.05650E-17 4.63123E-09 3.31671E-09 3.08118E-14 3.27302E-13 6.78440E-24
 3.39398E-07 8.86316E-14 5.09845E-19 7.21178E-16 4.76662E-09 4.87597E-13 5.44182E-10 5.90434E-18
 1.53252E-18 7.79272E-10 5.91064E-14 2.64941E-12 3.49212E-09 2.07318E-14 2.59297E-04 2.02542E-15
 2.91109E-11 2.88419E-08 2.17807E-07 8.11988E-19 1.58200E-04 8.34965E-04 6.83059E-05 1.45135E-08
 4.49789E-12 1.24379E-04 3.52114E-11 5.80654E-10 1.05293E-16 5.88417E-09 4.44863E-09 3.52981E-14
 4.03867E-13 1.77212E-23 3.37845E-07 1.45554E-13 7.30366E-19 1.13943E-15 6.31954E-09 7.20166E-13
 5.00505E-10 6.09232E-18 1.88707E-18 8.02852E-10 6.88980E-14 2.32917E-12 4.01734E-09 2.84311E-14
 2.60825E-04 2.56603E-15 3.27323E-11 3.41070E-08 2.52460E-07 1.09716E-18 1.58201E-04 8.34194E-04
 6.73550E-05 1.72382E-08 5.17817E-12 1.24375E-04 3.71160E-11 6.34139E-10 1.21255E-16 7.32923E-09
 5.75592E-09 3.96582E-14 4.84333E-13 4.35383E-23 3.36040E-07 2.30124E-13 1.03723E-18 1.75572E-15
 8.12383E-09 1.03683E-12 4.55302E-10 6.19507E-18 2.25460E-18 8.25300E-10 7.89195E-14 2.01067E-12
 4.64535E-09 3.91600E-14 2.62722E-04 3.28670E-15 3.66784E-11 3.96953E-08 2.92260E-07 1.49929E-18
 1.58200E-04 8.33239E-04 6.62042E-05 2.01792E-08 5.99764E-12 1.24370E-04 4.04661E-11 7.17854E-10
 1.45166E-16 9.10699E-09 7.31897E-09 4.64500E-14 6.22636E-13 1.01631E-22 3.33813E-07 3.60646E-13
 1.50254E-18 2.69197E-15 1.03502E-08 1.50899E-12 4.06216E-10 6.22353E-18 2.62901E-18 8.47084E-10
 9.07883E-14 1.70101E-12 5.36463E-09 5.38041E-14 2.64951E-04 4.20028E-15 4.07598E-11 4.52052E-08
 3.36353E-07 2.04345E-18 1.58197E-04 8.32119E-04 6.48883E-05 2.31350E-08 6.93208E-12 1.24364E-04
 4.50528E-11 8.26485E-10 1.76374E-16 1.11818E-08 9.08632E-09 5.52546E-14 8.22939E-13 2.23653E-22
 3.31212E-07 5.50293E-13 2.17805E-18 4.05764E-15 1.29505E-08 2.17947E-12 3.56443E-10 6.14762E-18
 2.99075E-18 8.65969E-10 1.03544E-13 1.41428E-12 6.16247E-09 7.35399E-14 2.67501E-04 5.32236E-15
 4.48767E-11 5.03846E-08 3.84504E-07 2.75802E-18 1.58190E-04 8.30840E-04 6.34271E-05 2.59692E-08
 7.96604E-12 1.24358E-04 5.05990E-11 9.53876E-10 2.13844E-16 1.35394E-08 1.10276E-08 6.55884E-14
 1.08493E-12 4.70104E-22 3.28256E-07 8.16531E-13 3.13141E-18 6.00819E-15 1.59048E-08 3.10184E-12
 3.08036E-10 5.95543E-18 3.31822E-18 8.80514E-10 1.16338E-13 1.15413E-12 7.05594E-09 1.00231E-13
 2.70410E-04 6.71475E-15 4.90505E-11 5.51402E-08 4.37507E-07 3.70076E-18 1.58180E-04 8.29385E-04
 6.18115E-05 2.86177E-08 9.11845E-12 1.24350E-04 5.74461E-11 1.10853E-09 2.60278E-16 1.62127E-08
 1.31352E-08 7.82253E-14 1.44164E-12 9.46039E-22 3.24908E-07 1.18392E-12 4.47928E-18 8.76316E-15
 1.92520E-08 4.36522E-12 2.61729E-10 5.66095E-18 3.59180E-18 8.89923E-10 1.29125E-13 9.23392E-13
 8.04818E-09 1.36043E-13 2.73649E-04 8.43796E-15 5.32671E-11 5.93059E-08 4.94813E-07 4.94008E-18
 1.58164E-04 8.27767E-04 6.00708E-05 3.09599E-08 1.03827E-11 1.24343E-04 6.59442E-11 1.29639E-09
 3.18209E-16 1.91698E-08 1.53481E-08 9.35631E-14 1.92590E-12 1.80437E-21 3.21205E-07 1.67096E-12
 6.35739E-18 1.25326E-14 2.29525E-08 6.04408E-12 2.19080E-10 5.30006E-18 3.80192E-18 8.93461E-10
 1.41531E-13 7.27082E-13 9.16098E-09 1.83980E-13 2.77250E-04 1.05824E-14 5.75454E-11 6.28541E-08
 5.56714E-07 6.57016E-18 1.58143E-04 8.25971E-04 5.82009E-05 3.29407E-08 1.17636E-11 1.24334E-04
 7.64511E-11 1.52491E-09 3.91214E-16 2.24304E-08 1.76512E-08 1.12204E-13 2.58519E-12 3.28740E-21
 3.17117E-07 2.30527E-12 8.97162E-18 1.76242E-14 2.70372E-08 8.25048E-12 1.80386E-10 4.88699E-18
 3.93923E-18 8.90880E-10 1.53490E-13 5.63369E-13 1.04023E-08 2.47542E-13 2.81195E-04 1.32529E-14
 6.19048E-11 6.57329E-08 6.22308E-07 8.71031E-18 1.58114E-04 8.24008E-04 5.62240E-05 3.44838E-08
 1.32479E-11 1.24325E-04 8.94200E-11 1.80047E-09 4.83533E-16 2.59611E-08 1.99960E-08 1.34432E-13
 3.46783E-12 5.70759E-21 3.12672E-07 3.10629E-12 1.25792E-17 2.43259E-14 3.14794E-08 1.10669E-11
 1.46254E-10 4.45077E-18 4.00356E-18 8.82201E-10 1.64821E-13 4.30855E-13 1.17929E-08 3.31290E-13
 2.85522E-04 1.65981E-14 6.63726E-11 6.79564E-08 6.91223E-07 1.15209E-17 1.58076E-04 8.21859E-04
 5.41346E-05 3.55499E-08 1.48304E-11 1.24315E-04 1.05389E-10 2.13107E-09 6.01210E-16 2.97692E-08
 2.23742E-08 1.60619E-13 4.63466E-12 9.51666E-21 3.07832E-07 4.10301E-12 1.75633E-17 3.30359E-14
 3.63147E-08 1.46015E-11 1.16521E-10 4.00122E-18 3.99187E-18 8.67583E-10 1.75554E-13 3.25064E-13
 1.33288E-08 4.40042E-13 2.90207E-04 2.07688E-14 7.09394E-11 6.95101E-08 7.61751E-07 1.51834E-17
 1.58029E-04 8.19536E-04 5.19569E-05 3.60917E-08 1.64777E-11 1.24304E-04 1.24796E-10 2.51652E-09
 7.49608E-16 3.37963E-08 2.47518E-08 1.89993E-13 6.10294E-12 1.52911E-20 3.02631E-07 5.30960E-12
 2.43876E-17 4.40956E-14 4.15101E-08 1.88780E-11 9.12881E-11 3.55628E-18 3.91116E-18 8.47536E-10
 1.85465E-13 2.42408E-13 1.50122E-08 5.79386E-13 2.95239E-04 2.59706E-14 7.55998E-11 7.03969E-08
 8.32214E-07 1.99368E-17 1.57971E-04 8.17046E-04 4.97080E-05 3.60849E-08 1.81585E-11 1.24293E-04
 1.48326E-10 2.95857E-09 9.36969E-16 3.79889E-08 2.71053E-08 2.21685E-13 7.87725E-12 2.37539E-20
 2.97088E-07 6.73441E-12 3.36906E-17 5.78384E-14 4.70465E-08 2.38828E-11 7.03237E-11 3.12827E-18
 3.77076E-18 8.22710E-10 1.94533E-13 1.78898E-13 1.68476E-08 7.55550E-13 3.00591E-04 3.24829E-14
 8.03550E-11 7.06194E-08 9.00688E-07 2.61040E-17 1.57901E-04 8.14403E-04 4.74105E-05 3.55243E-08
 1.98403E-11 1.24282E-04 1.77010E-10 3.46152E-09 1.17580E-15 4.22787E-08 2.94007E-08 2.54755E-13
 9.94982E-12 3.56703E-20 2.91239E-07 8.36924E-12 4.63365E-17 7.44933E-14 5.28883E-08 2.95370E-11
 5.32911E-11 2.72872E-18 3.58448E-18 7.93930E-10 2.02898E-13 1.30931E-13 1.88337E-08 9.74996E-13
 3.06215E-04 4.06509E-14 8.51805E-11 7.01799E-08 9.65107E-07 3.40941E-17 1.57818E-04 8.11631E-04
 4.50934E-05 3.44277E-08 2.14834E-11 1.24270E-04 2.12048E-10 4.02606E-09 1.48194E-15 4.65856E-08
 3.15955E-08 2.87668E-13 1.22654E-11 5.18488E-20 2.85141E-07 1.01856E-11 6.34587E-17 9.41478E-14
 5.89777E-08 3.56900E-11 3.97848E-11 2.36583E-18 3.36981E-18 7.62174E-10 2.10558E-13 9.52793E-14
 2.10010E-08 1.24543E-12 3.12141E-04 5.09838E-14 9.00164E-11 6.90690E-08 1.02446E-06 4.44634E-17
 1.57722E-04 8.08716E-04 4.27524E-05 3.28144E-08 2.30561E-11 1.24258E-04 2.55217E-10 4.65954E-09
 1.88138E-15 5.08999E-08 3.36706E-08 3.19380E-13 1.47875E-11 7.34639E-20 2.78769E-07 1.21625E-11
 8.67803E-17 1.16998E-13 6.53417E-08 4.22666E-11 2.91770E-11 2.03480E-18 3.13354E-18 7.27950E-10
 2.17865E-13 6.88233E-14 2.33779E-08 1.57459E-12 3.18313E-04 6.41944E-14 9.48273E-11 6.72851E-08
 1.07708E-06 5.80151E-17 1.57611E-04 8.05686E-04 4.04163E-05 3.07343E-08 2.45231E-11 1.24246E-04
 3.09190E-10 5.37511E-09 2.41447E-15 5.51620E-08 3.55473E-08 3.49000E-13 1.74905E-11 1.01264E-19
 2.72186E-07 1.42330E-11 1.18643E-16 1.42826E-13 7.19158E-08 4.91089E-11 2.10377E-11 1.74021E-18
 2.89164E-18 6.92190E-10 2.25255E-13 4.94749E-14 2.60317E-08 1.97168E-12 3.24703E-04 8.14133E-14
 9.95839E-11 6.48291E-08 1.12187E-06 7.59982E-17 1.57485E-04 8.02555E-04 3.81010E-05 2.82481E-08
 2.58628E-11 1.24234E-04 3.78339E-10 6.20478E-09 3.15277E-15 5.93498E-08 3.71300E-08 3.76810E-13
 2.04535E-11 1.35422E-19 2.65427E-07 1.63153E-11 1.62642E-16 1.71248E-13 7.86658E-08 5.61432E-11
 1.49034E-11 1.48211E-18 2.65505E-18 6.55585E-10 2.33513E-13 3.54588E-14 2.90746E-08 2.44772E-12
 3.31331E-04 1.04480E-13 1.04229E-10 6.16905E-08 1.15811E-06 1.00398E-16 1.57342E-04 7.99314E-04
 3.58054E-05 2.54156E-08 2.70617E-11 1.24222E-04 4.69855E-10 7.20721E-09 4.22667E-15 6.34811E-08
 3.83052E-08 4.04142E-13 2.38974E-11 1.75178E-19 2.58477E-07 1.83161E-11 2.24577E-16 2.01739E-13
 8.56065E-08 6.34065E-11 1.03334E-11 1.25589E-18 2.42700E-18 6.18472E-10 2.43791E-13 2.53260E-14
 3.26288E-08 3.01580E-12 3.38188E-04 1.36341E-13 1.08723E-10 5.78862E-08 1.18485E-06 1.34444E-16
 1.57183E-04 7.95967E-04 3.35383E-05 2.23312E-08 2.81330E-11 1.24210E-04 5.94999E-10 8.47065E-09
 5.86844E-15 6.75552E-08 3.89181E-08 4.32936E-13 2.81725E-11 2.17352E-19 2.51349E-07 2.01149E-11
 3.13591E-16 2.33402E-13 9.27246E-08 7.09133E-11 6.98815E-12 1.05833E-18 2.20903E-18 5.81272E-10
 2.57678E-13 1.80289E-14 3.68052E-08 3.69088E-12 3.45301E-04 1.81565E-13 1.12978E-10 5.34486E-08
 1.20111E-06 1.83147E-16 1.57004E-04 7.92502E-04 3.12990E-05 1.91056E-08 2.91103E-11 1.24198E-04
 7.70392E-10 1.01070E-08 8.48501E-15 7.15767E-08 3.88110E-08 4.64565E-13 3.36700E-11 2.56970E-19
 2.44024E-07 2.15970E-11 4.44208E-16 2.65275E-13 1.00040E-07 7.86312E-11 4.57928E-12 8.82630E-19
 1.99543E-18 5.44178E-10 2.76942E-13 1.27404E-14 4.15787E-08 4.48450E-12 3.52617E-04 2.46286E-13
 1.16808E-10 4.85137E-08 1.20595E-06 2.53363E-16 1.56806E-04 7.88946E-04 2.91135E-05 1.59116E-08
 3.00060E-11 1.24187E-04 1.01664E-09 1.21971E-08 1.27156E-14 7.54788E-08 3.78642E-08 4.96619E-13
 4.04332E-11 2.90294E-19 2.36566E-07 2.26632E-11 6.37204E-16 2.96257E-13 1.07490E-07 8.62533E-11
 2.89981E-12 7.24602E-19 1.78696E-18 5.07769E-10 3.02570E-13 8.89891E-15 4.68156E-08 5.40580E-12
 3.60107E-04 3.38669E-13 1.20038E-10 4.32753E-08 1.19933E-06 3.54149E-16 1.56589E-04 7.85312E-04
 2.69995E-05 1.29215E-08 3.08329E-11 1.24175E-04 1.35868E-09 1.47834E-08 1.95499E-14 7.91856E-08
 3.60367E-08 5.24529E-13 4.81049E-11 3.16844E-19 2.29011E-07 2.32970E-11 9.22365E-16 3.25706E-13
 1.15038E-07 9.33502E-11 1.76813E-12 5.80464E-19 1.58472E-18 4.72436E-10 3.34490E-13 6.09445E-15
 5.23204E-08 6.46884E-12 3.67781E-04 4.69354E-13 1.22810E-10 3.79680E-08 1.18229E-06 4.97345E-16
 1.56351E-04 7.81596E-04 2.49654E-05 1.02830E-08 3.17001E-11 1.24164E-04 1.82288E-09 1.78558E-08
 3.03962E-14 8.26181E-08 3.33739E-08 5.44492E-13 5.59806E-11 3.37468E-19 2.21362E-07 2.36024E-11
 1.34084E-15 3.54006E-13 1.22680E-07 9.94619E-11 1.03251E-12 4.48642E-19 1.38938E-18 4.38373E-10
 3.72512E-13 4.04458E-15 5.78430E-08 7.69794E-12 3.75617E-04 6.50748E-13 1.25662E-10 3.28712E-08
 1.15723E-06 6.97249E-16 1.56093E-04 7.77809E-04 2.30286E-05 8.10724E-09 3.28127E-11 1.24154E-04
 2.42675E-09 2.12981E-08 4.68807E-14 8.56674E-08 3.00537E-08 5.54409E-13 6.30352E-11 3.54547E-19
 2.13654E-07 2.37931E-11 1.94408E-15 3.82856E-13 1.30383E-07 1.04145E-10 5.75798E-13 3.31464E-19
 1.20760E-18 4.05881E-10 4.16254E-13 2.57189E-15 6.31610E-08 9.12781E-12 3.83622E-04 8.96952E-13
 1.29207E-10 2.82084E-08 1.12744E-06 9.70344E-16 1.55813E-04 7.73948E-04 2.11988E-05 6.41962E-09
 3.43622E-11 1.24143E-04 3.17458E-09 2.49188E-08 7.05881E-14 8.82312E-08 2.63551E-08 5.54600E-13
 6.83530E-11 3.72703E-19 2.05893E-07 2.41143E-11 2.79599E-15 4.14882E-13 1.38140E-07 1.07145E-10
 3.05388E-13 2.31985E-19 1.04887E-18 3.75099E-10 4.65399E-13 1.54887E-15 6.80864E-08 1.08077E-11
 3.91747E-04 1.22257E-12 1.34019E-10 2.41550E-08 1.09634E-06 1.33519E-15 1.55513E-04 7.70037E-04
 1.94969E-05 5.18486E-09 3.65086E-11 1.24133E-04 4.05241E-09 2.84874E-08 1.02503E-13 9.01948E-08
 2.26056E-08 5.47629E-13 7.14488E-11 3.96202E-19 1.98143E-07 2.47661E-11 3.96898E-15 4.52836E-13
 1.45888E-07 1.08361E-10 1.54148E-13 1.53347E-19 9.23746E-19 3.46331E-10 5.20477E-13 8.78477E-16
 7.25399E-08 1.28007E-11 3.99956E-04 1.64309E-12 1.40460E-10 2.07755E-08 1.06623E-06 1.81382E-15
 1.55196E-04 7.66092E-04 1.79361E-05 4.31834E-09 3.93579E-11 1.24123E-04 5.03756E-09 3.18294E-08
 1.42812E-13 9.14709E-08 1.90693E-08 5.37146E-13 7.24184E-11 4.26542E-19 1.90451E-07 2.58485E-11
 5.54448E-15 4.98721E-13 1.53580E-07 1.07822E-10 7.41468E-14 9.56890E-20 8.36137E-19 3.19740E-10
 5.84293E-13 4.68257E-16 7.65269E-08 1.51762E-11 4.08235E-04 2.17482E-12 1.48603E-10 1.80423E-08
 1.03794E-06 2.43272E-15 1.54862E-04 7.62120E-04 1.65212E-05 3.72254E-09 4.29409E-11 1.24114E-04
 6.10986E-09 3.48522E-08 1.91005E-13 9.20018E-08 1.59028E-08 5.25810E-13 7.16429E-11 4.62545E-19
 1.82840E-07 2.73550E-11 7.61260E-15 5.53258E-13 1.61191E-07 1.05606E-10 3.40060E-14 5.63585E-20
 7.83442E-19 2.95344E-10 6.57805E-13 2.34496E-16 8.00861E-08 1.80058E-11 4.16549E-04 2.83351E-12
 1.58321E-10 1.58835E-08 1.01121E-06 3.22363E-15 1.54514E-04 7.58137E-04 1.52564E-05 3.31382E-09
 4.72209E-11 1.24105E-04 7.25580E-09 3.75169E-08 2.45960E-13 9.17545E-08 1.31730E-08 5.14667E-13
 6.95051E-11 5.01021E-19 1.75354E-07 2.91957E-11 1.02659E-14 6.15811E-13 1.68680E-07 1.01805E-10
 1.49093E-14 3.14019E-20 7.59649E-19 2.73161E-10 7.51749E-13 1.10665E-16 8.32840E-08 2.13633E-11
 4.24868E-04 3.63415E-12 1.69417E-10 1.42041E-08 9.85308E-07 4.22540E-15 1.54154E-04 7.54158E-04
 1.41409E-05 3.02952E-09 5.21321E-11 1.24096E-04 8.46973E-09 3.98202E-08 3.06169E-13 9.07255E-08
 1.08764E-08 5.03729E-13 6.63100E-11 5.37323E-19 1.68025E-07 3.12378E-11 1.35966E-14 6.84764E-13
 1.76012E-07 9.65479E-11 6.26619E-15 1.65998E-20 7.57250E-19 2.53142E-10 8.83953E-13 4.94159E-17
 8.62067E-08 2.53310E-11 4.33152E-04 4.58961E-12 1.81764E-10 1.29128E-08 9.59448E-07 5.48623E-15
 1.53786E-04 7.50200E-04 1.31709E-05 2.82894E-09 5.76290E-11 1.24088E-04 9.74728E-09 4.17668E-08
 3.69575E-13 8.89392E-08 8.97422E-09 4.92648E-13 6.22855E-11 5.65852E-19 1.60892E-07 3.33425E-11
 1.76852E-14 7.58004E-13 1.83149E-07 9.00249E-11 2.53439E-15 8.35960E-21 7.69363E-19 2.35214E-10
 1.08430E-12 2.09865E-17 8.89526E-08 3.00054E-11 4.41366E-04 5.70972E-12 1.95369E-10 1.19302E-08
 9.33047E-07 7.06608E-15 1.53413E-04 7.46280E-04 1.23387E-05 2.68774E-09 6.37161E-11 1.24080E-04
 1.10808E-08 4.33620E-08 4.33503E-13 8.64433E-08 7.41171E-09 4.81054E-13 5.76081E-11 5.80988E-19
 1.53985E-07 3.53913E-11 2.25909E-14 8.33350E-13 1.90061E-07 8.24938E-11 9.89481E-16 4.02446E-21
 7.90537E-19 2.19257E-10 1.40777E-12 8.51246E-18 9.15659E-08 3.54886E-11 4.49423E-04 6.99774E-12
 2.10196E-10 1.11965E-08 9.05978E-07 9.03520E-15 1.53040E-04 7.42438E-04 1.16386E-05 2.59090E-09
 7.03554E-11 1.24072E-04 1.24575E-08 4.45914E-08 4.94845E-13 8.33239E-08 6.13723E-09 4.68271E-13
 5.24400E-11 5.80851E-19 1.47373E-07 3.72817E-11 2.83385E-14 9.08625E-13 1.96680E-07 7.43173E-11
 3.75899E-16 1.86725E-21 8.18191E-19 2.05224E-10 1.94311E-12 3.32659E-18 9.40607E-08 4.18913E-11
 4.57257E-04 8.45200E-12 2.26195E-10 1.06616E-08 8.78331E-07 1.14748E-14 1.52672E-04 7.38706E-04
 1.10594E-05 2.52823E-09 7.75012E-11 1.24065E-04 1.38612E-08 4.54400E-08 5.50563E-13 7.96845E-08
 5.09898E-09 4.53766E-13 4.69586E-11 5.66639E-19 1.41099E-07 3.89471E-11 3.49284E-14 9.82150E-13
 2.02960E-07 6.58820E-11 1.40039E-16 8.41835E-22 8.51268E-19 1.92988E-10 2.83278E-12 1.26322E-18
 9.64422E-08 4.93326E-11 4.64860E-04 1.00673E-11 2.43324E-10 1.02849E-08 8.50219E-07 1.44762E-14
 1.52311E-04 7.35085E-04 1.05848E-05 2.49304E-09 8.51237E-11 1.24058E-04 1.52732E-08 4.58990E-08
 5.98014E-13 7.56151E-08 4.24885E-09 4.37220E-13 4.13392E-11 5.41326E-19 1.35158E-07 4.03617E-11
 4.23471E-14 1.05292E-12 2.08908E-07 5.75118E-11 5.13163E-17 3.70162E-22 8.89360E-19 1.82333E-10
 4.29967E-12 4.67910E-19 9.87000E-08 5.79458E-11 4.72202E-04 1.18314E-11 2.61571E-10 1.00387E-08
 8.21873E-07 1.81388E-14 1.51959E-04 7.31590E-04 1.02002E-05 2.48178E-09 9.32070E-11 1.24051E-04
 1.66670E-08 4.59570E-08 6.34719E-13 7.12173E-08 3.55018E-09 4.18565E-13 3.57651E-11 5.08452E-19
 1.29558E-07 4.15219E-11 5.05447E-14 1.12040E-12 2.14515E-07 4.94921E-11 1.85814E-17 1.59564E-22
 9.32845E-19 1.73085E-10 6.62354E-12 1.69921E-19 1.00817E-07 6.78801E-11 4.79248E-04 1.37251E-11
 2.80945E-10 9.90379E-09 7.93527E-07 2.25676E-14 1.51621E-04 7.28236E-04 9.89206E-06 2.49260E-09
 1.01756E-10 1.24045E-04 1.80110E-08 4.56091E-08 6.58685E-13 6.65962E-08 2.97384E-09 3.97941E-13
 3.04080E-11 4.71275E-19 1.24308E-07 4.24413E-11 5.94362E-14 1.18442E-12 2.19771E-07 4.20384E-11
 6.68430E-18 6.78304E-23 9.82424E-19 1.65090E-10 1.01374E-11 6.08433E-20 1.02754E-07 7.92848E-11
 4.85981E-04 1.57248E-11 3.01373E-10 9.86475E-09 7.65368E-07 2.78650E-14 1.51297E-04 7.25032E-04
 9.64700E-06 2.52366E-09 1.10744E-10 1.24039E-04 1.92743E-08 4.48587E-08 6.68966E-13 6.18445E-08
 2.49561E-09 3.75507E-13 2.54073E-11 4.33179E-19 1.19405E-07 4.31417E-11 6.89266E-14 1.24512E-12
 2.24680E-07 3.52788E-11 2.39797E-18 2.85619E-23 1.03918E-18 1.58191E-10 1.51459E-11 2.15713E-20
 1.04451E-07 9.23025E-11 4.92378E-04 1.78024E-11 3.22680E-10 9.90976E-09 7.37540E-07 3.41232E-14
 1.50991E-04 7.21987E-04 9.45300E-06 2.57300E-09 1.20097E-10 1.24033E-04 2.04276E-08 4.37173E-08
 6.65668E-13 5.70509E-08 2.09618E-09 3.51489E-13 2.08679E-11 3.97115E-19 1.14847E-07 4.36452E-11
 7.89162E-14 1.30280E-12 2.29244E-07 2.92758E-11 8.60570E-19 1.19577E-23 1.10474E-18 1.52252E-10
 2.01775E-11 7.59912E-21 1.05858E-07 1.07093E-10 4.98369E-04 1.99258E-11 3.44694E-10 1.00299E-08
 7.10209E-07 4.14251E-14 1.50707E-04 7.19134E-04 9.30065E-06 2.63935E-09 1.29751E-10 1.24028E-04
 2.14438E-08 4.22130E-08 6.49616E-13 5.23326E-08 1.76205E-09 3.26393E-13 1.68747E-11 3.64634E-19
 1.10662E-07 4.39699E-11 8.92766E-14 1.35770E-12 2.33434E-07 2.40677E-11 3.11601E-19 5.02310E-24
 1.18108E-18 1.47192E-10 2.42822E-11 2.68370E-21 1.06957E-07 1.23843E-10 5.03917E-04 2.20625E-11
 3.67359E-10 1.02188E-08 6.83395E-07 4.98481E-14 1.50446E-04 7.16491E-04 9.18096E-06 2.72292E-09
 1.39717E-10 1.24023E-04 2.22983E-08 4.03921E-08 6.22156E-13 4.77824E-08 1.48201E-09 3.00815E-13
 1.34550E-11 3.35751E-19 1.06859E-07 4.41351E-11 9.98585E-14 1.41000E-12 2.37241E-07 1.96297E-11
 1.14706E-19 2.13506E-24 1.26970E-18 1.42915E-10 2.75572E-11 9.57909E-22 1.07731E-07 1.42718E-10
 5.09026E-04 2.41801E-11 3.90553E-10 1.04732E-08 6.57008E-07 5.94449E-14 1.50210E-04 7.14055E-04
 9.08551E-06 2.82427E-09 1.49974E-10 1.24018E-04 2.29723E-08 3.83043E-08 5.85305E-13 4.34486E-08
 1.24619E-09 2.75162E-13 1.05858E-11 3.10684E-19 1.03415E-07 4.41580E-11 1.10537E-13 1.45992E-12
 2.40688E-07 1.58881E-11 4.30429E-20 9.22066E-25 1.37235E-18 1.39305E-10 3.01141E-11 3.46941E-22
 1.08173E-07 1.63881E-10 5.13695E-04 2.62477E-11 4.14140E-10 1.07914E-08 6.30977E-07 7.02477E-14
 1.49999E-04 7.11827E-04 9.00776E-06 2.94474E-09 1.60489E-10 1.24014E-04 2.34534E-08 3.60063E-08
 5.41407E-13 3.93770E-08 1.04743E-09 2.49868E-13 8.22742E-12 2.89421E-19 1.00315E-07 4.40508E-11
 1.21191E-13 1.50758E-12 2.43792E-07 1.27701E-11 1.65315E-20 4.07488E-25 1.49116E-18 1.36271E-10
 3.20423E-11 1.28409E-22 1.08343E-07 1.87580E-10 5.17931E-04 2.82327E-11 4.38398E-10 1.11749E-08
 6.05096E-07 8.23068E-14 1.49812E-04 7.09802E-04 8.94247E-06 3.08923E-09 1.71486E-10 1.24010E-04
 2.37262E-08 3.35657E-08 4.92267E-13 3.55975E-08 8.80081E-10 2.25396E-13 6.32074E-12 2.70172E-19
 9.75386E-08 4.38215E-11 1.31611E-13 1.55264E-12 2.46571E-07 1.01953E-11 6.52343E-21 1.86269E-25
 1.62660E-18 1.33729E-10 3.34214E-11 4.90882E-23 1.08278E-07 2.14031E-10 5.21757E-04 3.01035E-11
 4.63493E-10 1.16239E-08 5.79160E-07 9.56467E-14 1.49649E-04 7.07972E-04 8.88528E-06 3.26207E-09
 1.83142E-10 1.24006E-04 2.37828E-08 3.10417E-08 4.39962E-13 3.21179E-08 7.39062E-10 2.02005E-13
 4.80042E-12 2.51991E-19 9.50588E-08 4.34684E-11 1.41608E-13 1.59465E-12 2.49053E-07 8.08336E-12
 2.65020E-21 8.97136E-26 1.77942E-18 1.31602E-10 3.43232E-11 1.97476E-23 1.07937E-07 2.43325E-10
 5.25194E-04 3.18326E-11 4.89131E-10 1.21328E-08 5.53083E-07 1.10224E-13 1.49507E-04 7.06325E-04
 8.83267E-06 3.46374E-09 1.95399E-10 1.24003E-04 2.36298E-08 2.84821E-08 3.86932E-13 2.89402E-08
 6.19980E-10 1.79828E-13 3.60655E-12 2.35372E-19 9.28520E-08 4.29786E-11 1.51086E-13 1.63323E-12
 2.51262E-07 6.36478E-12 1.11144E-21 4.72450E-26 1.95246E-18 1.29824E-10 3.48064E-11 8.68159E-24
 1.07256E-07 2.75443E-10 5.28257E-04 3.33958E-11 5.14771E-10 1.26914E-08 5.26809E-07 1.25934E-13
 1.49387E-04 7.04853E-04 8.78189E-06 3.69255E-09 2.08069E-10 1.23999E-04 2.32823E-08 2.59282E-08
 3.35316E-13 2.60615E-08 5.19137E-10 1.58986E-13 2.68323E-12 2.20964E-19 9.08982E-08 4.23313E-11
 1.60009E-13 1.66790E-12 2.53218E-07 4.97783E-12 4.83146E-22 2.88592E-26 2.15006E-18 1.28343E-10
 3.49199E-11 4.42818E-24 1.06201E-07 3.10344E-10 5.30954E-04 3.47806E-11 5.39893E-10 1.32843E-08
 5.00344E-07 1.42680E-13 1.49287E-04 7.03556E-04 8.73123E-06 3.94594E-09 2.20989E-10 1.23996E-04
 2.27652E-08 2.34271E-08 2.86786E-13 2.34871E-08 4.33883E-10 1.39683E-13 1.98172E-12 2.08829E-19
 8.91871E-08 4.15059E-11 1.68370E-13 1.69797E-12 2.54931E-07 3.87185E-12 2.20250E-22 2.16436E-26
 2.37694E-18 1.27119E-10 3.47061E-11 2.77347E-24 1.04779E-07 3.47976E-10 5.33303E-04 3.59741E-11
 5.64239E-10 1.38975E-08 4.73614E-07 1.60375E-13 1.49205E-04 7.02423E-04 8.67956E-06 4.22360E-09
 2.34162E-10 1.23993E-04 2.20984E-08 2.10183E-08 2.42217E-13 2.12053E-08 3.61875E-10 1.22040E-13
 1.45520E-12 1.98250E-19 8.77007E-08 4.04832E-11 1.76103E-13 1.72238E-12 2.56419E-07 2.99682E-12
 1.07270E-22 1.99071E-26 2.63686E-18 1.26113E-10 3.42042E-11 2.12783E-24 1.02983E-07 3.88050E-10
 5.35335E-04 3.69603E-11 5.87346E-10 1.45174E-08 4.46550E-07 1.78845E-13 1.49140E-04 7.01440E-04
 8.62615E-06 4.52545E-09 2.47452E-10 1.23991E-04 2.13006E-08 1.87258E-08 2.02132E-13 1.91922E-08
 3.01026E-10 1.06065E-13 1.06312E-12 1.89076E-19 8.64155E-08 3.92462E-11 1.83174E-13 1.74005E-12
 2.57706E-07 2.30763E-12 5.75891E-23 2.11641E-26 2.93586E-18 1.25289E-10 3.34460E-11 1.88357E-24
 1.00837E-07 4.30297E-10 5.37077E-04 3.77281E-11 6.08998E-10 1.51287E-08 4.19132E-07 1.97964E-13
 1.49089E-04 7.00595E-04 8.57084E-06 4.85188E-09 2.60906E-10 1.23988E-04 2.03907E-08 1.65727E-08
 1.66674E-13 1.74268E-08 2.49724E-10 9.17570E-14 7.73482E-13 1.80546E-19 8.53120E-08 3.77851E-11
 1.89498E-13 1.74970E-12 2.58812E-07 1.76800E-12 3.57189E-23 2.43849E-26 3.27876E-18 1.24616E-10
 3.24590E-11 1.80437E-24 9.83386E-08 4.74116E-10 5.38562E-04 3.82606E-11 6.28733E-10 1.57157E-08
 3.91339E-07 2.17481E-13 1.49051E-04 6.99873E-04 8.51369E-06 5.20243E-09 2.74397E-10 1.23986E-04
 1.93855E-08 1.45687E-08 1.35799E-13 1.58825E-08 2.06453E-10 7.90370E-14 5.60443E-13 1.72425E-19
 8.43687E-08 3.60924E-11 1.95011E-13 1.75000E-12 2.59757E-07 1.34676E-12 2.65939E-23 2.91987E-26
 3.67332E-18 1.24068E-10 3.12627E-11 1.79511E-24 9.55028E-08 5.18971E-10 5.39807E-04 3.85678E-11
 6.46094E-10 1.62563E-08 3.63383E-07 2.37269E-13 1.49024E-04 6.99265E-04 8.45553E-06 5.57195E-09
 2.87774E-10 1.23984E-04 1.83161E-08 1.27287E-08 1.09458E-13 1.45463E-08 1.70193E-10 6.78901E-14
 4.05476E-13 1.64526E-19 8.35734E-08 3.41848E-11 1.99763E-13 1.74023E-12 2.60555E-07 1.02142E-12
 2.37015E-23 3.55509E-26 4.12858E-18 1.23625E-10 2.98840E-11 1.81600E-24 9.23367E-08 5.64156E-10
 5.40839E-04 3.86529E-11 6.60654E-10 1.67319E-08 3.35445E-07 2.57141E-13 1.49006E-04 6.98760E-04
 8.39712E-06 5.95481E-09 3.00882E-10 1.23982E-04 1.72049E-08 1.10557E-08 8.73300E-14 1.33973E-08
 1.39902E-10 5.82175E-14 2.93377E-13 1.56644E-19 8.29094E-08 3.20869E-11 2.03765E-13 1.71980E-12
 2.61221E-07 7.71762E-13 2.40782E-23 4.35586E-26 4.65544E-18 1.23270E-10 2.83426E-11 1.84962E-24
 8.88358E-08 6.08850E-10 5.41685E-04 3.85166E-11 6.71960E-10 1.71266E-08 3.07747E-07 2.76851E-13
 1.48995E-04 6.98344E-04 8.33924E-06 6.34331E-09 3.13523E-10 1.23981E-04 1.60696E-08 9.54603E-09
 6.89851E-14 1.24138E-08 1.14656E-10 4.98874E-14 2.12530E-13 1.48706E-19 8.23601E-08 2.98350E-11
 2.07032E-13 1.68859E-12 2.61773E-07 5.81158E-13 2.63464E-23 5.34405E-26 5.26778E-18 1.22987E-10
 2.66531E-11 1.88769E-24 8.49870E-08 6.52124E-10 5.42369E-04 3.81700E-11 6.79357E-10 1.74276E-08
 2.80630E-07 2.96079E-13 1.48990E-04 6.98006E-04 8.28283E-06 6.72551E-09 3.25227E-10 1.23979E-04
 1.49299E-08 8.19290E-09 5.40120E-14 1.15772E-08 9.37110E-11 4.27802E-14 1.54452E-13 1.41157E-19
 8.19109E-08 2.74832E-11 2.09696E-13 1.64760E-12 2.62225E-07 4.36693E-13 2.98162E-23 6.54465E-26
 5.98787E-18 1.22763E-10 2.48307E-11 1.92504E-24 8.07647E-08 6.92666E-10 5.42918E-04 3.76033E-11
 6.82186E-10 1.76295E-08 2.54306E-07 3.14245E-13 1.48989E-04 6.97733E-04 8.22850E-06 7.09058E-09
 3.35423E-10 1.23978E-04 1.37927E-08 6.98278E-09 4.19080E-14 1.08659E-08 7.63352E-11 3.67361E-14
 1.12602E-13 1.34349E-19 8.15457E-08 2.50807E-11 2.11811E-13 1.59779E-12 2.62592E-07 3.27364E-13
 3.41165E-23 7.98736E-26 6.84761E-18 1.22585E-10 2.28757E-11 1.95868E-24 7.61811E-08 7.29616E-10
 5.43354E-04 3.68195E-11 6.80278E-10 1.77323E-08 2.29022E-07 3.30943E-13 1.48991E-04 6.97517E-04
 8.17700E-06 7.42724E-09 3.43885E-10 1.23977E-04 1.26660E-08 5.90658E-09 3.22071E-14 1.02635E-08
 6.19717E-11 3.16127E-14 8.23989E-14 1.28055E-19 8.12517E-08 2.26861E-11 2.13382E-13 1.54047E-12
 2.62889E-07 2.44942E-13 3.89883E-23 9.70648E-26 7.88149E-18 1.22444E-10 2.07901E-11 1.98641E-24
 7.12561E-08 7.61895E-10 5.43695E-04 3.58300E-11 6.73340E-10 1.77417E-08 2.05028E-07 3.45628E-13
 1.48994E-04 6.97346E-04 8.12911E-06 7.72258E-09 3.50048E-10 1.23976E-04 1.15588E-08 4.95456E-09
 2.45237E-14 9.75631E-09 5.01519E-11 2.72921E-14 6.05695E-14 1.22475E-19 8.10179E-08 2.03625E-11
 2.14554E-13 1.47777E-12 2.63125E-07 1.83075E-13 4.41972E-23 1.17329E-25 9.14586E-18 1.22334E-10
 1.85741E-11 2.00605E-24 6.60642E-08 7.89116E-10 5.43957E-04 3.46820E-11 6.61468E-10 1.76703E-08
 1.82664E-07 3.58082E-13 1.48999E-04 6.97215E-04 8.08577E-06 7.96281E-09 3.53428E-10 1.23975E-04
 1.04870E-08 4.12104E-09 1.85363E-14 9.33499E-09 4.05277E-11 2.36908E-14 4.48519E-14 1.17769E-19
 8.08356E-08 1.81850E-11 2.15658E-13 1.41306E-12 2.63310E-07 1.37079E-13 4.94716E-23 1.40887E-25
 1.07198E-17 1.22248E-10 1.62377E-11 2.01506E-24 6.07196E-08 8.11462E-10 5.44154E-04 3.34375E-11
 6.45170E-10 1.75368E-08 1.62212E-07 3.68346E-13 1.49005E-04 6.97117E-04 8.04769E-06 8.13780E-09
 3.53730E-10 1.23975E-04 9.46363E-09 3.39976E-09 1.39415E-14 8.99035E-09 3.27809E-11 2.07280E-14
 3.35765E-14 1.13931E-19 8.06963E-08 1.62221E-11 2.17128E-13 1.35031E-12 2.63451E-07 1.03196E-13
 5.45350E-23 1.67875E-25 1.27150E-17 1.22183E-10 1.37862E-11 2.01136E-24 5.53838E-08 8.30141E-10
 5.44299E-04 3.21868E-11 6.25396E-10 1.73643E-08 1.43954E-07 3.76957E-13 1.49010E-04 6.97045E-04
 8.01537E-06 8.24191E-09 3.50911E-10 1.23974E-04 8.50291E-09 2.78470E-09 1.04747E-14 8.71418E-09
 2.66405E-11 1.83400E-14 2.55451E-14 1.11032E-19 8.05925E-08 1.45370E-11 2.19610E-13 1.29449E-12
 2.63557E-07 7.85341E-14 5.91159E-23 1.98258E-25 1.52927E-17 1.22133E-10 1.12207E-11 1.99299E-24
 5.02819E-08 8.47632E-10 5.44401E-04 3.10803E-11 6.03407E-10 1.71784E-08 1.28262E-07 3.85195E-13
 1.49014E-04 6.96994E-04 7.98919E-06 8.27449E-09 3.44755E-10 1.23974E-04 7.62588E-09 2.27103E-09
 7.93046E-15 8.50016E-09 2.19003E-11 1.65130E-14 1.99308E-14 1.09835E-19 8.05181E-08 1.31930E-11
 2.24425E-13 1.25338E-12 2.63632E-07 6.09880E-14 6.29574E-23 2.31559E-25 1.87248E-17 1.22097E-10
 8.54532E-12 1.95797E-24 4.57003E-08 8.68289E-10 5.44469E-04 3.03408E-11 5.81036E-10 1.70049E-08
 1.15544E-07 3.95570E-13 1.49018E-04 6.96960E-04 7.96930E-06 8.24380E-09 3.35122E-10 1.23973E-04
 6.85941E-09 1.85456E-09 6.13849E-15 8.34272E-09 1.83964E-11 1.52782E-14 1.61499E-14 1.11646E-19
 8.04675E-08 1.22393E-11 2.33815E-13 1.23781E-12 2.63684E-07 4.89954E-14 6.58719E-23 2.66751E-25
 2.34709E-17 1.22072E-10 5.75465E-12 1.90570E-24 4.20344E-08 9.00303E-10 5.44511E-04 3.03480E-11
 5.61265E-10 1.68684E-08 1.06352E-07 4.13411E-13 1.49021E-04 6.96940E-04 7.95584E-06 8.17113E-09
 3.22302E-10 1.23973E-04 6.25018E-09 1.53523E-09 4.98146E-15 8.23837E-09 1.60376E-11 1.47500E-14
 1.38237E-14 1.18001E-19 8.04366E-08 1.17016E-11 2.51784E-13 1.26349E-12 2.63715E-07 4.15167E-14
 6.77546E-23 3.02114E-25 3.02885E-17 1.22056E-10 2.84444E-12 1.83846E-24 3.98189E-08 9.54668E-10
 5.44531E-04 3.18098E-11 5.49052E-10 1.67915E-08 1.01390E-07 4.48924E-13 1.49022E-04 6.96931E-04
 7.94896E-06 8.09737E-09 3.06206E-10 1.23973E-04 5.88284E-09 1.32429E-09 4.43650E-15 8.18563E-09
 1.48117E-11 1.52593E-14 1.27224E-14 1.28527E-19 8.04222E-08 1.15408E-11 2.86791E-13 1.35358E-12
 2.63730E-07 3.79286E-14 6.86159E-23 3.35518E-25 4.06491E-17 1.22048E-10 1.31235E-12 1.77205E-24
 3.01087E+02 2.98715E+02 2.96304E+02 2.93849E+02 2.91345E+02 2.88785E+02 2.86164E+02 2.83466E+02
 2.80697E+02 2.77818E+02 2.74843E+02 2.71896E+02 2.68976E+02 2.65896E+02 2.62601E+02 2.59060E+02
 2.55850E+02 2.53731E+02 2.52102E+02 2.50465E+02 2.48926E+02 2.47518E+02 2.46150E+02 2.44857E+02
 2.43770E+02 2.43147E+02 2.42730E+02 2.42109E+02 2.41684E+02 2.41397E+02 2.40885E+02 2.40239E+02
 2.39573E+02 2.38830E+02 2.37935E+02 2.37116E+02 2.36567E+02 2.36179E+02 2.35857E+02 2.35621E+02
 2.35475E+02 2.35408E+02 2.35409E+02 2.35462E+02 2.35530E+02 2.35591E+02 2.35635E+02 2.35645E+02
 2.35603E+02 2.35507E+02 2.35373E+02 2.35225E+02 2.35112E+02 2.35080E+02 2.35115E+02 2.35168E+02
 2.35231E+02 2.35317E+02 2.35425E+02 2.35553E+02 2.35716E+02 2.35926E+02 2.36188E+02 2.36504E+02
 2.36882E+02 2.37340E+02 2.37869E+02 2.38451E+02 2.39067E+02 2.39703E+02 2.40345E+02 2.40972E+02
 2.41558E+02 2.42081E+02 2.42538E+02 2.42921E+02 2.43220E+02 2.43467E+02 2.43680E+02 2.43843E+02
 2.43927E+02 2.43913E+02 2.43810E+02 2.43608E+02 2.43321E+02 2.42943E+02 2.42472E+02 2.41905E+02
 2.41239E+02 2.40445E+02 2.39487E+02 2.38359E+02 2.37025E+02 2.35444E+02 2.33583E+02 2.31409E+02
 2.28843E+02 2.25784E+02 2.22144E+02 2.17736E+02 1.00000E+05 1.00000E+05 1.00000E+05 1.00000E+05
 1.00000E+05 1.00000E+05 1.00000E+05 1.00000E+05 1.00000E+05 1.00000E+05 1.00000E+05 1.00000E+05
 1.00000E+05 1.00000E+05 1.00000E+05 1.00000E+05 1.00000E+05 1.00000E+05 1.00000E+05 1.00000E+05
 1.00000E+05 1.00000E+05 9.27804E+04 8.84702E+04 6.92150E+04 5.27048E+04 3.61946E+04 2.98562E+04
 1.90766E+04 1.66743E+04 1.22171E+04 7.76000E+03 7.94980E+03 5.97102E+03 5.85405E+03 5.18181E+03
 4.50956E+03 4.45964E+03 4.10250E+03 4.07837E+03 3.93959E+03 3.92806E+03 3.90765E+03 3.88724E+03
 3.96566E+03 4.00607E+03 4.16398E+03 4.30439E+03 4.44480E+03 4.69574E+03 4.90023E+03 5.15364E+03
 5.39650E+03 5.63936E+03 5.99618E+03 6.30149E+03 6.66348E+03 7.01001E+03 7.35654E+03 7.78086E+03
 8.16780E+03 8.58724E+03 8.99622E+03 9.42278E+03 9.84890E+03 1.02750E+04 1.08336E+04 1.13438E+04
 1.18356E+04 1.23295E+04 1.28234E+04 1.32694E+04 1.37347E+04 1.43800E+04 1.49922E+04 1.56045E+04
 1.62602E+04 1.68969E+04 1.74958E+04 1.81040E+04 1.87121E+04 1.95576E+04 2.02922E+04 2.11433E+04
 2.19596E+04 2.27759E+04 2.39711E+04 2.49793E+04 2.63236E+04 2.75521E+04 2.87763E+04 3.00008E+04
 3.12253E+04 3.27682E+04 3.41886E+04 3.58632E+04 3.74999E+04 3.91366E+04 4.07663E+04 4.23990E+04
 2.35033E+19 2.20246E+19 2.06312E+19 1.93187E+19 1.80829E+19 1.69199E+19 1.58258E+19 1.47975E+19
 1.38307E+19 1.29235E+19 1.20715E+19 1.12665E+19 1.05063E+19 9.79575E+18 9.13314E+18 8.51570E+18
 7.92268E+18 7.33405E+18 6.77225E+18 6.25054E+18 5.76394E+18 5.30994E+18 4.88874E+18 4.49765E+18
 4.13275E+18 3.78915E+18 3.47061E+18 3.18098E+18 2.91265E+18 2.66514E+18 2.44064E+18 2.23584E+18
 2.04795E+18 1.87601E+18 1.71911E+18 1.57436E+18 1.43981E+18 1.31566E+18 1.20174E+18 1.09719E+18
 1.00129E+18 9.13448E+17 8.33074E+17 7.59628E+17 6.92640E+17 6.31608E+17 5.76017E+17 5.25409E+17
 4.79362E+17 4.37445E+17 3.99247E+17 3.64392E+17 3.32521E+17 3.03330E+17 2.76629E+17 2.52267E+17
 2.30050E+17 2.09779E+17 1.91287E+17 1.74422E+17 1.59032E+17 1.44985E+17 1.32164E+17 1.20465E+17
 1.09789E+17 1.00044E+17 9.11563E+16 8.30591E+16 7.56891E+16 6.89857E+16 6.28908E+16 5.73529E+16
 5.23248E+16 4.77608E+16 4.36155E+16 3.98492E+16 3.64259E+16 3.33078E+16 3.04638E+16 2.78709E+16
 2.55087E+16 2.33566E+16 2.13938E+16 1.96032E+16 1.79675E+16 1.64728E+16 1.51062E+16 1.38561E+16
 1.27121E+16 1.16659E+16 1.07100E+16 9.83586E+15 9.03713E+15 8.30772E+15 7.64174E+15 7.03366E+15
 6.47956E+15 5.97612E+15 5.51955E+15 5.10837E+15 1.28124E-13 1.41533E-13 1.69848E-13 2.14841E-13
 2.73891E-13 3.46364E-13 4.32360E-13 5.32293E-13 6.46768E-13 7.76477E-13 9.22187E-13 1.08472E-12
 1.26490E-12 1.46329E-12 1.68067E-12 1.91713E-12 2.17254E-12 2.44720E-12 2.74147E-12 3.05530E-12
 3.38875E-12 3.74235E-12 4.13128E-12 4.56935E-12 5.10705E-12 5.84677E-12 6.93287E-12 8.46318E-12
 1.06932E-11 1.38392E-11 1.79586E-11 2.42271E-11 3.21912E-11 4.13662E-11 5.19961E-11 6.31351E-11
 7.52690E-11 8.74304E-11 9.88799E-11 1.09147E-10 1.17557E-10 1.23735E-10 1.27302E-10 1.28075E-10
 1.25961E-10 1.21035E-10 1.13523E-10 1.03799E-10 9.21649E-11 7.91010E-11 6.47432E-11 5.25374E-11
 4.22096E-11 3.35414E-11 2.64555E-11 2.06472E-11 1.59628E-11 1.22037E-11 9.21501E-12 6.88439E-12
 5.07481E-12 3.69101E-12 2.64408E-12 1.86406E-12 1.29130E-12 8.77554E-13 5.86974E-13 3.85060E-13
 2.47133E-13 1.54914E-13 9.46708E-14 5.61851E-14 3.23364E-14 1.81418E-14 9.88651E-15 5.22118E-15
 2.67034E-15 1.31827E-15 6.25399E-16 2.84373E-16 1.23542E-16 5.16549E-17 2.06147E-17 7.86606E-18
 2.85450E-18 9.81189E-19 3.23806E-19 1.01265E-19 3.03410E-20 8.62185E-21 2.31178E-21 5.81834E-22
 1.36689E-22 3.02395E-23 6.22575E-24 1.19882E-24 2.14062E-25 3.51935E-26 5.28880E-27 7.21985E-28
 2.54421E-01 2.24906E-01 2.24757E-01 2.37402E-01 2.71166E-01 3.05660E-01 3.43425E-01 3.79704E-01
 4.19812E-01 4.57138E-01 4.93639E-01 5.24968E-01 5.56355E-01 5.85328E-01 6.11965E-01 6.36988E-01
 6.54663E-01 6.76108E-01 6.88557E-01 6.96310E-01 7.03031E-01 7.06842E-01 7.08944E-01 7.12430E-01
 7.21053E-01 7.55046E-01 8.16280E-01 9.11128E-01 1.04941E+00 1.23547E+00 1.46318E+00 1.80482E+00
 2.19345E+00 2.58096E+00 2.97682E+00 3.31199E+00 3.60284E+00 3.80917E+00 3.91731E+00 3.92707E+00
 3.83771E+00 3.66308E+00 3.41487E+00 3.11140E+00 2.77117E+00 2.41207E+00 2.05011E+00 1.70116E+00
 1.37185E+00 1.07004E+00 7.96322E-01 5.87640E-01 4.29166E-01 3.09716E-01 2.21692E-01 1.57027E-01
 1.10183E-01 7.64367E-02 5.23651E-02 3.54882E-02 2.37236E-02 1.56559E-02 1.01745E-02 6.50479E-03
 4.08449E-03 2.51454E-03 1.52288E-03 9.04291E-04 5.25291E-04 2.98192E-04 1.65168E-04 8.88826E-05
 4.64129E-05 2.36583E-05 1.17221E-05 5.63269E-06 2.62329E-06 1.18031E-06 5.10524E-07 2.11744E-07
 8.39631E-08 3.20680E-08 1.16981E-08 4.08311E-09 1.35616E-09 4.26914E-10 1.29102E-10 3.70176E-11
 1.01748E-11 2.65438E-12 6.54073E-13 1.51439E-13 3.27669E-14 6.68549E-15 1.27162E-15 2.26608E-16
 3.75481E-17 5.74953E-18 8.09144E-19 1.04333E-19 1.00000E-12 1.00000E-12 1.00000E-12 1.00000E-12
 1.00000E-12 1.00000E-12 1.00000E-12 1.00000E-12 1.00000E-12 1.00000E-12 1.00000E-12 1.00000E-12
 1.00000E-12 1.00000E-12 1.00000E-12 1.00000E-12 1.00000E-12 1.00000E-12 1.00000E-12 1.00000E-12
 1.00000E-12 1.00000E-12 1.00000E-12 1.00000E-12 1.00000E-12 1.00000E-12 1.00000E-12 1.00000E-12
 1.00000E-12 1.00000E-12 1.00000E-12 1.00000E-12 1.00000E-12 1.00000E-12 1.00000E-12 1.00000E-12
 1.00000E-12 1.00000E-12 1.00000E-12 1.00000E-12 1.00000E-12 1.00000E-12 1.00000E-12 1.00000E-12
 1.00000E-12 1.00000E-12 1.00000E-12 1.00000E-12 1.00000E-12 1.00000E-12 1.00000E-12 1.00000E-12
 1.00000E-12 1.00000E-12 1.00000E-12 1.00000E-12 1.00000E-12 1.00000E-12 1.00000E-12 1.00000E-12
 1.00000E-12 1.00000E-12 1.00000E-12 1.00000E-12 1.00000E-12 1.00000E-12 1.00000E-12 1.00000E-12
 1.00000E-12 1.00000E-12 1.00000E-12 1.00000E-12 1.00000E-12 1.00000E-12 1.00000E-12 1.00000E-12
 1.00000E-12 1.00000E-12 1.00000E-12 1.00000E-12 1.00000E-12 1.00000E-12 1.00000E-12 1.00000E-12
 1.00000E-12 1.00000E-12 1.00000E-12 1.00000E-12 1.00000E-12 1.00000E-12 1.00000E-12 1.00000E-12
 1.00000E-12 1.00000E-12 1.00000E-12 1.00000E-12 1.00000E-12 1.00000E-12 1.00000E-12 1.00000E-12
 1.00000E-12 1.00000E-12 1.00000E-12 1.00000E-12 1.00000E-12 1.00000E-12 1.00000E-12 1.00000E-12
 1.00000E-12 1.00000E-12 1.00000E-12 1.00000E-12 1.00000E-12 1.00000E-12 1.00000E-12 1.00000E-12
 1.00000E-12 1.00000E-12 1.00000E-12 1.00000E-12 1.00000E-12 1.00000E-12 1.00000E-12 1.00000E-12
 1.00000E-12 1.00000E-12 1.00000E-12 1.00000E-12 1.00000E-12 1.00000E-12 1.00000E-12 1.00000E-12
 1.00000E-12 1.00000E-12 1.00000E-12 1.00000E-12 1.00000E-12 1.00000E-12 1.00000E-12 1.00000E-12
 1.00000E-12 1.00000E-12 1.00000E-12 1.00000E-12 1.00000E-12 1.00000E-12 1.00000E-12 1.00000E-12
 1.00000E-12 1.00000E-12 1.00000E-12 1.00000E-12 1.00000E-12 1.00000E-12 1.00000E-12 1.00000E-12
 1.00000E-12 1.00000E-12 1.00000E-12 1.00000E-12 1.00000E-12 1.00000E-12 1.00000E-12 1.00000E-12
 1.00000E-12 1.00000E-12 1.00000E-12 1.00000E-12 1.00000E-12 1.00000E-12 1.00000E-12 1.00000E-12
 1.00000E-12 1.00000E-12 1.00000E-12 1.00000E-12 1.00000E-12 1.00000E-12 1.00000E-12 1.00000E-12
 1.00000E-12 1.00000E-12 1.00000E-12 1.00000E-12 1.00000E-12 1.00000E-12 1.00000E-12 1.00000E-12
 1.00000E-12 1.00000E-12 1.00000E-12 1.00000E-12 1.00000E-12 1.00000E-12 1.00000E-12 1.00000E-12
 1.00000E-12 1.00000E-12 1.00000E-12 1.00000E-12 2.74521E-04 2.94207E-04 3.14349E-04 3.37009E-04
 3.56507E-04 3.78415E-04 4.01543E-04 4.27221E-04 4.53875E-04 4.83575E-04 5.15893E-04 5.52264E-04
 5.91394E-04 6.34447E-04 6.81869E-04 7.33862E-04 7.92436E-04 8.52993E-04 9.21416E-04 9.97336E-04
 1.07970E-03 1.17009E-03 1.27035E-03 1.38060E-03 1.50329E-03 1.63193E-03 1.77444E-03 1.92941E-03
 2.10103E-03 2.29056E-03 2.49647E-03 2.72112E-03 2.96730E-03 3.23649E-03 3.53002E-03 3.85364E-03
 4.21354E-03 4.61181E-03 5.05067E-03 5.53467E-03 6.06788E-03 6.65449E-03 7.30056E-03 8.01153E-03
 8.79280E-03 9.65050E-03 1.05917E-02 1.16201E-02 1.27469E-02 1.39818E-02 1.53359E-02 1.68221E-02
 1.84559E-02 2.02547E-02 2.22342E-02 2.44067E-02 2.67917E-02 2.94115E-02 3.22888E-02 3.54488E-02
 3.89204E-02 4.27203E-02 4.68893E-02 5.14670E-02 5.64935E-02 6.20143E-02 6.80751E-02 7.47237E-02
 8.20119E-02 8.99780E-02 9.86725E-02 1.08177E-01 1.18560E-01 1.29864E-01 1.42203E-01 1.55667E-01
 1.70355E-01 1.86365E-01 2.03849E-01 2.22935E-01 2.43757E-01 2.66469E-01 2.91251E-01 3.18288E-01
 3.47805E-01 3.80033E-01 4.15232E-01 4.53689E-01 4.95721E-01 5.41658E-01 5.91840E-01 6.46699E-01
 7.06707E-01 7.72386E-01 8.44273E-01 9.23114E-01 1.00947E+00 1.10402E+00 1.20724E+00 1.31923E+00
 1.00000E+00 1.00000E+00 1.00000E+00 1.00000E+00 1.00000E+00 1.00000E+00 1.00000E+00 1.00000E+00
 1.00000E+00 1.00000E+00 1.00000E+00 1.00000E+00 1.00000E+00 1.00000E+00 1.00000E+00 1.00000E+00
 1.00000E+00 1.00000E+00 1.00000E+00 1.00000E+00 1.00000E+00 1.00000E+00 1.00000E+00 1.00000E+00
 1.00000E+00 1.00000E+00 1.00000E+00 1.00000E+00 1.00000E+00 1.00000E+00 1.00000E+00 1.00000E+00
 1.00000E+00 1.00000E+00 1.00000E+00 1.00000E+00 1.00000E+00 1.00000E+00 1.00000E+00 1.00000E+00
 1.00000E+00 1.00000E+00 1.00000E+00 1.00000E+00 1.00000E+00 1.00000E+00 1.00000E+00 1.00000E+00
 1.00000E+00 1.00000E+00 1.00000E+00 1.00000E+00 1.00000E+00 1.00000E+00 1.00000E+00 1.00000E+00
 1.00000E+00 1.00000E+00 1.00000E+00 1.00000E+00 1.00000E+00 1.00000E+00 1.00000E+00 1.00000E+00
 1.00000E+00 1.00000E+00 1.00000E+00 1.00000E+00 1.00000E+00 1.00000E+00 1.00000E+00 1.00000E+00
 1.00000E+00 1.00000E+00 1.00000E+00 1.00000E+00 1.00000E+00 1.00000E+00 1.00000E+00 1.00000E+00
 1.00000E+00 1.00000E+00 1.00000E+00 1.00000E+00 1.00000E+00 1.00000E+00 1.00000E+00 1.00000E+00
 1.00000E+00 1.00000E+00 1.00000E+00 1.00000E+00 1.00000E+00 1.00000E+00 1.00000E+00 1.00000E+00
 1.00000E+00 1.00000E+00 1.00000E+00 1.00000E+00 1.00000E+00 1.00000E+00 1.00000E+00 1.00000E+00
 1.00000E+00 1.00000E+00 1.00000E+00 1.00000E+00 1.00000E+00 1.00000E+00 1.00000E+00 1.00000E+00
 1.00000E+00 1.00000E+00 1.00000E+00 1.00000E+00 1.00000E+00 1.00000E+00 1.00000E+00 1.00000E+00
 1.00000E+00 1.00000E+00 1.00000E+00 1.00000E+00 1.00000E+00 1.00000E+00 1.00000E+00 1.00000E+00
 1.00000E+00 1.00000E+00 1.00000E+00 1.00000E+00 1.00000E+00 1.00000E+00 1.00000E+00 1.00000E+00
 1.00000E+00 1.00000E+00 1.00000E+00 1.00000E+00 1.00000E+00 1.00000E+00 1.00000E+00 1.00000E+00
 1.00000E+00 1.00000E+00 1.00000E+00 1.00000E+00 1.00000E+00 1.00000E+00 1.00000E+00 1.00000E+00
 1.00000E+00 1.00000E+00 1.00000E+00 1.00000E+00 1.00000E+00 1.00000E+00 1.00000E+00 1.00000E+00
 1.00000E+00 1.00000E+00 1.00000E+00 1.00000E+00 1.00000E+00 1.00000E+00 1.00000E+00 1.00000E+00
 1.00000E+00 1.00000E+00 1.00000E+00 1.00000E+00 1.00000E+00 1.00000E+00 1.00000E+00 1.00000E+00
 1.00000E+00 1.00000E+00 1.00000E+00 1.00000E+00 1.00000E+00 1.00000E+00 1.00000E+00 1.00000E+00
 1.00000E+00 1.00000E+00 1.00000E+00 1.00000E+00 1.00000E+00 1.00000E+00 1.00000E+00 1.00000E+00
 1.00000E+00 1.00000E+00 1.00000E+00 1.00000E+00 1.00000E+00 1.00000E+00 1.00000E+00 1.00000E+00
 1.00000E-05 1.00000E-05 1.00000E-05 1.00000E-05 1.00000E-05 1.00000E-05 1.00000E-05 1.00000E-05
 1.00000E-05 1.00000E-05 1.00000E-05 1.00000E-05 1.00000E-05 1.00000E-05 1.00000E-05 1.00000E-05
 1.00000E-05 1.00000E-05 1.00000E-05 1.00000E-05 1.00000E-05 1.00000E-05 1.00000E-05 1.00000E-05
 1.00000E-05 1.00000E-05 1.00000E-05 1.00000E-05 1.00000E-05 1.00000E-05 1.00000E-05 1.00000E-05
 1.00000E-05 1.00000E-05 1.00000E-05 1.00000E-05 1.00000E-05 1.00000E-05 1.00000E-05 1.00000E-05
 1.00000E-05 1.00000E-05 1.00000E-05 1.00000E-05 1.00000E-05 1.00000E-05 1.00000E-05 1.00000E-05
 1.00000E-05 1.00000E-05 1.00000E-05 1.00000E-05 1.00000E-05 1.00000E-05 1.00000E-05 1.00000E-05
 1.00000E-05 1.00000E-05 1.00000E-05 1.00000E-05 1.00000E-05 1.00000E-05 1.00000E-05 1.00000E-05
 1.00000E-05 1.00000E-05 1.00000E-05 1.00000E-05 1.00000E-05 1.00000E-05 1.00000E-05 1.00000E-05
 1.00000E-05 1.00000E-05 1.00000E-05 1.00000E-05 1.00000E-05 1.00000E-05 1.00000E-05 1.00000E-05
 1.00000E-05 1.00000E-05 1.00000E-05 1.00000E-05 1.00000E-05 1.00000E-05 1.00000E-05 1.00000E-05
 1.00000E-05 1.00000E-05 1.00000E-05 1.00000E-05 1.00000E-05 1.00000E-05 1.00000E-05 1.00000E-05
 1.00000E-05 1.00000E-05 1.00000E-05 1.00000E-05 1.00000E-09 1.00000E-09 1.00000E-09 1.00000E-09
 1.00000E-09 1.00000E-09 1.00000E-09 1.00000E-09 1.00000E-09 1.00000E-09 1.00000E-09 1.00000E-09
 1.00000E-09 1.00000E-09 1.00000E-09 1.00000E-09 1.00000E-09 1.00000E-09 1.00000E-09 1.00000E-09
 1.00000E-09 1.00000E-09 1.00000E-09 1.00000E-09 1.00000E-09 1.00000E-09 1.00000E-09 1.00000E-09
 1.00000E-09 1.00000E-09 1.00000E-09 1.00000E-09 1.00000E-09 1.00000E-09 1.00000E-09 1.00000E-09
 1.00000E-09 1.00000E-09 1.00000E-09 1.00000E-09 1.00000E-09 1.00000E-09 1.00000E-09 1.00000E-09
 1.00000E-09 1.00000E-09 1.00000E-09 1.00000E-09 1.00000E-09 1.00000E-09 1.00000E-09 1.00000E-09
 1.00000E-09 1.00000E-09 1.00000E-09 1.00000E-09 1.00000E-09 1.00000E-09 1.00000E-09 1.00000E-09
 1.00000E-09 1.00000E-09 1.00000E-09 1.00000E-09 1.00000E-09 1.00000E-09 1.00000E-09 1.00000E-09
 1.00000E-09 1.00000E-09 1.00000E-09 1.00000E-09 1.00000E-09 1.00000E-09 1.00000E-09 1.00000E-09
 1.00000E-09 1.00000E-09 1.00000E-09 1.00000E-09 1.00000E-09 1.00000E-09 1.00000E-09 1.00000E-09
 1.00000E-09 1.00000E-09 1.00000E-09 1.00000E-09 1.00000E-09 1.00000E-09 1.00000E-09 1.00000E-09
 1.00000E-09 1.00000E-09 1.00000E-09 1.00000E-09 1.00000E-09 1.00000E-09 1.00000E-09 1.00000E-09
 1.00000E-09 1.00000E-09 1.00000E-09 1.00000E-09 1.00000E-09 1.00000E-09 1.00000E-09 1.00000E-09
 1.00000E-09 1.00000E-09 1.00000E-09 1.00000E-09 1.00000E-09 1.00000E-09 1.00000E-09 1.00000E-09
 1.00000E-09 1.00000E-09 1.00000E-09 1.00000E-09 1.00000E-09 1.00000E-09 1.00000E-09 1.00000E-09
 1.00000E-09 1.00000E-09 1.00000E-09 1.00000E-09 1.00000E-09 1.00000E-09 1.00000E-09 1.00000E-09
 1.00000E-09 1.00000E-09 1.00000E-09 1.00000E-09 1.00000E-09 1.00000E-09 1.00000E-09 1.00000E-09
 1.00000E-09 1.00000E-09 1.00000E-09 1.00000E-09 1.00000E-09 1.00000E-09 1.00000E-09 1.00000E-09
 1.00000E-09 1.00000E-09 1.00000E-09 1.00000E-09 1.00000E-09 1.00000E-09 1.00000E-09 1.00000E-09
 1.00000E-09 1.00000E-09 1.00000E-09 1.00000E-09 1.00000E-09 1.00000E-09 1.00000E-09 1.00000E-09
 1.00000E-09 1.00000E-09 1.00000E-09 1.00000E-09 1.00000E-09 1.00000E-09 1.00000E-09 1.00000E-09
 1.00000E-09 1.00000E-09 1.00000E-09 1.00000E-09 1.00000E-09 1.00000E-09 1.00000E-09 1.00000E-09
 1.00000E-09 1.00000E-09 1.00000E-09 1.00000E-09 1.00000E-09 1.00000E-09 1.00000E-09 1.00000E-09
 1.00000E-09 1.00000E-09 1.00000E-09 1.00000E-09 1.00000E-09 1.00000E-09 1.00000E-09 1.00000E-09
 1.00000E-09 1.00000E-09 1.00000E-09 1.00000E-09
