 1.11958E-08 2.50962E-15 1.45123E-02 1.90619E-15 4.23994E-11 2.77995E-08 7.87631E-09 3.49310E-18
 5.50000E-09 1.65000E-03 9.00000E-06 6.55733E-08 5.48034E-11 8.37000E-09 3.14668E-12 3.00771E-11
 4.34809E-16 1.37216E-11 1.40015E-12 6.45517E-15 7.28115E-17 1.67686E-33 5.00000E-10 5.16289E-18
 2.70930E-22 7.07371E-20 9.64000E-13 5.87766E-18 1.09461E-11 1.08919E-17 1.16005E-17 5.53656E-11
 1.78256E-13 4.38089E-13 1.27782E-08 3.33800E-15 1.19706E-02 2.59615E-15 4.91453E-11 3.24706E-08
 8.94664E-09 4.88537E-18 2.48104E-07 1.64942E-03 9.14079E-06 7.56165E-08 6.05137E-11 8.29334E-09
 3.46309E-12 3.34496E-11 6.00934E-16 1.78451E-11 2.48277E-12 6.79216E-15 1.05749E-16 3.87788E-33
 4.98292E-10 7.34246E-18 3.77255E-22 9.57901E-20 1.34734E-12 7.79704E-18 1.07860E-11 1.48827E-17
 3.07630E-17 8.88021E-11 3.36164E-13 6.13067E-13 1.46889E-08 4.51611E-15 9.78140E-03 3.55468E-15
 5.68694E-11 3.85844E-08 1.03874E-08 6.84089E-18 4.99147E-07 1.64881E-03 9.28140E-06 8.81203E-08
 6.71400E-11 8.21228E-09 3.70180E-12 3.64588E-11 8.10804E-16 2.19760E-11 4.39118E-12 7.16227E-15
 1.52216E-16 9.84060E-33 4.96518E-10 1.07176E-17 5.30845E-22 1.34774E-19 1.85009E-12 1.00911E-17
 1.03893E-11 1.81384E-17 6.48063E-17 1.22325E-10 5.63214E-13 7.04700E-13 1.68567E-08 6.08623E-15
 7.93582E-03 4.84476E-15 6.55026E-11 4.60074E-08 1.20601E-08 9.50912E-18 7.57498E-07 1.64820E-03
 9.41974E-06 1.02673E-07 7.43465E-11 8.12676E-09 3.86007E-12 3.88102E-11 1.06271E-15 2.59485E-11
 7.74621E-12 7.37431E-15 2.10532E-16 2.59214E-32 4.94686E-10 1.57459E-17 7.48653E-22 1.91275E-19
 2.49794E-12 1.27560E-17 9.81727E-12 2.07919E-17 1.21866E-16 1.56356E-10 8.80975E-13 7.32700E-13
 1.89212E-08 8.09189E-15 6.26030E-03 6.43827E-15 7.43389E-11 5.35870E-08 1.38544E-08 1.28637E-17
 1.02164E-06 1.64757E-03 9.55323E-06 1.16705E-07 8.10838E-11 8.03672E-09 3.93011E-12 3.98993E-11
 1.32645E-15 2.89050E-11 1.33782E-11 7.26847E-15 2.76346E-16 6.53680E-32 4.92802E-10 2.26705E-17
 1.03616E-21 2.67275E-19 3.25981E-12 1.54730E-17 9.12807E-12 2.30964E-17 2.13704E-16 1.90279E-10
 1.28870E-12 7.19179E-13 2.06711E-08 1.05419E-14 4.91908E-03 8.33706E-15 8.29733E-11 6.06434E-08
 1.56352E-08 1.68998E-17 1.28989E-06 1.64694E-03 9.67915E-06 1.28809E-07 8.71339E-11 7.94215E-09
 3.85691E-12 3.90273E-11 1.55531E-15 3.02994E-11 2.21970E-11 6.72425E-15 3.25293E-16 1.73513E-31
 4.90877E-10 3.17208E-17 1.40624E-21 3.66195E-19 4.12039E-12 1.77162E-17 8.37466E-12 2.53362E-17
 3.57457E-16 2.23410E-10 1.78142E-12 6.83867E-13 2.19853E-08 1.34876E-14 3.71027E-03 1.04903E-14
 9.12235E-11 6.67403E-08 1.73437E-08 2.15798E-17 1.56070E-06 1.64630E-03 9.79490E-06 1.38168E-07
 9.21949E-11 7.84301E-09 3.61648E-12 3.59890E-11 1.69088E-15 2.98761E-11 3.43896E-11 5.81389E-15
 3.49589E-16 4.27478E-31 4.88920E-10 4.30504E-17 1.86507E-21 4.90631E-19 5.07079E-12 1.88922E-17
 7.60131E-12 2.76413E-17 5.75630E-16 2.55020E-10 2.34610E-12 6.40502E-13 2.28162E-08 1.69429E-14
 2.75671E-03 1.29274E-14 9.88724E-11 7.16282E-08 1.89356E-08 2.68877E-17 1.83265E-06 1.64566E-03
 9.89814E-06 1.44414E-07 9.62698E-11 7.73932E-09 3.17144E-12 3.06799E-11 1.68396E-15 2.76931E-11
 4.97647E-11 4.59848E-15 3.22367E-16 1.04420E-30 4.86938E-10 5.71388E-17 2.43819E-21 6.47746E-19
 6.10614E-12 1.85658E-17 6.84016E-12 3.01520E-17 9.02638E-16 2.84315E-10 2.96947E-12 5.95829E-13
 2.31620E-08 2.10280E-14 1.98566E-03 1.56846E-14 1.05742E-10 7.52133E-08 2.05071E-08 3.27704E-17
 2.10446E-06 1.64503E-03 9.98691E-06 1.47457E-07 9.90835E-11 7.63120E-09 2.53095E-12 2.35538E-11
 1.50605E-15 2.41269E-11 6.71965E-11 3.25174E-15 2.46999E-16 2.63137E-30 4.84939E-10 7.49863E-17
 3.16235E-21 8.50428E-19 7.22389E-12 1.66455E-17 6.11129E-12 3.28153E-17 1.39097E-15 3.10394E-10
 3.63750E-12 5.52197E-13 2.30753E-08 2.60991E-14 1.37897E-03 1.88353E-14 1.11774E-10 7.75263E-08
 2.22958E-08 3.92421E-17 2.37506E-06 1.64440E-03 1.00599E-05 1.47453E-07 1.00615E-10 7.51887E-09
 1.81296E-12 1.60993E-11 1.19997E-15 1.98096E-11 8.41225E-11 2.05212E-15 1.56025E-16 7.02211E-30
 4.82930E-10 9.83519E-17 4.09423E-21 1.12073E-18 8.42352E-12 1.35893E-17 5.42445E-12 3.53214E-17
 2.11381E-15 3.32251E-10 4.33547E-12 5.09270E-13 2.26331E-08 3.27571E-14 9.17908E-04 2.24929E-14
 1.16963E-10 7.86939E-08 2.46024E-08 4.63682E-17 2.64368E-06 1.64377E-03 1.01163E-05 1.44724E-07
 1.00865E-10 7.40267E-09 1.17156E-12 9.86752E-12 8.60407E-16 1.54282E-11 9.80336E-11 1.17618E-15
 8.37437E-17 2.03157E-29 4.80917E-10 1.30095E-16 5.32082E-21 1.49411E-18 9.70597E-12 1.02211E-17
 4.78148E-12 3.72031E-17 3.17327E-15 3.48768E-10 5.04637E-12 4.65375E-13 2.19138E-08 4.17531E-14
 5.82376E-04 2.68022E-14 1.21356E-10 7.89083E-08 2.76644E-08 5.42589E-17 2.90983E-06 1.64315E-03
 1.01565E-05 1.39713E-07 9.98550E-11 7.28301E-09 7.11296E-13 5.65307E-12 5.80046E-16 1.15227E-11
 1.07973E-10 6.42675E-16 4.19302E-17 6.46428E-29 4.78905E-10 1.74414E-16 6.97122E-21 2.02218E-18
 1.10726E-11 7.33595E-18 4.17699E-12 3.80519E-17 4.70673E-15 3.58720E-10 5.74659E-12 4.18435E-13
 2.09915E-08 5.38430E-14 3.50589E-04 3.19346E-14 1.25068E-10 7.83995E-08 3.15694E-08 6.30772E-17
 3.17334E-06 1.64254E-03 1.01812E-05 1.32961E-07 9.76412E-11 7.16045E-09 4.42251E-13 3.30187E-12
 4.01351E-16 8.38160E-12 1.14128E-10 3.64970E-16 2.32213E-17 2.26722E-28 4.76899E-10 2.37059E-16
 9.23508E-21 2.77442E-18 1.25241E-11 5.38826E-18 3.59284E-12 3.76086E-17 6.88691E-15 3.60784E-10
 6.40063E-12 3.66121E-13 1.99502E-08 6.97017E-14 1.99704E-04 3.81040E-14 1.28323E-10 7.74152E-08
 3.62472E-08 7.30959E-17 3.43430E-06 1.64192E-03 1.01922E-05 1.25114E-07 9.43382E-11 7.03564E-09
 3.19318E-13 2.23249E-12 3.23387E-16 6.06495E-12 1.17287E-10 2.41164E-16 1.78422E-17 8.68033E-28
 4.74901E-10 3.25521E-16 1.23962E-20 3.83778E-18 1.40604E-11 4.48580E-18 2.98171E-12 3.54295E-17
 9.89952E-15 3.53546E-10 6.95810E-12 3.04466E-13 1.89045E-08 8.99062E-14 1.07562E-04 4.55853E-14
 1.31513E-10 7.61868E-08 4.15034E-08 8.47863E-17 3.69304E-06 1.64131E-03 1.01920E-05 1.16977E-07
 9.01207E-11 6.90937E-09 2.87150E-13 1.87765E-12 3.25675E-16 4.48562E-12 1.18318E-10 1.95912E-16
 2.09781E-17 3.55156E-27 4.72913E-10 4.48505E-16 1.68856E-20 5.31238E-18 1.56823E-11 4.51584E-18
 2.22888E-12 2.99541E-17 1.38642E-14 3.35499E-10 7.35467E-12 2.24846E-13 1.80239E-08 1.16501E-13
 5.52720E-05 5.44199E-14 1.35539E-10 7.47936E-08 4.70606E-08 9.94037E-17 3.95045E-06 1.64070E-03
 1.01837E-05 1.09553E-07 8.65776E-11 6.78233E-09 3.03831E-13 1.87117E-12 3.82105E-16 3.48893E-12
 1.17830E-10 1.89429E-16 3.17140E-17 1.32790E-26 4.70933E-10 6.08490E-16 2.30088E-20 7.26345E-18
 1.73868E-11 5.24370E-18 1.05640E-12 1.63125E-17 1.82161E-14 3.05005E-10 7.51903E-12 1.15900E-13
 1.74791E-08 1.55703E-13 3.99319E-05 6.43077E-14 1.41777E-10 7.31884E-08 5.26220E-08 1.19745E-16
 4.20864E-06 1.64007E-03 1.01705E-05 1.03797E-07 8.70285E-11 6.65478E-09 3.56373E-13 2.07955E-12
 4.77900E-16 2.91335E-12 1.17236E-10 2.11973E-16 4.53394E-17 3.40008E-26 4.68949E-10 7.92103E-16
 3.03689E-20 9.66273E-18 1.91739E-11 6.40137E-18 4.77142E-13 8.41054E-18 2.23136E-14 2.77261E-10
 7.47966E-12 5.26959E-14 1.72719E-08 2.11599E-13 3.24693E-05 7.56340E-14 1.50139E-10 7.15180E-08
 5.79865E-08 1.47290E-16 4.47056E-06 1.63944E-03 1.01545E-05 9.97704E-08 9.03438E-11 6.52658E-09
 4.27874E-13 2.38610E-12 5.97603E-16 2.62052E-12 1.16651E-10 2.52473E-16 6.28702E-17 6.68158E-26
 4.66942E-10 9.96745E-16 3.92281E-20 1.25307E-17 2.10460E-11 7.74369E-18 2.05681E-13 4.14825E-18
 2.60886E-14 2.52285E-10 7.30116E-12 2.22366E-14 1.73322E-08 2.87915E-13 2.71455E-05 8.90931E-14
 1.60184E-10 6.99475E-08 6.30702E-08 1.83413E-16 4.74470E-06 1.63876E-03 1.01366E-05 9.70667E-08
 9.50110E-11 6.39508E-09 5.15130E-13 2.75998E-12 7.45173E-16 2.51140E-12 1.16076E-10 3.07798E-16
 8.53784E-17 1.17614E-25 4.64854E-10 1.23286E-15 5.04935E-20 1.59793E-17 2.30458E-11 9.20124E-18
 8.35925E-14 1.93923E-18 2.98939E-14 2.29517E-10 7.04724E-12 8.71604E-15 1.76153E-08 3.91399E-13
 2.33869E-05 1.05264E-13 1.71883E-10 6.85588E-08 6.77260E-08 2.30745E-16 5.04022E-06 1.63803E-03
 1.01172E-05 9.54015E-08 1.00934E-10 6.25772E-09 6.19887E-13 3.20496E-12 9.26754E-16 2.52456E-12
 1.15484E-10 3.80396E-16 1.13265E-16 1.91306E-25 4.62624E-10 1.50575E-15 6.50311E-20 2.01035E-17
 2.52243E-11 1.07364E-17 3.18490E-14 8.55346E-19 3.37007E-14 2.08562E-10 6.74878E-12 3.16807E-15
 1.81035E-08 5.33382E-13 2.03557E-05 1.24758E-13 1.85277E-10 6.73121E-08 7.20104E-08 2.92994E-16
 5.39190E-06 1.63714E-03 1.00950E-05 9.45431E-08 1.08317E-10 6.10134E-09 7.45595E-13 3.73480E-12
 1.15024E-15 2.62590E-12 1.14848E-10 4.76485E-16 1.48554E-16 2.94587E-25 4.59999E-10 1.83330E-15
 8.42740E-20 2.51859E-17 2.78226E-11 1.24182E-17 1.07876E-14 3.36839E-19 3.71017E-14 1.87790E-10
 6.38764E-12 1.01255E-15 1.88139E-08 7.29568E-13 1.88948E-05 1.48439E-13 2.00509E-10 6.61707E-08
 7.59231E-08 3.75289E-16 5.87169E-06 1.63592E-03 1.00668E-05 9.43960E-08 1.17305E-10 5.90016E-09
 8.96136E-13 4.36553E-12 1.42701E-15 2.81033E-12 1.14170E-10 6.04494E-16 1.92878E-16 4.45000E-25
 4.56470E-10 2.25547E-15 1.11177E-19 3.18156E-17 3.13514E-11 1.44237E-17 2.90888E-15 1.06206E-19
 3.93295E-14 1.64902E-10 5.90718E-12 2.55233E-16 1.97169E-08 9.94055E-13 1.84925E-05 1.77326E-13
 2.17643E-10 6.51639E-08 7.88568E-08 4.83852E-16 6.54295E-06 1.63420E-03 1.00304E-05 9.47880E-08
 1.27732E-10 5.63902E-09 1.07552E-12 5.10722E-12 1.77039E-15 3.06650E-12 1.13348E-10 7.69028E-16
 2.46588E-16 6.65257E-25 4.51617E-10 2.79698E-15 1.50104E-19 4.04373E-17 3.62033E-11 1.67808E-17
 5.96361E-16 2.61666E-20 3.99252E-14 1.39959E-10 5.28607E-12 4.94123E-17 2.07663E-08 1.34097E-12
 1.86532E-05 2.12455E-13 2.36663E-10 6.42641E-08 8.02473E-08 6.26260E-16 7.52681E-06 1.63165E-03
 9.98099E-06 9.54342E-08 1.39384E-10 5.29047E-09 1.29101E-12 5.97962E-12 2.19871E-15 3.39048E-12
 1.12368E-10 9.74848E-16 3.11206E-16 9.93817E-25 4.44651E-10 3.50316E-15 2.08964E-19 5.18426E-17
 4.31685E-11 1.96236E-17 8.71509E-17 5.22388E-21 3.81894E-14 1.12773E-10 4.49697E-12 7.62314E-18
 2.18456E-08 1.78062E-12 1.90280E-05 2.54621E-13 2.57151E-10 6.33201E-08 7.97224E-08 8.09970E-16
 8.94858E-06 1.62793E-03 9.91346E-06 9.58366E-08 1.51741E-10 4.84130E-09 1.55368E-12 7.00570E-12
 2.73439E-15 3.77033E-12 1.11175E-10 1.22439E-15 3.87324E-16 1.48078E-24 4.34826E-10 4.40839E-15
 2.99584E-19 6.68292E-17 5.29924E-11 2.30319E-17 9.75621E-18 1.39099E-21 3.40265E-14 8.51052E-11
 3.57951E-12 1.55443E-18 2.28191E-08 2.32486E-12 1.93385E-05 3.04416E-13 2.78331E-10 6.20963E-08
 7.75478E-08 1.04156E-15 1.09138E-05 1.62271E-03 9.82224E-06 9.55143E-08 1.64141E-10 4.30055E-09
 1.87723E-12 8.20604E-12 3.40390E-15 4.19477E-12 1.09649E-10 1.52175E-15 4.76152E-16 2.19541E-24
 4.21625E-10 5.54039E-15 4.38506E-19 8.62718E-17 6.61922E-11 2.70752E-17 1.60844E-18 8.51962E-22
 2.81201E-14 5.97650E-11 2.64187E-12 7.27199E-19 2.36210E-08 2.99502E-12 1.95322E-05 3.62373E-13
 2.99595E-10 6.04146E-08 7.43258E-08 1.32864E-15 1.35642E-05 1.61560E-03 9.69887E-06 9.43410E-08
 1.76430E-10 3.68195E-09 2.27629E-12 9.59866E-12 4.23004E-15 4.65674E-12 1.07616E-10 1.87449E-15
 5.79262E-16 3.22620E-24 4.04397E-10 6.93870E-15 6.49728E-19 1.11494E-16 8.34191E-11 3.18671E-17
 7.91927E-19 6.95759E-22 2.12988E-14 3.86134E-11 1.78414E-12 4.50848E-19 2.42248E-08 3.81917E-12
 1.95772E-05 4.29310E-13 3.20409E-10 5.82472E-08 7.06471E-08 1.67957E-15 1.69853E-05 1.60629E-03
 9.53647E-06 9.23915E-08 1.88564E-10 3.02346E-09 2.76321E-12 1.11828E-11 5.23241E-15 5.14414E-12
 1.04873E-10 2.28835E-15 6.96311E-16 4.66422E-24 3.82978E-10 8.62053E-15 9.63955E-19 1.43701E-16
 1.04836E-10 3.73663E-17 5.22648E-19 5.43259E-22 1.47253E-14 2.28558E-11 1.09714E-12 2.66989E-19
 2.45972E-08 4.82532E-12 1.93274E-05 5.06330E-13 3.40085E-10 5.56403E-08 6.69205E-08 2.10114E-15
 2.11844E-05 1.59470E-03 9.33110E-06 8.97074E-08 2.00211E-10 2.37543E-09 3.34759E-12 1.29312E-11
 6.43137E-15 5.64339E-12 1.01226E-10 2.76308E-15 8.24173E-16 6.60945E-24 3.57778E-10 1.05831E-14
 1.41967E-18 1.83922E-16 1.30033E-10 4.34225E-17 3.23010E-19 3.86593E-22 9.31730E-15 1.24018E-11
 6.15413E-13 1.44616E-19 2.47723E-08 6.05046E-12 1.88970E-05 5.94527E-13 3.58544E-10 5.27257E-08
 6.33120E-08 2.60570E-15 2.59580E-05 1.58134E-03 9.09089E-06 8.65497E-08 2.11636E-10 1.80000E-09
 4.03569E-12 1.48078E-11 7.82521E-15 6.12804E-12 9.65838E-11 3.29186E-15 9.55337E-16 8.94656E-24
 3.30435E-10 1.26963E-14 2.04795E-18 2.31202E-16 1.57373E-10 4.93158E-17 1.85258E-19 2.55362E-22
 5.51429E-15 6.31128E-12 3.22058E-13 7.30913E-20 2.47692E-08 7.53213E-12 1.83650E-05 6.94971E-13
 3.75609E-10 4.95932E-08 5.98765E-08 3.20589E-15 3.11989E-05 1.56645E-03 8.82108E-06 8.30689E-08
 2.22939E-10 1.31866E-09 4.83050E-12 1.67576E-11 9.39882E-15 6.56999E-12 9.09220E-11 3.85848E-15
 1.07901E-15 1.15474E-23 3.01896E-10 1.48714E-14 2.88866E-18 2.85215E-16 1.85910E-10 5.45634E-17
 9.94062E-20 1.57976E-22 3.08088E-15 3.04047E-12 1.58684E-13 3.48118E-20 2.45912E-08 9.31099E-12
 1.77139E-05 8.08890E-13 3.90958E-10 4.63150E-08 5.66657E-08 3.91386E-15 3.67957E-05 1.55030E-03
 8.52755E-06 7.93375E-08 2.34031E-10 9.36035E-10 5.72844E-12 1.87014E-11 1.11248E-14 6.94066E-12
 8.42905E-11 4.43936E-15 1.18278E-15 1.43045E-23 2.73022E-10 1.70447E-14 3.98893E-18 3.45945E-16
 2.14780E-10 5.88261E-17 5.02543E-20 9.22002E-23 1.63980E-15 1.39788E-12 7.42407E-14 1.57529E-20
 2.42580E-08 1.14355E-11 1.69719E-05 9.37611E-13 4.04436E-10 4.29641E-08 5.36884E-08 4.74519E-15
 4.26191E-05 1.53323E-03 8.21785E-06 7.54541E-08 2.44967E-10 6.45778E-10 6.71672E-12 2.05435E-11
 1.29501E-14 7.20985E-12 7.68144E-11 5.00368E-15 1.25341E-15 1.70773E-23 2.44640E-10 1.91455E-14
 5.39888E-18 4.13129E-16 2.43159E-10 6.17567E-17 2.41524E-20 5.12186E-23 8.39084E-16 6.18725E-13
 3.32752E-14 6.83443E-21 2.37999E-08 1.39620E-11 1.61928E-05 1.08259E-12 4.16062E-10 3.96184E-08
 5.09254E-08 5.72103E-15 4.85068E-05 1.51569E-03 7.90158E-06 7.15277E-08 2.55893E-10 4.35528E-10
 7.77154E-12 2.21791E-11 1.47950E-14 7.35003E-12 6.87060E-11 5.51513E-15 1.27939E-15 1.96816E-23
 2.17588E-10 2.10884E-14 7.16687E-18 4.85920E-16 2.70208E-10 6.30171E-17 1.11915E-20 2.74521E-23
 4.18089E-16 2.67029E-13 1.44709E-14 2.88102E-21 2.32441E-08 1.69557E-11 1.54146E-05 1.24544E-12
 4.25862E-10 3.63339E-08 4.83543E-08 6.86689E-15 5.43357E-05 1.49803E-03 7.58598E-06 6.76367E-08
 2.66958E-10 2.88526E-10 8.85561E-12 2.34950E-11 1.65554E-14 7.33932E-12 6.02124E-11 5.93444E-15
 1.25332E-15 2.19774E-23 1.92374E-10 2.28117E-14 9.34663E-18 5.63631E-16 2.95419E-10 6.24430E-17
 5.05513E-21 1.43483E-23 2.04892E-16 1.13481E-13 6.16682E-15 1.19224E-21 2.26102E-08 2.04917E-11
 1.46382E-05 1.42803E-12 4.33807E-10 3.31504E-08 4.59638E-08 8.21220E-15 5.99988E-05 1.48060E-03
 7.27654E-06 6.38257E-08 2.78243E-10 1.88785E-10 9.91861E-12 2.43808E-11 1.81161E-14 7.16705E-12
 5.16157E-11 6.22533E-15 1.17463E-15 2.38930E-23 1.69329E-10 2.42817E-14 1.19997E-17 6.45833E-16
 3.18461E-10 6.00742E-17 2.24876E-21 7.38818E-24 9.97817E-17 4.79582E-14 2.60152E-15 4.89202E-22
 2.19118E-08 2.46590E-11 1.38442E-05 1.63262E-12 4.39791E-10 3.00888E-08 4.37522E-08 9.78953E-15
 6.54310E-05 1.46358E-03 6.97581E-06 6.01141E-08 2.89796E-10 1.22525E-10 1.08975E-11 2.47378E-11
 1.93590E-14 6.83439E-12 4.31948E-11 6.35864E-15 1.05000E-15 2.54454E-23 1.48538E-10 2.55003E-14
 1.52052E-17 7.32786E-16 3.39250E-10 5.61436E-17 9.91440E-22 3.77259E-24 4.86464E-17 2.02899E-14
 1.09433E-15 2.00324E-22 2.11610E-08 2.95675E-11 1.30129E-05 1.86198E-12 4.43686E-10 2.71612E-08
 4.17220E-08 1.16363E-14 7.05897E-05 1.44714E-03 6.68496E-06 5.65129E-08 3.01677E-10 7.91835E-11
 1.17219E-11 2.44975E-11 2.01779E-14 6.35560E-12 3.52176E-11 6.31746E-15 8.92646E-16 2.67014E-23
 1.29961E-10 2.64890E-14 1.90627E-17 8.25287E-16 3.57824E-10 5.10010E-17 4.34910E-22 1.91850E-24
 2.38702E-17 8.63377E-15 4.61465E-16 8.22143E-23 2.03726E-08 3.53540E-11 1.21386E-05 2.11950E-12
 4.45435E-10 2.43808E-08 3.98732E-08 1.37997E-14 7.54294E-05 1.43143E-03 6.40560E-06 5.30368E-08
 3.13998E-10 5.12299E-11 1.23276E-11 2.36495E-11 2.05004E-14 5.75986E-12 2.79365E-11 6.10289E-15
 7.20546E-16 2.77228E-23 1.13549E-10 2.72682E-14 2.36922E-17 9.24180E-16 3.74234E-10 4.50530E-17
 1.90767E-22 9.76728E-25 1.18611E-17 3.71592E-15 1.96306E-16 3.39966E-23 1.95641E-08 4.21884E-11
 1.12312E-05 2.40940E-12 4.45079E-10 2.17622E-08 3.82000E-08 1.63417E-14 7.99070E-05 1.41663E-03
 6.13992E-06 4.97044E-08 3.26932E-10 3.34150E-11 1.26700E-11 2.22542E-11 2.03064E-14 5.08852E-12
 2.15543E-11 5.73544E-15 5.52344E-16 2.85467E-23 9.92310E-11 2.78506E-14 2.92365E-17 1.03012E-15
 3.88550E-10 3.87271E-17 8.42375E-23 5.01228E-25 6.01223E-18 1.62914E-15 8.48924E-17 1.42639E-23
 1.87530E-08 5.02877E-11 1.03147E-05 2.73688E-12 4.42709E-10 1.93144E-08 3.66943E-08 1.93429E-14
 8.40133E-05 1.40279E-03 5.88909E-06 4.65308E-08 3.40738E-10 2.21030E-11 1.27277E-11 2.04207E-11
 1.96219E-14 4.38528E-12 1.61767E-11 5.24876E-15 4.02512E-16 2.91979E-23 8.68319E-11 2.82453E-14
 3.58724E-17 1.14378E-15 4.00947E-10 3.24171E-17 3.76009E-23 2.60337E-25 3.12267E-18 7.30808E-16
 3.75040E-17 6.09962E-24 1.79542E-08 5.99305E-11 9.41660E-06 3.10833E-12 4.38447E-10 1.70422E-08
 3.53485E-08 2.29081E-14 8.77578E-05 1.38991E-03 5.65378E-06 4.35227E-08 3.55708E-10 1.49029E-11
 1.25071E-11 1.82933E-11 1.85186E-14 3.69146E-12 1.18184E-11 4.68494E-15 2.79496E-16 2.96837E-23
 7.61379E-11 2.84545E-14 4.38164E-17 1.26569E-15 4.11639E-10 2.64504E-17 1.70078E-23 1.37194E-25
 1.66661E-18 3.36419E-16 1.69823E-17 2.66660E-24 1.71827E-08 7.14564E-11 8.56621E-06 3.53167E-12
 4.32506E-10 1.49509E-08 3.41440E-08 2.71765E-14 9.11645E-05 1.37794E-03 5.43417E-06 4.06870E-08
 3.72206E-10 1.02815E-11 1.20388E-11 1.60263E-11 1.70975E-14 3.04078E-12 8.41680E-12 4.08626E-15
 1.85510E-16 2.99658E-23 6.69223E-11 2.84644E-14 5.33288E-17 1.39551E-15 4.20854E-10 2.10538E-17
 7.80583E-24 7.34395E-26 9.14950E-19 1.59132E-16 7.89426E-18 1.19416E-24 1.64482E-08 8.52898E-11
 7.78362E-06 4.01653E-12 4.25096E-10 1.30418E-08 3.30649E-08 3.23268E-14 9.42636E-05 1.36681E-03
 5.22992E-06 3.80183E-08 3.90558E-10 7.27520E-12 1.13737E-11 1.37633E-11 1.54769E-14 2.45700E-12
 5.85522E-12 3.49133E-15 1.18209E-16 2.99933E-23 5.89703E-11 2.82580E-14 6.47260E-17 1.53229E-15
 4.28805E-10 1.63676E-17 3.63438E-24 3.99203E-26 5.16541E-19 7.73491E-17 3.76813E-18 5.48282E-25
 1.57570E-08 1.01952E-10 7.08424E-06 4.57440E-12 4.16473E-10 1.13142E-08 3.20919E-08 3.85925E-14
 9.70821E-05 1.35645E-03 5.04069E-06 3.55054E-08 4.11055E-10 5.28718E-12 1.05776E-11 1.16247E-11
 1.37777E-14 1.95362E-12 3.99073E-12 2.93141E-15 7.27464E-17 2.96871E-23 5.21022E-11 2.78094E-14
 7.83776E-17 1.67377E-15 4.35672E-10 1.24470E-17 1.71680E-24 2.20344E-26 2.99809E-19 3.86403E-17
 1.84737E-18 2.58462E-25 1.51081E-08 1.22123E-10 6.47673E-06 5.21849E-12 4.06815E-10 9.76158E-09
 3.12157E-08 4.62716E-14 9.96425E-05 1.34680E-03 4.86620E-06 3.31227E-08 4.33851E-10 3.94739E-12
 9.72237E-12 9.69524E-12 1.21091E-14 1.53442E-12 2.67467E-12 2.42882E-15 4.35723E-17 2.89797E-23
 4.61704E-11 2.70957E-14 9.47096E-17 1.81693E-15 4.41603E-10 9.28047E-18 8.22940E-25 1.23519E-26
 1.79012E-19 1.98568E-17 9.31031E-19 1.25354E-25 1.45076E-08 1.46485E-10 5.96774E-06 5.96522E-12
 3.96628E-10 8.38844E-09 3.03889E-08 5.57689E-14 1.01971E-04 1.33780E-03 4.70612E-06 3.08691E-08
 4.59073E-10 3.02296E-12 8.86482E-12 8.01901E-12 1.05458E-14 1.19533E-12 1.77114E-12 1.99220E-15
 2.55802E-17 2.77587E-23 4.10388E-11 2.60939E-14 1.14217E-16 1.95567E-15 4.46735E-10 6.79392E-18
 4.01182E-25 7.04329E-27 1.09881E-19 1.04995E-17 4.82405E-19 6.27429E-26 1.39616E-08 1.75794E-10
 5.57045E-06 6.83310E-12 3.86513E-10 7.19402E-09 2.95571E-08 6.76301E-14 1.04093E-04 1.32937E-03
 4.56011E-06 2.87472E-08 4.86841E-10 2.36756E-12 8.04756E-12 6.60569E-12 9.12898E-15 9.26863E-13
 1.16437E-12 1.62217E-15 1.48134E-17 2.59258E-23 3.65856E-11 2.47867E-14 1.37397E-16 2.08162E-15
 4.51189E-10 4.88634E-18 1.99449E-25 4.09224E-27 6.92292E-20 5.71086E-18 2.56778E-19 3.24984E-26
 1.34714E-08 2.10906E-10 5.29417E-06 7.84250E-12 3.76982E-10 6.16882E-09 2.86770E-08 8.25748E-14
 1.06034E-04 1.32144E-03 4.42774E-06 2.67527E-08 5.17163E-10 1.88935E-12 7.29940E-12 5.44057E-12
 7.87667E-15 7.17508E-13 7.63327E-13 1.31463E-15 8.51127E-18 2.34813E-23 3.27078E-11 2.31842E-14
 1.64743E-16 2.18612E-15 4.55067E-10 3.45522E-18 1.01365E-25 2.42609E-27 4.47037E-20 3.19453E-18
 1.40291E-19 1.74570E-26 1.30303E-08 2.52740E-10 5.12775E-06 9.01695E-12 3.68331E-10 5.29794E-09
 2.77283E-08 1.01505E-13 1.07817E-04 1.31394E-03 4.30832E-06 2.48693E-08 5.49594E-10 1.53036E-12
 6.63603E-12 4.49423E-12 6.79460E-15 5.56140E-13 5.01011E-13 1.06292E-15 4.87866E-18 2.05983E-23
 2.93196E-11 2.13577E-14 1.96887E-16 2.26382E-15 4.58456E-10 2.40805E-18 5.27330E-26 1.46867E-27
 2.95591E-20 1.83744E-18 7.86458E-20 9.74061E-27 1.26323E-08 3.02248E-10 5.06497E-06 1.03828E-11
 3.60830E-10 4.56487E-09 2.66946E-08 1.25607E-13 1.09460E-04 1.30681E-03 4.20128E-06 2.30874E-08
 5.83602E-10 1.25345E-12 6.06179E-12 3.73232E-12 5.87328E-15 4.32510E-13 3.30311E-13 8.58837E-16
 2.80100E-18 1.74934E-23 2.63480E-11 1.93900E-14 2.34515E-16 2.31105E-15 4.61429E-10 1.65761E-18
 2.81211E-26 9.08604E-28 1.99948E-20 1.08649E-18 4.52232E-20 5.65171E-27 1.22771E-08 3.60351E-10
 5.11670E-06 1.19688E-11 3.54832E-10 3.95385E-09 2.55537E-08 1.56492E-13 1.10982E-04 1.30000E-03
 4.10637E-06 2.14113E-08 6.18828E-10 1.03443E-12 5.57264E-12 3.12146E-12 5.09236E-15 3.37826E-13
 2.19314E-13 6.93907E-16 1.61411E-18 1.43609E-23 2.37300E-11 1.73526E-14 2.78222E-16 2.32450E-15
 4.64049E-10 1.12787E-18 1.54086E-26 5.75274E-28 1.38169E-20 6.60213E-19 2.66588E-20 3.41174E-27
 1.19696E-08 4.27820E-10 5.31182E-06 1.38050E-11 3.50802E-10 3.45070E-09 2.42790E-08 1.96397E-13
 1.12402E-04 1.29344E-03 4.02360E-06 1.98572E-08 6.55238E-10 8.57445E-13 5.16024E-12 2.63254E-12
 4.42788E-15 2.65067E-13 1.46980E-13 5.60518E-16 9.34187E-19 1.13628E-23 2.14131E-11 1.53042E-14
 3.28363E-16 2.30118E-15 4.66367E-10 7.58219E-19 8.70798E-27 3.73675E-28 9.73903E-21 4.12195E-19
 1.61056E-20 2.14330E-27 1.17100E-08 5.05158E-10 5.67441E-06 1.59256E-11 3.49098E-10 3.04165E-09
 2.28663E-08 2.48281E-13 1.13733E-04 1.28709E-03 3.95276E-06 1.84339E-08 6.92546E-10 7.11931E-13
 4.81487E-12 2.24056E-12 3.86117E-15 2.08984E-13 9.96254E-14 4.52539E-16 5.43269E-19 8.67035E-24
 1.93534E-11 1.33211E-14 3.85370E-16 2.24289E-15 4.68428E-10 5.04121E-19 5.09164E-27 2.49529E-28
 6.99359E-21 2.64327E-19 9.98310E-21 1.40061E-27 1.14976E-08 5.92399E-10 6.23483E-06 1.83706E-11
 3.50108E-10 2.71498E-09 2.13237E-08 3.16125E-13 1.14987E-04 1.28091E-03 3.89339E-06 1.71486E-08
 7.30355E-10 5.90804E-13 4.52707E-12 1.92543E-12 3.37713E-15 1.65654E-13 6.84386E-14 3.65044E-16
 3.17581E-19 6.39586E-24 1.75158E-11 1.14716E-14 4.49768E-16 2.15454E-15 4.70267E-10 3.32130E-19
 3.09124E-27 1.71731E-28 5.11154E-21 1.74073E-19 6.37279E-21 9.51590E-28 1.13395E-08 6.88674E-10
 7.05808E-06 2.11855E-11 3.54592E-10 2.46354E-09 1.96477E-08 4.05587E-13 1.16171E-04 1.27488E-03
 3.84489E-06 1.60226E-08 7.68844E-10 4.89406E-13 4.28835E-12 1.67248E-12 2.96113E-15 1.32106E-13
 4.77901E-14 2.94004E-16 1.86654E-19 4.55973E-24 1.58756E-11 9.79168E-15 5.21712E-16 2.03984E-15
 4.71909E-10 2.17012E-19 1.96320E-27 1.22490E-28 3.80120E-21 1.17854E-19 4.22887E-21 6.72774E-28
 1.12370E-08 7.91894E-10 8.20825E-06 2.44314E-11 3.63416E-10 2.28255E-09 1.78570E-08 5.24347E-13
 1.17292E-04 1.26897E-03 3.80580E-06 1.50669E-08 8.07673E-10 4.04275E-13 4.09063E-12 1.46951E-12
 2.60378E-15 1.06151E-13 3.40332E-14 2.36266E-16 1.10353E-19 3.15441E-24 1.44093E-11 8.31882E-15
 6.01890E-16 1.90663E-15 4.73376E-10 1.41057E-19 1.31348E-27 9.10333E-29 2.87459E-21 8.20861E-20
 2.96715E-21 4.95206E-28 1.11907E-08 8.98408E-10 9.75722E-06 2.81922E-11 3.77775E-10 2.17059E-09
 1.59794E-08 6.83066E-13 1.18363E-04 1.26316E-03 3.77386E-06 1.42900E-08 8.46340E-10 3.32539E-13
 3.92548E-12 1.30664E-12 2.29718E-15 8.60995E-14 2.48019E-14 1.89256E-16 6.56274E-20 2.12942E-24
 1.30907E-11 7.07240E-15 6.91562E-16 1.76348E-15 4.74696E-10 9.15458E-20 9.31782E-28 7.08141E-29
 2.20569E-21 5.87647E-20 2.25818E-21 3.79143E-28 1.11972E-08 1.00320E-09 1.17546E-05 3.25837E-11
 3.99104E-10 2.12884E-09 1.40610E-08 8.96356E-13 1.19391E-04 1.25739E-03 3.74636E-06 1.36922E-08
 8.83891E-10 2.72097E-13 3.78638E-12 1.17618E-12 2.03619E-15 7.06737E-14 1.85603E-14 1.51030E-16
 3.92875E-20 1.41440E-24 1.18985E-11 6.05677E-15 7.93111E-16 1.61950E-15 4.75888E-10 5.96319E-20
 7.05119E-28 5.79148E-29 1.71434E-21 4.32152E-20 1.91272E-21 3.01739E-28 1.12455E-08 1.10126E-09
 1.41798E-05 3.77597E-11 4.28679E-10 2.15824E-09 1.21728E-08 1.18355E-12 1.20386E-04 1.25163E-03
 3.72047E-06 1.32536E-08 9.18721E-10 2.21308E-13 3.66872E-12 1.07152E-12 1.81748E-15 5.88625E-14
 1.42880E-14 1.20128E-16 2.37112E-20 9.35344E-25 1.08150E-11 5.26152E-15 9.10680E-16 1.48374E-15
 4.76972E-10 3.92435E-20 5.70502E-28 4.98962E-29 1.34942E-21 3.26399E-20 1.82459E-21 2.49361E-28
 1.13194E-08 1.18915E-09 1.69427E-05 4.39105E-11 4.67426E-10 2.25950E-09 1.03919E-08 1.56984E-12
 1.21352E-04 1.24586E-03 3.69392E-06 1.29391E-08 9.48973E-10 1.78833E-13 3.56956E-12 9.86937E-13
 1.63751E-15 4.98340E-14 1.13065E-14 9.53734E-17 1.44544E-20 6.23461E-25 9.82625E-12 4.66134E-15
 1.05018E-15 1.36285E-15 4.77961E-10 2.62519E-20 4.92669E-28 4.52529E-29 1.07770E-21 2.53369E-20
 1.90742E-21 2.13766E-28 1.14279E-08 1.26251E-09 2.00720E-05 5.12709E-11 5.17837E-10 2.44767E-09
 8.74349E-09 2.09270E-12 1.22290E-04 1.24010E-03 3.66598E-06 1.27560E-08 9.74787E-10 1.43727E-13
 3.48576E-12 9.19775E-13 1.48930E-15 4.29476E-14 9.21093E-15 7.56278E-17 8.91093E-21 4.19557E-25
 8.92683E-12 4.21863E-15 1.21688E-15 1.25610E-15 4.78861E-10 1.78790E-20 4.57419E-28 4.34628E-29
 8.75733E-22 2.02861E-20 2.11860E-21 1.90633E-28 1.16264E-08 1.31162E-09 2.39248E-05 6.01626E-11
 5.87218E-10 2.77245E-09 7.19424E-09 2.81811E-12 1.23197E-04 1.23435E-03 3.63701E-06 1.28003E-08
 1.00024E-09 1.15015E-13 3.41071E-12 8.71327E-13 1.36222E-15 3.77587E-14 7.79078E-15 5.97684E-17
 5.55326E-21 2.81028E-25 8.11059E-12 3.89715E-15 1.41260E-15 1.15571E-15 4.79677E-10 1.23470E-20
 4.67598E-28 4.49868E-29 7.22904E-22 1.68181E-20 2.53045E-21 1.77969E-28 1.19245E-08 1.33444E-09
 2.86132E-05 7.10088E-11 6.81205E-10 3.27879E-09 5.79586E-09 3.83763E-12 1.24080E-04 1.22862E-03
 3.60654E-06 1.30734E-08 1.02611E-09 9.16881E-14 3.34133E-12 8.39360E-13 1.25385E-15 3.39181E-14
 6.84178E-15 4.71817E-17 3.50787E-21 1.88506E-25 7.36746E-12 3.68423E-15 1.64496E-15 1.06444E-15
 4.80420E-10 8.67637E-21 5.26434E-28 5.02094E-29 6.07057E-22 1.44562E-20 3.17517E-21 1.73983E-28
 1.22869E-08 1.34044E-09 3.38960E-05 8.42932E-11 8.00736E-10 3.98419E-09 4.61976E-09 5.26829E-12
 1.24939E-04 1.22288E-03 3.57345E-06 1.34746E-08 1.05087E-09 7.28892E-14 3.27864E-12 8.18626E-13
 1.16459E-15 3.10760E-14 6.16789E-15 3.74411E-17 2.25499E-21 1.29039E-25 6.68930E-12 3.56735E-15
 1.92740E-15 9.89166E-16 4.81098E-10 6.24263E-21 6.35588E-28 5.93002E-29 5.21098E-22 1.28635E-20
 3.97123E-21 1.76915E-28 1.26985E-08 1.33841E-09 3.96297E-05 1.00612E-10 9.47446E-10 4.90877E-09
 3.66865E-09 7.28350E-12 1.25779E-04 1.21713E-03 3.53694E-06 1.39345E-08 1.07525E-09 5.78272E-14
 3.22236E-12 8.05821E-13 1.09155E-15 2.89503E-14 5.65324E-15 3.00034E-17 1.47760E-21 9.10560E-26
 6.06823E-12 3.53278E-15 2.27318E-15 9.31956E-16 4.81719E-10 4.60807E-21 8.03765E-28 7.28420E-29
 4.57186E-22 1.17936E-20 4.82280E-21 1.85543E-28 1.31444E-08 1.33642E-09 4.56325E-05 1.20701E-10
 1.12198E-09 6.05988E-09 2.92001E-09 1.01305E-11 1.26602E-04 1.21136E-03 3.49653E-06 1.43843E-08
 1.09987E-09 4.58111E-14 3.17248E-12 7.98046E-13 1.03213E-15 2.73209E-14 5.22039E-15 2.43705E-17
 9.87440E-22 6.69140E-26 5.49765E-12 3.57573E-15 2.69850E-15 8.94775E-16 4.82289E-10 3.49611E-21
 1.03943E-27 9.13709E-29 4.08716E-22 1.10606E-20 5.36905E-21 1.98624E-28 1.36095E-08 1.34498E-09
 5.13933E-05 1.45245E-10 1.31972E-09 7.38933E-09 2.34669E-09 1.41271E-11 1.27408E-04 1.20560E-03
 3.45219E-06 1.47410E-08 1.12614E-09 3.62894E-14 3.13073E-12 7.91585E-13 9.82847E-16 2.59482E-14
 4.79813E-15 2.01260E-17 6.71818E-22 5.15449E-26 4.97427E-12 3.68312E-15 3.21806E-15 8.78533E-16
 4.82811E-10 2.72232E-21 1.33737E-27 1.14618E-28 3.72192E-22 1.05439E-20 5.67049E-21 2.14778E-28
 1.40850E-08 1.36696E-09 5.67734E-05 1.75310E-10 1.53978E-09 8.86747E-09 1.90714E-09 1.97450E-11
 1.28194E-04 1.19986E-03 3.40321E-06 1.49656E-08 1.15411E-09 2.87805E-14 3.09682E-12 7.84967E-13
 9.42128E-16 2.47420E-14 4.37248E-15 1.69088E-17 4.64618E-22 4.18309E-26 4.49514E-12 3.86465E-15
 3.85388E-15 8.84564E-16 4.83289E-10 2.17665E-21 1.69469E-27 1.42641E-28 3.43882E-22 1.01644E-20
 5.80946E-21 2.33176E-28 1.45210E-08 1.40430E-09 6.17187E-05 2.12563E-10 1.77950E-09 1.04547E-08
 1.57139E-09 2.76342E-11 1.28962E-04 1.19417E-03 3.34779E-06 1.49730E-08 1.17874E-09 2.28679E-14
 3.07094E-12 7.76430E-13 9.12247E-16 2.37057E-14 3.94070E-15 1.44838E-17 3.27186E-22 3.61869E-26
 4.05670E-12 4.15163E-15 4.65215E-15 9.17641E-16 4.83727E-10 1.79505E-21 2.09704E-27 1.74962E-28
 3.21181E-22 9.86774E-21 5.84198E-21 2.52825E-28 1.48724E-08 1.45939E-09 6.61715E-05 2.59238E-10
 2.03477E-09 1.20931E-08 1.31522E-09 3.87039E-11 1.29712E-04 1.18855E-03 3.28486E-06 1.46938E-08
 1.19538E-09 1.82136E-14 3.05316E-12 7.64663E-13 8.94580E-16 2.28346E-14 3.50413E-15 1.26816E-17
 2.35110E-22 3.34862E-26 3.65582E-12 4.57104E-15 5.67724E-15 9.81735E-16 4.84126E-10 1.52781E-21
 2.51769E-27 2.10494E-28 3.02341E-22 9.61826E-21 5.80472E-21 2.72632E-28 1.51451E-08 1.53516E-09
 7.00641E-05 3.17955E-10 2.30291E-09 1.37156E-08 1.11751E-09 5.42837E-11 1.30441E-04 1.18303E-03
 3.21561E-06 1.41405E-08 1.20447E-09 1.45536E-14 3.04286E-12 7.49375E-13 8.87111E-16 2.20685E-14
 3.06874E-15 1.13540E-17 1.72201E-22 3.27833E-26 3.29032E-12 5.13017E-15 6.99529E-15 1.07801E-15
 4.84489E-10 1.33312E-21 2.92706E-27 2.47979E-28 2.86130E-22 9.39422E-21 5.72037E-21 2.91725E-28
 1.53513E-08 1.63571E-09 7.33296E-05 3.91996E-10 2.58029E-09 1.52401E-08 9.63435E-10 7.62792E-11
 1.31151E-04 1.17763E-03 3.14287E-06 1.33465E-08 1.20680E-09 1.16766E-14 3.03968E-12 7.30225E-13
 8.88044E-16 2.13429E-14 2.64132E-15 1.03900E-17 1.28267E-22 3.35221E-26 2.95818E-12 5.83031E-15
 8.68921E-15 1.20807E-15 4.84819E-10 1.18327E-21 3.29029E-27 2.85726E-28 2.71773E-22 9.18273E-21
 5.60254E-21 3.09305E-28 1.55052E-08 1.76679E-09 7.59043E-05 4.85428E-10 2.86170E-09 1.65703E-08
 8.42552E-10 1.07402E-10 1.31841E-04 1.17240E-03 3.07044E-06 1.23579E-08 1.20330E-09 9.41346E-15
 3.04346E-12 7.06766E-13 8.95781E-16 2.05926E-14 2.22894E-15 9.70202E-18 9.68063E-23 3.53255E-26
 2.65725E-12 6.66132E-15 1.08622E-14 1.37335E-15 4.85116E-10 1.05947E-21 3.57011E-27 3.21612E-28
 2.58799E-22 8.97651E-21 5.45873E-21 3.24636E-28 1.56370E-08 1.93606E-09 7.77254E-05 6.03005E-10
 3.14146E-09 1.76215E-08 7.46859E-10 1.51507E-10 1.32511E-04 1.16736E-03 3.00277E-06 1.12460E-08
 1.19650E-09 7.63126E-15 3.05400E-12 6.78710E-13 9.07892E-16 1.97517E-14 1.83985E-15 9.20823E-18
 7.35614E-23 3.77869E-26 2.38550E-12 7.59177E-15 1.36258E-14 1.57329E-15 4.85384E-10 9.48072E-22
 3.73835E-27 3.53498E-28 2.46913E-22 8.77207E-21 5.29254E-21 3.37169E-28 1.58033E-08 2.14149E-09
 7.96174E-05 7.53463E-10 3.43593E-09 1.84856E-08 6.66555E-10 2.15609E-10 1.33165E-04 1.16252E-03
 2.94389E-06 1.01143E-08 1.18970E-09 6.22026E-15 3.06812E-12 6.48653E-13 9.24673E-16 1.88860E-14
 1.49524E-15 8.87623E-18 5.62946E-23 4.10099E-26 2.13996E-12 8.67427E-15 1.71597E-14 1.81769E-15
 4.85625E-10 8.49292E-22 3.83632E-27 3.83823E-28 2.34625E-22 8.56828E-21 5.10467E-21 3.47353E-28
 1.60498E-08 2.39486E-09 8.14218E-05 9.45511E-10 3.74088E-09 1.90739E-08 5.98840E-10 3.09295E-10
 1.33805E-04 1.15788E-03 2.89849E-06 9.01341E-09 1.18728E-09 5.09610E-15 3.08626E-12 6.15779E-13
 9.43459E-16 1.79111E-14 1.19168E-15 8.63595E-18 4.29590E-23 4.45810E-26 1.91790E-12 9.85704E-15
 2.16189E-14 2.10666E-15 4.85841E-10 7.54647E-22 3.84766E-27 4.10918E-28 2.22138E-22 8.36426E-21
 4.89303E-21 3.54688E-28 1.63941E-08 2.72151E-09 8.23458E-05 1.18554E-09 4.03120E-09 1.91726E-08
 5.43735E-10 4.44086E-10 1.34433E-04 1.15348E-03 2.87136E-06 7.96061E-09 1.19204E-09 4.19752E-15
 3.11077E-12 5.77573E-13 9.59245E-16 1.66772E-14 9.22421E-16 8.37210E-18 3.20782E-23 4.74266E-26
 1.71762E-12 1.09496E-14 2.70873E-14 2.42243E-15 4.86034E-10 6.53810E-22 3.72085E-27 4.29487E-28
 2.10498E-22 8.15983E-21 4.65476E-21 3.58290E-28 1.68348E-08 3.14313E-09 8.22844E-05 1.48192E-09
 4.29289E-09 1.87214E-08 4.99057E-10 6.36170E-10 1.35045E-04 1.14936E-03 2.86553E-06 6.97154E-09
 1.20390E-09 3.47826E-15 3.14152E-12 5.33886E-13 9.69826E-16 1.51757E-14 6.91568E-16 8.01336E-18
 2.31673E-23 4.88254E-26 1.53800E-12 1.18035E-14 3.36836E-14 2.74791E-15 4.86206E-10 5.47841E-22
 3.46017E-27 4.37568E-28 1.99796E-22 7.95532E-21 4.38788E-21 3.57994E-28 1.73363E-08 3.68776E-09
 8.11205E-05 1.84172E-09 4.50829E-09 1.77256E-08 4.63352E-10 9.05518E-10 1.35639E-04 1.14556E-03
 2.88293E-06 6.04737E-09 1.21985E-09 2.90225E-15 3.17788E-12 4.85089E-13 9.73455E-16 1.34487E-14
 5.01264E-16 7.51497E-18 1.60406E-23 4.81786E-26 1.37802E-12 1.22692E-14 4.15259E-14 3.05776E-15
 4.86357E-10 4.41031E-22 3.08683E-27 4.33804E-28 1.90139E-22 7.75027E-21 4.09108E-21 3.53749E-28
 1.78514E-08 4.39094E-09 7.87290E-05 2.26738E-09 4.66097E-09 1.62655E-08 4.35257E-10 1.27520E-09
 1.36209E-04 1.14214E-03 2.92603E-06 5.19520E-09 1.23645E-09 2.44172E-15 3.21837E-12 4.32427E-13
 9.67314E-16 1.15677E-14 3.51233E-16 6.85267E-18 1.05630E-23 4.51015E-26 1.23681E-12 1.22213E-14
 5.06550E-14 3.31781E-15 4.86489E-10 3.39021E-22 2.64049E-27 4.18185E-28 1.81701E-22 7.54379E-21
 3.76350E-21 3.45966E-28 1.83114E-08 5.29839E-09 7.49770E-05 2.75225E-09 4.73658E-09 1.44755E-08
 4.13773E-10 1.76892E-09 1.36750E-04 1.13914E-03 3.00009E-06 4.42118E-09 1.24903E-09 2.07447E-15
 3.26083E-12 3.77796E-13 9.48015E-16 9.62783E-15 2.38338E-16 6.03334E-18 6.57891E-24 3.96486E-26
 1.11331E-12 1.15984E-14 6.09872E-14 3.48883E-15 4.86602E-10 2.47571E-22 2.16737E-27 3.91860E-28
 1.74770E-22 7.33431E-21 3.40373E-21 3.35508E-28 1.85376E-08 6.47199E-09 6.97293E-05 3.27686E-09
 4.71594E-09 1.24991E-08 3.99416E-10 2.40412E-09 1.37254E-04 1.13660E-03 3.11662E-06 3.70769E-09
 1.24461E-09 1.78348E-15 3.30305E-12 3.23130E-13 9.14860E-16 7.74553E-15 1.57030E-16 5.11746E-18
 3.88004E-24 3.25473E-26 1.00636E-12 1.04441E-14 7.25053E-14 3.53561E-15 4.86699E-10 1.71485E-22
 1.70325E-27 3.56013E-28 1.69760E-22 7.12002E-21 3.00973E-21 3.23248E-28 1.82161E-08 7.99946E-09
 6.28845E-05 3.80287E-09 4.57712E-09 1.04780E-08 3.94486E-10 3.18264E-09 1.37712E-04 1.13458E-03
 3.30276E-06 3.02866E-09 1.20101E-09 1.55677E-15 3.34301E-12 2.70249E-13 8.69826E-16 6.02842E-15
 1.00830E-16 4.19472E-18 2.19016E-24 2.49348E-26 9.15046E-13 8.90558E-15 8.54478E-14 3.43542E-15
 4.86779E-10 1.12971E-22 1.27462E-27 3.12074E-28 1.67284E-22 6.90063E-21 2.57917E-21 3.10197E-28
 1.69510E-08 1.00143E-08 5.44235E-05 4.26237E-09 4.30496E-09 8.55399E-09 4.03591E-10 4.07993E-09
 1.38115E-04 1.13308E-03 3.61959E-06 2.37256E-09 1.09251E-09 1.38594E-15 3.37893E-12 2.20828E-13
 8.15395E-16 4.54559E-15 6.35409E-17 3.34404E-18 1.20460E-24 1.78871E-26 8.38420E-13 7.19458E-15
 1.00408E-13 3.18401E-15 4.86843E-10 7.12474E-23 9.02902E-28 2.62352E-28 1.68434E-22 6.67877E-21
 2.10854E-21 2.98003E-28 1.44918E-08 1.27511E-08 4.44568E-05 4.54021E-09 3.90534E-09 6.85408E-09
 4.34952E-10 5.03232E-09 1.38453E-04 1.13207E-03 4.18783E-06 1.76218E-09 9.07773E-10 1.26500E-15
 3.40928E-12 1.76434E-13 7.49644E-16 3.31170E-15 3.98382E-17 2.60069E-18 6.56854E-25 1.20069E-26
 7.75220E-13 5.50898E-15 1.17901E-13 2.79307E-15 4.86890E-10 4.32955E-23 6.04197E-28 2.10351E-28
 1.75599E-22 6.46037E-21 1.59216E-21 2.89802E-28 1.11189E-08 1.67459E-08 3.32455E-05 4.47046E-09
 3.40255E-09 5.40327E-09 5.03764E-10 5.92517E-09 1.38723E-04 1.13146E-03 5.20299E-06 1.24766E-09
 6.75024E-10 1.18934E-15 3.43350E-12 1.37781E-13 6.60310E-16 2.28508E-15 2.51643E-17 1.94480E-18
 3.52206E-25 7.27384E-27 7.23730E-13 3.92391E-15 1.36414E-13 2.27019E-15 4.86925E-10 2.49504E-23
 3.80287E-28 1.59283E-28 1.94457E-22 6.25264E-21 1.02237E-21 2.90326E-28 7.62100E-09 2.36637E-08
 2.11174E-05 3.89600E-09 2.76646E-09 3.99497E-09 6.49340E-10 6.58101E-09 1.38931E-04 1.13114E-03
 6.90101E-06 8.49211E-10 4.51052E-10 1.15466E-15 3.45474E-12 1.01927E-13 5.29665E-16 1.39646E-15
 1.52843E-17 1.34268E-18 1.72139E-25 3.47010E-27 6.81732E-13 2.37520E-15 1.49425E-13 1.60451E-15
 4.86956E-10 1.23516E-23 2.10713E-28 1.07981E-28 2.39425E-22 6.05565E-21 3.89349E-22 3.01379E-28
 4.89738E-09 3.75702E-08 1.07724E-05 2.98963E-09 2.02023E-09 2.53764E-09 9.38528E-10 7.15695E-09
 1.39088E-04 1.13096E-03 9.43780E-06 5.53408E-10 2.87638E-10 1.15640E-15 3.47585E-12 6.60586E-14
 3.73184E-16 6.90596E-16 7.73324E-18 8.56161E-19 6.90142E-26 1.20164E-27 6.46875E-13 1.12719E-15
 1.50326E-13 9.65866E-16 4.86992E-10 4.62893E-24 9.38429E-29 6.25007E-29 3.33755E-22 5.85898E-21
 1.58272E-22 3.14252E-28 3.05564E-09 6.36764E-08 5.01331E-06 2.19603E-09 1.38625E-09 1.42159E-09
 1.43129E-09 8.15097E-09 1.39212E-04 1.13086E-03 1.27903E-05 3.37916E-10 1.77422E-10 1.18941E-15
 3.48917E-12 3.77195E-14 2.48926E-16 2.89090E-16 3.23018E-18 5.66283E-19 2.48627E-26 4.49061E-28
 6.17251E-13 5.16373E-16 1.50593E-13 6.07844E-16 4.87023E-10 1.56490E-24 3.67240E-29 3.44546E-29
 4.87011E-22 5.64112E-21 7.08767E-23 3.18702E-28 1.95890E-09 1.12803E-07 2.22468E-06 1.58533E-09
 9.15645E-10 7.27206E-10 2.25441E-09 9.76608E-09 1.39314E-04 1.13078E-03 1.68576E-05 1.98723E-10
 1.09303E-10 1.24831E-15 3.49255E-12 1.92038E-14 1.61303E-16 1.05937E-16 1.13679E-18 3.80346E-19
 8.11228E-27 2.15639E-28 5.91607E-13 2.55841E-16 1.55561E-13 4.35928E-16 4.87044E-10 5.26071E-25
 1.34189E-29 1.90098E-29 7.19214E-22 5.36880E-21 3.47196E-23 3.12616E-28 1.45370E-09 2.03291E-07
 9.63343E-07 1.14532E-09 6.01455E-10 3.57528E-10 3.56994E-09 1.22335E-08 1.39403E-04 1.13072E-03
 2.14916E-05 1.24295E-10 7.44557E-11 1.32667E-15 3.48771E-12 9.10850E-15 1.03436E-16 3.56705E-17
 3.59452E-19 2.47581E-19 2.38265E-27 1.34158E-28 5.69234E-13 1.43550E-16 1.69567E-13 3.57354E-16
 4.87052E-10 1.85094E-25 4.90899E-30 1.09763E-29 1.04392E-21 5.01882E-21 1.83297E-23 2.98649E-28
 1.37500E-09 3.52292E-07 4.15055E-07 8.64636E-10 4.17456E-10 1.84632E-10 5.37222E-09 1.59362E-08
 1.39484E-04 1.13066E-03 2.65222E-05 9.23025E-11 6.20791E-11 1.41627E-15 3.47799E-12 4.49788E-15
 6.85665E-17 1.22551E-17 1.18036E-19 1.59577E-19 7.03047E-28 1.03885E-28 5.49764E-13 9.53147E-17
 1.99471E-13 3.28209E-16 4.87042E-10 7.45276E-26 2.02593E-30 7.12378E-30 1.42447E-21 4.62164E-21
 1.04001E-23 2.83024E-28 1.53497E-09 5.52428E-07 1.82010E-07 7.23542E-10 3.27380E-10 1.12410E-10
 7.22809E-09 2.15807E-08 1.39559E-04 1.13060E-03 3.18112E-05 8.06467E-11 5.87166E-11 1.50840E-15
 3.46660E-12 2.61639E-15 4.98480E-17 4.97670E-18 4.81095E-20 1.09651E-19 2.49521E-28 9.48758E-29
 5.32968E-13 7.79364E-17 2.54115E-13 3.28884E-16 4.87004E-10 3.79901E-26 1.09736E-30 5.63326E-30
 1.76235E-21 4.27217E-21 6.45467E-24 2.74677E-28 1.79081E-09 7.78488E-07 8.42285E-08 6.79325E-10
 2.92503E-10 8.60310E-11 8.63074E-09 3.02877E-08 1.39629E-04 1.13055E-03 3.72701E-05 7.67722E-11
 5.58072E-11 1.59643E-15 3.45552E-12 1.82301E-15 4.02562E-17 2.60916E-18 2.58627E-20 8.25956E-20
 1.14427E-28 9.35987E-29 5.18716E-13 7.59605E-17 3.40321E-13 3.44181E-16 4.86932E-10 2.41814E-26
 8.23104E-31 5.46850E-30 1.99644E-21 4.02978E-21 4.46221E-24 2.78070E-28 2.09601E-09 1.01808E-06
 4.34434E-08 6.96691E-10 2.87840E-10 7.94564E-11 9.43792E-09 4.38800E-08 1.39692E-04 1.13051E-03
 4.28670E-05 7.55517E-11 5.14777E-11 1.67711E-15 3.44550E-12 1.44388E-15 3.51616E-17 1.70889E-18
 1.71748E-20 6.68357E-20 6.40393E-29 9.14861E-29 5.06896E-13 8.14970E-17 4.61160E-13 3.60343E-16
 4.86823E-10 1.74685E-26 7.93596E-31 6.21028E-30 2.13619E-21 3.88417E-21 3.40948E-24 2.92847E-28
 2.49757E-09 1.32617E-06 2.61007E-08 7.40139E-10 2.93187E-10 7.71115E-11 1.01275E-08 6.60866E-08
 1.39747E-04 1.13046E-03 4.86293E-05 7.36996E-11 4.62715E-11 1.74964E-15 3.43671E-12 1.17374E-15
 3.14650E-17 1.19611E-18 1.19782E-20 5.46953E-20 3.71317E-29 8.08803E-29 4.97386E-13 8.58962E-17
 6.05766E-13 3.60672E-16 4.86688E-10 1.22822E-26 8.26519E-31 7.54715E-30 2.25262E-21 3.76393E-21
 2.75081E-24 3.14601E-28 3.14294E-09 2.05475E-06 1.73587E-08 6.87058E-10 2.57724E-10 6.12478E-11
 1.27188E-08 1.02464E-07 1.39789E-04 1.13043E-03 5.45830E-05 6.68324E-11 4.18615E-11 1.81297E-15
 3.42925E-12 7.44756E-16 2.43794E-17 6.39987E-19 5.96945E-21 3.70998E-20 1.47231E-29 5.65075E-29
 4.90143E-13 7.10033E-17 7.24087E-13 3.22391E-16 4.86577E-10 6.11084E-27 6.29064E-31 7.41764E-30
 2.56511E-21 3.44944E-21 2.17690E-24 3.14933E-28 4.12622E-09 4.17400E-06 1.15138E-08 4.64692E-10
 1.63044E-10 3.35458E-11 2.08038E-08 1.49923E-07 1.39817E-04 1.13040E-03 6.06500E-05 5.43563E-11
 4.08225E-11 1.86300E-15 3.42307E-12 3.21396E-16 1.36933E-17 2.20204E-19 1.68709E-21 1.80234E-20
 3.24027E-30 3.06561E-29 4.85209E-13 3.93274E-17 7.76387E-13 2.55087E-16 4.86530E-10 1.88689E-27
 2.43968E-31 4.23130E-30 3.25119E-21 2.76264E-21 1.73452E-24 2.52497E-28 5.11968E-09 8.56551E-06
 8.24177E-09 2.63533E-10 8.60110E-11 1.68053E-11 3.47492E-08 1.86373E-07 1.39830E-04 1.13038E-03
 6.66301E-05 4.35651E-11 4.40428E-11 1.89193E-15 3.41885E-12 1.54477E-16 6.42149E-18 7.30889E-20
 4.34142E-22 9.10228E-21 7.31380E-31 1.63749E-29 4.82673E-13 1.87732E-17 8.22229E-13 2.01358E-16
 4.86486E-10 6.07575E-28 6.72756E-32 1.62966E-30 3.93402E-21 2.07966E-21 1.65886E-24 1.61156E-28
 2.89867E+02 2.86928E+02 2.83904E+02 2.80754E+02 2.77467E+02 2.74066E+02 2.70696E+02 2.67227E+02
 2.63498E+02 2.59474E+02 2.55125E+02 2.50432E+02 2.45396E+02 2.40042E+02 2.34417E+02 2.29287E+02
 2.26187E+02 2.24390E+02 2.23012E+02 2.21894E+02 2.21013E+02 2.20310E+02 2.19687E+02 2.19106E+02
 2.18525E+02 2.17874E+02 2.17176E+02 2.16429E+02 2.15559E+02 2.14625E+02 2.13655E+02 2.12633E+02
 2.11569E+02 2.10481E+02 2.09386E+02 2.08281E+02 2.07156E+02 2.05996E+02 2.04792E+02 2.03541E+02
 2.02250E+02 2.00931E+02 1.99600E+02 1.98274E+02 1.96971E+02 1.95709E+02 1.94507E+02 1.93395E+02
 1.92407E+02 1.91541E+02 1.90797E+02 1.90190E+02 1.89751E+02 1.89483E+02 1.89378E+02 1.89452E+02
 1.89687E+02 1.90056E+02 1.90514E+02 1.90985E+02 1.91387E+02 1.91718E+02 1.92109E+02 1.92540E+02
 1.92907E+02 1.93195E+02 1.93399E+02 1.93534E+02 1.93615E+02 1.93560E+02 1.93309E+02 1.92906E+02
 1.92397E+02 1.91821E+02 1.91241E+02 1.90722E+02 1.90339E+02 1.90137E+02 1.90114E+02 1.90222E+02
 1.90409E+02 1.90610E+02 1.90644E+02 1.90183E+02 1.88762E+02 1.85885E+02 1.81360E+02 1.75567E+02
 1.69788E+02 1.64200E+02 1.58796E+02 1.53569E+02 1.48515E+02 1.43627E+02 1.38900E+02 1.34328E+02
 1.29907E+02 1.25632E+02 1.21497E+02 1.17498E+02 1.00000E+05 1.00000E+05 1.00000E+05 1.00000E+05
 1.00000E+05 1.00000E+05 1.00000E+05 1.00000E+05 1.00000E+05 1.00000E+05 1.00000E+05 1.00000E+05
 1.00000E+05 1.00000E+05 1.00000E+05 1.00000E+05 1.00000E+05 9.96137E+04 9.44624E+04 8.89467E+04
 6.92150E+04 4.94833E+04 3.64291E+04 2.35462E+04 1.76527E+04 1.23259E+04 9.59073E+03 7.22585E+03
 6.14918E+03 5.34577E+03 4.83421E+03 4.40738E+03 4.16976E+03 4.00390E+03 3.93354E+03 3.90915E+03
 3.93018E+03 3.97848E+03 4.09549E+03 4.26329E+03 4.47130E+03 4.71570E+03 4.98187E+03 5.27211E+03
 5.59407E+03 5.95895E+03 6.34230E+03 6.75645E+03 7.18629E+03 7.64873E+03 8.11841E+03 8.60720E+03
 9.10059E+03 9.60985E+03 1.01367E+04 1.07465E+04 1.13538E+04 1.19440E+04 1.25317E+04 1.30878E+04
 1.36483E+04 1.43800E+04 1.51117E+04 1.58720E+04 1.66329E+04 1.73623E+04 1.80891E+04 1.89483E+04
 1.98263E+04 2.07849E+04 2.17605E+04 2.29138E+04 2.41187E+04 2.55145E+04 2.69828E+04 2.84478E+04
 2.99112E+04 3.15210E+04 3.32185E+04 3.50648E+04 3.70209E+04 3.89744E+04 4.09256E+04 4.29880E+04
 4.51734E+04 4.75661E+04 5.02393E+04 5.30972E+04 5.62630E+04 5.93591E+04 6.23104E+04 6.53770E+04
 6.87477E+04 7.22973E+04 7.64632E+04 8.05838E+04 8.44911E+04 8.84563E+04 9.28271E+04 9.72370E+04
 2.43869E+19 2.28523E+19 2.14066E+19 2.00472E+19 1.87694E+19 1.75667E+19 1.64258E+19 1.53519E+19
 1.43493E+19 1.34141E+19 1.25422E+19 1.17290E+19 1.09695E+19 1.02580E+19 9.58903E+18 8.93074E+18
 8.23338E+18 7.54015E+18 6.88825E+18 6.28227E+18 5.72119E+18 5.20440E+18 4.73132E+18 4.29936E+18
 3.90594E+18 3.54876E+18 3.22405E+18 2.92884E+18 2.66126E+18 2.41793E+18 2.19633E+18 1.99466E+18
 1.81106E+18 1.64377E+18 1.49126E+18 1.35229E+18 1.22578E+18 1.11071E+18 1.00611E+18 9.11046E+17
 8.24632E+17 7.46057E+17 6.74573E+17 6.09528E+17 5.50330E+17 4.96459E+17 4.47443E+17 4.02836E+17
 3.62247E+17 3.25379E+17 2.91952E+17 2.61676E+17 2.34268E+17 2.09503E+17 1.87178E+17 1.67076E+17
 1.49024E+17 1.32856E+17 1.18419E+17 1.05575E+17 9.41855E+16 8.40757E+16 7.50456E+16 6.69892E+16
 5.98329E+16 5.34745E+16 4.78204E+16 4.27845E+16 3.82930E+16 3.42981E+16 3.07490E+16 2.75844E+16
 2.47534E+16 2.22143E+16 1.99300E+16 1.78697E+16 1.60073E+16 1.43232E+16 1.28036E+16 1.14380E+16
 1.02149E+16 9.12314E+15 8.15599E+15 7.30958E+15 6.58084E+15 5.96398E+15 5.44295E+15 4.98982E+15
 4.56082E+15 4.15134E+15 3.76236E+15 3.39466E+15 3.04880E+15 2.72516E+15 2.42390E+15 2.14499E+15
 1.88820E+15 1.65313E+15 1.43920E+15 1.24569E+15 3.01760E-11 3.33844E-11 4.01195E-11 5.06402E-11
 6.41736E-11 8.03645E-11 9.89717E-11 1.19775E-10 1.42532E-10 1.66959E-10 1.92728E-10 2.19452E-10
 2.46673E-10 2.73886E-10 3.00607E-10 3.26314E-10 3.50624E-10 3.73302E-10 3.94603E-10 4.14687E-10
 4.34994E-10 4.57739E-10 4.82305E-10 5.08613E-10 5.34443E-10 5.56362E-10 5.71669E-10 5.78324E-10
 5.75789E-10 5.65158E-10 5.48002E-10 5.25654E-10 4.99213E-10 4.69763E-10 4.38174E-10 4.05272E-10
 3.71712E-10 3.38072E-10 3.05004E-10 2.73173E-10 2.43010E-10 2.14775E-10 1.88588E-10 1.64483E-10
 1.42475E-10 1.22565E-10 1.04692E-10 8.87530E-11 7.46340E-11 6.22169E-11 5.11468E-11 4.15943E-11
 3.34204E-11 2.65030E-11 2.07210E-11 1.59788E-11 1.21327E-11 9.05158E-12 6.62270E-12 4.73911E-12
 3.31008E-12 2.26186E-12 1.50853E-12 9.80298E-13 6.19095E-13 3.78561E-13 2.23408E-13 1.27288E-13
 6.97939E-14 3.67839E-14 1.85758E-14 9.00225E-15 4.17485E-15 1.85487E-15 7.86972E-16 3.16930E-16
 1.20326E-16 4.29328E-17 1.43168E-17 4.44577E-18 1.27963E-18 3.38222E-19 8.13474E-20 1.77420E-20
 3.50297E-21 6.28208E-22 1.03123E-22 1.54942E-23 2.10375E-24 2.52369E-25 2.61631E-26 2.32883E-27
 1.61529E-28 6.90787E-30 1.83730E-31 2.84576E-33 2.32054E-35 8.85789E-38 1.37505E-40 7.13465E-44
 6.71402E+01 5.94592E+01 5.84371E+01 6.20119E+01 6.76006E+01 7.59268E+01 8.23193E+01 8.85032E+01
 9.44210E+01 9.93299E+01 1.03598E+02 1.07458E+02 1.10139E+02 1.11609E+02 1.12277E+02 1.10284E+02
 1.08352E+02 1.04256E+02 9.91496E+01 9.38370E+01 8.83297E+01 8.37393E+01 7.98567E+01 7.64141E+01
 7.29352E+01 6.90136E+01 6.44494E+01 5.92444E+01 5.36128E+01 4.78326E+01 4.21599E+01 3.67502E+01
 3.17045E+01 2.70869E+01 2.29357E+01 1.92527E+01 1.60170E+01 1.32064E+01 1.07977E+01 8.76734E+00
 7.06626E+00 5.65419E+00 4.49274E+00 3.54554E+00 2.77584E+00 2.15582E+00 1.66124E+00 1.26957E+00
 9.60898E-01 7.19940E-01 5.31249E-01 3.87316E-01 2.78690E-01 1.97681E-01 1.38086E-01 9.50218E-02
 6.43202E-02 4.27478E-02 2.78624E-02 1.77642E-02 1.10651E-02 6.74973E-03 4.01673E-03 2.32832E-03
 1.31264E-03 7.17024E-04 3.78212E-04 1.92487E-04 9.42147E-05 4.43923E-05 2.01036E-05 8.75481E-06
 3.65215E-06 1.45970E-06 5.56355E-07 2.00931E-07 6.81657E-08 2.16123E-08 6.36970E-09 1.74176E-09
 4.40973E-10 1.02364E-10 2.16626E-11 4.19277E-12 7.45541E-13 1.23191E-13 1.91973E-14 2.80902E-15
 3.69077E-16 4.29559E-17 4.37486E-18 3.93704E-19 2.46238E-20 7.55199E-22 1.59771E-23 2.03835E-25
 1.39482E-27 4.50920E-30 5.92026E-33 2.60007E-36 1.00000E-12 1.00000E-12 1.00000E-12 1.00000E-12
 1.00000E-12 1.00000E-12 1.00000E-12 1.00000E-12 1.00000E-12 1.00000E-12 1.00000E-12 1.00000E-12
 1.00000E-12 1.00000E-12 1.00000E-12 1.00000E-12 1.00000E-12 1.00000E-12 1.00000E-12 1.00000E-12
 1.00000E-12 1.00000E-12 1.00000E-12 1.00000E-12 1.00000E-12 1.00000E-12 1.00000E-12 1.00000E-12
 1.00000E-12 1.00000E-12 1.00000E-12 1.00000E-12 1.00000E-12 1.00000E-12 1.00000E-12 1.00000E-12
 1.00000E-12 1.00000E-12 1.00000E-12 1.00000E-12 1.00000E-12 1.00000E-12 1.00000E-12 1.00000E-12
 1.00000E-12 1.00000E-12 1.00000E-12 1.00000E-12 1.00000E-12 1.00000E-12 1.00000E-12 1.00000E-12
 1.00000E-12 1.00000E-12 1.00000E-12 1.00000E-12 1.00000E-12 1.00000E-12 1.00000E-12 1.00000E-12
 1.00000E-12 1.00000E-12 1.00000E-12 1.00000E-12 1.00000E-12 1.00000E-12 1.00000E-12 1.00000E-12
 1.00000E-12 1.00000E-12 1.00000E-12 1.00000E-12 1.00000E-12 1.00000E-12 1.00000E-12 1.00000E-12
 1.00000E-12 1.00000E-12 1.00000E-12 1.00000E-12 1.00000E-12 1.00000E-12 1.00000E-12 1.00000E-12
 1.00000E-12 1.00000E-12 1.00000E-12 1.00000E-12 1.00000E-12 1.00000E-12 1.00000E-12 1.00000E-12
 1.00000E-12 1.00000E-12 1.00000E-12 1.00000E-12 1.00000E-12 1.00000E-12 1.00000E-12 1.00000E-12
 1.00000E-12 1.00000E-12 1.00000E-12 1.00000E-12 1.00000E-12 1.00000E-12 1.00000E-12 1.00000E-12
 1.00000E-12 1.00000E-12 1.00000E-12 1.00000E-12 1.00000E-12 1.00000E-12 1.00000E-12 1.00000E-12
 1.00000E-12 1.00000E-12 1.00000E-12 1.00000E-12 1.00000E-12 1.00000E-12 1.00000E-12 1.00000E-12
 1.00000E-12 1.00000E-12 1.00000E-12 1.00000E-12 1.00000E-12 1.00000E-12 1.00000E-12 1.00000E-12
 1.00000E-12 1.00000E-12 1.00000E-12 1.00000E-12 1.00000E-12 1.00000E-12 1.00000E-12 1.00000E-12
 1.00000E-12 1.00000E-12 1.00000E-12 1.00000E-12 1.00000E-12 1.00000E-12 1.00000E-12 1.00000E-12
 1.00000E-12 1.00000E-12 1.00000E-12 1.00000E-12 1.00000E-12 1.00000E-12 1.00000E-12 1.00000E-12
 1.00000E-12 1.00000E-12 1.00000E-12 1.00000E-12 1.00000E-12 1.00000E-12 1.00000E-12 1.00000E-12
 1.00000E-12 1.00000E-12 1.00000E-12 1.00000E-12 1.00000E-12 1.00000E-12 1.00000E-12 1.00000E-12
 1.00000E-12 1.00000E-12 1.00000E-12 1.00000E-12 1.00000E-12 1.00000E-12 1.00000E-12 1.00000E-12
 1.00000E-12 1.00000E-12 1.00000E-12 1.00000E-12 1.00000E-12 1.00000E-12 1.00000E-12 1.00000E-12
 1.00000E-12 1.00000E-12 1.00000E-12 1.00000E-12 1.00000E-12 1.00000E-12 1.00000E-12 1.00000E-12
 1.00000E-12 1.00000E-12 1.00000E-12 1.00000E-12 2.73119E-04 2.92519E-04 3.13671E-04 3.35944E-04
 3.59284E-04 3.81556E-04 4.08023E-04 4.36478E-04 4.67088E-04 5.01015E-04 5.38045E-04 5.78142E-04
 6.22917E-04 6.73074E-04 7.28643E-04 7.93418E-04 8.59893E-04 9.34926E-04 1.01902E-03 1.11166E-03
 1.21549E-03 1.32874E-03 1.45201E-03 1.58709E-03 1.73601E-03 1.90063E-03 2.08306E-03 2.28541E-03
 2.50981E-03 2.75880E-03 3.03504E-03 3.34212E-03 3.68374E-03 4.06410E-03 4.48714E-03 4.95805E-03
 5.48326E-03 6.06948E-03 6.72401E-03 7.45373E-03 8.27033E-03 9.18512E-03 1.02097E-02 1.13563E-02
 1.26437E-02 1.40902E-02 1.57136E-02 1.75350E-02 1.95829E-02 2.18848E-02 2.44711E-02 2.73757E-02
 3.06335E-02 3.42865E-02 3.83806E-02 4.29663E-02 4.80977E-02 5.38343E-02 6.02361E-02 6.73831E-02
 7.53544E-02 8.42418E-02 9.41689E-02 1.05252E-01 1.17607E-01 1.31387E-01 1.46767E-01 1.63990E-01
 1.83288E-01 2.04806E-01 2.28720E-01 2.55360E-01 2.85118E-01 3.18446E-01 3.55915E-01 3.98056E-01
 4.45667E-01 4.99760E-01 5.61240E-01 6.30887E-01 7.09310E-01 7.97850E-01 8.97198E-01 1.00711E+00
 1.12747E+00 1.25757E+00 1.39661E+00 1.54836E+00 1.72835E+00 1.93655E+00 2.17276E+00 2.43301E+00
 2.82229E+00 3.50589E+00 4.26659E+00 5.16683E+00 6.25130E+00 7.57765E+00 9.23699E+00 1.13152E+01
 1.00000E+00 1.00000E+00 1.00000E+00 1.00000E+00 1.00000E+00 1.00000E+00 1.00000E+00 1.00000E+00
 1.00000E+00 1.00000E+00 1.00000E+00 1.00000E+00 1.00000E+00 1.00000E+00 1.00000E+00 1.00000E+00
 1.00000E+00 1.00000E+00 1.00000E+00 1.00000E+00 1.00000E+00 1.00000E+00 1.00000E+00 1.00000E+00
 1.00000E+00 1.00000E+00 1.00000E+00 1.00000E+00 1.00000E+00 1.00000E+00 1.00000E+00 1.00000E+00
 1.00000E+00 1.00000E+00 1.00000E+00 1.00000E+00 1.00000E+00 1.00000E+00 1.00000E+00 1.00000E+00
 1.00000E+00 1.00000E+00 1.00000E+00 1.00000E+00 1.00000E+00 1.00000E+00 1.00000E+00 1.00000E+00
 1.00000E+00 1.00000E+00 1.00000E+00 1.00000E+00 1.00000E+00 1.00000E+00 1.00000E+00 1.00000E+00
 1.00000E+00 1.00000E+00 1.00000E+00 1.00000E+00 1.00000E+00 1.00000E+00 1.00000E+00 1.00000E+00
 1.00000E+00 1.00000E+00 1.00000E+00 1.00000E+00 1.00000E+00 1.00000E+00 1.00000E+00 1.00000E+00
 1.00000E+00 1.00000E+00 1.00000E+00 1.00000E+00 1.00000E+00 1.00000E+00 1.00000E+00 1.00000E+00
 1.00000E+00 1.00000E+00 1.00000E+00 1.00000E+00 1.00000E+00 1.00000E+00 1.00000E+00 1.00000E+00
 1.00000E+00 1.00000E+00 1.00000E+00 1.00000E+00 1.00000E+00 1.00000E+00 1.00000E+00 1.00000E+00
 1.00000E+00 1.00000E+00 1.00000E+00 1.00000E+00 1.00000E+00 1.00000E+00 1.00000E+00 1.00000E+00
 1.00000E+00 1.00000E+00 1.00000E+00 1.00000E+00 1.00000E+00 1.00000E+00 1.00000E+00 1.00000E+00
 1.00000E+00 1.00000E+00 1.00000E+00 1.00000E+00 1.00000E+00 1.00000E+00 1.00000E+00 1.00000E+00
 1.00000E+00 1.00000E+00 1.00000E+00 1.00000E+00 1.00000E+00 1.00000E+00 1.00000E+00 1.00000E+00
 1.00000E+00 1.00000E+00 1.00000E+00 1.00000E+00 1.00000E+00 1.00000E+00 1.00000E+00 1.00000E+00
 1.00000E+00 1.00000E+00 1.00000E+00 1.00000E+00 1.00000E+00 1.00000E+00 1.00000E+00 1.00000E+00
 1.00000E+00 1.00000E+00 1.00000E+00 1.00000E+00 1.00000E+00 1.00000E+00 1.00000E+00 1.00000E+00
 1.00000E+00 1.00000E+00 1.00000E+00 1.00000E+00 1.00000E+00 1.00000E+00 1.00000E+00 1.00000E+00
 1.00000E+00 1.00000E+00 1.00000E+00 1.00000E+00 1.00000E+00 1.00000E+00 1.00000E+00 1.00000E+00
 1.00000E+00 1.00000E+00 1.00000E+00 1.00000E+00 1.00000E+00 1.00000E+00 1.00000E+00 1.00000E+00
 1.00000E+00 1.00000E+00 1.00000E+00 1.00000E+00 1.00000E+00 1.00000E+00 1.00000E+00 1.00000E+00
 1.00000E+00 1.00000E+00 1.00000E+00 1.00000E+00 1.00000E+00 1.00000E+00 1.00000E+00 1.00000E+00
 1.00000E+00 1.00000E+00 1.00000E+00 1.00000E+00 1.00000E+00 1.00000E+00 1.00000E+00 1.00000E+00
 1.00000E-05 1.00000E-05 1.00000E-05 1.00000E-05 1.00000E-05 1.00000E-05 1.00000E-05 1.00000E-05
 1.00000E-05 1.00000E-05 1.00000E-05 1.00000E-05 1.00000E-05 1.00000E-05 1.00000E-05 1.00000E-05
 1.00000E-05 1.00000E-05 1.00000E-05 1.00000E-05 1.00000E-05 1.00000E-05 1.00000E-05 1.00000E-05
 1.00000E-05 1.00000E-05 1.00000E-05 1.00000E-05 1.00000E-05 1.00000E-05 1.00000E-05 1.00000E-05
 1.00000E-05 1.00000E-05 1.00000E-05 1.00000E-05 1.00000E-05 1.00000E-05 1.00000E-05 1.00000E-05
 1.00000E-05 1.00000E-05 1.00000E-05 1.00000E-05 1.00000E-05 1.00000E-05 1.00000E-05 1.00000E-05
 1.00000E-05 1.00000E-05 1.00000E-05 1.00000E-05 1.00000E-05 1.00000E-05 1.00000E-05 1.00000E-05
 1.00000E-05 1.00000E-05 1.00000E-05 1.00000E-05 1.00000E-05 1.00000E-05 1.00000E-05 1.00000E-05
 1.00000E-05 1.00000E-05 1.00000E-05 1.00000E-05 1.00000E-05 1.00000E-05 1.00000E-05 1.00000E-05
 1.00000E-05 1.00000E-05 1.00000E-05 1.00000E-05 1.00000E-05 1.00000E-05 1.00000E-05 1.00000E-05
 1.00000E-05 1.00000E-05 1.00000E-05 1.00000E-05 1.00000E-05 1.00000E-05 1.00000E-05 1.00000E-05
 1.00000E-05 1.00000E-05 1.00000E-05 1.00000E-05 1.00000E-05 1.00000E-05 1.00000E-05 1.00000E-05
 1.00000E-05 1.00000E-05 1.00000E-05 1.00000E-05 1.00000E-09 1.00000E-09 1.00000E-09 1.00000E-09
 1.00000E-09 1.00000E-09 1.00000E-09 1.00000E-09 1.00000E-09 1.00000E-09 1.00000E-09 1.00000E-09
 1.00000E-09 1.00000E-09 1.00000E-09 1.00000E-09 1.00000E-09 1.00000E-09 1.00000E-09 1.00000E-09
 1.00000E-09 1.00000E-09 1.00000E-09 1.00000E-09 1.00000E-09 1.00000E-09 1.00000E-09 1.00000E-09
 1.00000E-09 1.00000E-09 1.00000E-09 1.00000E-09 1.00000E-09 1.00000E-09 1.00000E-09 1.00000E-09
 1.00000E-09 1.00000E-09 1.00000E-09 1.00000E-09 1.00000E-09 1.00000E-09 1.00000E-09 1.00000E-09
 1.00000E-09 1.00000E-09 1.00000E-09 1.00000E-09 1.00000E-09 1.00000E-09 1.00000E-09 1.00000E-09
 1.00000E-09 1.00000E-09 1.00000E-09 1.00000E-09 1.00000E-09 1.00000E-09 1.00000E-09 1.00000E-09
 1.00000E-09 1.00000E-09 1.00000E-09 1.00000E-09 1.00000E-09 1.00000E-09 1.00000E-09 1.00000E-09
 1.00000E-09 1.00000E-09 1.00000E-09 1.00000E-09 1.00000E-09 1.00000E-09 1.00000E-09 1.00000E-09
 1.00000E-09 1.00000E-09 1.00000E-09 1.00000E-09 1.00000E-09 1.00000E-09 1.00000E-09 1.00000E-09
 1.00000E-09 1.00000E-09 1.00000E-09 1.00000E-09 1.00000E-09 1.00000E-09 1.00000E-09 1.00000E-09
 1.00000E-09 1.00000E-09 1.00000E-09 1.00000E-09 1.00000E-09 1.00000E-09 1.00000E-09 1.00000E-09
 1.00000E-09 1.00000E-09 1.00000E-09 1.00000E-09 1.00000E-09 1.00000E-09 1.00000E-09 1.00000E-09
 1.00000E-09 1.00000E-09 1.00000E-09 1.00000E-09 1.00000E-09 1.00000E-09 1.00000E-09 1.00000E-09
 1.00000E-09 1.00000E-09 1.00000E-09 1.00000E-09 1.00000E-09 1.00000E-09 1.00000E-09 1.00000E-09
 1.00000E-09 1.00000E-09 1.00000E-09 1.00000E-09 1.00000E-09 1.00000E-09 1.00000E-09 1.00000E-09
 1.00000E-09 1.00000E-09 1.00000E-09 1.00000E-09 1.00000E-09 1.00000E-09 1.00000E-09 1.00000E-09
 1.00000E-09 1.00000E-09 1.00000E-09 1.00000E-09 1.00000E-09 1.00000E-09 1.00000E-09 1.00000E-09
 1.00000E-09 1.00000E-09 1.00000E-09 1.00000E-09 1.00000E-09 1.00000E-09 1.00000E-09 1.00000E-09
 1.00000E-09 1.00000E-09 1.00000E-09 1.00000E-09 1.00000E-09 1.00000E-09 1.00000E-09 1.00000E-09
 1.00000E-09 1.00000E-09 1.00000E-09 1.00000E-09 1.00000E-09 1.00000E-09 1.00000E-09 1.00000E-09
 1.00000E-09 1.00000E-09 1.00000E-09 1.00000E-09 1.00000E-09 1.00000E-09 1.00000E-09 1.00000E-09
 1.00000E-09 1.00000E-09 1.00000E-09 1.00000E-09 1.00000E-09 1.00000E-09 1.00000E-09 1.00000E-09
 1.00000E-09 1.00000E-09 1.00000E-09 1.00000E-09 1.00000E-09 1.00000E-09 1.00000E-09 1.00000E-09
 1.00000E-09 1.00000E-09 1.00000E-09 1.00000E-09
