 6.31513E-10 6.42236E-18 6.55762E-03 1.56661E-19 3.73787E-13 5.27634E-10 1.95011E-09 9.66502E-22
 1.07609E-03 4.00000E-03 4.38185E-05 1.02469E-09 4.96792E-13 3.36454E-07 3.00459E-13 6.45779E-11
 3.82188E-21 6.69232E-12 1.34877E-13 3.04406E-15 1.86753E-16 1.91984E-37 8.09237E-08 6.16919E-17
 3.50455E-24 4.01123E-22 1.46640E-12 5.91028E-17 2.99437E-10 8.49385E-18 3.05757E-19 8.57822E-11
 3.81200E-17 1.75840E-12 8.02878E-10 8.11374E-18 5.12312E-03 2.19357E-19 4.60587E-13 6.85246E-10
 2.10171E-09 1.40975E-21 1.07609E-03 3.99999E-03 4.38185E-05 1.32635E-09 5.62164E-13 3.36362E-07
 3.62820E-13 7.30866E-11 5.85127E-21 9.54999E-12 2.81814E-13 2.98181E-15 2.69606E-16 6.76293E-37
 8.09218E-08 8.63532E-17 5.96693E-24 6.48940E-22 2.25493E-12 8.25024E-17 3.03488E-10 1.31242E-17
 8.87906E-19 1.50724E-10 7.85277E-17 3.11703E-12 1.08388E-09 1.03018E-17 4.07848E-03 3.09375E-19
 5.63753E-13 9.54355E-10 2.25995E-09 2.10066E-21 1.07609E-03 3.99999E-03 4.38185E-05 1.83865E-09
 6.16097E-13 3.36264E-07 4.26287E-13 8.04830E-11 8.71974E-21 1.32625E-11 5.30727E-13 2.88850E-15
 3.65100E-16 2.13657E-36 8.09197E-08 1.13502E-16 9.56453E-24 1.02219E-21 3.43662E-12 1.07930E-16
 3.07205E-10 1.82541E-17 2.03097E-18 2.22412E-10 1.43201E-16 4.57892E-12 1.48319E-09 1.31137E-17
 3.31589E-03 4.41544E-19 6.94993E-13 1.34278E-09 2.42199E-09 3.19636E-21 1.07609E-03 3.99998E-03
 4.38185E-05 2.57685E-09 6.87660E-13 3.36158E-07 4.84333E-13 8.64481E-11 1.26333E-20 1.78807E-11
 9.27477E-13 2.76312E-15 4.64323E-16 6.53113E-36 8.09175E-08 1.43596E-16 1.49961E-23 1.61926E-21
 5.06926E-12 1.35657E-16 3.10577E-10 2.42280E-17 4.09904E-18 3.02307E-10 2.48813E-16 6.10659E-12
 2.10838E-09 1.69194E-17 2.72459E-03 6.45773E-19 8.68525E-13 1.95337E-09 2.61690E-09 5.02574E-21
 1.07609E-03 3.99997E-03 4.38185E-05 3.73702E-09 7.89839E-13 3.36020E-07 5.30784E-13 9.15032E-11
 1.79723E-20 2.44317E-11 1.53444E-12 2.66181E-15 5.77841E-16 2.01732E-35 8.09146E-08 1.83950E-16
 2.34460E-23 2.63178E-21 7.59400E-12 1.72094E-16 3.14194E-10 3.11015E-17 7.95201E-18 4.08097E-10
 4.60729E-16 7.92570E-12 4.16798E-09 2.42104E-17 1.09591E-03 1.02824E-18 1.21627E-12 3.97177E-09
 3.11114E-09 8.64942E-21 1.07609E-03 3.99995E-03 4.38186E-05 7.57123E-09 9.89712E-13 3.35631E-07
 4.95339E-13 9.87110E-11 2.35582E-20 4.45205E-11 2.58774E-12 2.96513E-15 1.60806E-15 6.93553E-35
 8.09063E-08 3.02296E-16 3.68492E-23 4.72511E-21 1.58755E-11 2.76317E-16 3.22414E-10 3.61695E-17
 1.89716E-17 7.10154E-10 1.49329E-15 1.23401E-11 1.23473E-08 4.48887E-17 6.36795E-04 2.70583E-18
 2.20080E-12 1.19747E-08 4.77539E-09 2.49688E-20 1.07609E-03 3.99985E-03 4.38187E-05 2.27722E-08
 1.66029E-12 3.34102E-07 4.05577E-13 1.15967E-10 4.41197E-20 1.16699E-10 5.21408E-12 4.76902E-15
 4.73987E-15 4.02303E-34 8.08735E-08 7.94169E-16 6.67087E-23 1.17445E-20 4.87308E-11 6.94520E-16
 3.47232E-10 3.34135E-17 6.19014E-17 1.76550E-09 8.65330E-15 2.37799E-11 2.97779E-08 8.78033E-17
 6.37102E-04 6.91417E-18 3.69447E-12 2.88337E-08 7.67360E-09 6.97269E-20 1.07609E-03 3.99965E-03
 4.38190E-05 5.48094E-08 2.76445E-12 3.30900E-07 3.20363E-13 1.32752E-10 7.70177E-20 2.47622E-10
 8.91972E-12 7.88856E-15 8.69556E-15 2.84611E-33 8.08040E-08 1.94896E-15 1.27523E-22 3.30348E-20
 1.18179E-10 1.60957E-15 3.82591E-10 2.92781E-17 1.67571E-16 3.69419E-09 2.70327E-14 3.65028E-11
 5.17207E-08 1.49979E-16 6.37482E-04 1.35413E-17 5.29011E-12 4.94231E-08 1.07234E-08 1.47624E-19
 1.07609E-03 3.99940E-03 4.38190E-05 9.39606E-08 3.95086E-12 3.26988E-07 2.69122E-13 1.40066E-10
 1.09856E-19 3.69999E-10 1.24930E-11 1.04453E-14 1.18593E-14 1.49917E-32 8.07184E-08 3.69424E-15
 2.22280E-22 7.89125E-20 2.03735E-10 2.81324E-15 4.03686E-10 2.75742E-17 3.34341E-16 5.69734E-09
 6.18788E-14 4.19444E-11 7.32630E-08 2.30299E-16 6.37841E-04 2.20799E-17 6.86073E-12 6.86498E-08
 1.34291E-08 2.58863E-19 1.07609E-03 3.99916E-03 4.38181E-05 1.30537E-07 5.08005E-12 3.23312E-07
 2.44908E-13 1.44323E-10 1.41547E-19 4.46571E-10 1.59560E-11 1.20502E-14 1.38529E-14 5.47050E-32
 8.06374E-08 5.88408E-15 3.49522E-22 1.55034E-19 2.84736E-10 4.04629E-15 4.01234E-10 2.71678E-17
 5.48316E-16 7.23806E-09 1.06346E-13 4.10277E-11 9.22343E-08 3.32742E-16 6.38142E-04 3.23567E-17
 8.39971E-12 8.45141E-08 1.57683E-08 4.06842E-19 1.07609E-03 3.99897E-03 4.38165E-05 1.60728E-07
 6.14924E-12 3.20245E-07 2.40690E-13 1.50818E-10 1.77028E-19 4.81174E-10 1.97465E-11 1.31754E-14
 1.55921E-14 1.48987E-31 8.05694E-08 8.39196E-15 5.10807E-22 2.61907E-19 3.52759E-10 5.16180E-15
 3.79378E-10 2.73084E-17 8.00803E-16 8.22889E-09 1.52033E-13 3.71773E-11 1.08667E-07 4.65222E-16
 6.38389E-04 4.47030E-17 9.95278E-12 9.72771E-08 1.78651E-08 6.01534E-19 1.07608E-03 3.99881E-03
 4.38142E-05 1.85027E-07 7.19919E-12 3.17740E-07 2.48888E-13 1.60172E-10 2.19579E-19 4.88389E-10
 2.42669E-11 1.40894E-14 1.74778E-14 3.38392E-31 8.05136E-08 1.11830E-14 7.13852E-22 4.02550E-19
 4.08594E-10 6.13274E-15 3.44262E-10 2.74720E-17 1.09340E-15 8.78820E-09 1.94816E-13 3.23949E-11
 1.23113E-07 6.38684E-16 6.38593E-04 5.96927E-17 1.15655E-11 1.07663E-07 1.98178E-08 8.58400E-19
 1.07608E-03 3.99867E-03 4.38113E-05 2.04802E-07 8.26811E-12 3.15669E-07 2.65318E-13 1.71850E-10
 2.71232E-19 4.78971E-10 2.97539E-11 1.48809E-14 1.95742E-14 6.88591E-31 8.04672E-08 1.42662E-14
 9.70131E-22 5.84042E-19 4.55010E-10 6.96797E-15 2.99788E-10 2.72047E-17 1.43017E-15 9.03617E-09
 2.33605E-13 2.75079E-11 1.36150E-07 8.68040E-16 6.38767E-04 7.80590E-17 1.32778E-11 1.16341E-07
 2.16973E-08 1.19877E-18 1.07608E-03 3.99856E-03 4.38079E-05 2.21316E-07 9.38770E-12 3.13909E-07
 2.84259E-13 1.85243E-10 3.29530E-19 4.59267E-10 3.63837E-11 1.55758E-14 2.18438E-14 1.30943E-30
 8.04275E-08 1.76834E-14 1.29418E-21 8.17666E-19 4.94641E-10 7.68160E-15 2.47628E-10 2.59847E-17
 1.81380E-15 9.05627E-09 2.68778E-13 2.28633E-11 1.48092E-07 1.17314E-15 6.38918E-04 1.00730E-16
 1.51180E-11 1.23721E-07 2.35335E-08 1.65116E-18 1.07608E-03 3.99846E-03 4.38041E-05 2.35338E-07
 1.05749E-11 3.12388E-07 3.17107E-13 2.02988E-10 4.10982E-19 4.33083E-10 4.50764E-11 1.63942E-14
 2.49355E-14 2.32840E-30 8.03931E-08 2.14517E-14 1.70424E-21 1.10482E-18 5.29067E-10 8.27393E-15
 2.05733E-10 2.50685E-17 2.28558E-15 9.07115E-09 3.04435E-13 1.87656E-11 1.59002E-07 1.57806E-15
 6.39048E-04 1.28628E-16 1.71050E-11 1.30007E-07 2.53121E-08 2.24983E-18 1.07608E-03 3.99838E-03
 4.38000E-05 2.47248E-07 1.18382E-11 3.11072E-07 3.56526E-13 2.22712E-10 5.10729E-19 4.02774E-10
 5.58645E-11 1.71237E-14 2.83048E-14 3.99471E-30 8.03632E-08 2.55298E-14 2.22012E-21 1.46249E-18
 5.58992E-10 8.73040E-15 1.71864E-10 2.44041E-17 2.86410E-15 9.08214E-09 3.40879E-13 1.52935E-11
 1.68738E-07 2.11147E-15 6.39158E-04 1.62733E-16 1.92490E-11 1.35268E-07 2.69802E-08 3.03650E-18
 1.07607E-03 3.99830E-03 4.37958E-05 2.57168E-07 1.31761E-11 3.09956E-07 3.99917E-13 2.42199E-10
 6.26751E-19 3.70660E-10 6.86506E-11 1.75678E-14 3.13053E-14 6.69026E-30 8.03376E-08 2.97839E-14
 2.86420E-21 1.91057E-18 5.84506E-10 9.03238E-15 1.44862E-10 2.40714E-17 3.57205E-15 9.09013E-09
 3.77695E-13 1.24615E-11 1.77235E-07 2.80952E-15 6.39250E-04 2.04199E-16 2.15605E-11 1.39602E-07
 2.84936E-08 4.06422E-18 1.07607E-03 3.99825E-03 4.37916E-05 2.65285E-07 1.45880E-11 3.09026E-07
 4.44942E-13 2.59619E-10 7.55849E-19 3.38760E-10 8.32509E-11 1.76057E-14 3.33629E-14 1.10580E-29
 8.03163E-08 3.40725E-14 3.66294E-21 2.47256E-18 6.05881E-10 9.17614E-15 1.23607E-10 2.41368E-17
 4.43675E-15 9.09586E-09 4.14326E-13 1.02082E-11 1.84657E-07 3.72175E-15 6.39327E-04 2.54521E-16
 2.40589E-11 1.43201E-07 2.98513E-08 5.40440E-18 1.07607E-03 3.99820E-03 4.37876E-05 2.71965E-07
 1.60819E-11 3.08247E-07 4.90074E-13 2.74099E-10 8.95311E-19 3.08071E-10 9.95516E-11 1.72446E-14
 3.42408E-14 1.80663E-29 8.02983E-08 3.83507E-14 4.64919E-21 3.17528E-18 6.23889E-10 9.17322E-15
 1.06707E-10 2.45532E-17 5.48925E-15 9.10003E-09 4.50903E-13 8.40742E-12 1.91059E-07 4.90940E-15
 6.39391E-04 3.15351E-16 2.67559E-11 1.46175E-07 3.10401E-08 7.14595E-18 1.07607E-03 3.99815E-03
 4.37838E-05 2.77424E-07 1.76601E-11 3.07599E-07 5.33696E-13 2.84811E-10 1.04097E-18 2.79659E-10
 1.17320E-10 1.65045E-14 3.38037E-14 2.91864E-29 8.02832E-08 4.25237E-14 5.86056E-21 4.04742E-18
 6.38953E-10 9.04052E-15 9.33108E-11 2.53547E-17 6.76719E-15 9.10309E-09 4.87107E-13 6.97531E-12
 1.96554E-07 6.45183E-15 6.39445E-04 3.88631E-16 2.96653E-11 1.48639E-07 3.20632E-08 9.40339E-18
 1.07607E-03 3.99812E-03 4.37802E-05 2.81887E-07 1.93263E-11 3.07061E-07 5.74708E-13 2.91489E-10
 1.18877E-18 2.54035E-10 1.36315E-10 1.54599E-14 3.21693E-14 4.65421E-29 8.02706E-08 4.65356E-14
 7.34127E-21 5.11770E-18 6.51557E-10 8.80045E-15 8.26502E-11 2.65540E-17 8.31380E-15 9.10536E-09
 5.22716E-13 5.83179E-12 2.01281E-07 8.45051E-15 6.39489E-04 4.76651E-16 3.28016E-11 1.50703E-07
 3.29350E-08 1.23229E-17 1.07606E-03 3.99809E-03 4.37769E-05 2.85565E-07 2.10825E-11 3.06610E-07
 6.12313E-13 2.94178E-10 1.33490E-18 2.31260E-10 1.56439E-10 1.42005E-14 2.95995E-14 7.31600E-29
 8.02599E-08 5.03677E-14 9.14378E-21 6.41407E-18 6.62184E-10 8.47551E-15 7.40744E-11 2.81480E-17
 1.01806E-14 9.10710E-09 5.57784E-13 4.90750E-12 2.05334E-07 1.10313E-14 6.39527E-04 5.81996E-16
 3.61759E-11 1.52438E-07 3.36667E-08 1.60874E-17 1.07606E-03 3.99807E-03 4.37739E-05 2.88603E-07
 2.29265E-11 3.06231E-07 6.45695E-13 2.92960E-10 1.47503E-18 2.11335E-10 1.77610E-10 1.28050E-14
 2.63796E-14 1.13239E-28 8.02510E-08 5.39878E-14 1.13291E-20 7.96137E-18 6.71164E-10 8.08925E-15
 6.71396E-11 3.01681E-17 1.24297E-14 9.10846E-09 5.92106E-13 4.15469E-12 2.08758E-07 1.43480E-14
 6.39558E-04 7.07493E-16 3.97870E-11 1.53887E-07 3.42636E-08 2.09237E-17 1.07606E-03 3.99805E-03
 4.37711E-05 2.91089E-07 2.48563E-11 3.05917E-07 6.74296E-13 2.88056E-10 1.60486E-18 1.94327E-10
 1.99541E-10 1.13451E-14 2.28086E-14 1.72304E-28 8.02434E-08 5.73307E-14 1.39668E-20 9.77678E-18
 6.78677E-10 7.66935E-15 6.15734E-11 3.27016E-17 1.51347E-14 9.10954E-09 6.25109E-13 3.54388E-12
 2.11600E-07 1.85990E-14 6.39584E-04 8.56126E-16 4.36438E-11 1.55085E-07 3.47351E-08 2.71236E-17
 1.07606E-03 3.99803E-03 4.37686E-05 2.93100E-07 2.68799E-11 3.05659E-07 6.98888E-13 2.80385E-10
 1.72213E-18 1.80149E-10 2.21401E-10 9.91514E-15 1.92393E-14 2.55929E-28 8.02372E-08 6.03437E-14
 1.71298E-20 1.18585E-17 6.84888E-10 7.24287E-15 5.71496E-11 3.58442E-17 1.83638E-14 9.11040E-09
 6.56124E-13 3.05099E-12 2.13962E-07 2.40408E-14 6.39605E-04 1.03124E-15 4.77808E-11 1.56082E-07
 3.51012E-08 3.50642E-17 1.07606E-03 3.99802E-03 4.37665E-05 2.94737E-07 2.90039E-11 3.05447E-07
 7.20425E-13 2.70905E-10 1.82547E-18 1.68377E-10 2.42658E-10 8.58533E-15 1.59191E-14 3.68669E-28
 8.02321E-08 6.30423E-14 2.08982E-20 1.41930E-17 6.90050E-10 6.82579E-15 5.36089E-11 3.96437E-17
 2.21824E-14 9.11111E-09 6.84836E-13 2.64877E-12 2.15921E-07 3.09598E-14 6.39623E-04 1.23702E-15
 5.21729E-11 1.56917E-07 3.53788E-08 4.51864E-17 1.07606E-03 3.99801E-03 4.37645E-05 2.96076E-07
 3.12149E-11 3.05272E-07 7.38350E-13 2.59597E-10 1.91313E-18 1.58635E-10 2.63710E-10 7.35218E-15
 1.29183E-14 5.20134E-28 8.02278E-08 6.54420E-14 2.53835E-20 1.67806E-17 6.94357E-10 6.43044E-15
 5.07608E-11 4.41881E-17 2.67168E-14 9.11170E-09 7.10782E-13 2.31774E-12 2.17535E-07 3.97207E-14
 6.39637E-04 1.47790E-15 5.68245E-11 1.57615E-07 3.55815E-08 5.80550E-17 1.07606E-03 3.99800E-03
 4.37628E-05 2.97169E-07 3.35110E-11 3.05127E-07 7.53274E-13 2.47027E-10 1.98499E-18 1.50637E-10
 2.84275E-10 6.23817E-15 1.03149E-14 7.18012E-28 8.02242E-08 6.75489E-14 3.07032E-20 1.96039E-17
 6.97943E-10 6.06731E-15 4.84732E-11 4.95848E-17 3.20846E-14 9.11220E-09 7.33620E-13 2.04488E-12
 2.18849E-07 5.07899E-14 6.39649E-04 1.75850E-15 6.17506E-11 1.58195E-07 3.57214E-08 7.43935E-17
 1.07606E-03 3.99799E-03 4.37614E-05 2.98057E-07 3.58999E-11 3.05009E-07 7.66840E-13 2.34061E-10
 2.04299E-18 1.44145E-10 3.03726E-10 5.26531E-15 8.15592E-15 9.66964E-28 8.02212E-08 6.93679E-14
 3.69790E-20 2.26305E-17 7.00907E-10 5.74423E-15 4.66480E-11 5.59562E-17 3.83890E-14 9.11262E-09
 7.53028E-13 1.82103E-12 2.19926E-07 6.47215E-14 6.39659E-04 2.08441E-15 6.69518E-11 1.58684E-07
 3.58120E-08 9.50896E-17 1.07606E-03 3.99798E-03 4.37601E-05 2.98788E-07 3.83803E-11 3.04911E-07
 7.80099E-13 2.21133E-10 2.08978E-18 1.38833E-10 3.21955E-10 4.42834E-15 6.41053E-15 1.27460E-27
 8.02187E-08 7.09428E-14 4.43641E-20 2.58436E-17 7.03387E-10 5.45957E-15 4.51742E-11 6.34007E-17
 4.57749E-14 9.11298E-09 7.69129E-13 1.63528E-12 2.20820E-07 8.21807E-14 6.39668E-04 2.46210E-15
 7.24299E-11 1.59103E-07 3.58635E-08 1.21243E-16 1.07606E-03 3.99798E-03 4.37589E-05 2.99400E-07
 4.09479E-11 3.04829E-07 7.94220E-13 2.08592E-10 2.12908E-18 1.34432E-10 3.38882E-10 3.71625E-15
 5.02715E-15 1.65175E-27 8.02166E-08 7.23153E-14 5.30412E-20 2.92346E-17 7.05495E-10 5.20963E-15
 4.39665E-11 7.20276E-17 5.44186E-14 9.11329E-09 7.82132E-13 1.47932E-12 2.21558E-07 1.03974E-13
 6.39675E-04 2.89885E-15 7.81694E-11 1.59461E-07 3.58834E-08 1.54223E-16 1.07606E-03 3.99797E-03
 4.37579E-05 2.99914E-07 4.35925E-11 3.04760E-07 8.11509E-13 1.97000E-10 2.16691E-18 1.30797E-10
 3.54087E-10 3.12111E-15 3.96597E-15 2.10891E-27 8.02148E-08 7.35021E-14 6.32208E-20 3.27783E-17
 7.07287E-10 4.99373E-15 4.29775E-11 8.19925E-17 6.45146E-14 9.11356E-09 7.92122E-13 1.34922E-12
 2.22182E-07 1.31100E-13 6.39681E-04 3.40281E-15 8.41704E-11 1.59776E-07 3.58780E-08 1.95762E-16
 1.07606E-03 3.99797E-03 4.37570E-05 3.00359E-07 4.63023E-11 3.04701E-07 8.33428E-13 1.86637E-10
 2.20623E-18 1.27715E-10 3.67505E-10 2.62997E-15 3.16390E-15 2.65372E-27 8.02133E-08 7.45502E-14
 7.51386E-20 3.64461E-17 7.08855E-10 4.80451E-15 4.21449E-11 9.34039E-17 7.62617E-14 9.11379E-09
 7.99525E-13 1.23872E-12 2.22764E-07 1.64781E-13 6.39687E-04 3.98337E-15 9.05179E-11 1.60083E-07
 3.58489E-08 2.48077E-16 1.07606E-03 3.99797E-03 4.37560E-05 3.00787E-07 4.90942E-11 3.04644E-07
 8.58722E-13 1.77070E-10 2.24421E-18 1.24832E-10 3.79920E-10 2.22098E-15 2.53041E-15 3.29957E-27
 8.02117E-08 7.55663E-14 8.90618E-20 4.02708E-17 7.10373E-10 4.62348E-15 4.13711E-11 1.06234E-16
 8.98769E-14 9.11402E-09 8.05095E-13 1.13659E-12 2.23345E-07 2.06481E-13 6.39693E-04 4.65104E-15
 9.72752E-11 1.60406E-07 3.57920E-08 3.13958E-16 1.07606E-03 3.99796E-03 4.37550E-05 3.01232E-07
 5.19881E-11 3.04586E-07 8.86977E-13 1.68101E-10 2.27966E-18 1.21941E-10 3.91738E-10 1.87907E-15
 2.01682E-15 4.05853E-27 8.02102E-08 7.66182E-14 1.05292E-19 4.42747E-17 7.11952E-10 4.43934E-15
 4.05992E-11 1.20474E-16 1.05592E-13 9.11425E-09 8.09046E-13 1.03684E-12 2.23922E-07 2.57964E-13
 6.39699E-04 5.41734E-15 1.04425E-10 1.60743E-07 3.57034E-08 3.96895E-16 1.07606E-03 3.99796E-03
 4.37540E-05 3.01696E-07 5.49894E-11 3.04527E-07 9.20192E-13 1.60038E-10 2.31616E-18 1.19045E-10
 4.02648E-10 1.59697E-15 1.61058E-15 4.93141E-27 8.02085E-08 7.77009E-14 1.24169E-19 4.84287E-17
 7.13598E-10 4.25361E-15 3.98297E-11 1.36243E-16 1.23640E-13 9.11449E-09 8.11175E-13 9.40876E-13
 2.24495E-07 3.21349E-13 6.39706E-04 6.29548E-15 1.11977E-10 1.61096E-07 3.55794E-08 5.01304E-16
 1.07605E-03 3.99795E-03 4.37528E-05 3.02182E-07 5.81165E-11 3.04466E-07 9.60439E-13 1.53060E-10
 2.35778E-18 1.16150E-10 4.12458E-10 1.36624E-15 1.29394E-15 5.91837E-27 8.02068E-08 7.88074E-14
 1.46080E-19 5.27258E-17 7.15314E-10 4.06791E-15 3.90642E-11 1.53684E-16 1.44264E-13 9.11473E-09
 8.11360E-13 8.49935E-13 2.25061E-07 3.99145E-13 6.39713E-04 7.30082E-15 1.19941E-10 1.61464E-07
 3.54157E-08 6.32747E-16 1.07605E-03 3.99795E-03 4.37515E-05 3.02692E-07 6.13843E-11 3.04404E-07
 1.00974E-12 1.47245E-10 2.40829E-18 1.13264E-10 4.21082E-10 1.17830E-15 1.04900E-15 7.02069E-27
 8.02050E-08 7.99302E-14 1.71480E-19 5.71644E-17 7.17103E-10 3.88362E-15 3.83043E-11 1.72959E-16
 1.67743E-13 9.11498E-09 8.09566E-13 7.64943E-13 2.25619E-07 4.94198E-13 6.39720E-04 8.45197E-15
 1.28323E-10 1.61847E-07 3.52083E-08 7.98130E-16 1.07605E-03 3.99795E-03 4.37502E-05 3.03231E-07
 6.47910E-11 3.04340E-07 1.07020E-12 1.42607E-10 2.47188E-18 1.10392E-10 4.28498E-10 1.02497E-15
 8.60070E-16 8.25656E-27 8.02031E-08 8.10616E-14 2.00938E-19 6.17450E-17 7.18968E-10 3.70192E-15
 3.75515E-11 1.94271E-16 1.94467E-13 9.11522E-09 8.05837E-13 6.86517E-13 2.26166E-07 6.09695E-13
 6.39728E-04 9.77138E-15 1.37127E-10 1.62244E-07 3.49532E-08 1.00604E-15 1.07605E-03 3.99794E-03
 4.37487E-05 3.03802E-07 6.83221E-11 3.04275E-07 1.14425E-12 1.39141E-10 2.55318E-18 1.07540E-10
 4.34702E-10 8.99368E-16 7.14423E-16 9.66478E-27 8.02012E-08 8.21936E-14 2.35169E-19 6.64676E-17
 7.20912E-10 3.52379E-15 3.68074E-11 2.17868E-16 2.24952E-13 9.11546E-09 8.00325E-13 6.14980E-13
 2.26702E-07 7.49376E-13 6.39736E-04 1.12848E-14 1.46368E-10 1.62656E-07 3.46461E-08 1.26741E-15
 1.07605E-03 3.99794E-03 4.37471E-05 3.04410E-07 7.19731E-11 3.04209E-07 1.23489E-12 1.36870E-10
 2.65671E-18 1.04713E-10 4.39663E-10 7.96522E-16 6.02174E-16 1.12812E-26 8.01992E-08 8.33174E-14
 2.74995E-19 7.13273E-17 7.22941E-10 3.35001E-15 3.60735E-11 2.44024E-16 2.59730E-13 9.11570E-09
 7.93276E-13 5.50379E-13 2.27227E-07 9.17493E-13 6.39744E-04 1.30224E-14 1.56060E-10 1.63081E-07
 3.42829E-08 1.59607E-15 1.07605E-03 3.99793E-03 4.37454E-05 3.05058E-07 7.57447E-11 3.04142E-07
 1.34590E-12 1.35839E-10 2.78752E-18 1.01916E-10 4.43325E-10 7.12489E-16 5.15755E-16 1.31492E-26
 8.01970E-08 8.44240E-14 3.21401E-19 7.63151E-17 7.25059E-10 3.18121E-15 3.53512E-11 2.73054E-16
 2.99405E-13 9.11594E-09 7.85036E-13 4.92523E-13 2.27738E-07 1.11914E-12 6.39753E-04 1.50186E-14
 1.66233E-10 1.63517E-07 3.38593E-08 2.00996E-15 1.07605E-03 3.99793E-03 4.37436E-05 3.05753E-07
 7.96643E-11 3.04074E-07 1.48200E-12 1.36119E-10 2.95042E-18 9.91532E-11 4.45607E-10 6.44379E-16
 4.49393E-16 1.52848E-26 8.01948E-08 8.55037E-14 3.75480E-19 8.14147E-17 7.27270E-10 3.01786E-15
 3.46419E-11 3.05292E-16 3.44500E-13 9.11617E-09 7.76048E-13 4.41029E-13 2.28238E-07 1.36050E-12
 6.39762E-04 1.73119E-14 1.76924E-10 1.63966E-07 3.33713E-08 2.53253E-15 1.07605E-03 3.99792E-03
 4.37416E-05 3.06503E-07 8.37927E-11 3.04004E-07 1.64882E-12 1.37784E-10 3.14953E-18 9.64281E-11
 4.46426E-10 5.89899E-16 3.98638E-16 1.76539E-26 8.01925E-08 8.65465E-14 4.38417E-19 8.66018E-17
 7.29580E-10 2.86029E-15 3.39469E-11 3.41082E-16 3.95380E-13 9.11640E-09 7.66889E-13 3.95374E-13
 2.28726E-07 1.64906E-12 6.39771E-04 1.99458E-14 1.88182E-10 1.64424E-07 3.28145E-08 3.19462E-15
 1.07605E-03 3.99791E-03 4.37395E-05 3.07313E-07 8.82246E-11 3.03934E-07 1.85289E-12 1.40896E-10
 3.38796E-18 9.37439E-11 4.45710E-10 5.47045E-16 3.60007E-16 2.01535E-26 8.01901E-08 8.75422E-14
 5.11476E-19 9.18431E-17 7.31997E-10 2.70868E-15 3.32674E-11 3.80779E-16 4.52208E-13 9.11663E-09
 7.58315E-13 3.54957E-13 2.29203E-07 1.99419E-12 6.39781E-04 2.29688E-14 2.00069E-10 1.64890E-07
 3.21850E-08 4.03738E-15 1.07605E-03 3.99791E-03 4.37371E-05 3.08193E-07 9.31083E-11 3.03862E-07
 2.10150E-12 1.45491E-10 3.66637E-18 9.11028E-11 4.43410E-10 5.14098E-16 3.30726E-16 2.25618E-26
 8.01876E-08 8.84804E-14 5.95904E-19 9.70918E-17 7.34527E-10 2.56312E-15 3.26044E-11 4.24720E-16
 5.14763E-13 9.11685E-09 7.51365E-13 3.19147E-13 2.29670E-07 2.40896E-12 6.39792E-04 2.64302E-14
 2.12691E-10 1.65365E-07 3.14787E-08 5.11824E-15 1.07605E-03 3.99790E-03 4.37346E-05 3.09151E-07
 9.86836E-11 3.03790E-07 2.40260E-12 1.51574E-10 3.98038E-18 8.85059E-11 4.39512E-10 4.89863E-16
 3.08532E-16 2.44410E-26 8.01849E-08 8.93514E-14 6.92514E-19 1.02282E-16 7.37181E-10 2.42359E-15
 3.19586E-11 4.73126E-16 5.81842E-13 9.11706E-09 7.47478E-13 2.87330E-13 2.30131E-07 2.90757E-12
 6.39803E-04 3.03897E-14 2.26126E-10 1.65847E-07 3.06924E-08 6.51169E-15 1.07605E-03 3.99790E-03
 4.37319E-05 3.10198E-07 1.05139E-10 3.03716E-07 2.76456E-12 1.59100E-10 4.32617E-18 8.59534E-11
 4.34050E-10 4.72563E-16 2.91538E-16 2.54599E-26 8.01821E-08 9.01464E-14 8.02338E-19 1.07342E-16
 7.39968E-10 2.28997E-15 3.13304E-11 5.26292E-16 6.52507E-13 9.11728E-09 7.48654E-13 2.58991E-13
 2.30587E-07 3.50178E-12 6.39815E-04 3.49261E-14 2.40373E-10 1.66335E-07 2.98236E-08 8.30812E-15
 1.07605E-03 3.99789E-03 4.37290E-05 3.11342E-07 1.12525E-10 3.03641E-07 3.19563E-12 1.67979E-10
 4.70416E-18 8.34455E-11 4.27105E-10 4.59824E-16 2.78171E-16 2.57127E-26 8.01792E-08 9.08577E-14
 9.27395E-19 1.12199E-16 7.42900E-10 2.16216E-15 3.07202E-11 5.84789E-16 7.27192E-13 9.11749E-09
 7.57625E-13 2.33750E-13 2.31041E-07 4.20539E-12 6.39827E-04 4.01240E-14 2.55464E-10 1.66830E-07
 2.88712E-08 1.06275E-14 1.07605E-03 3.99788E-03 4.37258E-05 3.12594E-07 1.20945E-10 3.03565E-07
 3.70395E-12 1.78109E-10 5.11049E-18 8.09824E-11 4.18768E-10 4.50048E-16 2.67138E-16 2.51515E-26
 8.01761E-08 9.14788E-14 1.06958E-18 1.16767E-16 7.45990E-10 2.04002E-15 3.01283E-11 6.49164E-16
 8.05880E-13 9.11769E-09 7.78029E-13 2.11284E-13 2.31498E-07 5.03489E-12 6.39840E-04 4.60733E-14
 2.71468E-10 1.67332E-07 2.78355E-08 1.36304E-14 1.07605E-03 3.99787E-03 4.37223E-05 3.13962E-07
 1.30579E-10 3.03488E-07 4.29734E-12 1.89381E-10 5.53633E-18 7.85642E-11 4.09137E-10 4.42136E-16
 2.57383E-16 2.38019E-26 8.01728E-08 9.20046E-14 1.23048E-18 1.20944E-16 7.49251E-10 1.92341E-15
 2.95549E-11 7.19899E-16 8.87948E-13 9.11789E-09 8.14605E-13 1.91298E-13 2.31960E-07 6.00552E-12
 6.39854E-04 5.28748E-14 2.88430E-10 1.67841E-07 2.67184E-08 1.75231E-14 1.07605E-03 3.99786E-03
 4.37184E-05 3.15457E-07 1.41590E-10 3.03409E-07 4.98251E-12 2.01682E-10 5.97209E-18 7.61910E-11
 3.98318E-10 4.34973E-16 2.48064E-16 2.17880E-26 8.01694E-08 9.24318E-14 1.41201E-18 1.24624E-16
 7.52697E-10 1.81220E-15 2.90000E-11 7.97581E-16 9.73186E-13 9.11809E-09 8.73258E-13 1.73539E-13
 2.32434E-07 7.13173E-12 6.39870E-04 6.06367E-14 3.06403E-10 1.68358E-07 2.55236E-08 2.25731E-14
 1.07605E-03 3.99785E-03 4.37143E-05 3.17086E-07 1.54158E-10 3.03330E-07 5.76456E-12 2.14892E-10
 6.40578E-18 7.38626E-11 3.86422E-10 4.27630E-16 2.38528E-16 1.93001E-26 8.01658E-08 9.27590E-14
 1.61617E-18 1.27699E-16 7.56344E-10 1.70624E-15 2.84635E-11 8.82824E-16 1.06139E-12 9.11828E-09
 9.60894E-13 1.57782E-13 2.32923E-07 8.42815E-12 6.39886E-04 6.94687E-14 3.25463E-10 1.68886E-07
 2.42569E-08 2.91321E-14 1.07605E-03 3.99784E-03 4.37097E-05 3.18860E-07 1.68524E-10 3.03249E-07
 6.64645E-12 2.28892E-10 6.82144E-18 7.15789E-11 3.73563E-10 4.19431E-16 2.28303E-16 1.65084E-26
 8.01619E-08 9.29868E-14 1.84454E-18 1.30060E-16 7.60209E-10 1.60539E-15 2.79453E-11 9.76173E-16
 1.15192E-12 9.11847E-09 1.08419E-12 1.43820E-13 2.33435E-07 9.90731E-12 6.39903E-04 7.94790E-14
 3.45703E-10 1.69427E-07 2.29264E-08 3.76580E-14 1.07604E-03 3.99783E-03 4.37046E-05 3.20787E-07
 1.84956E-10 3.03167E-07 7.62819E-12 2.43560E-10 7.20090E-18 6.93394E-11 3.59861E-10 4.09829E-16
 2.17087E-16 1.36144E-26 8.01578E-08 9.31184E-14 2.09843E-18 1.31602E-16 7.64309E-10 1.50949E-15
 2.74449E-11 1.07813E-15 1.24402E-12 9.11866E-09 1.24568E-12 1.31468E-13 2.33974E-07 1.15763E-11
 6.39922E-04 9.07731E-14 3.67218E-10 1.69983E-07 2.15422E-08 4.87372E-14 1.07604E-03 3.99782E-03
 4.36991E-05 3.22874E-07 2.03701E-10 3.03083E-07 8.70593E-12 2.58768E-10 7.52625E-18 6.71437E-11
 3.45443E-10 3.98344E-16 2.04747E-16 1.08201E-26 8.01534E-08 9.31592E-14 2.37911E-18 1.32242E-16
 7.68666E-10 1.41839E-15 2.69618E-11 1.18920E-15 1.33717E-12 9.11883E-09 1.43756E-12 1.20570E-13
 2.34549E-07 1.34353E-11 6.39942E-04 1.03448E-13 3.90119E-10 1.70559E-07 2.01170E-08 6.31187E-14
 1.07604E-03 3.99781E-03 4.36929E-05 3.25130E-07 2.24963E-10 3.02999E-07 9.87165E-12 2.74384E-10
 7.78089E-18 6.49913E-11 3.30447E-10 3.84631E-16 1.91302E-16 8.29267E-27 8.01488E-08 9.31171E-14
 2.68768E-18 1.31921E-16 7.73302E-10 1.33194E-15 2.64951E-11 1.30985E-15 1.43097E-12 9.11901E-09
 1.62282E-12 1.10997E-13 2.35165E-07 1.54707E-11 6.39963E-04 1.17598E-13 4.14494E-10 1.71158E-07
 1.86655E-08 8.17249E-14 1.07604E-03 3.99780E-03 4.36862E-05 3.27560E-07 2.48784E-10 3.02913E-07
 1.11125E-11 2.90268E-10 7.95474E-18 6.28818E-11 3.15022E-10 3.68403E-16 1.76918E-16 6.15881E-27
 8.01439E-08 9.30025E-14 3.02618E-18 1.30627E-16 7.78240E-10 1.25000E-15 2.60440E-11 1.44070E-15
 1.52608E-12 9.11917E-09 1.79352E-12 1.02648E-13 2.35829E-07 1.76528E-11 6.39986E-04 1.33329E-13
 4.40416E-10 1.71787E-07 1.72044E-08 1.05674E-13 1.07604E-03 3.99778E-03 4.36787E-05 3.30170E-07
 2.75015E-10 3.02825E-07 1.24112E-11 3.06273E-10 8.04535E-18 6.08151E-11 2.99328E-10 3.49537E-16
 1.61876E-16 4.46985E-27 8.01386E-08 9.28278E-14 3.39803E-18 1.28398E-16 7.83505E-10 1.17243E-15
 2.56074E-11 1.58258E-15 1.62422E-12 9.11933E-09 1.95099E-12 9.54427E-14 2.36547E-07 1.99410E-11
 6.40011E-04 1.50761E-13 4.67977E-10 1.72449E-07 1.57518E-08 1.36336E-13 1.07604E-03 3.99777E-03
 4.36704E-05 3.32965E-07 3.03385E-10 3.02737E-07 1.37485E-11 3.22247E-10 8.05613E-18 5.87916E-11
 2.83530E-10 3.28182E-16 1.46533E-16 3.19934E-27 8.01330E-08 9.26075E-14 3.80781E-18 1.25318E-16
 7.89122E-10 1.09911E-15 2.51844E-11 1.73637E-15 1.72750E-12 9.11948E-09 2.09650E-12 8.93005E-14
 2.37326E-07 2.22899E-11 6.40038E-04 1.70046E-13 4.97317E-10 1.73151E-07 1.43255E-08 1.75412E-13
 1.07604E-03 3.99775E-03 4.36613E-05 3.35949E-07 3.33592E-10 3.02646E-07 1.51051E-11 3.38045E-10
 7.99448E-18 5.68118E-11 2.67787E-10 3.04768E-16 1.31268E-16 2.27597E-27 8.01270E-08 9.23572E-14
 4.26102E-18 1.21500E-16 7.95120E-10 1.02990E-15 2.47739E-11 1.90301E-15 1.83797E-12 9.11961E-09
 2.23130E-12 8.41332E-14 2.38169E-07 2.46561E-11 6.40067E-04 1.91378E-13 5.28647E-10 1.73897E-07
 1.29425E-08 2.25078E-13 1.07604E-03 3.99773E-03 4.36511E-05 3.39126E-07 3.65399E-10 3.02555E-07
 1.64639E-11 3.53534E-10 7.87021E-18 5.48766E-11 2.52245E-10 2.79931E-16 1.16434E-16 1.61744E-27
 8.01206E-08 9.20938E-14 4.76384E-18 1.17079E-16 8.01528E-10 9.64674E-16 2.43747E-11 2.08330E-15
 1.95718E-12 9.11973E-09 2.35659E-12 7.98421E-14 2.39080E-07 2.70035E-11 6.40099E-04 2.15011E-13
 5.62257E-10 1.74694E-07 1.16179E-08 2.88168E-13 1.07603E-03 3.99771E-03 4.36399E-05 3.42502E-07
 3.98694E-10 3.02463E-07 1.78127E-11 3.68595E-10 7.69459E-18 5.29866E-11 2.37025E-10 2.54411E-16
 1.02326E-16 1.15106E-27 8.01137E-08 9.18349E-14 5.32311E-18 1.12196E-16 8.08377E-10 9.03286E-16
 2.39856E-11 2.27795E-15 2.08608E-12 9.11983E-09 2.47350E-12 7.63222E-14 2.40064E-07 2.93053E-11
 6.40133E-04 2.41278E-13 5.98508E-10 1.75545E-07 1.03641E-08 3.68426E-13 1.07603E-03 3.99769E-03
 4.36275E-05 3.46083E-07 4.33523E-10 3.02369E-07 1.91449E-11 3.83132E-10 7.48020E-18 5.11425E-11
 2.22226E-10 2.28942E-16 8.91623E-17 8.20872E-28 8.01064E-08 9.15990E-14 5.94667E-18 1.06991E-16
 8.15702E-10 8.45582E-16 2.36054E-11 2.48754E-15 2.22516E-12 9.11991E-09 2.58312E-12 7.34660E-14
 2.41120E-07 3.15479E-11 6.40170E-04 2.70600E-13 6.37839E-10 1.76455E-07 9.19061E-09 4.70866E-13
 1.07603E-03 3.99767E-03 4.36138E-05 3.49875E-07 4.70139E-10 3.02274E-07 2.04614E-11 3.97062E-10
 7.23953E-18 4.93445E-11 2.07919E-10 2.04184E-16 7.70796E-17 5.85993E-28 8.00986E-08 9.14052E-14
 6.64308E-18 1.01601E-16 8.23542E-10 7.91395E-16 2.32329E-11 2.71247E-15 2.37419E-12 9.11998E-09
 2.68647E-12 7.11657E-14 2.42252E-07 3.37325E-11 6.40209E-04 3.03491E-13 6.80752E-10 1.77428E-07
 8.10386E-09 6.02280E-13 1.07603E-03 3.99765E-03 4.35986E-05 3.53885E-07 5.09015E-10 3.02178E-07
 2.17723E-11 4.10316E-10 6.98423E-18 4.75929E-11 1.94156E-10 1.80670E-16 6.61435E-17 4.17709E-28
 8.00902E-08 9.12733E-14 7.42118E-18 9.61489E-17 8.31940E-10 7.40547E-16 2.28665E-11 2.95292E-15
 2.53220E-12 9.12002E-09 2.78454E-12 6.93142E-14 2.43459E-07 3.58695E-11 6.40253E-04 3.40594E-13
 7.27749E-10 1.78468E-07 7.10749E-09 7.71703E-13 1.07603E-03 3.99762E-03 4.35818E-05 3.58121E-07
 5.50768E-10 3.02081E-07 2.30967E-11 4.22833E-10 6.72693E-18 4.58871E-11 1.80973E-10 1.58779E-16
 5.63650E-17 2.96912E-28 8.00812E-08 9.12239E-14 8.29199E-18 9.07556E-17 8.40944E-10 6.92859E-16
 2.25050E-11 3.20910E-15 2.69831E-12 9.12006E-09 2.87826E-12 6.78077E-14 2.44742E-07 3.79838E-11
 6.40299E-04 3.82672E-13 7.79356E-10 1.79577E-07 6.20256E-09 9.91293E-13 1.07603E-03 3.99759E-03
 4.35632E-05 3.62592E-07 5.96229E-10 3.01983E-07 2.44646E-11 4.34546E-10 6.47856E-18 4.42269E-11
 1.68394E-10 1.38753E-16 4.77162E-17 2.10073E-28 8.00715E-08 9.12786E-14 9.26717E-18 8.55295E-17
 8.50608E-10 6.48144E-16 2.21466E-11 3.48105E-15 2.87106E-12 9.12008E-09 2.96853E-12 6.65432E-14
 2.46103E-07 4.01199E-11 6.40350E-04 4.30510E-13 8.36166E-10 1.80757E-07 5.38788E-09 1.27780E-12
 1.07602E-03 3.99756E-03 4.35427E-05 3.67302E-07 6.46444E-10 3.01884E-07 2.59200E-11 4.45381E-10
 6.24553E-18 4.26113E-11 1.56441E-10 1.20706E-16 4.01448E-17 1.47263E-28 8.00611E-08 9.14603E-14
 1.03541E-17 8.05702E-17 8.60991E-10 6.06218E-16 2.17897E-11 3.76813E-15 3.04719E-12 9.12008E-09
 3.05622E-12 6.54203E-14 2.47540E-07 4.23122E-11 6.40406E-04 4.85248E-13 8.98474E-10 1.82008E-07
 4.66075E-09 1.65233E-12 1.07602E-03 3.99753E-03 4.35200E-05 3.72258E-07 7.01944E-10 3.01783E-07
 2.75149E-11 4.55245E-10 6.04370E-18 4.10392E-11 1.45143E-10 1.04646E-16 3.35966E-17 1.02880E-28
 8.00499E-08 9.17934E-14 1.15722E-17 7.59866E-17 8.72160E-10 5.66899E-16 2.14325E-11 4.07109E-15
 3.22795E-12 9.12008E-09 3.14220E-12 6.43563E-14 2.49053E-07 4.45819E-11 6.40466E-04 5.48868E-13
 9.66077E-10 1.83331E-07 4.01742E-09 2.13941E-12 1.07602E-03 3.99749E-03 4.34949E-05 3.77460E-07
 7.62455E-10 3.01682E-07 2.93035E-11 4.64029E-10 5.90158E-18 3.95101E-11 1.34543E-10 9.05484E-17
 2.80182E-17 7.32043E-29 8.00379E-08 9.23039E-14 1.29705E-17 7.18948E-17 8.84182E-10 5.30026E-16
 2.10733E-11 4.39363E-15 3.42244E-12 9.12006E-09 3.22725E-12 6.32846E-14 2.50640E-07 4.69896E-11
 6.40532E-04 6.23635E-13 1.03891E-09 1.84723E-07 3.45292E-09 2.77156E-12 1.07602E-03 3.99745E-03
 4.34672E-05 3.82904E-07 8.28184E-10 3.01580E-07 3.13497E-11 4.71628E-10 5.83412E-18 3.80239E-11
 1.24668E-10 7.83377E-17 2.33339E-17 5.37381E-29 8.00250E-08 9.30191E-14 1.45967E-17 6.83848E-17
 8.97125E-10 4.95460E-16 2.07103E-11 4.73861E-15 3.63598E-12 9.12000E-09 3.31208E-12 6.21328E-14
 2.52301E-07 4.96226E-11 6.40603E-04 7.11930E-13 1.11714E-09 1.86180E-07 2.96105E-09 3.59340E-12
 1.07602E-03 3.99741E-03 4.34367E-05 3.88584E-07 9.00074E-10 3.01477E-07 3.37269E-11 4.77951E-10
 5.84383E-18 3.65807E-11 1.15522E-10 6.78647E-17 1.94459E-17 4.07522E-29 8.00110E-08 9.39684E-14
 1.64903E-17 6.55199E-17 9.11062E-10 4.63069E-16 2.03419E-11 5.10739E-15 3.86893E-12 9.11993E-09
 3.39732E-12 6.08246E-14 2.54034E-07 5.25581E-11 6.40681E-04 8.17025E-13 1.20070E-09 1.87697E-07
 2.53501E-09 4.66068E-12 1.07602E-03 3.99737E-03 4.34031E-05 3.94488E-07 9.78982E-10 3.01374E-07
 3.65065E-11 4.82925E-10 5.93920E-18 3.51802E-11 1.07091E-10 5.89623E-17 1.62511E-17 3.21297E-29
 7.99960E-08 9.51830E-14 1.87135E-17 6.33559E-17 9.26071E-10 4.32725E-16 1.99664E-11 5.50274E-15
 4.12496E-12 9.11982E-09 3.48356E-12 5.92977E-14 2.55837E-07 5.58740E-11 6.40766E-04 9.43222E-13
 1.28942E-09 1.89267E-07 2.16781E-09 6.04427E-12 1.07601E-03 3.99732E-03 4.33660E-05 4.00601E-07
 1.06585E-09 3.01269E-07 3.97590E-11 4.86495E-10 6.13167E-18 3.38222E-11 9.93444E-11 5.14571E-17
 1.36463E-17 2.65446E-29 7.99799E-08 9.66966E-14 2.13504E-17 6.19444E-17 9.42234E-10 4.04311E-16
 1.95819E-11 5.92821E-15 4.40905E-12 9.11968E-09 3.57135E-12 5.75051E-14 2.57712E-07 5.96604E-11
 6.40858E-04 1.09569E-12 1.38335E-09 1.90882E-07 1.85243E-09 7.83934E-12 1.07601E-03 3.99726E-03
 4.33253E-05 4.06903E-07 1.16231E-09 3.01165E-07 4.35618E-11 4.88615E-10 6.42957E-18 3.25068E-11
 9.22317E-11 4.51608E-17 1.15313E-17 2.30247E-29 7.99625E-08 9.85455E-14 2.44938E-17 6.13344E-17
 9.59640E-10 3.77716E-16 1.91866E-11 6.38658E-15 4.72333E-12 9.11950E-09 3.66117E-12 5.54112E-14
 2.59658E-07 6.40155E-11 6.40958E-04 1.28083E-12 1.48272E-09 1.92533E-07 1.58206E-09 1.01755E-11
 1.07601E-03 3.99721E-03 4.32806E-05 4.13367E-07 1.27087E-09 3.01060E-07 4.80026E-11 4.89242E-10
 6.84090E-18 3.12334E-11 8.56911E-11 3.98857E-17 9.81406E-18 2.09167E-29 7.99437E-08 1.00769E-13
 2.82494E-17 6.15824E-17 9.78385E-10 3.52832E-16 1.87786E-11 6.88007E-15 5.06750E-12 9.11928E-09
 3.75349E-12 5.29932E-14 2.61676E-07 6.90417E-11 6.41067E-04 1.50698E-12 1.58798E-09 1.94209E-07
 1.35036E-09 1.32299E-11 1.07601E-03 3.99714E-03 4.32314E-05 4.19961E-07 1.39488E-09 3.00954E-07
 5.31799E-11 4.88326E-10 7.37837E-18 3.00015E-11 7.96554E-11 3.54621E-17 8.41531E-18 1.98400E-29
 7.99235E-08 1.03412E-13 3.27510E-17 6.27668E-17 9.98573E-10 3.29554E-16 1.83557E-11 7.41102E-15
 5.44055E-12 9.11903E-09 3.84877E-12 5.02433E-14 2.63771E-07 7.48486E-11 6.41186E-04 1.78543E-12
 1.69976E-09 1.95899E-07 1.15158E-09 1.72484E-11 1.07601E-03 3.99708E-03 4.31775E-05 4.26644E-07
 1.53874E-09 3.00849E-07 5.92062E-11 4.85798E-10 8.06232E-18 2.88102E-11 7.40592E-11 3.17447E-17
 7.26996E-18 1.95979E-29 7.99018E-08 1.06522E-13 3.81754E-17 6.50047E-17 1.02032E-09 3.07780E-16
 1.79157E-11 7.98227E-15 5.84109E-12 9.11874E-09 3.94745E-12 4.71687E-14 2.65944E-07 8.15595E-11
 6.41316E-04 2.13179E-12 1.81914E-09 1.97590E-07 9.80603E-10 2.25823E-11 1.07600E-03 3.99700E-03
 4.31183E-05 4.33364E-07 1.70847E-09 3.00744E-07 6.62162E-11 4.81563E-10 8.92283E-18 2.76584E-11
 6.88420E-11 2.86110E-17 6.32599E-18 2.01028E-29 7.98783E-08 1.10152E-13 4.47574E-17 6.84748E-17
 1.04376E-09 2.87411E-16 1.74560E-11 8.59728E-15 6.26640E-12 9.11843E-09 4.05001E-12 4.37904E-14
 2.68200E-07 8.93205E-11 6.41456E-04 2.56804E-12 1.94775E-09 1.99270E-07 8.33027E-10 2.97480E-11
 1.07600E-03 3.99692E-03 4.30534E-05 4.40054E-07 1.91239E-09 3.00638E-07 7.43787E-11 4.75483E-10
 1.00029E-17 2.65448E-11 6.39493E-11 2.59591E-17 5.54271E-18 2.13391E-29 7.98530E-08 1.14365E-13
 5.28123E-17 7.34526E-17 1.06904E-09 2.68351E-16 1.69738E-11 9.26053E-15 6.71128E-12 9.11808E-09
 4.15690E-12 4.01407E-14 2.70542E-07 9.83147E-11 6.41610E-04 3.12614E-12 2.08805E-09 2.00923E-07
 7.05137E-10 3.95257E-11 1.07600E-03 3.99684E-03 4.29821E-05 4.46623E-07 2.16183E-09 3.00533E-07
 8.39088E-11 4.67366E-10 1.13657E-17 2.54680E-11 5.93344E-11 2.37083E-17 4.88911E-18 2.33918E-29
 7.98258E-08 1.19226E-13 6.27768E-17 8.03635E-17 1.09630E-09 2.50508E-16 1.64659E-11 9.97858E-15
 7.16786E-12 9.11772E-09 4.26863E-12 3.62653E-14 2.72972E-07 1.08783E-10 6.41777E-04 3.85424E-12
 2.24326E-09 2.02533E-07 5.93955E-10 5.31073E-11 1.07600E-03 3.99675E-03 4.29039E-05 4.52954E-07
 2.47083E-09 3.00428E-07 9.50632E-11 4.56971E-10 1.31098E-17 2.44263E-11 5.49577E-11 2.18071E-17
 4.34237E-18 2.66901E-29 7.97963E-08 1.24812E-13 7.52971E-17 8.98628E-17 1.12572E-09 2.33790E-16
 1.59289E-11 1.07626E-14 7.62828E-12 9.11735E-09 4.38569E-12 3.22282E-14 2.75488E-07 1.21038E-10
 6.41960E-04 4.82890E-12 2.41675E-09 2.04079E-07 4.97293E-10 7.22805E-11 1.07600E-03 3.99665E-03
 4.28181E-05 4.58890E-07 2.85366E-09 3.00324E-07 1.08067E-10 4.44077E-10 1.54121E-17 2.34180E-11
 5.07878E-11 2.02570E-17 3.88637E-18 3.31090E-29 7.97646E-08 1.31209E-13 9.14534E-17 1.02948E-16
 1.15748E-09 2.18115E-16 1.53589E-11 1.16333E-14 8.09466E-12 9.11696E-09 4.50860E-12 2.81218E-14
 2.78081E-07 1.35403E-10 6.42159E-04 6.18978E-12 2.61020E-09 2.05536E-07 4.13771E-10 9.94062E-11
 1.07600E-03 3.99654E-03 4.27241E-05 4.64219E-07 3.31861E-09 3.00220E-07 1.22870E-10 4.28741E-10
 1.86791E-17 2.24423E-11 4.68017E-11 1.92124E-17 3.50994E-18 5.04145E-29 7.97303E-08 1.38503E-13
 1.13621E-16 1.21101E-16 1.19174E-09 2.03416E-16 1.47525E-11 1.26297E-14 8.60223E-12 9.11652E-09
 4.63769E-12 2.40747E-14 2.80730E-07 1.52368E-10 6.42374E-04 8.17505E-12 2.82530E-09 2.06870E-07
 3.42317E-10 1.37755E-10 1.07600E-03 3.99643E-03 4.26213E-05 4.68657E-07 3.87586E-09 3.00117E-07
 1.39231E-10 4.11219E-10 2.36014E-17 2.15004E-11 4.29777E-11 1.88920E-17 3.20164E-18 1.05376E-28
 7.96935E-08 1.46772E-13 1.46061E-16 1.46501E-16 1.22858E-09 1.89664E-16 1.41074E-11 1.38001E-14
 9.18506E-12 9.11601E-09 4.77284E-12 2.02096E-14 2.83413E-07 1.73096E-10 6.42608E-04 1.11282E-11
 3.06826E-09 2.08032E-07 2.81436E-10 1.93197E-10 1.07600E-03 3.99631E-03 4.25093E-05 4.71835E-07
 4.56636E-09 3.00015E-07 1.57350E-10 3.91356E-10 3.09271E-17 2.05941E-11 3.92852E-11 1.93443E-17
 2.94664E-18 2.80069E-28 7.96540E-08 1.56091E-13 1.94251E-16 1.82428E-16 1.26803E-09 1.76832E-16
 1.34221E-11 1.51880E-14 9.80394E-12 9.11544E-09 4.91350E-12 1.65864E-14 2.86104E-07 1.99906E-10
 6.42860E-04 1.54946E-11 3.34970E-09 2.08967E-07 2.29263E-10 2.77074E-10 1.07600E-03 3.99618E-03
 4.23875E-05 4.73283E-07 5.47855E-09 2.99916E-07 1.78189E-10 3.68246E-10 4.10880E-17 1.97222E-11
 3.56860E-11 2.03350E-17 2.73095E-18 7.98683E-28 7.96118E-08 1.66563E-13 2.63469E-16 2.33931E-16
 1.31022E-09 1.64865E-16 1.26938E-11 1.68424E-14 1.03556E-11 9.11494E-09 5.05902E-12 1.32197E-14
 2.88746E-07 2.35663E-10 6.43134E-04 2.19472E-11 3.67549E-09 2.09617E-07 1.84783E-10 4.06353E-10
 1.07600E-03 3.99604E-03 4.22547E-05 4.72391E-07 6.68794E-09 2.99818E-07 2.02180E-10 3.41503E-10
 5.46833E-17 1.88807E-11 3.21453E-11 2.17733E-17 2.54613E-18 2.28833E-27 7.95666E-08 1.78336E-13
 3.61741E-16 3.08394E-16 1.35540E-09 1.53668E-16 1.19170E-11 1.88324E-14 1.08028E-11 9.11453E-09
 5.20891E-12 1.01824E-14 2.91207E-07 2.82387E-10 6.43430E-04 3.17697E-11 4.04270E-09 2.09922E-07
 1.48553E-10 5.98358E-10 1.07600E-03 3.99589E-03 4.21098E-05 4.68399E-07 8.13905E-09 2.99722E-07
 2.27681E-10 3.12821E-10 7.44143E-17 1.80672E-11 2.86454E-11 2.43657E-17 2.38897E-18 6.61593E-27
 7.95183E-08 1.91548E-13 5.10908E-16 4.15681E-16 1.40369E-09 1.43175E-16 1.10882E-11 2.11913E-14
 1.12318E-11 9.11413E-09 5.36222E-12 7.62412E-15 2.93260E-07 3.41192E-10 6.43747E-04 4.74863E-11
 4.45295E-09 2.09821E-07 1.21460E-10 8.66943E-10 1.07600E-03 3.99573E-03 4.19530E-05 4.60445E-07
 9.62243E-09 2.99629E-07 2.51986E-10 2.85003E-10 1.07131E-16 1.72852E-11 2.51962E-11 2.97725E-17
 2.25753E-18 1.85192E-26 7.94672E-08 2.06239E-13 7.62076E-16 5.68790E-16 1.45478E-09 1.33401E-16
 1.02113E-11 2.38370E-14 1.17221E-11 9.11365E-09 5.51610E-12 5.63505E-15 2.94665E-07 4.15292E-10
 6.44082E-04 7.31856E-11 4.92327E-09 2.09229E-07 1.02647E-10 1.23625E-09 1.07601E-03 3.99558E-03
 4.17854E-05 4.47647E-07 1.09806E-08 2.99540E-07 2.74547E-10 2.58791E-10 1.62931E-16 1.65420E-11
 2.18264E-11 3.99644E-17 2.14760E-18 4.49574E-26 7.94140E-08 2.22332E-13 1.20174E-15 7.86224E-16
 1.50796E-09 1.24408E-16 9.29730E-12 2.66489E-14 1.21790E-11 9.11319E-09 5.66484E-12 4.14202E-15
 2.95283E-07 5.14402E-10 6.44432E-04 1.14270E-10 5.47369E-09 2.08029E-07 8.92491E-11 1.77286E-09
 1.07601E-03 3.99541E-03 4.16082E-05 4.29087E-07 1.23313E-08 2.99456E-07 2.98047E-10 2.31771E-10
 2.49709E-16 1.58411E-11 1.85641E-11 5.55706E-17 2.05481E-18 8.96683E-26 7.93593E-08 2.39745E-13
 1.93127E-15 1.09766E-15 1.56265E-09 1.16212E-16 8.35624E-12 2.96126E-14 1.24268E-11 9.11291E-09
 5.79964E-12 2.98084E-15 2.95031E-07 6.48283E-10 6.44796E-04 1.80600E-10 6.11797E-09 2.06093E-07
 7.93300E-11 2.55498E-09 1.07602E-03 3.99525E-03 4.14222E-05 4.03953E-07 1.36523E-08 2.99378E-07
 3.22426E-10 2.04276E-10 3.84370E-16 1.51825E-11 1.54361E-11 7.96291E-17 1.97664E-18 1.53936E-25
 7.93036E-08 2.58382E-13 3.15833E-15 1.54524E-15 1.61832E-09 1.08786E-16 7.39677E-12 3.25617E-14
 1.24225E-11 9.11286E-09 5.90832E-12 2.07790E-15 2.93831E-07 8.31092E-10 6.45168E-04 2.88931E-10
 6.86592E-09 2.03290E-07 7.16925E-11 3.70118E-09 1.07603E-03 3.99510E-03 4.12293E-05 3.71729E-07
 1.48401E-08 2.99307E-07 3.47589E-10 1.76645E-10 5.94199E-16 1.45674E-11 1.24858E-11 1.17143E-16
 1.91159E-18 2.36984E-25 7.92477E-08 2.77978E-13 5.25217E-15 2.18698E-15 1.67417E-09 1.02125E-16
 6.43254E-12 3.52799E-14 1.21630E-11 9.11303E-09 5.97217E-12 1.39171E-15 2.91591E-07 1.08664E-09
 6.45542E-04 4.68445E-10 7.71071E-09 1.99510E-07 6.56580E-11 5.40550E-09 1.07605E-03 3.99494E-03
 4.10330E-05 3.32499E-07 1.57428E-08 2.99244E-07 3.73645E-10 1.48913E-10 9.23895E-16 1.39996E-11
 9.77311E-12 1.76577E-16 1.85858E-18 3.36303E-25 7.91929E-08 2.97976E-13 8.88393E-15 3.09621E-15
 1.72899E-09 9.62415E-17 5.48375E-12 3.75585E-14 1.16708E-11 9.11341E-09 5.96260E-12 8.87003E-16
 2.88212E-07 1.46002E-09 6.45905E-04 7.70619E-10 8.59935E-09 1.94713E-07 6.09690E-11 8.01535E-09
 1.07606E-03 3.99480E-03 4.08397E-05 2.87447E-07 1.61887E-08 2.99189E-07 4.00746E-10 1.20932E-10
 1.44630E-15 1.34863E-11 7.37409E-12 2.72498E-16 1.81667E-18 4.46460E-25 7.91409E-08 3.17360E-13
 1.52894E-14 4.34092E-15 1.78095E-09 9.11826E-17 4.57941E-12 3.92285E-14 1.09934E-11 9.11395E-09
 5.83577E-12 5.30517E-16 2.83688E-07 2.04763E-09 6.46238E-04 1.28498E-09 9.38589E-09 1.89065E-07
 5.79595E-11 1.22062E-08 1.07608E-03 3.99468E-03 4.06604E-05 2.39640E-07 1.60316E-08 2.99145E-07
 4.28677E-10 9.27790E-11 2.27105E-15 1.30416E-11 5.37972E-12 4.29698E-16 1.78512E-18 5.56102E-25
 7.90945E-08 3.34462E-13 2.67179E-14 5.89804E-15 1.82734E-09 8.70374E-17 3.76157E-12 4.00930E-14
 1.01998E-11 9.11459E-09 5.55036E-12 2.92286E-16 2.78469E-07 3.13206E-09 6.46510E-04 2.14856E-09
 9.78726E-09 1.83220E-07 5.87208E-11 1.92706E-08 1.07609E-03 3.99458E-03 4.05137E-05 1.95171E-07
 1.52309E-08 2.99113E-07 4.55954E-10 6.56960E-11 3.50553E-15 1.26912E-11 3.89652E-12 6.85200E-16
 1.76349E-18 6.44948E-25 7.90576E-08 3.47003E-13 4.68309E-14 7.39470E-15 1.86421E-09 8.39603E-17
 3.09360E-12 3.93859E-14 9.39010E-12 9.11527E-09 5.44398E-12 1.46067E-16 2.74319E-07 6.37880E-09
 6.46674E-04 3.41282E-09 9.38419E-09 1.78817E-07 7.02060E-11 3.03666E-08 1.07610E-03 3.99453E-03
 4.04301E-05 1.64689E-07 1.40192E-08 2.99095E-07 4.78156E-10 4.37807E-11 4.93934E-15 1.24804E-11
 3.05781E-12 1.04742E-15 1.75205E-18 6.89070E-25 7.90358E-08 3.52968E-13 7.78008E-14 7.65709E-15
 1.88594E-09 8.22065E-17 2.67727E-12 3.37398E-14 8.80210E-12 9.11578E-09 5.45973E-12 6.86113E-17
 2.78058E+02 2.74656E+02 2.71794E+02 2.69352E+02 2.67281E+02 2.65980E+02 2.65719E+02 2.65854E+02
 2.65731E+02 2.65414E+02 2.65022E+02 2.64570E+02 2.64074E+02 2.63551E+02 2.62997E+02 2.62411E+02
 2.61791E+02 2.61137E+02 2.60454E+02 2.59745E+02 2.59013E+02 2.58259E+02 2.57476E+02 2.56664E+02
 2.55850E+02 2.55065E+02 2.54262E+02 2.53443E+02 2.52634E+02 2.51826E+02 2.51007E+02 2.50170E+02
 2.49320E+02 2.48470E+02 2.47628E+02 2.46804E+02 2.46004E+02 2.45230E+02 2.44467E+02 2.43692E+02
 2.42895E+02 2.42071E+02 2.41227E+02 2.40389E+02 2.39589E+02 2.38872E+02 2.38329E+02 2.37997E+02
 2.37823E+02 2.37794E+02 2.37927E+02 2.38213E+02 2.38647E+02 2.39238E+02 2.39996E+02 2.40922E+02
 2.42008E+02 2.43219E+02 2.44496E+02 2.45778E+02 2.47018E+02 2.48190E+02 2.49285E+02 2.50307E+02
 2.51272E+02 2.52212E+02 2.53144E+02 2.54097E+02 2.55132E+02 2.56225E+02 2.57221E+02 2.58057E+02
 2.58769E+02 2.59328E+02 2.59696E+02 2.59882E+02 2.59930E+02 2.59878E+02 2.59762E+02 2.59618E+02
 2.59495E+02 2.59454E+02 2.59543E+02 2.59723E+02 2.59511E+02 2.58341E+02 2.56484E+02 2.55199E+02
 2.55064E+02 2.54661E+02 2.51773E+02 2.46211E+02 2.40772E+02 2.35453E+02 2.30251E+02 2.25165E+02
 2.20190E+02 2.15326E+02 2.10569E+02 2.05918E+02 1.00000E+05 1.00000E+05 1.00000E+05 1.00000E+05
 6.92150E+04 1.46933E+04 5.25650E+03 3.94167E+03 4.13278E+03 5.20761E+03 6.89450E+03 9.04400E+03
 1.16161E+04 1.43800E+04 1.77661E+04 2.18689E+04 2.79600E+04 3.54994E+04 4.46878E+04 5.73183E+04
 7.18344E+04 9.03989E+04 1.12350E+05 1.43717E+05 1.82328E+05 2.30033E+05 2.88789E+05 3.64956E+05
 4.63400E+05 5.70456E+05 7.00961E+05 8.60950E+05 9.96639E+05 1.00000E+06 1.00000E+06 1.00000E+06
 1.00000E+06 1.00000E+06 1.00000E+06 1.00000E+06 1.00000E+06 1.00000E+06 1.00000E+06 1.00000E+06
 1.00000E+06 1.00000E+06 1.00000E+06 1.00000E+06 1.00000E+06 1.00000E+06 1.00000E+06 1.00000E+06
 1.00000E+06 1.00000E+06 1.00000E+06 1.00000E+06 1.00000E+06 1.00000E+06 1.00000E+06 1.00000E+06
 1.00000E+06 1.00000E+06 1.00000E+06 1.00000E+06 1.00000E+06 1.00000E+06 1.00000E+06 1.00000E+06
 1.00000E+06 1.00000E+06 1.00000E+06 1.00000E+06 1.00000E+06 1.00000E+06 1.00000E+06 1.00000E+06
 1.00000E+06 1.00000E+06 1.00000E+06 1.00000E+06 1.00000E+06 1.00000E+06 1.00000E+06 1.00000E+06
 1.00000E+06 1.00000E+06 1.00000E+06 1.00000E+06 1.00000E+06 1.00000E+06 1.00000E+06 1.00000E+06
 1.00000E+06 1.00000E+06 1.00000E+06 1.00000E+06 1.00000E+06 1.00000E+06 1.00000E+06 1.00000E+06
 2.52163E+19 2.32912E+19 2.14513E+19 1.97109E+19 1.80741E+19 1.65167E+19 1.50310E+19 1.36585E+19
 1.24238E+19 1.13083E+19 1.02948E+19 9.37303E+18 8.53398E+18 7.76964E+18 7.07338E+18 6.43913E+18
 5.86138E+18 5.33508E+18 4.85550E+18 4.41847E+18 4.02016E+18 3.65718E+18 3.32647E+18 3.02519E+18
 2.75046E+18 2.49971E+18 2.27135E+18 2.06340E+18 1.87389E+18 1.70128E+18 1.54420E+18 1.40130E+18
 1.27131E+18 1.15303E+18 1.04538E+18 9.47434E+17 8.58320E+17 7.77280E+17 7.03658E+17 6.36856E+17
 5.76275E+17 5.21356E+17 4.71556E+17 4.26364E+17 3.85320E+17 3.48002E+17 3.13994E+17 2.83012E+17
 2.54895E+17 2.29427E+17 2.06373E+17 1.85538E+17 1.66734E+17 1.49776E+17 1.34492E+17 1.20733E+17
 1.08360E+17 9.72576E+16 8.73195E+16 7.84412E+16 7.05179E+16 6.34468E+16 5.71313E+16 5.14836E+16
 4.64248E+16 4.18849E+16 3.78052E+16 3.41340E+16 3.08224E+16 2.78380E+16 2.51633E+16 2.27683E+16
 2.06179E+16 1.86865E+16 1.69519E+16 1.53910E+16 1.39822E+16 1.27075E+16 1.15518E+16 1.05020E+16
 9.54667E+15 8.67542E+15 7.87994E+15 7.15543E+15 6.50747E+15 5.93875E+15 5.43141E+15 4.95372E+15
 4.49667E+15 4.08576E+15 3.74678E+15 3.46799E+15 3.20281E+15 2.95118E+15 2.71299E+15 2.48810E+15
 2.27630E+15 2.07736E+15 1.89099E+15 1.71687E+15 2.92224E-12 3.36370E-12 4.33298E-12 5.82916E-12
 8.23845E-12 1.62973E-11 4.82707E-11 1.15646E-10 1.97991E-10 2.74900E-10 3.38263E-10 3.89051E-10
 4.30128E-10 4.64157E-10 4.92784E-10 5.16838E-10 5.36624E-10 5.52584E-10 5.65505E-10 5.75867E-10
 5.84160E-10 5.90828E-10 5.96186E-10 6.00433E-10 6.03745E-10 6.06332E-10 6.08350E-10 6.09911E-10
 6.11104E-10 6.12018E-10 6.12725E-10 6.13265E-10 6.13684E-10 6.14039E-10 6.14353E-10 6.14624E-10
 6.14846E-10 6.15015E-10 6.15125E-10 6.15170E-10 6.15144E-10 6.15039E-10 6.14849E-10 6.14564E-10
 6.14175E-10 6.13671E-10 6.13041E-10 6.12270E-10 6.11344E-10 6.10245E-10 6.08880E-10 6.07364E-10
 6.05678E-10 6.03805E-10 6.01724E-10 5.99415E-10 5.96853E-10 5.94012E-10 5.90865E-10 5.87385E-10
 5.83542E-10 5.79305E-10 5.74639E-10 5.69510E-10 5.63881E-10 5.57710E-10 5.50957E-10 5.43577E-10
 5.35526E-10 5.26760E-10 5.17237E-10 5.06918E-10 4.95764E-10 4.83741E-10 4.70820E-10 4.56978E-10
 4.42196E-10 4.26466E-10 4.09787E-10 3.92170E-10 3.73641E-10 3.54240E-10 3.34025E-10 3.13080E-10
 2.91532E-10 2.69555E-10 2.47325E-10 2.24981E-10 2.02666E-10 1.80621E-10 1.59176E-10 1.38629E-10
 1.19128E-10 1.00828E-10 8.38892E-11 6.84459E-11 5.46216E-11 4.25111E-11 3.21644E-11 2.35635E-11
 6.68985E+00 5.89804E+00 5.87994E+00 6.41538E+00 7.72261E+00 1.04098E+01 2.54458E+01 5.46236E+01
 8.41928E+01 1.05610E+02 1.17515E+02 1.22328E+02 1.22462E+02 1.19691E+02 1.15122E+02 1.09414E+02
 1.02974E+02 9.61665E+01 8.92839E+01 8.24993E+01 7.59507E+01 6.97184E+01 6.38536E+01 5.83746E+01
 5.32664E+01 4.85141E+01 4.41524E+01 4.01496E+01 3.64722E+01 3.31059E+01 3.00349E+01 2.72391E+01
 2.47008E+01 2.23910E+01 2.02867E+01 1.83689E+01 1.66207E+01 1.50280E+01 1.35834E+01 1.22764E+01
 1.10952E+01 1.00265E+01 9.05837E+00 8.17915E+00 7.37933E+00 6.64861E+00 5.97520E+00 5.35448E+00
 4.78771E+00 4.27245E+00 3.80410E+00 3.38237E+00 3.00239E+00 2.66040E+00 2.35782E+00 2.08764E+00
 1.84571E+00 1.63003E+00 1.43950E+00 1.27305E+00 1.12659E+00 9.98176E-01 8.84722E-01 7.84824E-01
 6.96178E-01 6.17245E-01 5.46849E-01 4.83957E-01 4.27589E-01 3.77462E-01 3.33017E-01 2.93688E-01
 2.58769E-01 2.27784E-01 2.00323E-01 1.75942E-01 1.54230E-01 1.34848E-01 1.17525E-01 1.02033E-01
 8.81744E-02 7.57783E-02 6.47114E-02 5.48978E-02 4.64045E-02 3.92174E-02 3.30385E-02 2.74617E-02
 2.24078E-02 1.81247E-02 1.47612E-02 1.21051E-02 9.76308E-03 7.73422E-03 6.01453E-03 4.57299E-03
 3.39606E-03 2.46010E-03 1.73528E-03 1.18337E-03 1.00000E-12 1.00000E-12 1.00000E-12 1.00000E-12
 1.00000E-12 1.00000E-12 1.00000E-12 1.00000E-12 1.00000E-12 1.00000E-12 1.00000E-12 1.00000E-12
 1.00000E-12 1.00000E-12 1.00000E-12 1.00000E-12 1.00000E-12 1.00000E-12 1.00000E-12 1.00000E-12
 1.00000E-12 1.00000E-12 1.00000E-12 1.00000E-12 1.00000E-12 1.00000E-12 1.00000E-12 1.00000E-12
 1.00000E-12 1.00000E-12 1.00000E-12 1.00000E-12 1.00000E-12 1.00000E-12 1.00000E-12 1.00000E-12
 1.00000E-12 1.00000E-12 1.00000E-12 1.00000E-12 1.00000E-12 1.00000E-12 1.00000E-12 1.00000E-12
 1.00000E-12 1.00000E-12 1.00000E-12 1.00000E-12 1.00000E-12 1.00000E-12 1.00000E-12 1.00000E-12
 1.00000E-12 1.00000E-12 1.00000E-12 1.00000E-12 1.00000E-12 1.00000E-12 1.00000E-12 1.00000E-12
 1.00000E-12 1.00000E-12 1.00000E-12 1.00000E-12 1.00000E-12 1.00000E-12 1.00000E-12 1.00000E-12
 1.00000E-12 1.00000E-12 1.00000E-12 1.00000E-12 1.00000E-12 1.00000E-12 1.00000E-12 1.00000E-12
 1.00000E-12 1.00000E-12 1.00000E-12 1.00000E-12 1.00000E-12 1.00000E-12 1.00000E-12 1.00000E-12
 1.00000E-12 1.00000E-12 1.00000E-12 1.00000E-12 1.00000E-12 1.00000E-12 1.00000E-12 1.00000E-12
 1.00000E-12 1.00000E-12 1.00000E-12 1.00000E-12 1.00000E-12 1.00000E-12 1.00000E-12 1.00000E-12
 1.00000E-12 1.00000E-12 1.00000E-12 1.00000E-12 1.00000E-12 1.00000E-12 1.00000E-12 1.00000E-12
 1.00000E-12 1.00000E-12 1.00000E-12 1.00000E-12 1.00000E-12 1.00000E-12 1.00000E-12 1.00000E-12
 1.00000E-12 1.00000E-12 1.00000E-12 1.00000E-12 1.00000E-12 1.00000E-12 1.00000E-12 1.00000E-12
 1.00000E-12 1.00000E-12 1.00000E-12 1.00000E-12 1.00000E-12 1.00000E-12 1.00000E-12 1.00000E-12
 1.00000E-12 1.00000E-12 1.00000E-12 1.00000E-12 1.00000E-12 1.00000E-12 1.00000E-12 1.00000E-12
 1.00000E-12 1.00000E-12 1.00000E-12 1.00000E-12 1.00000E-12 1.00000E-12 1.00000E-12 1.00000E-12
 1.00000E-12 1.00000E-12 1.00000E-12 1.00000E-12 1.00000E-12 1.00000E-12 1.00000E-12 1.00000E-12
 1.00000E-12 1.00000E-12 1.00000E-12 1.00000E-12 1.00000E-12 1.00000E-12 1.00000E-12 1.00000E-12
 1.00000E-12 1.00000E-12 1.00000E-12 1.00000E-12 1.00000E-12 1.00000E-12 1.00000E-12 1.00000E-12
 1.00000E-12 1.00000E-12 1.00000E-12 1.00000E-12 1.00000E-12 1.00000E-12 1.00000E-12 1.00000E-12
 1.00000E-12 1.00000E-12 1.00000E-12 1.00000E-12 1.00000E-12 1.00000E-12 1.00000E-12 1.00000E-12
 1.00000E-12 1.00000E-12 1.00000E-12 1.00000E-12 1.00000E-12 1.00000E-12 1.00000E-12 1.00000E-12
 1.00000E-12 1.00000E-12 1.00000E-12 1.00000E-12 2.77149E-04 3.01190E-04 3.28891E-04 3.57603E-04
 3.85842E-04 4.44903E-04 4.88599E-04 5.23704E-04 5.62083E-04 6.04159E-04 6.50679E-04 7.02083E-04
 7.58933E-04 8.21829E-04 8.91387E-04 9.68293E-04 1.05330E-03 1.14715E-03 1.25082E-03 1.36539E-03
 1.49199E-03 1.63200E-03 1.78681E-03 1.95801E-03 2.14758E-03 2.35775E-03 2.59020E-03 2.84756E-03
 3.13288E-03 3.44920E-03 3.79982E-03 4.18848E-03 4.61912E-03 5.09693E-03 5.62758E-03 6.21725E-03
 6.87288E-03 7.60208E-03 8.41232E-03 9.31229E-03 1.03118E-02 1.14228E-02 1.26585E-02 1.40344E-02
 1.55677E-02 1.72793E-02 1.91962E-02 2.13451E-02 2.37503E-02 2.64405E-02 2.94507E-02 3.28114E-02
 3.65664E-02 4.07622E-02 4.54159E-02 5.05937E-02 5.63617E-02 6.27784E-02 6.98892E-02 7.77241E-02
 8.63742E-02 9.58972E-02 1.06404E-01 1.17965E-01 1.30712E-01 1.44778E-01 1.60298E-01 1.77428E-01
 1.96350E-01 2.17165E-01 2.40046E-01 2.65162E-01 2.92750E-01 3.23031E-01 3.56235E-01 3.92656E-01
 4.32644E-01 4.76594E-01 5.24940E-01 5.78171E-01 6.36846E-01 7.01603E-01 7.73138E-01 8.52074E-01
 9.38254E-01 1.03126E+00 1.13249E+00 1.24593E+00 1.37438E+00 1.51530E+00 1.66301E+00 1.81851E+00
 1.99475E+00 2.19449E+00 2.42004E+00 2.67701E+00 2.96860E+00 3.29824E+00 3.66977E+00 4.09423E+00
 1.00000E+00 1.00000E+00 1.00000E+00 1.00000E+00 1.00000E+00 1.00000E+00 1.00000E+00 1.00000E+00
 1.00000E+00 1.00000E+00 1.00000E+00 1.00000E+00 1.00000E+00 1.00000E+00 1.00000E+00 1.00000E+00
 1.00000E+00 1.00000E+00 1.00000E+00 1.00000E+00 1.00000E+00 1.00000E+00 1.00000E+00 1.00000E+00
 1.00000E+00 1.00000E+00 1.00000E+00 1.00000E+00 1.00000E+00 1.00000E+00 1.00000E+00 1.00000E+00
 1.00000E+00 1.00000E+00 1.00000E+00 1.00000E+00 1.00000E+00 1.00000E+00 1.00000E+00 1.00000E+00
 1.00000E+00 1.00000E+00 1.00000E+00 1.00000E+00 1.00000E+00 1.00000E+00 1.00000E+00 1.00000E+00
 1.00000E+00 1.00000E+00 1.00000E+00 1.00000E+00 1.00000E+00 1.00000E+00 1.00000E+00 1.00000E+00
 1.00000E+00 1.00000E+00 1.00000E+00 1.00000E+00 1.00000E+00 1.00000E+00 1.00000E+00 1.00000E+00
 1.00000E+00 1.00000E+00 1.00000E+00 1.00000E+00 1.00000E+00 1.00000E+00 1.00000E+00 1.00000E+00
 1.00000E+00 1.00000E+00 1.00000E+00 1.00000E+00 1.00000E+00 1.00000E+00 1.00000E+00 1.00000E+00
 1.00000E+00 1.00000E+00 1.00000E+00 1.00000E+00 1.00000E+00 1.00000E+00 1.00000E+00 1.00000E+00
 1.00000E+00 1.00000E+00 1.00000E+00 1.00000E+00 1.00000E+00 1.00000E+00 1.00000E+00 1.00000E+00
 1.00000E+00 1.00000E+00 1.00000E+00 1.00000E+00 1.00000E+00 1.00000E+00 1.00000E+00 1.00000E+00
 1.00000E+00 1.00000E+00 1.00000E+00 1.00000E+00 1.00000E+00 1.00000E+00 1.00000E+00 1.00000E+00
 1.00000E+00 1.00000E+00 1.00000E+00 1.00000E+00 1.00000E+00 1.00000E+00 1.00000E+00 1.00000E+00
 1.00000E+00 1.00000E+00 1.00000E+00 1.00000E+00 1.00000E+00 1.00000E+00 1.00000E+00 1.00000E+00
 1.00000E+00 1.00000E+00 1.00000E+00 1.00000E+00 1.00000E+00 1.00000E+00 1.00000E+00 1.00000E+00
 1.00000E+00 1.00000E+00 1.00000E+00 1.00000E+00 1.00000E+00 1.00000E+00 1.00000E+00 1.00000E+00
 1.00000E+00 1.00000E+00 1.00000E+00 1.00000E+00 1.00000E+00 1.00000E+00 1.00000E+00 1.00000E+00
 1.00000E+00 1.00000E+00 1.00000E+00 1.00000E+00 1.00000E+00 1.00000E+00 1.00000E+00 1.00000E+00
 1.00000E+00 1.00000E+00 1.00000E+00 1.00000E+00 1.00000E+00 1.00000E+00 1.00000E+00 1.00000E+00
 1.00000E+00 1.00000E+00 1.00000E+00 1.00000E+00 1.00000E+00 1.00000E+00 1.00000E+00 1.00000E+00
 1.00000E+00 1.00000E+00 1.00000E+00 1.00000E+00 1.00000E+00 1.00000E+00 1.00000E+00 1.00000E+00
 1.00000E+00 1.00000E+00 1.00000E+00 1.00000E+00 1.00000E+00 1.00000E+00 1.00000E+00 1.00000E+00
 1.00000E+00 1.00000E+00 1.00000E+00 1.00000E+00 1.00000E+00 1.00000E+00 1.00000E+00 1.00000E+00
 1.00000E-05 1.00000E-05 1.00000E-05 1.00000E-05 1.00000E-05 1.00000E-05 1.00000E-05 1.00000E-05
 1.00000E-05 1.00000E-05 1.00000E-05 1.00000E-05 1.00000E-05 1.00000E-05 1.00000E-05 1.00000E-05
 1.00000E-05 1.00000E-05 1.00000E-05 1.00000E-05 1.00000E-05 1.00000E-05 1.00000E-05 1.00000E-05
 1.00000E-05 1.00000E-05 1.00000E-05 1.00000E-05 1.00000E-05 1.00000E-05 1.00000E-05 1.00000E-05
 1.00000E-05 1.00000E-05 1.00000E-05 1.00000E-05 1.00000E-05 1.00000E-05 1.00000E-05 1.00000E-05
 1.00000E-05 1.00000E-05 1.00000E-05 1.00000E-05 1.00000E-05 1.00000E-05 1.00000E-05 1.00000E-05
 1.00000E-05 1.00000E-05 1.00000E-05 1.00000E-05 1.00000E-05 1.00000E-05 1.00000E-05 1.00000E-05
 1.00000E-05 1.00000E-05 1.00000E-05 1.00000E-05 1.00000E-05 1.00000E-05 1.00000E-05 1.00000E-05
 1.00000E-05 1.00000E-05 1.00000E-05 1.00000E-05 1.00000E-05 1.00000E-05 1.00000E-05 1.00000E-05
 1.00000E-05 1.00000E-05 1.00000E-05 1.00000E-05 1.00000E-05 1.00000E-05 1.00000E-05 1.00000E-05
 1.00000E-05 1.00000E-05 1.00000E-05 1.00000E-05 1.00000E-05 1.00000E-05 1.00000E-05 1.00000E-05
 1.00000E-05 1.00000E-05 1.00000E-05 1.00000E-05 1.00000E-05 1.00000E-05 1.00000E-05 1.00000E-05
 1.00000E-05 1.00000E-05 1.00000E-05 1.00000E-05 1.00000E-09 1.00000E-09 1.00000E-09 1.00000E-09
 1.00000E-09 1.00000E-09 1.00000E-09 1.00000E-09 1.00000E-09 1.00000E-09 1.00000E-09 1.00000E-09
 1.00000E-09 1.00000E-09 1.00000E-09 1.00000E-09 1.00000E-09 1.00000E-09 1.00000E-09 1.00000E-09
 1.00000E-09 1.00000E-09 1.00000E-09 1.00000E-09 1.00000E-09 1.00000E-09 1.00000E-09 1.00000E-09
 1.00000E-09 1.00000E-09 1.00000E-09 1.00000E-09 1.00000E-09 1.00000E-09 1.00000E-09 1.00000E-09
 1.00000E-09 1.00000E-09 1.00000E-09 1.00000E-09 1.00000E-09 1.00000E-09 1.00000E-09 1.00000E-09
 1.00000E-09 1.00000E-09 1.00000E-09 1.00000E-09 1.00000E-09 1.00000E-09 1.00000E-09 1.00000E-09
 1.00000E-09 1.00000E-09 1.00000E-09 1.00000E-09 1.00000E-09 1.00000E-09 1.00000E-09 1.00000E-09
 1.00000E-09 1.00000E-09 1.00000E-09 1.00000E-09 1.00000E-09 1.00000E-09 1.00000E-09 1.00000E-09
 1.00000E-09 1.00000E-09 1.00000E-09 1.00000E-09 1.00000E-09 1.00000E-09 1.00000E-09 1.00000E-09
 1.00000E-09 1.00000E-09 1.00000E-09 1.00000E-09 1.00000E-09 1.00000E-09 1.00000E-09 1.00000E-09
 1.00000E-09 1.00000E-09 1.00000E-09 1.00000E-09 1.00000E-09 1.00000E-09 1.00000E-09 1.00000E-09
 1.00000E-09 1.00000E-09 1.00000E-09 1.00000E-09 1.00000E-09 1.00000E-09 1.00000E-09 1.00000E-09
 1.00000E-09 1.00000E-09 1.00000E-09 1.00000E-09 1.00000E-09 1.00000E-09 1.00000E-09 1.00000E-09
 1.00000E-09 1.00000E-09 1.00000E-09 1.00000E-09 1.00000E-09 1.00000E-09 1.00000E-09 1.00000E-09
 1.00000E-09 1.00000E-09 1.00000E-09 1.00000E-09 1.00000E-09 1.00000E-09 1.00000E-09 1.00000E-09
 1.00000E-09 1.00000E-09 1.00000E-09 1.00000E-09 1.00000E-09 1.00000E-09 1.00000E-09 1.00000E-09
 1.00000E-09 1.00000E-09 1.00000E-09 1.00000E-09 1.00000E-09 1.00000E-09 1.00000E-09 1.00000E-09
 1.00000E-09 1.00000E-09 1.00000E-09 1.00000E-09 1.00000E-09 1.00000E-09 1.00000E-09 1.00000E-09
 1.00000E-09 1.00000E-09 1.00000E-09 1.00000E-09 1.00000E-09 1.00000E-09 1.00000E-09 1.00000E-09
 1.00000E-09 1.00000E-09 1.00000E-09 1.00000E-09 1.00000E-09 1.00000E-09 1.00000E-09 1.00000E-09
 1.00000E-09 1.00000E-09 1.00000E-09 1.00000E-09 1.00000E-09 1.00000E-09 1.00000E-09 1.00000E-09
 1.00000E-09 1.00000E-09 1.00000E-09 1.00000E-09 1.00000E-09 1.00000E-09 1.00000E-09 1.00000E-09
 1.00000E-09 1.00000E-09 1.00000E-09 1.00000E-09 1.00000E-09 1.00000E-09 1.00000E-09 1.00000E-09
 1.00000E-09 1.00000E-09 1.00000E-09 1.00000E-09 1.00000E-09 1.00000E-09 1.00000E-09 1.00000E-09
 1.00000E-09 1.00000E-09 1.00000E-09 1.00000E-09
