 4.64072E-09 3.53536E-16 2.79457E-02 2.06285E-15 3.23457E-11 1.71477E-08 1.10550E-08 2.85947E-19
 1.45485E-04 4.59474E-04 6.43618E-06 2.73476E-08 2.85220E-11 6.63766E-08 5.27515E-12 4.08723E-11
 7.07799E-16 3.90305E-11 3.51386E-13 1.58237E-14 1.03119E-16 1.75386E-32 5.20021E-10 2.33155E-17
 9.94939E-22 3.98831E-19 9.39325E-13 5.19056E-17 3.68774E-11 6.27451E-18 9.02140E-20 5.90921E-11
 1.73460E-13 4.85320E-13 5.19503E-09 4.41263E-16 2.43977E-02 2.62368E-15 3.64581E-11 1.96674E-08
 1.21400E-08 3.71372E-19 1.45506E-04 4.59312E-04 6.43600E-06 3.11315E-08 3.09469E-11 6.63305E-08
 5.86656E-12 4.51173E-11 9.26471E-16 5.12798E-11 5.36356E-13 1.65173E-14 1.38971E-16 3.19917E-32
 5.18559E-10 3.05898E-17 1.28511E-21 5.00821E-19 1.26936E-12 6.69009E-17 3.70587E-11 7.41686E-18
 1.53347E-19 9.24590E-11 3.06009E-13 6.79231E-13 5.83008E-09 5.58982E-16 2.14349E-02 3.35601E-15
 4.10609E-11 2.28616E-08 1.35614E-08 4.84002E-19 1.45529E-04 4.59147E-04 6.43491E-06 3.57864E-08
 3.38502E-11 6.62815E-08 6.35576E-12 4.90387E-11 1.18706E-15 6.52587E-11 8.11230E-13 1.73204E-14
 1.84568E-16 6.29763E-32 5.17058E-10 4.06608E-17 1.67451E-21 6.51547E-19 1.68390E-12 8.40799E-17
 3.69977E-11 8.65209E-18 2.36770E-19 1.26120E-10 4.83721E-13 8.11437E-13 6.57642E-09 7.13153E-16
 1.86085E-02 4.29034E-15 4.62475E-11 2.68922E-08 1.52784E-08 6.30503E-19 1.45553E-04 4.58979E-04
 6.43262E-06 4.15372E-08 3.71414E-11 6.62295E-08 6.76967E-12 5.27340E-11 1.49470E-15 8.18166E-11
 1.22440E-12 1.81502E-14 2.44766E-16 1.29215E-31 5.15522E-10 5.48346E-17 2.18999E-21 8.62545E-19
 2.21508E-12 1.04751E-16 3.67090E-11 9.95484E-18 3.47180E-19 1.60851E-10 7.22883E-13 8.99499E-13
 7.33263E-09 9.11650E-16 1.61439E-02 5.42409E-15 5.16573E-11 3.11505E-08 1.72660E-08 8.11245E-19
 1.45578E-04 4.58809E-04 6.42876E-06 4.74812E-08 4.05809E-11 6.61742E-08 7.16352E-12 5.62546E-11
 1.84810E-15 9.93311E-11 1.83433E-12 1.89421E-14 3.21169E-16 2.67640E-31 5.13959E-10 7.38029E-17
 2.84239E-21 1.14334E-18 2.83222E-12 1.29498E-16 3.62157E-11 1.12453E-17 4.88306E-19 1.96209E-10
 1.02138E-12 9.52499E-13 8.03889E-09 1.16496E-15 1.39044E-02 6.74609E-15 5.70640E-11 3.53015E-08
 1.95199E-08 1.02560E-18 1.45604E-04 4.58638E-04 6.42291E-06 5.31187E-08 4.39471E-11 6.61155E-08
 7.57424E-12 5.96468E-11 2.24545E-15 1.16778E-10 2.72896E-12 1.96601E-14 4.19349E-16 5.50608E-31
 5.12376E-10 9.80944E-17 3.64072E-21 1.50451E-18 3.51946E-12 1.58468E-16 3.55456E-11 1.24445E-17
 6.63501E-19 2.31674E-10 1.37617E-12 9.78540E-13 8.65758E-09 1.48521E-15 1.18786E-02 8.24993E-15
 6.23300E-11 3.91281E-08 2.20306E-08 1.27329E-18 1.45632E-04 4.58467E-04 6.41462E-06 5.81345E-08
 4.71137E-11 6.60531E-08 8.01986E-12 6.29131E-11 2.68572E-15 1.33334E-10 4.03796E-12 2.02584E-14
 5.44818E-16 1.11889E-30 5.10782E-10 1.28226E-16 4.59882E-21 1.95921E-18 4.26630E-12 1.91481E-16
 3.47266E-11 1.35133E-17 8.77741E-19 2.66664E-10 1.78075E-12 9.84483E-13 9.16427E-09 1.88499E-15
 1.01572E-02 9.94430E-15 6.73764E-11 4.24840E-08 2.47681E-08 1.55539E-18 1.45659E-04 4.58297E-04
 6.40345E-06 6.23281E-08 5.00553E-11 6.59868E-08 8.50004E-12 6.59725E-11 3.16840E-15 1.48260E-10
 5.95017E-12 2.06609E-14 6.96669E-16 2.24793E-30 5.09186E-10 1.64714E-16 5.74190E-21 2.52500E-18
 5.06494E-12 2.27890E-16 3.37835E-11 1.44634E-17 1.13980E-18 3.00534E-10 2.22446E-12 9.75649E-13
 9.53899E-09 2.37787E-15 8.52397E-03 1.17830E-14 7.20813E-11 4.52732E-08 2.76934E-08 1.86570E-18
 1.45688E-04 4.58130E-04 6.38900E-06 6.55693E-08 5.25384E-11 6.59163E-08 9.00870E-12 6.86045E-11
 3.67424E-15 1.60866E-10 8.73488E-12 2.07634E-14 8.85096E-16 4.44285E-30 5.07596E-10 2.07530E-16
 7.06718E-21 3.20897E-18 5.90918E-12 2.66122E-16 3.27356E-11 1.52426E-17 1.45659E-18 3.32567E-10
 2.69038E-12 9.55725E-13 9.77274E-09 2.97285E-15 7.19029E-03 1.37925E-14 7.64391E-11 4.74468E-08
 3.07084E-08 2.20656E-18 1.45717E-04 4.57965E-04 6.37089E-06 6.78145E-08 5.46883E-11 6.58412E-08
 9.49682E-12 7.04315E-11 4.18543E-15 1.70555E-10 1.27275E-11 2.04252E-14 1.08290E-15 8.68918E-30
 5.06020E-10 2.57017E-16 8.61626E-21 4.03459E-18 6.79454E-12 3.03854E-16 3.15906E-11 1.59310E-17
 1.84562E-18 3.61953E-10 3.15919E-12 9.27186E-13 9.85607E-09 3.67684E-15 5.93061E-03 1.58871E-14
 8.03312E-11 4.89886E-08 3.37227E-08 2.56454E-18 1.45746E-04 4.57804E-04 6.34882E-06 6.90547E-08
 5.62347E-11 6.57614E-08 9.89304E-12 7.08044E-11 4.63816E-15 1.76850E-10 1.83678E-11 1.94804E-14
 1.28400E-15 1.68102E-29 5.04464E-10 3.12552E-16 1.03680E-20 5.00507E-18 7.71765E-12 3.37500E-16
 3.03440E-11 1.64682E-17 2.32005E-18 3.87782E-10 3.60456E-12 8.91292E-13 9.79615E-09 4.49254E-15
 4.86483E-03 1.80781E-14 8.37789E-11 4.99171E-08 3.66192E-08 2.93915E-18 1.45776E-04 4.57646E-04
 6.32255E-06 6.93472E-08 5.72908E-11 6.56765E-08 1.01477E-11 6.95136E-11 5.00034E-15 1.79521E-10
 2.61837E-11 1.79451E-14 1.44446E-15 3.22922E-29 5.02933E-10 3.73736E-16 1.23609E-20 6.14078E-18
 8.67668E-12 3.63736E-16 2.89710E-11 1.69030E-17 2.90722E-18 4.09023E-10 4.00057E-12 8.48572E-13
 9.60878E-09 5.43355E-15 3.88853E-03 2.02760E-14 8.68188E-11 5.02715E-08 3.93130E-08 3.32608E-18
 1.45805E-04 4.57493E-04 6.29190E-06 6.87742E-08 5.78305E-11 6.55862E-08 1.03128E-11 6.70808E-11
 5.25516E-15 1.78588E-10 3.63178E-11 1.61189E-14 1.58933E-15 5.98769E-29 5.01433E-10 4.38139E-16
 1.45538E-20 7.41304E-18 9.67095E-12 3.79590E-16 2.74242E-11 1.71395E-17 3.61032E-18 4.24525E-10
 4.31823E-12 7.98701E-13 9.30745E-09 6.48822E-15 3.08926E-03 2.25172E-14 8.94629E-11 5.01116E-08
 4.16797E-08 3.72495E-18 1.45835E-04 4.57343E-04 6.25675E-06 6.74418E-08 5.79567E-11 6.54900E-08
 1.03292E-11 6.33359E-11 5.38410E-15 1.74229E-10 4.93875E-11 1.40115E-14 1.66419E-15 1.08980E-28
 4.99963E-10 5.05511E-16 1.70080E-20 8.83837E-18 1.07004E-11 3.82742E-16 2.56243E-11 1.71969E-17
 4.46665E-18 4.32985E-10 4.53778E-12 7.40526E-13 8.89928E-09 7.63428E-15 2.41369E-03 2.47647E-14
 9.16356E-11 4.95074E-08 4.36227E-08 4.12019E-18 1.45864E-04 4.57198E-04 6.21705E-06 6.54523E-08
 5.75585E-11 6.53875E-08 1.00615E-11 5.77001E-11 5.31635E-15 1.66775E-10 6.62143E-11 1.15951E-14
 1.62811E-15 1.99126E-28 4.98526E-10 5.76536E-16 1.97520E-20 1.04402E-17 1.17648E-11 3.70881E-16
 2.34589E-11 1.69751E-17 5.51484E-18 4.32946E-10 4.64433E-12 6.72190E-13 8.39811E-09 8.85474E-15
 1.84563E-03 2.69941E-14 9.33267E-11 4.85428E-08 4.51230E-08 4.50100E-18 1.45893E-04 4.57055E-04
 6.17283E-06 6.29234E-08 5.66491E-11 6.52784E-08 9.38935E-12 4.99927E-11 4.99056E-15 1.56786E-10
 8.69097E-11 9.01764E-15 1.45537E-15 3.70880E-28 4.97121E-10 6.53367E-16 2.28263E-20 1.22715E-17
 1.28655E-11 3.43195E-16 2.07756E-11 1.62833E-17 6.77825E-18 4.22795E-10 4.63386E-12 5.92227E-13
 7.82607E-09 1.01556E-14 1.37575E-03 2.92121E-14 9.45550E-11 4.72954E-08 4.62947E-08 4.86156E-18
 1.45922E-04 4.56916E-04 6.12425E-06 5.99623E-08 5.52731E-11 6.51623E-08 8.26433E-12 4.06124E-11
 4.39400E-15 1.44972E-10 1.10639E-10 6.52621E-15 1.16502E-15 7.15638E-28 4.95745E-10 7.40310E-16
 2.63061E-20 1.44312E-17 1.40008E-11 3.01625E-16 1.73729E-11 1.48012E-17 8.27015E-18 4.00743E-10
 4.52236E-12 5.02631E-13 7.21363E-09 1.15872E-14 9.95104E-04 3.14771E-14 9.53670E-11 4.58402E-08
 4.74114E-08 5.20406E-18 1.45951E-04 4.56780E-04 6.07150E-06 5.66678E-08 5.34767E-11 6.50388E-08
 6.76032E-12 3.05569E-11 3.58851E-15 1.32141E-10 1.35633E-10 4.37681E-15 8.25681E-16 1.45676E-27
 4.94397E-10 8.44307E-16 3.03359E-20 1.70809E-17 1.51663E-11 2.51265E-16 1.44792E-11 1.34199E-17
 1.03282E-17 3.79711E-10 4.36611E-12 4.19359E-13 6.59681E-09 1.32614E-14 6.94832E-04 3.39407E-14
 9.58214E-11 4.42498E-08 4.88803E-08 5.54473E-18 1.45979E-04 4.56645E-04 6.01491E-06 5.31334E-08
 5.13121E-11 6.49075E-08 5.17525E-12 2.14742E-11 2.75069E-15 1.19107E-10 1.61008E-10 2.77370E-15
 5.35223E-16 3.17319E-27 4.93072E-10 9.74355E-16 3.51976E-20 2.04230E-17 1.63567E-11 1.99812E-16
 1.20211E-11 1.20902E-17 1.32922E-17 3.59573E-10 4.20081E-12 3.46533E-13 6.00362E-09 1.53418E-14
 4.65787E-04 3.67669E-14 9.59832E-11 4.25935E-08 5.11350E-08 5.90228E-18 1.46007E-04 4.56511E-04
 5.95483E-06 4.94552E-08 4.88307E-11 6.47680E-08 3.73582E-12 1.42369E-11 2.00316E-15 1.06543E-10
 1.84804E-10 1.70826E-15 3.31378E-16 7.51280E-27 4.91766E-10 1.14367E-15 4.12775E-20 2.47739E-17
 1.75667E-11 1.54058E-16 9.93517E-12 1.07741E-17 1.76411E-17 3.40246E-10 4.04848E-12 2.84228E-13
 5.45322E-09 1.80314E-14 2.98203E-04 4.01416E-14 9.59180E-11 4.09335E-08 5.45627E-08 6.29870E-18
 1.46035E-04 4.56378E-04 5.89174E-06 4.57363E-08 4.60890E-11 6.46199E-08 2.64201E-12 9.26336E-12
 1.44442E-15 9.49347E-11 2.05753E-10 1.08259E-15 2.16227E-16 1.95244E-26 4.90474E-10 1.36954E-15
 4.91201E-20 3.05457E-17 1.87917E-11 1.19198E-16 8.16857E-12 9.46896E-18 2.41040E-17 3.21686E-10
 3.92118E-12 2.31374E-13 4.95607E-09 2.15534E-14 1.81551E-04 4.42358E-14 9.57041E-11 3.93213E-08
 5.94485E-08 6.75460E-18 1.46063E-04 4.56244E-04 5.82618E-06 4.20918E-08 4.31509E-11 6.44628E-08
 1.97384E-12 6.38244E-12 1.11312E-15 8.45752E-11 2.23521E-10 7.58540E-16 1.71777E-16 5.58902E-26
 4.89191E-10 1.67466E-15 5.94426E-20 3.82849E-17 2.00288E-11 9.81599E-17 6.67770E-12 8.20208E-18
 3.38253E-17 3.03887E-10 3.82182E-12 1.86774E-13 4.51854E-09 2.61406E-14 1.04837E-04 4.91893E-14
 9.54475E-11 3.77925E-08 6.59625E-08 7.28865E-18 1.46091E-04 4.56108E-04 5.75874E-06 3.86548E-08
 4.00924E-11 6.42963E-08 1.69347E-12 5.06276E-12 9.95761E-16 7.55923E-11 2.38452E-10 6.11114E-16
 1.85155E-16 1.75186E-25 4.87913E-10 2.08704E-15 7.31709E-20 4.86981E-17 2.12763E-11 9.17443E-17
 5.42660E-12 7.01459E-18 4.86383E-17 2.86870E-10 3.74403E-12 1.49413E-13 4.14924E-09 3.22152E-14
 5.74000E-05 5.50289E-14 9.54018E-11 3.63557E-08 7.41875E-08 7.94614E-18 1.46119E-04 4.55970E-04
 5.69004E-06 3.55831E-08 3.72574E-11 6.41198E-08 1.71596E-12 4.76160E-12 1.05558E-15 6.79942E-11
 2.51098E-10 5.56429E-16 2.54863E-16 5.60511E-25 4.86634E-10 2.62744E-15 9.09934E-20 6.25337E-17
 2.25356E-11 9.92733E-17 4.38446E-12 5.92832E-18 7.06742E-17 2.70674E-10 3.67010E-12 1.18482E-13
 3.85884E-09 4.09258E-14 3.50274E-05 6.16200E-14 9.61268E-11 3.49905E-08 8.41755E-08 8.85869E-18
 1.46147E-04 4.55828E-04 5.62052E-06 3.30356E-08 3.55476E-11 6.39322E-08 1.95136E-12 5.07034E-12
 1.23707E-15 6.17015E-11 2.62013E-10 5.47499E-16 3.58402E-16 1.51497E-24 4.85343E-10 3.28572E-15
 1.12060E-19 8.03870E-17 2.38128E-11 1.18846E-16 3.52219E-12 4.93670E-18 9.94076E-17 2.55306E-10
 3.57485E-12 9.32271E-14 3.64924E-09 5.39750E-14 2.72547E-05 6.89224E-14 9.79631E-11 3.36858E-08
 9.60224E-08 1.01610E-17 1.46175E-04 4.55681E-04 5.55022E-06 3.10817E-08 3.54230E-11 6.37317E-08
 2.32624E-12 5.72724E-12 1.48315E-15 5.65869E-11 2.71671E-10 5.63140E-16 4.69923E-16 3.15034E-24
 4.84029E-10 4.04484E-15 1.34968E-19 1.02965E-16 2.51189E-11 1.48311E-16 2.81103E-12 4.04665E-18
 1.31623E-16 2.40701E-10 3.44636E-12 7.27338E-14 3.51007E-09 7.26918E-14 2.26291E-05 7.72166E-14
 1.00620E-10 3.24694E-08 1.09873E-07 1.18747E-17 1.46204E-04 4.55527E-04 5.47904E-06 2.96694E-08
 3.63143E-11 6.35162E-08 2.80007E-12 6.58974E-12 1.77445E-15 5.25280E-11 2.80406E-10 5.96497E-16
 5.99201E-16 5.68947E-24 4.82678E-10 4.94227E-15 1.60853E-19 1.31699E-16 2.64641E-11 1.87218E-16
 2.22553E-12 3.28278E-18 1.68221E-16 2.26763E-10 3.29652E-12 5.60864E-14 3.42863E-09 9.84049E-14
 1.89152E-05 8.69333E-14 1.03800E-10 3.13806E-08 1.25869E-07 1.40154E-17 1.46234E-04 4.55365E-04
 5.40698E-06 2.87082E-08 3.76719E-11 6.32842E-08 3.36110E-12 7.60098E-12 2.11999E-15 4.94330E-11
 2.88402E-10 6.45003E-16 7.52603E-16 9.94033E-24 4.81283E-10 6.05221E-15 1.92290E-19 1.68683E-16
 2.78550E-11 2.36963E-16 1.74553E-12 2.64952E-18 2.13283E-16 2.13423E-10 3.14300E-12 4.26310E-14
 3.39677E-09 1.33507E-13 1.76653E-05 9.84771E-14 1.07508E-10 3.04403E-08 1.44133E-07 1.66992E-17
 1.46265E-04 4.55194E-04 5.33408E-06 2.81299E-08 3.94932E-11 6.30345E-08 4.01779E-12 8.77090E-12
 2.53154E-15 4.72299E-11 2.95731E-10 7.10255E-16 9.25183E-16 1.69585E-23 4.79838E-10 7.43999E-15
 2.31142E-19 2.16346E-16 2.92959E-11 2.99751E-16 1.35474E-12 2.13054E-18 2.68900E-16 2.00644E-10
 2.99554E-12 3.18952E-14 3.40936E-09 1.81341E-13 1.65621E-05 1.12207E-13 1.11762E-10 2.96525E-08
 1.64788E-07 2.00754E-17 1.46297E-04 4.55014E-04 5.26044E-06 2.78831E-08 4.18238E-11 6.27660E-08
 4.78555E-12 1.01244E-11 3.02213E-15 4.58578E-11 3.02435E-10 7.94938E-16 1.13485E-15 2.81756E-23
 4.78340E-10 9.17170E-15 2.79304E-19 2.77532E-16 3.07913E-11 3.78329E-16 1.03927E-12 1.70604E-18
 3.36945E-16 1.88393E-10 2.85780E-12 2.34657E-14 3.46314E-09 2.46436E-13 1.56712E-05 1.28598E-13
 1.16591E-10 2.90114E-08 1.87949E-07 2.43462E-17 1.46331E-04 4.54823E-04 5.18612E-06 2.79278E-08
 4.47377E-11 6.24773E-08 5.68339E-12 1.16932E-11 3.60876E-15 4.52653E-11 3.08539E-10 9.02847E-16
 1.39461E-15 4.55284E-23 4.76783E-10 1.13270E-14 3.39235E-19 3.55837E-16 3.23457E-11 4.76039E-16
 7.87069E-13 1.35945E-18 4.19355E-16 1.76644E-10 2.73078E-12 1.69630E-14 3.55579E-09 3.34739E-13
 1.49334E-05 1.48214E-13 1.22007E-10 2.85058E-08 2.13712E-07 2.97625E-17 1.46366E-04 4.54622E-04
 5.11118E-06 2.82297E-08 4.82807E-11 6.21672E-08 6.73460E-12 1.35128E-11 4.31380E-15 4.54093E-11
 3.14050E-10 1.03828E-15 1.71866E-15 7.17038E-23 4.75161E-10 1.40043E-14 4.14202E-19 4.55711E-16
 3.39639E-11 5.96887E-16 5.87719E-13 1.07687E-18 5.18652E-16 1.65374E-10 2.61431E-12 1.20400E-14
 3.68577E-09 4.53998E-13 1.41889E-05 1.71722E-13 1.28007E-10 2.81208E-08 2.42139E-07 3.66378E-17
 1.46402E-04 4.54408E-04 5.03570E-06 2.87587E-08 5.24877E-11 6.18346E-08 7.96826E-12 1.56237E-11
 5.16643E-15 4.62546E-11 3.18956E-10 1.20623E-15 2.12452E-15 1.10361E-22 4.73471E-10 1.73223E-14
 5.08495E-19 5.82575E-16 3.56502E-11 7.45536E-16 4.32160E-13 8.46926E-19 6.38076E-16 1.54565E-10
 2.50758E-12 8.38580E-15 3.85266E-09 6.14709E-13 1.35248E-05 1.99923E-13 1.34613E-10 2.78386E-08
 2.73251E-07 4.53950E-17 1.46440E-04 4.54181E-04 4.95978E-06 2.94894E-08 5.74486E-11 6.14782E-08
 9.42115E-12 1.80788E-11 6.20113E-15 4.77723E-11 3.23214E-10 1.41390E-15 2.63150E-15 1.65880E-22
 4.71708E-10 2.14123E-14 6.27337E-19 7.42869E-16 3.74090E-11 9.27050E-16 3.12523E-13 6.60318E-19
 7.80411E-16 1.44203E-10 2.40923E-12 5.72746E-15 4.05674E-09 8.30702E-13 1.29056E-05 2.33778E-13
 1.41836E-10 2.76404E-08 3.07012E-07 5.65779E-17 1.46480E-04 4.53941E-04 4.88352E-06 3.03990E-08
 6.32550E-11 6.10971E-08 1.11384E-11 2.09396E-11 7.46105E-15 4.99393E-11 3.26758E-10 1.67019E-15
 3.26399E-15 2.43539E-22 4.69867E-10 2.64216E-14 7.77413E-19 9.44138E-16 3.92448E-11 1.14681E-15
 2.21983E-13 5.09567E-19 9.48636E-16 1.34279E-10 2.31781E-12 3.83311E-15 4.29884E-09 1.11997E-12
 1.22984E-05 2.74447E-13 1.49681E-10 2.75069E-08 3.43316E-07 7.08832E-17 1.46521E-04 4.53686E-04
 4.80701E-06 3.14649E-08 6.99931E-11 6.06902E-08 1.31748E-11 2.42750E-11 9.00104E-15 5.27374E-11
 3.29491E-10 1.98582E-15 4.05134E-15 3.49571E-22 4.67943E-10 3.25138E-14 9.67423E-19 1.19508E-15
 4.11618E-11 1.41022E-15 1.54664E-13 3.88613E-19 1.14618E-15 1.24784E-10 2.23198E-12 2.51173E-15
 4.58051E-09 1.50628E-12 1.17144E-05 3.23351E-13 1.58163E-10 2.74191E-08 3.81967E-07 8.92304E-17
 1.46564E-04 4.53417E-04 4.73037E-06 3.26656E-08 7.77787E-11 6.02566E-08 1.55962E-11 2.81655E-11
 1.08879E-14 5.61523E-11 3.31286E-10 2.37453E-15 5.02774E-15 4.90590E-22 4.65932E-10 3.98574E-14
 1.20837E-18 1.50541E-15 4.31645E-11 1.72207E-15 1.05565E-13 2.92442E-19 1.37597E-15 1.15710E-10
 2.15052E-12 1.61006E-15 4.90401E-09 2.02095E-12 1.11580E-05 3.82232E-13 1.67307E-10 2.73586E-08
 4.22664E-07 1.12838E-16 1.46608E-04 4.53131E-04 4.65371E-06 3.39792E-08 8.67554E-11 5.97956E-08
 1.84812E-11 3.27030E-11 1.32024E-14 6.01728E-11 3.31981E-10 2.85359E-15 6.23267E-15 6.72971E-22
 4.63830E-10 4.86158E-14 1.51419E-18 1.88566E-15 4.52570E-11 2.08571E-15 7.04922E-14 2.16833E-19
 1.64012E-15 1.07050E-10 2.07234E-12 1.00862E-15 5.27208E-09 2.70514E-12 1.06493E-05 4.53264E-13
 1.77145E-10 2.73077E-08 4.64983E-07 1.43323E-16 1.46654E-04 4.52828E-04 4.57709E-06 3.53822E-08
 9.70893E-11 5.93065E-08 2.19212E-11 3.79880E-11 1.60424E-14 6.47897E-11 3.31379E-10 3.44423E-15
 7.70947E-15 9.02155E-22 4.61632E-10 5.89395E-14 1.90269E-18 2.34689E-15 4.74439E-11 2.50214E-15
 4.59908E-14 1.58185E-19 1.93971E-15 9.87988E-11 1.99660E-12 6.16833E-16 5.68763E-09 3.61237E-12
 1.01879E-05 5.39156E-13 1.87707E-10 2.72500E-08 5.08364E-07 1.82824E-16 1.46701E-04 4.52508E-04
 4.50059E-06 3.68469E-08 1.08951E-10 5.87891E-08 2.60205E-11 4.41247E-11 1.95277E-14 6.99948E-11
 3.29259E-10 4.17148E-15 9.50341E-15 1.18201E-21 4.59334E-10 7.09591E-14 2.39699E-18 2.90032E-15
 4.97295E-11 2.96912E-15 2.92762E-14 1.13394E-19 2.27515E-15 9.09488E-11 1.92277E-12 3.67859E-16
 6.15336E-09 4.81099E-12 9.74967E-06 6.43304E-13 1.99011E-10 2.71704E-08 5.52085E-07 2.34131E-16
 1.46750E-04 4.52170E-04 4.42424E-06 3.83405E-08 1.22495E-10 5.82431E-08 3.08966E-11 5.12111E-11
 2.38072E-14 7.57782E-11 3.25374E-10 5.06364E-15 1.16572E-14 1.51431E-21 4.56930E-10 8.47818E-14
 3.02760E-18 3.55683E-15 5.21181E-11 3.48026E-15 1.81576E-14 7.97778E-20 2.64705E-15 8.34931E-11
 1.85064E-12 2.13701E-16 6.67176E-09 6.38814E-12 9.31411E-06 7.69922E-13 2.11063E-10 2.70544E-08
 5.95249E-07 3.00885E-16 1.46800E-04 4.51812E-04 4.34803E-06 3.98254E-08 1.37841E-10 5.76685E-08
 3.66790E-11 5.93315E-11 2.90618E-14 8.21257E-11 3.19471E-10 6.15222E-15 1.42043E-14 1.89743E-21
 4.54417E-10 1.00472E-13 3.83471E-18 4.32587E-15 5.46137E-11 4.02373E-15 1.09568E-14 5.50252E-20
 3.05604E-15 7.64249E-11 1.78018E-12 1.20800E-16 7.24611E-09 8.45574E-12 8.86553E-06 9.24485E-13
 2.23881E-10 2.68879E-08 6.36759E-07 3.87975E-16 1.46851E-04 4.51436E-04 4.27193E-06 4.12649E-08
 1.55179E-10 5.70660E-08 4.35014E-11 6.85512E-11 3.55095E-14 8.90158E-11 3.11294E-10 7.47289E-15
 1.71609E-14 2.32518E-21 4.51792E-10 1.18037E-13 4.87164E-18 5.21508E-15 5.72198E-11 4.58130E-15
 6.42321E-15 3.71736E-20 3.50175E-15 6.97379E-11 1.71154E-12 6.63668E-17 7.88052E-09 1.11578E-11
 8.40247E-06 1.11407E-12 2.37486E-10 2.66563E-08 6.75311E-07 5.01954E-16 1.46903E-04 4.51040E-04
 4.19585E-06 4.26231E-08 1.74733E-10 5.64361E-08 5.14950E-11 7.89020E-11 4.34100E-14 9.64145E-11
 3.00617E-10 9.06499E-15 2.05166E-14 2.78585E-21 4.49052E-10 1.37411E-13 6.20953E-18 6.22888E-15
 5.99395E-11 5.12774E-15 3.65268E-15 2.45791E-20 3.98320E-15 6.34261E-11 1.64495E-12 3.53894E-17
 8.58002E-09 1.46823E-11 7.91217E-06 1.34792E-12 2.51906E-10 2.63440E-08 7.09401E-07 6.51692E-16
 1.46956E-04 4.50625E-04 4.11962E-06 4.38658E-08 1.96795E-10 5.57802E-08 6.07766E-11 9.03700E-11
 5.30662E-14 1.04269E-10 2.87260E-10 1.09721E-14 2.42245E-14 3.26101E-21 4.46193E-10 1.58415E-13
 7.94336E-18 7.36690E-15 6.27757E-11 5.63069E-15 2.01181E-15 1.58957E-20 4.49816E-15 5.74843E-11
 1.58066E-12 1.82866E-17 9.35024E-09 1.92810E-11 7.41260E-06 1.63818E-12 2.67179E-10 2.59342E-08
 7.37356E-07 8.49317E-16 1.47009E-04 4.50190E-04 4.04304E-06 4.49586E-08 2.21738E-10 5.50996E-08
 7.14344E-11 1.02882E-10 6.48195E-14 1.12499E-10 2.71131E-10 1.32435E-14 2.81905E-14 3.72426E-21
 4.43214E-10 1.80716E-13 1.01997E-17 8.62197E-15 6.57304E-11 6.05179E-15 1.07148E-15 1.00496E-20
 5.04204E-15 5.19082E-11 1.51889E-12 9.13856E-18 1.01973E-08 2.52943E-11 6.91482E-06 2.00140E-12
 2.83349E-10 2.54082E-08 7.57407E-07 1.11180E-15 1.47062E-04 4.49737E-04 3.96579E-06 4.58664E-08
 2.50140E-10 5.43963E-08 8.35002E-11 1.16295E-10 7.90532E-14 1.20985E-10 2.52268E-10 1.59348E-14
 3.22666E-14 4.14288E-21 4.40114E-10 2.03805E-13 1.31500E-17 9.97972E-15 6.88053E-11 6.35043E-15
 5.50927E-16 6.20914E-21 5.60781E-15 4.66945E-11 1.45978E-12 4.40719E-18 1.11232E-08 3.31818E-11
 6.43588E-06 2.45948E-12 3.00427E-10 2.47470E-08 7.67840E-07 1.46248E-15 1.47114E-04 4.49265E-04
 3.88748E-06 4.65408E-08 2.82620E-10 5.36724E-08 9.69406E-11 1.30367E-10 9.61707E-14 1.29549E-10
 2.30887E-10 1.91022E-14 3.62383E-14 4.47882E-21 4.36894E-10 2.26930E-13 1.70246E-17 1.14153E-14
 7.20011E-11 6.48853E-15 2.73030E-16 3.74818E-21 6.18625E-15 4.18412E-11 1.40324E-12 2.04675E-18
 1.21192E-08 4.35405E-11 5.99141E-06 3.04102E-12 3.18342E-10 2.39337E-08 7.67240E-07 1.93301E-15
 1.47165E-04 4.48777E-04 3.80761E-06 4.69092E-08 3.19725E-10 5.29306E-08 1.11645E-10 1.44739E-10
 1.16565E-13 1.37928E-10 2.07444E-10 2.27853E-14 3.98136E-14 4.69426E-21 4.33554E-10 2.49071E-13
 2.21323E-17 1.28931E-14 7.53173E-11 6.43830E-15 1.30253E-16 2.21079E-21 6.76715E-15 3.73479E-11
 1.34873E-12 9.14288E-19 1.31531E-08 5.70860E-11 5.58421E-06 3.78039E-12 3.36841E-10 2.29581E-08
 7.54837E-07 2.56349E-15 1.47215E-04 4.48275E-04 3.72559E-06 4.68624E-08 3.61405E-10 5.21735E-08
 1.27448E-10 1.58874E-10 1.40522E-13 1.45745E-10 1.82688E-10 2.69643E-14 4.26178E-14 4.75837E-21
 4.30099E-10 2.68907E-13 2.88746E-17 1.43649E-14 7.87519E-11 6.19059E-15 5.98551E-17 1.27620E-21
 7.34205E-15 3.32162E-11 1.29499E-12 3.93631E-19 1.41699E-08 7.45377E-11 5.21300E-06 4.71521E-12
 3.55498E-10 2.18091E-08 7.30502E-07 3.40036E-15 1.47262E-04 4.47753E-04 3.63954E-06 4.62587E-08
 4.06387E-10 5.13928E-08 1.44304E-10 1.72197E-10 1.68258E-13 1.52605E-10 1.57444E-10 3.15155E-14
 4.42624E-14 4.65731E-21 4.26479E-10 2.85079E-13 3.77823E-17 1.57744E-14 8.23546E-11 5.76015E-15
 2.62745E-17 7.15880E-22 7.89132E-15 2.93920E-11 1.23905E-12 1.62620E-19 1.50835E-08 9.64305E-11
 4.87254E-06 5.88205E-12 3.73712E-10 2.04926E-08 6.95027E-07 4.49242E-15 1.47308E-04 4.47210E-04
 3.54790E-06 4.49591E-08 4.52100E-10 5.05835E-08 1.62176E-10 1.83985E-10 1.99629E-13 1.57935E-10
 1.32701E-10 3.61391E-14 4.43444E-14 4.39917E-21 4.22663E-10 2.96245E-13 4.95084E-17 1.70619E-14
 8.61585E-11 5.18323E-15 1.09402E-17 3.88457E-22 8.39883E-15 2.58544E-11 1.17809E-12 6.45267E-20
 1.57959E-08 1.23053E-10 4.55814E-06 7.31403E-12 3.90809E-10 1.90459E-08 6.50859E-07 5.88942E-15
 1.47350E-04 4.46651E-04 3.45053E-06 4.29102E-08 4.95416E-10 4.97532E-08 1.80941E-10 1.93451E-10
 2.33907E-13 1.61053E-10 1.09520E-10 4.03977E-14 4.26219E-14 4.02075E-21 4.18677E-10 3.01570E-13
 6.48086E-17 1.81904E-14 9.01387E-11 4.51770E-15 4.33452E-18 2.05732E-22 8.86233E-15 2.26367E-11
 1.11092E-12 2.50205E-20 1.62367E-08 1.54493E-10 4.29752E-06 9.04201E-12 4.06294E-10 1.75142E-08
 6.01273E-07 7.64563E-15 1.47389E-04 4.46080E-04 3.34710E-06 4.01679E-08 5.33536E-10 4.89049E-08
 2.00505E-10 2.00051E-10 2.69894E-13 1.61451E-10 8.86235E-11 4.38344E-14 3.91822E-14 3.57440E-21
 4.14527E-10 3.01058E-13 8.45707E-17 1.91586E-14 9.42888E-11 3.82619E-15 1.63588E-18 1.08225E-22
 9.26859E-15 1.97450E-11 1.03714E-12 9.76353E-21 1.63797E-08 1.90775E-10 4.11620E-06 1.10971E-11
 4.19748E-10 1.59512E-08 5.49987E-07 9.82198E-15 1.47424E-04 4.45501E-04 3.23782E-06 3.69022E-08
 5.64726E-10 4.80421E-08 2.20650E-10 2.03455E-10 3.06089E-13 1.58904E-10 7.04432E-11 4.61120E-14
 3.44548E-14 3.11774E-21 4.10221E-10 2.95661E-13 1.09868E-16 2.00070E-14 9.85998E-11 3.16556E-15
 5.89941E-19 5.89321E-23 9.61419E-15 1.71798E-11 9.57824E-13 4.06426E-21 1.62486E-08 2.32142E-10
 3.95871E-06 1.35146E-11 4.30732E-10 1.44165E-08 5.00626E-07 1.24884E-14 1.47453E-04 4.44915E-04
 3.12354E-06 3.33652E-08 5.88712E-10 4.71682E-08 2.40937E-10 2.03532E-10 3.40966E-13 1.53566E-10
 5.51742E-11 4.71273E-14 2.91031E-14 2.70010E-21 4.05769E-10 2.87076E-13 1.42067E-16 2.08145E-14
 1.03060E-10 2.57863E-15 2.05895E-19 3.58004E-23 9.91644E-15 1.49358E-11 8.75264E-13 1.97513E-21
 1.58587E-08 2.78229E-10 3.82854E-06 1.63257E-11 4.38851E-10 1.28959E-08 4.53664E-07 1.56941E-14
 1.47480E-04 4.44289E-04 2.99858E-06 2.96529E-08 6.04216E-10 4.62327E-08 2.61246E-10 2.00385E-10
 3.73258E-13 1.45513E-10 4.24631E-11 4.67739E-14 2.35801E-14 2.33930E-21 4.00896E-10 2.76443E-13
 1.83240E-16 2.16445E-14 1.07943E-10 2.07299E-15 6.78285E-20 2.55234E-23 1.01080E-14 1.28851E-11
 7.86784E-13 1.17178E-21 1.52581E-08 3.29349E-10 3.97603E-06 1.95934E-11 4.44081E-10 1.14018E-08
 4.10065E-07 1.95212E-14 1.47503E-04 4.43595E-04 2.85945E-06 2.59215E-08 6.12339E-10 4.51977E-08
 2.80925E-10 1.94123E-10 4.01422E-13 1.34940E-10 3.20602E-11 4.51371E-14 1.83093E-14 2.04373E-21
 3.95377E-10 2.64959E-13 2.36244E-16 2.25909E-14 1.13473E-10 1.64941E-15 2.11229E-20 2.15268E-23
 1.01215E-14 1.09718E-11 6.92231E-13 8.29392E-22 1.45635E-08 3.87786E-10 4.40250E-06 2.34254E-11
 4.46875E-10 9.99714E-09 3.71842E-07 2.41516E-14 1.47521E-04 4.42839E-04 2.71064E-06 2.24356E-08
 6.17199E-10 4.40778E-08 2.98771E-10 1.85061E-10 4.23896E-13 1.22652E-10 2.38092E-11 4.25996E-14
 1.37179E-14 1.81092E-21 3.89253E-10 2.53758E-13 3.04350E-16 2.37380E-14 1.19608E-10 1.30495E-15
 6.87540E-21 2.03568E-23 9.97099E-15 9.24622E-12 5.97465E-13 6.51472E-22 1.38507E-08 4.55846E-10
 4.72778E-06 2.79232E-11 4.47416E-10 8.69368E-09 3.38869E-07 2.97800E-14 1.47534E-04 4.42007E-04
 2.55367E-06 1.92879E-08 6.21060E-10 4.28583E-08 3.13869E-10 1.73582E-10 4.39130E-13 1.09230E-10
 1.73605E-11 3.93927E-14 9.92515E-15 1.62544E-21 3.82402E-10 2.42842E-13 3.91632E-16 2.51079E-14
 1.26469E-10 1.02474E-15 2.77789E-21 2.00276E-23 9.64145E-15 7.69879E-12 5.05210E-13 5.29701E-22
 1.31628E-08 5.36007E-10 5.02806E-06 3.32183E-11 4.46136E-10 7.49669E-09 3.10334E-07 3.66698E-14
 1.47541E-04 4.41077E-04 2.39007E-06 1.65000E-08 6.25351E-10 4.15178E-08 3.25275E-10 1.60116E-10
 4.45856E-13 9.51868E-11 1.24047E-11 3.56861E-14 6.91953E-15 1.47268E-21 3.74653E-10 2.31976E-13
 5.03424E-16 2.67019E-14 1.34227E-10 7.95843E-16 1.56947E-21 1.96123E-23 9.11533E-15 6.31531E-12
 4.17415E-13 4.30077E-22 1.25366E-08 6.31372E-10 5.41130E-06 3.94559E-11 4.43686E-10 6.42827E-09
 2.85637E-07 4.52182E-14 1.47539E-04 4.40050E-04 2.22628E-06 1.40907E-08 6.31158E-10 4.00719E-08
 3.32290E-10 1.45292E-10 4.43505E-13 8.12671E-11 8.70020E-12 3.17054E-14 4.65602E-15 1.33757E-21
 3.66041E-10 2.20783E-13 6.45442E-16 2.84606E-14 1.42849E-10 6.09399E-16 1.11867E-21 1.88377E-23
 8.43896E-15 5.11533E-12 3.37746E-13 3.45323E-22 1.19851E-08 7.45055E-10 5.93511E-06 4.67720E-11
 4.40613E-10 5.49719E-09 2.64029E-07 5.59581E-14 1.47529E-04 4.38932E-04 2.06870E-06 1.20373E-08
 6.38573E-10 3.85412E-08 3.34682E-10 1.29797E-10 4.32244E-13 6.80895E-11 6.00255E-12 2.76429E-14
 3.02890E-15 1.20784E-21 3.56638E-10 2.08816E-13 8.23831E-16 3.02788E-14 1.52261E-10 4.58564E-16
 8.61613E-22 1.77150E-23 7.67361E-15 4.10506E-12 2.68552E-13 2.74344E-22 1.14948E-08 8.79486E-10
 6.62690E-06 5.52822E-11 4.37000E-10 4.68996E-09 2.44728E-07 6.94752E-14 1.47508E-04 4.37694E-04
 1.91896E-06 1.02825E-08 6.46605E-10 3.69056E-08 3.32225E-10 1.14099E-10 4.12595E-13 5.59106E-11
 4.07237E-12 2.36119E-14 1.89967E-15 1.08181E-21 3.46274E-10 1.96125E-13 1.04723E-15 3.21025E-14
 1.62636E-10 3.38312E-16 6.66045E-22 1.62574E-23 6.84484E-15 3.25693E-12 2.09411E-13 2.15271E-22
 1.10506E-08 1.03730E-09 7.47311E-06 6.51120E-11 4.32813E-10 3.99623E-09 2.27407E-07 8.65040E-14
 1.47474E-04 4.36304E-04 1.77851E-06 8.77992E-09 6.53972E-10 3.51430E-08 3.24783E-10 9.86014E-11
 3.85902E-13 4.49693E-11 2.71772E-12 1.97504E-14 1.14782E-15 9.64125E-22 3.34750E-10 1.83319E-13
 1.32793E-15 3.39408E-14 1.74171E-10 2.44985E-16 5.04533E-22 1.45058E-23 5.98393E-15 2.54779E-12
 1.59819E-13 1.66624E-22 1.06329E-08 1.22113E-09 8.42913E-06 7.64072E-11 4.27912E-10 3.40387E-09
 2.11905E-07 1.07951E-13 1.47424E-04 4.34713E-04 1.64786E-06 7.48583E-09 6.58961E-10 3.32190E-08
 3.12274E-10 8.36109E-11 3.53865E-13 3.53926E-11 1.78281E-12 1.61683E-14 6.67260E-16 8.61386E-22
 3.21774E-10 1.71228E-13 1.68450E-15 3.58755E-14 1.87157E-10 1.74579E-16 3.70340E-22 1.25074E-23
 5.11282E-15 1.95521E-12 1.18921E-13 1.26832E-22 1.02302E-08 1.43400E-09 9.50450E-06 8.93090E-11
 4.22428E-10 2.89689E-09 1.97790E-07 1.35088E-13 1.47353E-04 4.32844E-04 1.52633E-06 6.36742E-09
 6.60940E-10 3.10766E-08 2.94514E-10 6.93711E-11 3.17237E-13 2.71257E-11 1.14580E-12 1.29009E-14
 3.70153E-16 7.72698E-22 3.06874E-10 1.59969E-13 2.14098E-15 3.79442E-14 2.02065E-10 1.22083E-16
 2.60495E-22 1.03209E-23 4.22543E-15 1.45675E-12 8.53633E-14 9.40977E-23 9.86439E-09 1.68103E-09
 1.07564E-05 1.03892E-10 4.17581E-10 2.47824E-09 1.84624E-07 1.70490E-13 1.47262E-04 4.30782E-04
 1.42215E-06 5.42827E-09 6.61148E-10 2.88505E-08 2.73974E-10 5.67098E-11 2.78834E-13 2.04175E-11
 7.28632E-13 1.00867E-14 1.98420E-16 6.79875E-22 2.90915E-10 1.48165E-13 2.70402E-15 3.97424E-14
 2.18034E-10 8.34295E-17 1.79060E-22 8.28960E-24 3.41420E-15 1.06829E-12 5.98877E-14 6.91351E-23
 9.53384E-09 1.96551E-09 1.21863E-05 1.20196E-10 4.13913E-10 2.13864E-09 1.72147E-07 2.17378E-13
 1.47154E-04 4.28621E-04 1.33804E-06 4.64699E-09 6.59400E-10 2.66664E-08 2.53111E-10 4.60247E-11
 2.41791E-13 1.52261E-11 4.62822E-13 7.78213E-15 1.04307E-16 5.80252E-22 2.74785E-10 1.35509E-13
 3.37743E-15 4.09936E-14 2.34175E-10 5.58313E-17 1.22677E-22 6.59587E-24 2.73956E-15 7.83216E-13
 4.17194E-14 5.12235E-23 9.20475E-09 2.28871E-09 1.36684E-05 1.38375E-10 4.10764E-10 1.85741E-09
 1.60462E-07 2.78922E-13 1.47024E-04 4.26285E-04 1.26805E-06 3.97971E-09 6.53448E-10 2.44701E-08
 2.31933E-10 3.69949E-11 2.07268E-13 1.12146E-11 2.92733E-13 5.92099E-15 5.36050E-17 4.89354E-22
 2.58084E-10 1.23390E-13 4.19678E-15 4.19622E-14 2.50887E-10 3.68328E-17 8.28877E-23 5.15296E-24
 2.17351E-15 5.69604E-13 2.86741E-14 3.80360E-23 8.86201E-09 2.65454E-09 1.50368E-05 1.58649E-10
 4.07780E-10 1.62301E-09 1.49707E-07 3.59566E-13 1.46868E-04 4.23735E-04 1.20893E-06 3.40272E-09
 6.42226E-10 2.22564E-08 2.10903E-10 2.94418E-11 1.76128E-13 8.17236E-12 1.84327E-13 4.45264E-15
 2.70228E-17 4.12066E-22 2.40751E-10 1.12432E-13 5.20399E-15 4.28109E-14 2.68228E-10 2.40974E-17
 5.49678E-23 3.93880E-24 1.70325E-15 4.09846E-13 1.94385E-14 2.82465E-23 8.51132E-09 3.06752E-09
 1.62963E-05 1.81186E-10 4.05368E-10 1.42777E-09 1.39630E-07 4.65809E-13 1.46680E-04 4.20914E-04
 1.15814E-06 2.90845E-09 6.26979E-10 2.00138E-08 1.90234E-10 2.32096E-11 1.48153E-13 5.89154E-12
 1.15579E-13 3.30765E-15 1.33474E-17 3.45550E-22 2.22659E-10 1.02457E-13 6.43793E-15 4.35119E-14
 2.86329E-10 1.56135E-17 3.57109E-23 2.93929E-24 1.31054E-15 2.90419E-13 1.29391E-14 2.08699E-23
 8.15723E-09 3.52988E-09 1.75203E-05 2.06168E-10 4.04150E-10 1.26609E-09 1.29940E-07 6.06417E-13
 1.46452E-04 4.17734E-04 1.11350E-06 2.48939E-09 6.08906E-10 1.77183E-08 1.69873E-10 1.81147E-11
 1.22997E-13 4.19068E-12 7.21375E-14 2.42105E-15 6.42786E-18 2.87925E-22 2.03555E-10 9.33640E-14
 7.94646E-15 4.40458E-14 3.05440E-10 9.99165E-18 2.26041E-23 2.12773E-24 9.78909E-16 2.00638E-13
 8.36288E-15 1.51798E-23 7.80111E-09 4.04358E-09 1.86486E-05 2.33793E-10 4.04501E-10 1.13535E-09
 1.20634E-07 7.93107E-13 1.46195E-04 4.14371E-04 1.07587E-06 2.13653E-09 5.88161E-10 1.55318E-08
 1.51428E-10 1.41264E-11 1.01688E-13 2.97682E-12 4.53080E-14 1.76444E-15 3.08235E-18 2.36831E-22
 1.84760E-10 8.49116E-14 9.74943E-15 4.42518E-14 3.24241E-10 6.35804E-18 1.42419E-23 1.52431E-24
 7.22738E-16 1.37567E-13 5.34949E-15 1.10661E-23 7.44744E-09 4.60886E-09 1.96935E-05 2.64337E-10
 4.07016E-10 1.03204E-09 1.11614E-07 1.04174E-12 1.45916E-04 4.10961E-04 1.04480E-06 1.84178E-09
 5.65544E-10 1.35504E-08 1.35536E-10 1.10881E-11 8.42171E-14 2.12876E-12 2.88736E-14 1.28962E-15
 1.49298E-18 1.91411E-22 1.67141E-10 7.70012E-14 1.18647E-14 4.40349E-14 3.41866E-10 4.04264E-18
 9.11154E-24 1.10120E-24 5.35421E-16 9.50776E-14 3.44198E-15 8.20754E-24 7.09967E-09 5.22200E-09
 2.07555E-05 2.98343E-10 4.12607E-10 9.52705E-10 1.02706E-07 1.37418E-12 1.45606E-04 4.07371E-04
 1.01814E-06 1.59666E-09 5.42029E-10 1.17052E-08 1.21308E-10 8.74266E-12 6.95931E-14 1.52605E-12
 1.86346E-14 9.41795E-16 7.24657E-19 1.52563E-22 1.50121E-10 6.98572E-14 1.43616E-14 4.35120E-14
 3.58891E-10 2.56474E-18 5.88639E-24 7.97171E-25 3.93216E-16 6.55251E-14 2.20225E-15 6.12088E-24
 6.75070E-09 5.88518E-09 2.16753E-05 3.36313E-10 4.20986E-10 8.92498E-10 9.41508E-08 1.81750E-12
 1.45259E-04 4.03558E-04 9.94965E-07 1.38955E-09 5.17069E-10 9.99084E-09 1.08499E-10 6.91691E-12
 5.74463E-14 1.09764E-12 1.21647E-14 6.88202E-16 3.53083E-19 1.20980E-22 1.33672E-10 6.36549E-14
 1.73360E-14 4.28500E-14 3.75344E-10 1.63017E-18 3.82432E-24 5.76284E-25 2.85849E-16 4.49168E-14
 1.40006E-15 4.57153E-24 6.39307E-09 6.61025E-09 2.22320E-05 3.78440E-10 4.31115E-10 8.45319E-10
 8.62555E-08 2.40518E-12 1.44867E-04 3.99466E-04 9.74746E-07 1.21076E-09 4.90196E-10 8.39935E-09
 9.68656E-11 5.47469E-12 4.73533E-14 7.90589E-13 7.99715E-15 5.03070E-16 1.72396E-19 9.61811E-23
 1.17730E-10 5.83562E-14 2.09067E-14 4.21799E-14 3.91289E-10 1.03971E-18 2.47294E-24 4.12470E-25
 2.05114E-16 3.04876E-14 8.81426E-16 3.39616E-24 6.03370E-09 7.40380E-09 2.24964E-05 4.25099E-10
 4.43350E-10 8.09453E-10 7.89368E-08 3.18591E-12 1.44420E-04 3.95011E-04 9.57560E-07 1.05731E-09
 4.62440E-10 6.91802E-09 8.61301E-11 4.32942E-12 3.88560E-14 5.68586E-13 5.28529E-15 3.67004E-16
 8.39382E-20 7.64828E-23 1.02173E-10 5.37713E-14 2.51863E-14 4.14805E-14 4.06846E-10 6.63278E-19
 1.57897E-24 2.89899E-25 1.43826E-16 2.02963E-14 5.43794E-16 2.48277E-24 5.68788E-09 8.26186E-09
 2.26587E-05 4.77105E-10 4.59159E-10 7.86841E-10 7.19927E-08 4.23011E-12 1.43947E-04 3.90499E-04
 9.44745E-07 9.28856E-10 4.35259E-10 5.64651E-09 7.68993E-11 3.45988E-12 3.19826E-14 4.13289E-13
 3.55704E-15 2.69935E-16 4.16125E-20 6.01513E-23 8.81168E-11 4.96388E-14 3.01942E-14 4.05616E-14
 4.20903E-10 4.25517E-19 1.02585E-24 2.05729E-25 1.00686E-16 1.35591E-14 3.36440E-16 1.82781E-24
 5.36346E-09 9.17577E-09 2.28600E-05 5.35757E-10 4.79932E-10 7.78763E-10 6.53143E-08 5.63450E-12
 1.43466E-04 3.86102E-04 9.36376E-07 8.22507E-10 4.09380E-10 4.60623E-09 6.92540E-11 2.81448E-12
 2.65426E-14 3.05979E-13 2.45744E-15 2.01513E-16 2.12818E-20 4.66441E-23 7.59547E-11 4.59221E-14
 3.60021E-14 3.93987E-14 4.33064E-10 2.75960E-19 6.92827E-25 1.50393E-25 7.14190E-17 9.23592E-15
 2.12217E-16 1.37686E-24 5.06297E-09 1.01256E-08 2.32600E-05 6.03293E-10 5.07571E-10 7.87444E-10
 5.87938E-08 7.53699E-12 1.42958E-04 3.81628E-04 9.31413E-07 7.34512E-10 3.85059E-10 3.72708E-09
 6.26328E-11 2.32703E-12 2.21428E-14 2.30328E-13 1.74094E-15 1.52339E-16 1.11671E-20 3.58318E-23
 6.50179E-11 4.27623E-14 4.28428E-14 3.81262E-14 4.43998E-10 1.80917E-19 4.82654E-25 1.12256E-25
 5.05391E-17 6.32673E-15 1.34674E-16 1.04674E-24 4.79580E-09 1.10631E-08 2.41158E-05 6.83881E-10
 5.45888E-10 8.19328E-10 5.22566E-08 1.01465E-11 1.42418E-04 3.77049E-04 9.28800E-07 6.63159E-10
 3.62918E-10 2.98849E-09 5.68769E-11 1.96654E-12 1.86129E-14 1.77642E-13 1.27422E-15 1.17206E-16
 6.06790E-21 2.73015E-23 5.51748E-11 4.02827E-14 5.10082E-14 3.68123E-14 4.53837E-10 1.20574E-19
 3.50182E-25 8.61799E-26 3.54862E-17 4.34961E-15 8.60255E-17 8.02222E-25 4.57261E-09 1.19116E-08
 2.57388E-05 7.84320E-10 6.00667E-10 8.85067E-10 4.55901E-08 1.37827E-11 1.41844E-04 3.72335E-04
 9.27038E-07 6.07106E-10 3.43556E-10 2.37125E-09 5.18516E-11 1.71077E-12 1.58214E-14 1.41755E-13
 9.72577E-16 9.24539E-17 3.45889E-21 2.06983E-23 4.63062E-11 3.86572E-14 6.09655E-14 3.55501E-14
 4.62699E-10 8.23478E-20 2.67435E-25 6.85880E-26 2.45318E-17 2.99099E-15 5.53164E-17 6.18359E-25
 4.40630E-09 1.25807E-08 2.84894E-05 9.14587E-10 6.80061E-10 1.00076E-09 3.88315E-08 1.89441E-11
 1.41244E-04 3.67536E-04 9.24830E-07 5.65593E-10 3.27701E-10 1.86526E-09 4.75022E-11 1.54515E-12
 1.36700E-14 1.18411E-13 7.82390E-16 7.55904E-17 2.10697E-21 1.56700E-23 3.84326E-11 3.80548E-14
 7.33762E-14 3.44178E-14 4.70561E-10 5.82080E-20 2.18067E-25 5.72683E-26 1.66454E-17 2.05987E-15
 3.60003E-17 4.80410E-25 4.31163E-09 1.29963E-08 3.28043E-05 1.08819E-09 7.95244E-10 1.18955E-09
 3.21819E-08 2.64356E-11 1.40629E-04 3.62712E-04 9.22353E-07 5.38479E-10 3.16312E-10 1.45783E-09
 4.37494E-11 1.45780E-12 1.20474E-14 1.04332E-13 6.68015E-16 6.47410E-17 1.39353E-21 1.18716E-23
 3.15582E-11 3.85975E-14 8.91013E-14 3.34525E-14 4.77421E-10 4.28723E-20 1.91781E-25 5.06331E-26
 1.10751E-17 1.42398E-15 2.38312E-17 3.77219E-25 4.29916E-09 1.32535E-08 3.84553E-05 1.31201E-09
 9.51011E-10 1.45925E-09 2.61903E-08 3.74444E-11 1.40007E-04 3.57877E-04 9.23866E-07 5.24708E-10
 3.10765E-10 1.13100E-09 4.04697E-11 1.42160E-12 1.07447E-14 9.53885E-14 5.95062E-16 5.76410E-17
 9.82416E-22 8.88851E-24 2.56010E-11 3.96827E-14 1.08380E-13 3.24412E-14 4.83358E-10 3.23405E-20
 1.77484E-25 4.65077E-26 7.27183E-18 9.87716E-16 1.59332E-17 2.98356E-25 4.35932E-09 1.37405E-08
 4.33061E-05 1.56456E-09 1.12486E-09 1.75115E-09 2.15683E-08 5.32362E-11 1.39394E-04 3.53083E-04
 9.37601E-07 5.19519E-10 3.11987E-10 8.70234E-10 3.75925E-11 1.38059E-12 9.47085E-15 8.59218E-14
 5.23336E-16 5.09899E-17 6.81180E-22 6.35159E-24 2.05140E-11 3.93501E-14 1.29150E-13 3.08332E-14
 4.88427E-10 2.36680E-20 1.60465E-25 4.18199E-26 4.83944E-18 6.89161E-16 1.05628E-17 2.36246E-25
 4.46695E-09 1.45071E-08 4.70678E-05 1.84294E-09 1.31166E-09 2.04616E-09 1.80450E-08 7.57104E-11
 1.38809E-04 3.48403E-04 9.64676E-07 5.18835E-10 3.17787E-10 6.63309E-10 3.50240E-11 1.32598E-12
 8.24947E-15 7.56661E-14 4.51011E-16 4.43710E-17 4.57453E-22 4.38379E-24 1.62413E-11 3.77618E-14
 1.51065E-13 2.88498E-14 4.92681E-10 1.68033E-20 1.40760E-25 3.66879E-26 3.27836E-18 4.84588E-16
 6.95028E-18 1.87582E-25 4.57190E-09 1.56341E-08 4.93775E-05 2.14068E-09 1.49928E-09 2.31543E-09
 1.54476E-08 1.07064E-10 1.38277E-04 3.43941E-04 1.00305E-06 5.15645E-10 3.24070E-10 4.99973E-10
 3.26920E-11 1.24961E-12 7.11671E-15 6.48293E-14 3.77677E-16 3.78019E-17 2.95513E-22 2.99152E-24
 1.27191E-11 3.53547E-14 1.74320E-13 2.68004E-14 4.96184E-10 1.16504E-20 1.18358E-25 3.11437E-26
 2.26801E-18 3.43598E-16 4.56149E-18 1.49130E-25 4.60931E-09 1.72612E-08 4.98073E-05 2.44466E-09
 1.66783E-09 2.51990E-09 1.36589E-08 1.49518E-10 1.37833E-04 3.39880E-04 1.05018E-06 5.02240E-10
 3.25734E-10 3.73611E-10 3.05721E-11 1.14690E-12 6.09941E-15 5.37974E-14 3.04793E-16 3.14578E-17
 1.83186E-22 2.06640E-24 9.91724E-12 3.25261E-14 1.99433E-13 2.49119E-14 4.98966E-10 7.94959E-21
 9.43752E-26 2.54182E-26 1.61667E-18 2.46996E-16 3.01976E-18 1.19019E-25 4.51633E-09 1.96148E-08
 4.80086E-05 2.73244E-09 1.79341E-09 2.62223E-09 1.25983E-08 2.05040E-10 1.37504E-04 3.36374E-04
 1.10679E-06 4.73300E-10 3.18020E-10 2.77483E-10 2.86367E-11 1.01763E-12 5.19748E-15 4.29817E-14
 2.35358E-16 2.54922E-17 1.08594E-22 1.46817E-24 7.76223E-12 2.95145E-14 2.26946E-13 2.32728E-14
 5.01098E-10 5.35872E-21 7.06768E-26 1.98126E-26 1.19892E-18 1.80973E-16 2.03138E-18 9.57027E-26
 4.22931E-09 2.31032E-08 4.37137E-05 2.96470E-09 1.84903E-09 2.59432E-09 1.22836E-08 2.74684E-10
 1.37305E-04 3.33485E-04 1.18384E-06 4.26124E-10 2.96333E-10 2.04600E-10 2.68369E-11 8.64036E-13
 4.39117E-15 3.27059E-14 1.72445E-16 1.99984E-17 6.10849E-23 1.08754E-24 6.13900E-12 2.64642E-14
 2.57346E-13 2.19036E-14 5.02695E-10 3.56919E-21 4.89921E-26 1.45586E-26 9.34150E-19 1.35511E-16
 1.37950E-18 7.77147E-26 3.70417E-09 2.85508E-08 3.67935E-05 3.07491E-09 1.80765E-09 2.42236E-09
 1.29166E-08 3.58049E-10 1.37233E-04 3.31238E-04 1.32248E-06 3.62387E-10 2.57938E-10 1.49848E-10
 2.51444E-11 6.91664E-13 3.64933E-15 2.32436E-14 1.18608E-16 1.50368E-17 3.21391E-23 8.47777E-25
 4.94746E-12 2.33989E-14 2.90228E-13 2.07531E-14 5.03858E-10 2.33551E-21 3.09159E-26 9.91773E-27
 7.79941E-19 1.04391E-16 9.41061E-19 6.42922E-26 2.96258E-09 3.79821E-08 2.73208E-05 2.95808E-09
 1.64225E-09 2.09178E-09 1.51599E-08 4.54000E-10 1.37269E-04 3.29573E-04 1.65584E-06 2.89770E-10
 2.05469E-10 1.09219E-10 2.35468E-11 5.06427E-13 2.92026E-15 1.47413E-14 7.45766E-17 1.06037E-17
 1.51923E-23 6.90113E-25 4.09267E-12 2.00275E-14 3.21421E-13 1.95992E-14 5.04686E-10 1.45734E-21
 1.71560E-26 6.05235E-27 7.23532E-19 8.35433E-17 6.46638E-19 5.50033E-26 2.21103E-09 5.85883E-08
 1.55637E-05 2.46315E-09 1.30726E-09 1.51483E-09 2.12942E-08 5.68189E-10 1.37375E-04 3.28349E-04
 2.56379E-06 2.27321E-10 1.56193E-10 7.95636E-11 2.20585E-11 3.07569E-13 2.09224E-15 7.20025E-15
 3.78896E-17 6.55326E-18 5.46136E-24 5.12007E-25 3.48564E-12 1.46484E-14 3.28175E-13 1.72812E-14
 5.05294E-10 7.31829E-22 7.35371E-27 2.96089E-27 8.04726E-19 7.01059E-17 4.23371E-19 4.93287E-26
 1.87604E-09 1.08662E-07 6.32252E-06 1.77068E-09 9.08387E-10 8.63520E-10 3.56972E-08 7.53352E-10
 1.37508E-04 3.27397E-04 4.80079E-06 2.09524E-10 1.41730E-10 5.85635E-11 2.06900E-11 1.45912E-13
 1.28725E-15 2.46051E-15 1.39210E-17 3.72365E-18 1.40798E-24 2.83601E-25 3.05128E-12 8.12736E-15
 2.93139E-13 1.32083E-14 5.05774E-10 2.45194E-22 2.34637E-27 1.15449E-27 1.08279E-18 6.16560E-17
 2.52578E-19 4.64374E-26 2.08152E-09 2.05785E-07 2.41424E-06 1.33688E-09 6.66012E-10 5.18417E-10
 6.05979E-08 1.10858E-09 1.37642E-04 3.26614E-04 9.39967E-06 2.49353E-10 1.66716E-10 4.42522E-11
 1.94993E-11 6.99469E-14 8.29928E-16 8.45344E-16 5.13923E-18 2.41666E-18 4.10800E-25 1.61054E-25
 2.73837E-12 4.81555E-15 2.69188E-13 1.02586E-14 5.06117E-10 8.22752E-23 8.26207E-28 5.11314E-28
 1.44090E-18 5.61760E-17 1.60884E-19 4.54267E-26 2.73579E-09 3.76769E-07 9.07526E-07 1.17768E-09
 5.68667E-10 4.00665E-10 9.84748E-08 1.86808E-09 1.37762E-04 3.25989E-04 1.82500E-05 3.32756E-10
 2.15061E-10 3.51926E-11 1.86368E-11 3.89203E-14 6.28635E-16 3.70506E-16 2.35358E-18 1.78759E-18
 1.56876E-25 1.07865E-25 2.52469E-12 3.61491E-15 2.72777E-13 8.68418E-15 5.06330E-10 3.42093E-23
 4.05422E-28 3.00303E-28 1.70194E-18 5.27093E-17 1.21843E-19 4.58803E-26 4.23066E-09 8.30550E-07
 3.72310E-07 1.34681E-09 5.99063E-10 4.43593E-10 1.88426E-07 4.72322E-09 1.37847E-04 3.25581E-04
 3.54687E-05 4.25924E-10 2.62335E-10 3.06753E-11 1.82153E-11 2.13878E-14 6.27404E-16 2.01039E-16
 1.18656E-18 1.35733E-18 6.10044E-26 8.61483E-26 2.40936E-12 3.66202E-15 3.10449E-13 8.05746E-15
 5.06408E-10 1.46206E-23 2.77501E-28 2.20380E-28 1.62074E-18 5.11011E-17 1.20517E-19 4.61094E-26
 3.00982E+02 2.98797E+02 2.96583E+02 2.94332E+02 2.92042E+02 2.89706E+02 2.87321E+02 2.84882E+02
 2.82371E+02 2.79800E+02 2.77128E+02 2.74370E+02 2.71684E+02 2.68991E+02 2.66161E+02 2.63151E+02
 2.59932E+02 2.56473E+02 2.52744E+02 2.48717E+02 2.44374E+02 2.39717E+02 2.34767E+02 2.29855E+02
 2.25972E+02 2.23647E+02 2.22158E+02 2.20810E+02 2.19528E+02 2.18312E+02 2.17165E+02 2.16065E+02
 2.14978E+02 2.13909E+02 2.12855E+02 2.11803E+02 2.10753E+02 2.09714E+02 2.08692E+02 2.07690E+02
 2.06697E+02 2.05698E+02 2.04683E+02 2.03643E+02 2.02572E+02 2.01474E+02 2.00358E+02 1.99237E+02
 1.98123E+02 1.97025E+02 1.95944E+02 1.94879E+02 1.93836E+02 1.92852E+02 1.91943E+02 1.91080E+02
 1.90264E+02 1.89524E+02 1.88882E+02 1.88364E+02 1.88001E+02 1.87803E+02 1.87763E+02 1.87848E+02
 1.87987E+02 1.88093E+02 1.88160E+02 1.88272E+02 1.88425E+02 1.88505E+02 1.88446E+02 1.88296E+02
 1.88106E+02 1.87857E+02 1.87564E+02 1.87269E+02 1.86921E+02 1.86459E+02 1.85919E+02 1.85359E+02
 1.84810E+02 1.84308E+02 1.83913E+02 1.83678E+02 1.83645E+02 1.83841E+02 1.84280E+02 1.84945E+02
 1.85749E+02 1.86488E+02 1.86902E+02 1.86744E+02 1.85714E+02 1.83449E+02 1.79571E+02 1.74280E+02
 1.69145E+02 1.64161E+02 1.59324E+02 1.54630E+02 1.00000E+05 1.00000E+05 1.00000E+05 1.00000E+05
 1.00000E+05 1.00000E+05 1.00000E+05 1.00000E+05 1.00000E+05 1.00000E+05 1.00000E+05 1.00000E+05
 1.00000E+05 1.00000E+05 1.00000E+05 1.00000E+05 1.00000E+05 1.00000E+05 1.00000E+05 1.00000E+05
 1.00000E+05 1.00000E+05 1.00000E+05 1.00000E+05 1.00000E+05 1.00000E+05 1.00000E+05 1.00000E+05
 1.00000E+05 1.00000E+05 1.00000E+05 1.00000E+05 1.00000E+05 1.00000E+05 1.00000E+05 1.00000E+05
 1.00000E+05 1.00000E+05 1.00000E+05 1.00000E+05 1.00000E+05 1.00000E+05 1.00000E+05 1.00000E+05
 1.00000E+05 1.00000E+05 1.00000E+05 1.00000E+05 1.00000E+05 1.00000E+05 9.70157E+04 9.51791E+04
 9.33426E+04 9.15061E+04 8.96696E+04 8.78330E+04 7.62498E+04 6.92150E+04 6.21802E+04 5.51454E+04
 4.81107E+04 4.38228E+04 3.92298E+04 3.46367E+04 3.00437E+04 2.54507E+04 2.08576E+04 1.99687E+04
 1.80696E+04 1.61704E+04 1.42713E+04 1.23722E+04 1.04730E+04 1.02899E+04 9.44678E+03 8.60365E+03
 7.76052E+03 6.91739E+03 6.07426E+03 6.27493E+03 5.98850E+03 5.70207E+03 5.41563E+03 5.12920E+03
 4.99380E+03 4.84163E+03 4.68946E+03 4.53728E+03 4.38511E+03 4.23293E+03 4.20870E+03 4.14957E+03
 4.09043E+03 4.03130E+03 3.97217E+03 3.91304E+03 3.93587E+03 3.92717E+03 3.91848E+03 3.90978E+03
 2.35811E+19 2.22160E+19 2.09230E+19 1.96991E+19 1.85408E+19 1.74452E+19 1.64091E+19 1.54298E+19
 1.45049E+19 1.36310E+19 1.28071E+19 1.20295E+19 1.12892E+19 1.05883E+19 9.92946E+18 9.31153E+18
 8.73245E+18 8.19031E+18 7.68317E+18 7.20897E+18 6.76547E+18 6.35012E+18 5.96009E+18 5.58567E+18
 5.20473E+18 4.81169E+18 4.42875E+18 4.07161E+18 3.74033E+18 3.43337E+18 3.14918E+18 2.88666E+18
 2.64473E+18 2.42186E+18 2.21668E+18 2.02800E+18 1.85458E+18 1.69518E+18 1.54870E+18 1.41414E+18
 1.29067E+18 1.17752E+18 1.07391E+18 9.79100E+17 8.92384E+17 8.13067E+17 7.40502E+17 6.74090E+17
 6.13298E+17 5.57659E+17 5.06766E+17 4.60246E+17 4.17739E+17 3.78858E+17 3.43303E+17 3.10874E+17
 2.81323E+17 2.54378E+17 2.29816E+17 2.07429E+17 1.87026E+17 1.68460E+17 1.51602E+17 1.36345E+17
 1.22598E+17 1.10267E+17 9.92026E+16 8.92340E+16 8.02569E+16 7.22172E+16 6.50324E+16 5.85882E+16
 5.27902E+16 4.75759E+16 4.28812E+16 3.86445E+16 3.48309E+16 3.14062E+16 2.83228E+16 2.55377E+16
 2.30183E+16 2.07364E+16 1.86656E+16 1.67842E+16 1.50750E+16 1.35240E+16 1.21190E+16 1.08504E+16
 9.71185E+15 8.69996E+15 7.80986E+15 7.03301E+15 6.36115E+15 5.78700E+15 5.30331E+15 4.88805E+15
 4.49018E+15 4.11044E+15 3.74941E+15 3.40754E+15 2.40502E-11 2.62136E-11 3.06894E-11 3.78792E-11
 4.71573E-11 5.82389E-11 7.09375E-11 8.50921E-11 1.00542E-10 1.17118E-10 1.34647E-10 1.52949E-10
 1.71854E-10 1.91201E-10 2.10843E-10 2.30682E-10 2.50596E-10 2.70443E-10 2.90070E-10 3.09318E-10
 3.28037E-10 3.46089E-10 3.63352E-10 3.79731E-10 3.95194E-10 4.09792E-10 4.23593E-10 4.36640E-10
 4.48957E-10 4.60571E-10 4.71503E-10 4.81774E-10 4.91398E-10 5.00381E-10 5.08730E-10 5.16442E-10
 5.23513E-10 5.29934E-10 5.35696E-10 5.40783E-10 5.45179E-10 5.48864E-10 5.51813E-10 5.53998E-10
 5.55387E-10 5.55945E-10 5.55627E-10 5.54390E-10 5.52178E-10 5.48936E-10 5.44236E-10 5.38986E-10
 5.33123E-10 5.26577E-10 5.19274E-10 5.11130E-10 5.00910E-10 4.88718E-10 4.74117E-10 4.56480E-10
 4.34986E-10 4.10136E-10 3.81254E-10 3.47770E-10 3.09131E-10 2.64885E-10 2.14849E-10 1.68514E-10
 1.25057E-10 8.63624E-11 5.41988E-11 2.98375E-11 1.36329E-11 5.62269E-12 1.92488E-12 5.20364E-13
 1.03804E-13 1.38990E-14 1.08907E-15 7.01511E-17 2.86592E-18 6.82202E-20 8.53204E-22 4.94219E-24
 1.36534E-26 1.57229E-29 6.54260E-33 8.18219E-37 2.48955E-41 1.46050E-46 1.93924E-52 4.37432E-59
 1.37809E-66 4.98882E-75 1.68734E-84 3.91238E-95 1.00000-100 1.00000-100 1.00000-100 1.00000-100
 4.86000E+01 4.29648E+01 4.23726E+01 4.40325E+01 4.87198E+01 5.42324E+01 5.96675E+01 6.49337E+01
 6.98240E+01 7.45719E+01 7.83955E+01 8.15743E+01 8.34173E+01 8.50026E+01 8.59088E+01 8.62013E+01
 8.59436E+01 8.55609E+01 8.46840E+01 8.33706E+01 8.16809E+01 7.97915E+01 7.77205E+01 7.49760E+01
 7.17387E+01 6.83679E+01 6.44162E+01 6.04752E+01 5.71608E+01 5.38620E+01 5.06068E+01 4.74285E+01
 4.43284E+01 4.13707E+01 3.85255E+01 3.57995E+01 3.31997E+01 3.07317E+01 2.84050E+01 2.62027E+01
 2.41240E+01 2.21685E+01 2.03377E+01 1.86339E+01 1.70405E+01 1.55532E+01 1.41646E+01 1.28787E+01
 1.16841E+01 1.05719E+01 9.53213E+00 8.57947E+00 7.71180E+00 6.91452E+00 6.18587E+00 5.51751E+00
 4.89513E+00 4.34825E+00 3.85688E+00 3.37320E+00 2.90503E+00 2.46823E+00 2.06350E+00 1.69090E+00
 1.34996E+00 1.03992E+00 7.59033E-01 5.35404E-01 3.57043E-01 2.21754E-01 1.25336E-01 6.21794E-02
 2.56039E-02 9.51941E-03 2.93811E-03 7.15856E-04 1.28725E-04 1.55474E-05 1.09909E-06 6.38551E-08
 2.35240E-09 5.04834E-11 5.68640E-13 2.96276E-15 7.35183E-18 7.59160E-21 2.82097E-24 3.12056E-28
 8.35078E-33 4.31241E-38 5.06461E-44 1.01899E-50 2.90128E-58 9.68068E-67 3.09532E-76 6.90534E-87
 1.64085E-92 1.51841E-92 1.40329E-92 1.31171E-92 1.00000E-12 1.00000E-12 1.00000E-12 1.00000E-12
 1.00000E-12 1.00000E-12 1.00000E-12 1.00000E-12 1.00000E-12 1.00000E-12 1.00000E-12 1.00000E-12
 1.00000E-12 1.00000E-12 1.00000E-12 1.00000E-12 1.00000E-12 1.00000E-12 1.00000E-12 1.00000E-12
 1.00000E-12 1.00000E-12 1.00000E-12 1.00000E-12 1.00000E-12 1.00000E-12 1.00000E-12 1.00000E-12
 1.00000E-12 1.00000E-12 1.00000E-12 1.00000E-12 1.00000E-12 1.00000E-12 1.00000E-12 1.00000E-12
 1.00000E-12 1.00000E-12 1.00000E-12 1.00000E-12 1.00000E-12 1.00000E-12 1.00000E-12 1.00000E-12
 1.00000E-12 1.00000E-12 1.00000E-12 1.00000E-12 1.00000E-12 1.00000E-12 1.00000E-12 1.00000E-12
 1.00000E-12 1.00000E-12 1.00000E-12 1.00000E-12 1.00000E-12 1.00000E-12 1.00000E-12 1.00000E-12
 1.00000E-12 1.00000E-12 1.00000E-12 1.00000E-12 1.00000E-12 1.00000E-12 1.00000E-12 1.00000E-12
 1.00000E-12 1.00000E-12 1.00000E-12 1.00000E-12 1.00000E-12 1.00000E-12 1.00000E-12 1.00000E-12
 1.00000E-12 1.00000E-12 1.00000E-12 1.00000E-12 1.00000E-12 1.00000E-12 1.00000E-12 1.00000E-12
 1.00000E-12 1.00000E-12 1.00000E-12 1.00000E-12 1.00000E-12 1.00000E-12 1.00000E-12 1.00000E-12
 1.00000E-12 1.00000E-12 1.00000E-12 1.00000E-12 1.00000E-12 1.00000E-12 1.00000E-12 1.00000E-12
 1.00000E-12 1.00000E-12 1.00000E-12 1.00000E-12 1.00000E-12 1.00000E-12 1.00000E-12 1.00000E-12
 1.00000E-12 1.00000E-12 1.00000E-12 1.00000E-12 1.00000E-12 1.00000E-12 1.00000E-12 1.00000E-12
 1.00000E-12 1.00000E-12 1.00000E-12 1.00000E-12 1.00000E-12 1.00000E-12 1.00000E-12 1.00000E-12
 1.00000E-12 1.00000E-12 1.00000E-12 1.00000E-12 1.00000E-12 1.00000E-12 1.00000E-12 1.00000E-12
 1.00000E-12 1.00000E-12 1.00000E-12 1.00000E-12 1.00000E-12 1.00000E-12 1.00000E-12 1.00000E-12
 1.00000E-12 1.00000E-12 1.00000E-12 1.00000E-12 1.00000E-12 1.00000E-12 1.00000E-12 1.00000E-12
 1.00000E-12 1.00000E-12 1.00000E-12 1.00000E-12 1.00000E-12 1.00000E-12 1.00000E-12 1.00000E-12
 1.00000E-12 1.00000E-12 1.00000E-12 1.00000E-12 1.00000E-12 1.00000E-12 1.00000E-12 1.00000E-12
 1.00000E-12 1.00000E-12 1.00000E-12 1.00000E-12 1.00000E-12 1.00000E-12 1.00000E-12 1.00000E-12
 1.00000E-12 1.00000E-12 1.00000E-12 1.00000E-12 1.00000E-12 1.00000E-12 1.00000E-12 1.00000E-12
 1.00000E-12 1.00000E-12 1.00000E-12 1.00000E-12 1.00000E-12 1.00000E-12 1.00000E-12 1.00000E-12
 1.00000E-12 1.00000E-12 1.00000E-12 1.00000E-12 1.00000E-12 1.00000E-12 1.00000E-12 1.00000E-12
 1.00000E-12 1.00000E-12 1.00000E-12 1.00000E-12 2.73450E-04 2.91506E-04 3.09782E-04 3.30398E-04
 3.49055E-04 3.68249E-04 3.88998E-04 4.11189E-04 4.35051E-04 4.60160E-04 4.87893E-04 5.17914E-04
 5.51624E-04 5.87388E-04 6.26415E-04 6.69085E-04 7.15802E-04 7.66012E-04 8.21261E-04 8.82177E-04
 9.49489E-04 1.02355E-03 1.10534E-03 1.19806E-03 1.30065E-03 1.41070E-03 1.53401E-03 1.67001E-03
 1.81404E-03 1.97269E-03 2.14751E-03 2.34013E-03 2.55285E-03 2.78678E-03 3.04495E-03 3.33006E-03
 3.64499E-03 3.99283E-03 4.37657E-03 4.80086E-03 5.27026E-03 5.78980E-03 6.36477E-03 7.00062E-03
 7.70565E-03 8.48782E-03 9.35659E-03 1.03198E-02 1.13894E-02 1.25792E-02 1.39034E-02 1.53774E-02
 1.70156E-02 1.88414E-02 2.08731E-02 2.31397E-02 2.56678E-02 2.84237E-02 3.14351E-02 3.48409E-02
 3.86753E-02 4.29637E-02 4.77452E-02 5.30653E-02 5.89736E-02 6.55222E-02 7.27793E-02 8.08469E-02
 8.98209E-02 9.97754E-02 1.10815E-01 1.23081E-01 1.36722E-01 1.51892E-01 1.68774E-01 1.87573E-01
 2.08503E-01 2.31811E-01 2.57802E-01 2.86809E-01 3.19163E-01 3.55229E-01 3.95476E-01 4.40358E-01
 4.90356E-01 5.46025E-01 6.08421E-01 6.79588E-01 7.60100E-01 8.49850E-01 9.49200E-01 1.05846E+00
 1.17758E+00 1.30593E+00 1.44371E+00 1.59701E+00 1.79216E+00 2.02043E+00 2.28603E+00 2.58597E+00
 1.00000E+00 1.00000E+00 1.00000E+00 1.00000E+00 1.00000E+00 1.00000E+00 1.00000E+00 1.00000E+00
 1.00000E+00 1.00000E+00 1.00000E+00 1.00000E+00 1.00000E+00 1.00000E+00 1.00000E+00 1.00000E+00
 1.00000E+00 1.00000E+00 1.00000E+00 1.00000E+00 1.00000E+00 1.00000E+00 1.00000E+00 1.00000E+00
 1.00000E+00 1.00000E+00 1.00000E+00 1.00000E+00 1.00000E+00 1.00000E+00 1.00000E+00 1.00000E+00
 1.00000E+00 1.00000E+00 1.00000E+00 1.00000E+00 1.00000E+00 1.00000E+00 1.00000E+00 1.00000E+00
 1.00000E+00 1.00000E+00 1.00000E+00 1.00000E+00 1.00000E+00 1.00000E+00 1.00000E+00 1.00000E+00
 1.00000E+00 1.00000E+00 1.00000E+00 1.00000E+00 1.00000E+00 1.00000E+00 1.00000E+00 1.00000E+00
 1.00000E+00 1.00000E+00 1.00000E+00 1.00000E+00 1.00000E+00 1.00000E+00 1.00000E+00 1.00000E+00
 1.00000E+00 1.00000E+00 1.00000E+00 1.00000E+00 1.00000E+00 1.00000E+00 1.00000E+00 1.00000E+00
 1.00000E+00 1.00000E+00 1.00000E+00 1.00000E+00 1.00000E+00 1.00000E+00 1.00000E+00 1.00000E+00
 1.00000E+00 1.00000E+00 1.00000E+00 1.00000E+00 1.00000E+00 1.00000E+00 1.00000E+00 1.00000E+00
 1.00000E+00 1.00000E+00 1.00000E+00 1.00000E+00 1.00000E+00 1.00000E+00 1.00000E+00 1.00000E+00
 1.00000E+00 1.00000E+00 1.00000E+00 1.00000E+00 1.00000E+00 1.00000E+00 1.00000E+00 1.00000E+00
 1.00000E+00 1.00000E+00 1.00000E+00 1.00000E+00 1.00000E+00 1.00000E+00 1.00000E+00 1.00000E+00
 1.00000E+00 1.00000E+00 1.00000E+00 1.00000E+00 1.00000E+00 1.00000E+00 1.00000E+00 1.00000E+00
 1.00000E+00 1.00000E+00 1.00000E+00 1.00000E+00 1.00000E+00 1.00000E+00 1.00000E+00 1.00000E+00
 1.00000E+00 1.00000E+00 1.00000E+00 1.00000E+00 1.00000E+00 1.00000E+00 1.00000E+00 1.00000E+00
 1.00000E+00 1.00000E+00 1.00000E+00 1.00000E+00 1.00000E+00 1.00000E+00 1.00000E+00 1.00000E+00
 1.00000E+00 1.00000E+00 1.00000E+00 1.00000E+00 1.00000E+00 1.00000E+00 1.00000E+00 1.00000E+00
 1.00000E+00 1.00000E+00 1.00000E+00 1.00000E+00 1.00000E+00 1.00000E+00 1.00000E+00 1.00000E+00
 1.00000E+00 1.00000E+00 1.00000E+00 1.00000E+00 1.00000E+00 1.00000E+00 1.00000E+00 1.00000E+00
 1.00000E+00 1.00000E+00 1.00000E+00 1.00000E+00 1.00000E+00 1.00000E+00 1.00000E+00 1.00000E+00
 1.00000E+00 1.00000E+00 1.00000E+00 1.00000E+00 1.00000E+00 1.00000E+00 1.00000E+00 1.00000E+00
 1.00000E+00 1.00000E+00 1.00000E+00 1.00000E+00 1.00000E+00 1.00000E+00 1.00000E+00 1.00000E+00
 1.00000E+00 1.00000E+00 1.00000E+00 1.00000E+00 1.00000E+00 1.00000E+00 1.00000E+00 1.00000E+00
 1.00000E-05 1.00000E-05 1.00000E-05 1.00000E-05 1.00000E-05 1.00000E-05 1.00000E-05 1.00000E-05
 1.00000E-05 1.00000E-05 1.00000E-05 1.00000E-05 1.00000E-05 1.00000E-05 1.00000E-05 1.00000E-05
 1.00000E-05 1.00000E-05 1.00000E-05 1.00000E-05 1.00000E-05 1.00000E-05 1.00000E-05 1.00000E-05
 1.00000E-05 1.00000E-05 1.00000E-05 1.00000E-05 1.00000E-05 1.00000E-05 1.00000E-05 1.00000E-05
 1.00000E-05 1.00000E-05 1.00000E-05 1.00000E-05 1.00000E-05 1.00000E-05 1.00000E-05 1.00000E-05
 1.00000E-05 1.00000E-05 1.00000E-05 1.00000E-05 1.00000E-05 1.00000E-05 1.00000E-05 1.00000E-05
 1.00000E-05 1.00000E-05 1.00000E-05 1.00000E-05 1.00000E-05 1.00000E-05 1.00000E-05 1.00000E-05
 1.00000E-05 1.00000E-05 1.00000E-05 1.00000E-05 1.00000E-05 1.00000E-05 1.00000E-05 1.00000E-05
 1.00000E-05 1.00000E-05 1.00000E-05 1.00000E-05 1.00000E-05 1.00000E-05 1.00000E-05 1.00000E-05
 1.00000E-05 1.00000E-05 1.00000E-05 1.00000E-05 1.00000E-05 1.00000E-05 1.00000E-05 1.00000E-05
 1.00000E-05 1.00000E-05 1.00000E-05 1.00000E-05 1.00000E-05 1.00000E-05 1.00000E-05 1.00000E-05
 1.00000E-05 1.00000E-05 1.00000E-05 1.00000E-05 1.00000E-05 1.00000E-05 1.00000E-05 1.00000E-05
 1.00000E-05 1.00000E-05 1.00000E-05 1.00000E-05 1.00000E-09 1.00000E-09 1.00000E-09 1.00000E-09
 1.00000E-09 1.00000E-09 1.00000E-09 1.00000E-09 1.00000E-09 1.00000E-09 1.00000E-09 1.00000E-09
 1.00000E-09 1.00000E-09 1.00000E-09 1.00000E-09 1.00000E-09 1.00000E-09 1.00000E-09 1.00000E-09
 1.00000E-09 1.00000E-09 1.00000E-09 1.00000E-09 1.00000E-09 1.00000E-09 1.00000E-09 1.00000E-09
 1.00000E-09 1.00000E-09 1.00000E-09 1.00000E-09 1.00000E-09 1.00000E-09 1.00000E-09 1.00000E-09
 1.00000E-09 1.00000E-09 1.00000E-09 1.00000E-09 1.00000E-09 1.00000E-09 1.00000E-09 1.00000E-09
 1.00000E-09 1.00000E-09 1.00000E-09 1.00000E-09 1.00000E-09 1.00000E-09 1.00000E-09 1.00000E-09
 1.00000E-09 1.00000E-09 1.00000E-09 1.00000E-09 1.00000E-09 1.00000E-09 1.00000E-09 1.00000E-09
 1.00000E-09 1.00000E-09 1.00000E-09 1.00000E-09 1.00000E-09 1.00000E-09 1.00000E-09 1.00000E-09
 1.00000E-09 1.00000E-09 1.00000E-09 1.00000E-09 1.00000E-09 1.00000E-09 1.00000E-09 1.00000E-09
 1.00000E-09 1.00000E-09 1.00000E-09 1.00000E-09 1.00000E-09 1.00000E-09 1.00000E-09 1.00000E-09
 1.00000E-09 1.00000E-09 1.00000E-09 1.00000E-09 1.00000E-09 1.00000E-09 1.00000E-09 1.00000E-09
 1.00000E-09 1.00000E-09 1.00000E-09 1.00000E-09 1.00000E-09 1.00000E-09 1.00000E-09 1.00000E-09
 1.00000E-09 1.00000E-09 1.00000E-09 1.00000E-09 1.00000E-09 1.00000E-09 1.00000E-09 1.00000E-09
 1.00000E-09 1.00000E-09 1.00000E-09 1.00000E-09 1.00000E-09 1.00000E-09 1.00000E-09 1.00000E-09
 1.00000E-09 1.00000E-09 1.00000E-09 1.00000E-09 1.00000E-09 1.00000E-09 1.00000E-09 1.00000E-09
 1.00000E-09 1.00000E-09 1.00000E-09 1.00000E-09 1.00000E-09 1.00000E-09 1.00000E-09 1.00000E-09
 1.00000E-09 1.00000E-09 1.00000E-09 1.00000E-09 1.00000E-09 1.00000E-09 1.00000E-09 1.00000E-09
 1.00000E-09 1.00000E-09 1.00000E-09 1.00000E-09 1.00000E-09 1.00000E-09 1.00000E-09 1.00000E-09
 1.00000E-09 1.00000E-09 1.00000E-09 1.00000E-09 1.00000E-09 1.00000E-09 1.00000E-09 1.00000E-09
 1.00000E-09 1.00000E-09 1.00000E-09 1.00000E-09 1.00000E-09 1.00000E-09 1.00000E-09 1.00000E-09
 1.00000E-09 1.00000E-09 1.00000E-09 1.00000E-09 1.00000E-09 1.00000E-09 1.00000E-09 1.00000E-09
 1.00000E-09 1.00000E-09 1.00000E-09 1.00000E-09 1.00000E-09 1.00000E-09 1.00000E-09 1.00000E-09
 1.00000E-09 1.00000E-09 1.00000E-09 1.00000E-09 1.00000E-09 1.00000E-09 1.00000E-09 1.00000E-09
 1.00000E-09 1.00000E-09 1.00000E-09 1.00000E-09 1.00000E-09 1.00000E-09 1.00000E-09 1.00000E-09
 1.00000E-09 1.00000E-09 1.00000E-09 1.00000E-09
