 7.34999E-11 4.61478E-18 3.05003E-02 1.88852E-18 1.51209E-12 9.85374E-11 7.91694E-09 2.73534E-22
 2.93052E-05 5.72492E-04 1.44621E-04 3.19016E-11 2.92667E-13 8.18236E-07 2.31958E-12 1.53474E-10
 2.78534E-19 1.18962E-10 5.01450E-14 4.76986E-14 1.02713E-15 3.14268E-33 5.00170E-07 2.10833E-17
 7.12808E-22 1.83178E-19 4.14689E-12 2.26856E-15 6.75592E-10 4.95005E-20 2.08820E-22 6.84772E-11
 2.11391E-16 4.65897E-14 8.56251E-11 5.61608E-18 2.66331E-02 2.37870E-18 1.66113E-12 1.16291E-10
 8.48742E-09 3.53211E-22 2.93053E-05 5.72488E-04 1.44614E-04 3.72027E-11 3.03447E-13 8.18216E-07
 2.80465E-12 1.73398E-10 3.87845E-19 1.59452E-10 7.75488E-14 4.87550E-14 1.39571E-15 5.35965E-33
 5.00160E-07 2.79646E-17 9.04033E-22 2.21284E-19 5.99456E-12 3.02135E-15 6.84269E-10 6.13694E-20
 2.76677E-22 1.12494E-10 3.88345E-16 7.91080E-14 1.01365E-10 6.84320E-18 2.28342E-02 2.90193E-18
 1.76205E-12 1.40868E-10 9.11527E-09 4.42433E-22 2.93054E-05 5.72484E-04 1.44607E-04 4.42347E-11
 3.02936E-13 8.18194E-07 3.35790E-12 1.93918E-10 5.18078E-19 2.05440E-10 1.15797E-13 4.94341E-14
 1.88969E-15 8.83939E-33 5.00150E-07 3.49482E-17 1.11080E-21 2.61851E-19 8.59532E-12 3.79045E-15
 6.92821E-10 7.36104E-20 3.55738E-22 1.58576E-10 6.24251E-16 1.15649E-13 1.20420E-10 8.34549E-18
 1.97620E-02 3.53250E-18 1.86577E-12 1.72622E-10 9.79961E-09 5.53794E-22 2.93055E-05 5.72480E-04
 1.44599E-04 5.30815E-11 3.02457E-13 8.18171E-07 3.98090E-12 2.15206E-10 6.83238E-19 2.57452E-10
 1.72682E-13 4.97650E-14 2.50582E-15 1.48416E-32 5.00139E-07 4.21555E-17 1.36214E-21 3.11668E-19
 1.21322E-11 4.57439E-15 7.01191E-10 8.79694E-20 4.56931E-22 2.07519E-10 9.21770E-16 1.56951E-13
 1.40901E-10 1.01757E-17 1.67421E-02 4.24168E-18 1.95386E-12 2.08706E-10 1.05387E-08 6.84583E-22
 2.93056E-05 5.72475E-04 1.44591E-04 6.28799E-11 2.99026E-13 8.18147E-07 4.68780E-12 2.37234E-10
 8.82607E-19 3.10494E-10 2.56072E-13 4.97550E-14 3.33598E-15 2.47743E-32 5.00127E-07 4.96850E-17
 1.64818E-21 3.68152E-19 1.65678E-11 5.36949E-15 7.09315E-10 1.03571E-19 5.80372E-22 2.58753E-10
 1.25784E-15 2.02845E-13 1.61678E-10 1.24000E-17 1.43147E-02 5.08623E-18 2.04461E-12 2.47985E-10
 1.13299E-08 8.46083E-22 2.93057E-05 5.72470E-04 1.44583E-04 7.32933E-11 2.95583E-13 8.18120E-07
 5.47926E-12 2.59635E-10 1.12914E-18 3.61671E-10 3.80667E-13 4.93152E-14 4.34495E-15 4.20517E-32
 5.00114E-07 5.76656E-17 1.99206E-21 4.36773E-19 2.19459E-11 6.17071E-15 7.17118E-10 1.21635E-19
 7.37776E-22 3.11523E-10 1.62985E-15 2.53007E-13 1.81901E-10 1.50861E-17 1.19678E-02 6.01593E-18
 2.11775E-12 2.89907E-10 1.21693E-08 1.03245E-21 2.93059E-05 5.72464E-04 1.44574E-04 8.41674E-11
 2.89260E-13 8.18092E-07 6.36101E-12 2.81695E-10 1.41520E-18 4.08868E-10 5.63661E-13 4.83769E-14
 5.65985E-15 7.11188E-32 5.00101E-07 6.61994E-17 2.37586E-21 5.14263E-19 2.83471E-11 6.96987E-15
 7.24515E-10 1.40820E-19 9.28786E-22 3.64899E-10 2.03507E-15 3.06924E-13 2.00931E-10 1.83174E-17
 1.00644E-02 7.08332E-18 2.19117E-12 3.34355E-10 1.30524E-08 1.25541E-21 2.93060E-05 5.72459E-04
 1.44564E-04 9.54871E-11 2.82789E-13 8.18062E-07 7.31232E-12 3.02131E-10 1.74723E-18 4.50568E-10
 8.35489E-13 4.68180E-14 7.16489E-15 1.22424E-31 5.00087E-07 7.54358E-17 2.82179E-21 6.07684E-19
 3.58773E-11 7.75729E-15 7.31412E-10 1.62282E-19 1.16876E-21 4.17753E-10 2.44769E-15 3.63941E-13
 2.18216E-10 2.21731E-17 8.28336E-03 8.20702E-18 2.24785E-12 3.81384E-10 1.39738E-08 1.50333E-21
 2.93062E-05 5.72452E-04 1.44554E-04 1.07290E-10 2.74069E-13 8.18029E-07 8.30397E-12 3.18995E-10
 2.09695E-18 4.85744E-10 1.23191E-12 4.45247E-14 8.94457E-15 2.11758E-31 5.00071E-07 8.55034E-17
 3.29966E-21 7.14545E-19 4.46628E-11 8.52029E-15 7.37697E-10 1.84190E-19 1.45678E-21 4.68734E-10
 2.85372E-15 4.23223E-13 2.33361E-10 2.67493E-17 6.81058E-03 9.36841E-18 2.30226E-12 4.31280E-10
 1.49281E-08 1.77517E-21 2.93063E-05 5.72446E-04 1.44544E-04 1.19681E-10 2.65358E-13 8.17994E-07
 9.22668E-12 3.29450E-10 2.42583E-18 5.14032E-10 1.80676E-12 4.14039E-14 1.07030E-14 3.73394E-31
 5.00055E-07 9.65870E-17 3.80340E-21 8.42345E-19 5.48487E-11 9.24590E-15 7.43248E-10 2.06382E-19
 1.80264E-21 5.16247E-10 3.22855E-15 4.83841E-13 2.46140E-10 3.21367E-17 5.48905E-03 1.05013E-17
 2.34393E-12 4.84398E-10 1.59072E-08 2.05958E-21 2.93065E-05 5.72439E-04 1.44532E-04 1.32779E-10
 2.55103E-13 8.17957E-07 1.00762E-11 3.33394E-10 2.70950E-18 5.35765E-10 2.64540E-12 3.76282E-14
 1.24965E-14 6.65858E-31 5.00038E-07 1.08867E-16 4.30801E-21 9.89139E-19 6.65958E-11 9.92167E-15
 7.47923E-10 2.27526E-19 2.21074E-21 5.58451E-10 3.55489E-15 5.44824E-13 2.56512E-10 3.85071E-17
 4.35650E-03 1.16579E-17 2.38109E-12 5.41183E-10 1.69020E-08 2.36972E-21 2.93067E-05 5.72431E-04
 1.44520E-04 1.46727E-10 2.44481E-13 8.17916E-07 1.08964E-11 3.32598E-10 2.96496E-18 5.51808E-10
 3.85593E-12 3.36326E-14 1.43288E-14 1.19497E-30 5.00019E-07 1.22592E-16 4.83463E-21 1.15991E-18
 8.00764E-11 1.05380E-14 7.51566E-10 2.48695E-19 2.70035E-21 5.93265E-10 3.81977E-15 6.05258E-13
 2.64509E-10 4.60876E-17 3.39065E-03 1.29041E-17 2.43173E-12 6.02066E-10 1.79049E-08 2.72445E-21
 2.93069E-05 5.72423E-04 1.44507E-04 1.61660E-10 2.35289E-13 8.17873E-07 1.16752E-11 3.27976E-10
 3.19881E-18 5.63192E-10 5.57557E-12 2.97102E-14 1.62906E-14 1.98008E-30 4.99999E-07 1.38076E-16
 5.41029E-21 1.36511E-18 9.54669E-11 1.10873E-14 7.53996E-10 2.71194E-19 3.29490E-21 6.18391E-10
 4.02579E-15 6.64294E-13 2.70192E-10 5.49437E-17 2.60219E-03 1.43323E-17 2.50754E-12 6.67461E-10
 1.89087E-08 3.14406E-21 2.93071E-05 5.72414E-04 1.44494E-04 1.77705E-10 2.27274E-13 8.17826E-07
 1.24119E-11 3.19542E-10 3.43538E-18 5.71061E-10 8.26011E-12 2.57458E-14 1.82110E-14 4.02367E-30
 4.99978E-07 1.55609E-16 6.07981E-21 1.61829E-18 1.12959E-10 1.15628E-14 7.55010E-10 2.96816E-19
 4.06195E-21 6.31316E-10 4.15978E-15 7.21127E-13 2.73605E-10 6.51381E-17 1.94809E-03 1.59493E-17
 2.61002E-12 7.37439E-10 1.99060E-08 3.63307E-21 2.93073E-05 5.72404E-04 1.44479E-04 1.94918E-10
 2.19668E-13 8.17776E-07 1.30684E-11 3.06616E-10 3.66410E-18 5.76390E-10 1.27169E-11 2.17400E-14
 2.00498E-14 7.87078E-30 4.99955E-07 1.75296E-16 6.85343E-21 1.93129E-18 1.32713E-10 1.19557E-14
 7.54378E-10 3.25593E-19 5.06937E-21 6.29298E-10 4.21221E-15 7.74929E-13 2.74822E-10 7.67417E-17
 1.41537E-03 1.74743E-17 2.71257E-12 8.11602E-10 2.08889E-08 4.13019E-21 2.93075E-05 5.72394E-04
 1.44464E-04 2.13271E-10 2.10638E-13 8.17722E-07 1.34912E-11 2.87953E-10 3.78053E-18 5.79898E-10
 2.01697E-11 1.77663E-14 2.15764E-14 1.58940E-29 4.99930E-07 1.96922E-16 7.61741E-21 2.29493E-18
 1.54832E-10 1.22566E-14 7.53719E-10 3.52816E-19 6.33165E-21 6.28171E-10 4.17852E-15 8.24906E-13
 2.74144E-10 8.98161E-17 9.91793E-04 1.84545E-17 2.67767E-12 8.89372E-10 2.18454E-08 4.52214E-21
 2.93077E-05 5.72383E-04 1.44448E-04 2.32725E-10 1.92468E-13 8.17664E-07 1.41375E-11 2.68598E-10
 3.82285E-18 5.82166E-10 3.19317E-11 1.41388E-14 2.33151E-14 3.07009E-29 4.99904E-07 2.20070E-16
 8.17680E-21 2.60259E-18 1.79372E-10 1.24614E-14 7.53033E-10 3.69123E-19 7.77955E-21 6.27652E-10
 4.05678E-15 8.70497E-13 2.72127E-10 1.05176E-16 6.65663E-04 1.86601E-17 2.52395E-12 9.70978E-10
 2.27745E-08 4.75674E-21 2.93080E-05 5.72371E-04 1.44430E-04 2.53419E-10 1.70758E-13 8.17601E-07
 1.48183E-11 2.48436E-10 3.69465E-18 5.83592E-10 4.72250E-11 1.11168E-14 2.55410E-14 5.41980E-29
 4.99876E-07 2.45751E-16 8.40783E-21 2.82628E-18 2.06395E-10 1.25832E-14 7.52315E-10 3.70451E-19
 9.24450E-21 6.27542E-10 3.88264E-15 9.11630E-13 2.69512E-10 1.25320E-16 5.35250E-04 1.98874E-17
 2.55909E-12 1.05761E-09 2.36824E-08 5.33424E-21 2.93083E-05 5.72359E-04 1.44411E-04 2.75678E-10
 1.64954E-13 8.17533E-07 1.51949E-11 2.29608E-10 3.62246E-18 5.84460E-10 6.34109E-11 9.02897E-15
 2.41194E-14 9.47107E-29 4.99845E-07 2.76980E-16 9.07643E-21 3.27000E-18 2.36053E-10 1.26539E-14
 7.51560E-10 3.91903E-19 1.11290E-20 6.27704E-10 3.73756E-15 9.48867E-13 2.66644E-10 1.50971E-16
 4.40551E-04 2.18013E-17 2.70829E-12 1.14991E-09 2.45741E-08 6.20116E-21 2.93086E-05 5.72345E-04
 1.44391E-04 2.99724E-10 1.67639E-13 8.17460E-07 1.53734E-11 2.12279E-10 3.56634E-18 5.84888E-10
 7.96689E-11 7.48970E-15 2.24762E-14 1.61460E-28 4.99812E-07 3.15371E-16 1.00529E-20 3.90922E-18
 2.68566E-10 1.26905E-14 7.50760E-10 4.26447E-19 1.34341E-20 6.28052E-10 3.63000E-15 9.82429E-13
 2.63583E-10 1.82021E-16 3.57928E-04 2.33812E-17 2.80615E-12 1.25149E-09 2.54806E-08 7.06648E-21
 2.93089E-05 5.72329E-04 1.44368E-04 3.26582E-10 1.68334E-13 8.17377E-07 1.55149E-11 1.95206E-10
 3.42181E-18 5.84953E-10 9.67125E-11 6.16506E-15 2.08892E-14 2.63282E-28 4.99775E-07 3.63193E-16
 1.08989E-20 4.57138E-18 3.05353E-10 1.27041E-14 7.49882E-10 4.54260E-19 1.60012E-20 6.28549E-10
 3.51728E-15 1.01330E-12 2.60519E-10 2.20241E-16 2.96169E-04 2.49573E-17 2.90778E-12 1.36643E-09
 2.64289E-08 8.03577E-21 2.93093E-05 5.72311E-04 1.44342E-04 3.57431E-10 1.69971E-13 8.17281E-07
 1.55482E-11 1.78630E-10 3.23406E-18 5.84708E-10 1.14172E-10 5.06372E-15 1.89403E-14 4.21334E-28
 4.99732E-07 4.24896E-16 1.17621E-20 5.33480E-18 3.47988E-10 1.27143E-14 7.48889E-10 4.81909E-19
 1.90388E-20 6.29183E-10 3.40177E-15 1.04220E-12 2.57516E-10 2.68594E-16 2.47973E-04 2.68312E-17
 3.06955E-12 1.50954E-09 2.75204E-08 9.22970E-21 2.93097E-05 5.72289E-04 1.44309E-04 3.96391E-10
 1.75384E-13 8.17160E-07 1.53367E-11 1.62294E-10 3.01817E-18 5.84145E-10 1.32461E-10 4.16680E-15
 1.67750E-14 6.85654E-28 4.99678E-07 5.13695E-16 1.27878E-20 6.34739E-18 4.02112E-10 1.27509E-14
 7.47656E-10 5.15130E-19 2.28750E-20 6.30023E-10 3.29253E-15 1.07174E-12 2.54692E-10 3.32335E-16
 2.40221E-04 2.93355E-17 3.35551E-12 1.71206E-09 2.89513E-08 1.08110E-20 2.93104E-05 5.72256E-04
 1.44262E-04 4.52301E-10 1.87848E-13 8.16986E-07 1.47003E-11 1.45786E-10 2.77136E-18 5.83145E-10
 1.52560E-10 3.44876E-15 1.29920E-14 1.18102E-27 4.99600E-07 6.60849E-16 1.41504E-20 7.89798E-18
 4.79964E-10 1.28696E-14 7.45916E-10 5.60001E-19 2.80741E-20 6.31248E-10 3.18927E-15 1.10588E-12
 2.52609E-10 4.21827E-16 2.34768E-04 3.30281E-17 3.87003E-12 2.02610E-09 3.10206E-08 1.30951E-20
 2.93114E-05 5.72205E-04 1.44188E-04 5.40312E-10 2.12391E-13 8.16712E-07 1.35311E-11 1.29695E-10
 2.49909E-18 5.81262E-10 1.74776E-10 2.91992E-15 9.92032E-15 2.19070E-27 4.99477E-07 9.32314E-16
 1.61450E-20 1.05723E-17 6.02620E-10 1.31873E-14 7.43219E-10 6.26246E-19 3.55200E-20 6.33149E-10
 3.13653E-15 1.14900E-12 2.52645E-10 5.47651E-16 2.30754E-04 3.75090E-17 4.52671E-12 2.49059E-09
 3.39032E-08 1.60309E-20 2.93129E-05 5.72127E-04 1.44077E-04 6.72800E-10 2.44960E-13 8.16298E-07
 1.21173E-11 1.14786E-10 2.20421E-18 5.78272E-10 1.98716E-10 2.51605E-15 7.60525E-15 4.62382E-27
 4.99292E-07 1.41827E-15 1.86538E-20 1.47969E-17 7.87488E-10 1.38614E-14 7.39218E-10 7.08831E-19
 4.64890E-20 6.35970E-10 3.12572E-15 1.20061E-12 2.57052E-10 7.30491E-16 2.24262E-04 4.23900E-17
 5.29479E-12 3.22438E-09 3.82515E-08 1.94845E-20 2.93154E-05 5.72001E-04 1.43899E-04 8.86585E-10
 2.85315E-13 8.15628E-07 1.02845E-11 9.84378E-11 1.83877E-18 5.73485E-10 2.29154E-10 2.14224E-15
 5.66321E-15 1.12699E-26 4.98994E-07 2.38401E-15 2.16609E-20 2.21011E-17 1.08617E-09 1.52549E-14
 7.32855E-10 8.02611E-19 6.42776E-20 6.40454E-10 3.13333E-15 1.26623E-12 2.69302E-10 1.00083E-15
 2.14635E-04 4.89225E-17 6.26677E-12 4.28553E-09 4.43690E-08 2.41706E-20 2.93190E-05 5.71815E-04
 1.43635E-04 1.20359E-09 3.37657E-13 8.14635E-07 8.29877E-12 8.21505E-11 1.48887E-18 5.66726E-10
 2.65250E-10 1.81322E-15 4.14254E-15 3.27133E-26 4.98551E-07 4.27607E-15 2.59738E-20 3.56830E-17
 1.52872E-09 1.77903E-14 7.23578E-10 9.35243E-19 9.45753E-20 6.46980E-10 3.21337E-15 1.34345E-12
 2.92955E-10 1.39885E-15 2.04749E-04 5.84844E-17 7.44549E-12 5.69205E-09 5.24451E-08 3.10662E-20
 2.93239E-05 5.71562E-04 1.43276E-04 1.63678E-09 4.01301E-13 8.13282E-07 6.52496E-12 6.78499E-11
 1.21468E-18 5.58182E-10 3.04923E-10 1.54147E-15 3.02155E-15 1.06422E-25 4.97949E-07 7.92769E-15
 3.26360E-20 6.09299E-17 2.13117E-09 2.19671E-14 7.11167E-10 1.13445E-18 1.46554E-19 6.55683E-10
 3.41902E-15 1.42822E-12 3.35479E-10 2.02118E-15 1.97748E-04 7.42669E-17 8.95950E-12 7.63417E-09
 6.38314E-08 4.24717E-20 2.93309E-05 5.71201E-04 1.42767E-04 2.25788E-09 4.84436E-13 8.11357E-07
 5.03714E-12 5.65596E-11 1.02918E-18 5.47090E-10 3.50202E-10 1.36520E-15 2.27931E-15 3.92697E-25
 4.97091E-07 1.56749E-14 4.42324E-20 1.12092E-16 2.98831E-09 2.92021E-14 6.93852E-10 1.42246E-18
 2.36368E-19 6.67770E-10 3.85745E-15 1.52479E-12 4.02561E-10 2.99017E-15 1.93013E-04 9.91648E-17
 1.07769E-11 1.01524E-08 7.93256E-08 6.10905E-20 2.93401E-05 5.70716E-04 1.42085E-04 3.10304E-09
 5.87882E-13 8.08768E-07 3.90395E-12 4.81454E-11 9.17548E-19 5.33641E-10 4.01947E-10 1.26141E-15
 1.80920E-15 1.54083E-24 4.95940E-07 3.18757E-14 6.40442E-20 2.14102E-16 4.14001E-09 4.11933E-14
 6.71133E-10 1.79901E-18 3.88496E-19 6.83529E-10 4.58638E-15 1.62221E-12 5.01886E-10 4.51683E-15
 1.89451E-04 1.37826E-16 1.29228E-11 1.33386E-08 1.00484E-07 9.14370E-20 2.93522E-05 5.70074E-04
 1.41187E-04 4.24088E-09 7.18283E-13 8.05346E-07 3.04302E-12 4.18111E-11 8.54275E-19 5.17738E-10
 4.63004E-10 1.21138E-15 1.51232E-15 6.33498E-24 4.94418E-07 6.61731E-14 9.82064E-20 4.19876E-16
 5.66167E-09 6.12213E-14 6.41995E-10 2.24070E-18 6.41848E-19 7.03566E-10 5.69975E-15 1.70329E-12
 6.34488E-10 6.87089E-15 1.88430E-04 1.94765E-16 1.53320E-11 1.70351E-08 1.27776E-07 1.39239E-19
 2.93669E-05 5.69289E-04 1.40092E-04 5.67048E-09 8.79636E-13 8.01156E-07 2.45284E-12 3.76353E-11
 8.33094E-19 5.00444E-10 5.31484E-10 1.21454E-15 1.34760E-15 2.47430E-23 4.92556E-07 1.34658E-13
 1.54846E-19 8.10436E-16 7.52405E-09 9.33771E-14 6.07653E-10 2.72218E-18 1.04340E-18 7.26896E-10
 7.22276E-15 1.74165E-12 8.14483E-10 1.06319E-14 1.89542E-04 2.81032E-16 1.80945E-11 2.14038E-08
 1.64712E-07 2.16534E-19 2.93852E-05 5.68296E-04 1.38713E-04 7.53833E-09 1.09589E-12 7.95863E-07
 2.03572E-12 3.53015E-11 8.50621E-19 4.81182E-10 6.12073E-10 1.29291E-15 1.30979E-15 9.67881E-23
 4.90203E-07 2.76827E-13 2.52772E-19 1.58412E-15 9.87642E-09 1.48980E-13 5.66296E-10 3.17853E-18
 1.66240E-18 7.54513E-10 9.37032E-15 1.71538E-12 1.04408E-09 1.65458E-14 1.90875E-04 4.06608E-16
 2.11289E-11 2.62108E-08 2.12826E-07 3.37721E-19 2.94068E-05 5.67107E-04 1.37073E-04 9.86618E-09
 1.38165E-12 7.89529E-07 1.75867E-12 3.45590E-11 9.02761E-19 4.61035E-10 7.03211E-10 1.44805E-15
 1.39283E-15 3.62985E-22 4.87389E-07 5.59186E-13 4.16874E-19 3.06883E-15 1.26899E-08 2.43946E-13
 5.19700E-10 3.56755E-18 2.57166E-18 7.84879E-10 1.22003E-14 1.61635E-12 1.32799E-09 2.58142E-14
 1.92426E-04 5.86065E-16 2.43931E-11 3.12440E-08 2.74645E-07 5.24974E-19 2.94315E-05 5.65723E-04
 1.35177E-04 1.27032E-08 1.76424E-12 7.82164E-07 1.58903E-12 3.54095E-11 9.93665E-19 4.40762E-10
 8.04015E-10 1.70775E-15 1.62536E-15 1.28992E-21 4.84118E-07 1.10520E-12 6.87109E-19 5.87324E-15
 1.59607E-08 4.07483E-13 4.69369E-10 3.85409E-18 3.85104E-18 8.16573E-10 1.57977E-14 1.45636E-12
 1.67562E-09 4.04013E-14 1.94215E-04 8.41297E-16 2.78584E-11 3.63310E-08 3.54349E-07 8.12714E-19
 2.94595E-05 5.64127E-04 1.33006E-04 1.61432E-08 2.28659E-12 7.73677E-07 1.49407E-12 3.78293E-11
 1.12871E-18 4.20809E-10 9.15010E-10 2.11441E-15 2.06725E-15 4.41391E-21 4.80348E-07 2.14895E-12
 1.12970E-18 1.11805E-14 1.97290E-08 6.94224E-13 4.16310E-10 4.00471E-18 5.59459E-18 8.48430E-10
 2.03051E-14 1.25545E-12 2.09001E-09 6.31677E-14 1.96227E-04 1.19711E-15 3.14392E-11 4.11735E-08
 4.55495E-07 1.24677E-18 2.94902E-05 5.62333E-04 1.30589E-04 2.02104E-08 2.99755E-12 7.64151E-07
 1.45655E-12 4.18550E-11 1.31284E-18 4.02004E-10 1.03428E-09 2.71786E-15 2.81609E-15 1.44396E-20
 4.76117E-07 4.08113E-12 1.83814E-18 2.10460E-14 2.39571E-08 1.19291E-12 3.62731E-10 4.02070E-18
 7.90973E-18 8.78538E-10 2.57395E-14 1.04123E-12 2.58191E-09 9.88025E-14 1.98481E-04 1.69152E-15
 3.50736E-11 4.55723E-08 5.84410E-07 1.89774E-18 2.95237E-05 5.60322E-04 1.27911E-04 2.49938E-08
 3.98039E-12 7.53497E-07 1.46501E-12 4.77962E-11 1.55928E-18 3.84733E-10 1.16192E-09 3.61925E-15
 4.08538E-15 4.57821E-20 4.71386E-07 7.60666E-12 2.96370E-18 3.93895E-14 2.86844E-08 2.06543E-12
 3.09763E-10 3.90007E-18 1.09260E-17 9.05657E-10 3.22019E-14 8.32120E-13 3.15575E-09 1.54229E-13
 2.00967E-04 2.36804E-15 3.86538E-11 4.92789E-08 7.46949E-07 2.85892E-18 2.95594E-05 5.58106E-04
 1.24993E-04 3.05022E-08 5.33795E-12 7.41772E-07 1.51648E-12 5.60778E-11 1.88298E-18 3.69584E-10
 1.29595E-09 4.95676E-15 6.23868E-15 1.39924E-19 4.66178E-07 1.38420E-11 4.71543E-18 7.29748E-14
 3.38844E-08 3.57013E-12 2.59193E-10 3.66962E-18 1.48051E-17 9.28278E-10 3.96325E-14 6.43853E-13
 3.82195E-09 2.40289E-13 2.03699E-04 3.28606E-15 4.20732E-11 5.21350E-08 9.51647E-07 4.26233E-18
 2.95972E-05 5.55669E-04 1.21831E-04 3.67718E-08 7.22352E-12 7.28912E-07 1.60960E-12 6.73421E-11
 2.30578E-18 3.56877E-10 1.43558E-09 6.95228E-15 9.94894E-15 4.14757E-19 4.60466E-07 2.46081E-11
 7.40398E-18 1.33960E-13 3.95832E-08 6.13800E-12 2.12014E-10 3.35147E-18 1.97657E-17 9.45416E-10
 4.79910E-14 4.83028E-13 4.58816E-09 3.72974E-13 2.06679E-04 4.51378E-15 4.52138E-11 5.40251E-08
 1.20706E-06 6.27752E-18 2.96368E-05 5.53013E-04 1.18438E-04 4.37662E-08 9.83087E-12 7.14930E-07
 1.74697E-12 8.23683E-11 2.85305E-18 3.46910E-10 1.57882E-09 9.91232E-15 1.63700E-14 1.18818E-18
 4.54254E-07 4.25723E-11 1.14451E-17 2.42660E-13 4.57725E-08 1.04167E-11 1.69267E-10 2.97841E-18
 2.61201E-17 9.56244E-10 5.70961E-14 3.52382E-13 5.47080E-09 5.76617E-13 2.09930E-04 6.14114E-15
 4.79784E-11 5.49330E-08 1.52484E-06 9.13191E-18 2.96780E-05 5.50114E-04 1.14799E-04 5.14640E-08
 1.34307E-11 6.99720E-07 1.93239E-12 1.02166E-10 3.55995E-18 3.39749E-10 1.72463E-09 1.42866E-14
 2.75219E-14 3.30301E-18 4.47494E-07 7.16746E-11 1.74271E-17 4.33420E-13 5.24961E-08 1.73819E-11
 1.31331E-10 2.57207E-18 3.43223E-17 9.60333E-10 6.67890E-14 2.49763E-13 6.46593E-09 8.82522E-13
 2.13391E-04 8.24207E-15 5.03479E-11 5.49200E-08 1.90807E-06 1.30689E-17 2.97195E-05 5.47027E-04
 1.10998E-04 5.95894E-08 1.82483E-11 6.83582E-07 2.17468E-12 1.27447E-10 4.45661E-18 3.35419E-10
 1.86775E-09 2.04980E-14 4.62081E-14 8.70630E-18 4.40319E-07 1.16138E-10 2.59877E-17 7.52407E-13
 5.96161E-08 2.80839E-11 9.92070E-11 2.17675E-18 4.50811E-17 9.57538E-10 7.65560E-14 1.73502E-13
 7.57917E-09 1.33346E-12 2.17030E-04 1.09170E-14 5.24149E-11 5.41670E-08 2.36003E-06 1.84039E-17
 2.97605E-05 5.43782E-04 1.07083E-04 6.79023E-08 2.45182E-11 6.66685E-07 2.48262E-12 1.58823E-10
 5.58780E-18 3.33566E-10 2.00479E-09 2.89699E-14 7.62422E-14 2.16414E-17 4.32799E-07 1.80880E-10
 3.79975E-17 1.26211E-12 6.70552E-08 4.36618E-11 7.29662E-11 1.81339E-18 5.94519E-17 9.48292E-10
 8.60913E-14 1.18696E-13 8.83143E-09 1.98967E-12 2.20855E-04 1.43296E-14 5.43494E-11 5.28927E-08
 2.88651E-06 2.55978E-17 2.98007E-05 5.40369E-04 1.03056E-04 7.62442E-08 3.25326E-11 6.49004E-07
 2.87367E-12 1.97421E-10 7.04423E-18 3.33662E-10 2.13400E-09 4.02639E-14 1.23250E-13 5.08601E-17
 4.24919E-07 2.72095E-10 5.47838E-17 2.04672E-12 7.48215E-08 6.53317E-11 5.20665E-11 1.48526E-18
 7.88643E-17 9.33194E-10 9.53890E-14 7.98742E-14 1.02383E-08 2.92806E-12 2.24852E-04 1.87030E-14
 5.64016E-11 5.13252E-08 3.48737E-06 3.52776E-17 2.98394E-05 5.36801E-04 9.89434E-05 8.43968E-08
 4.25073E-11 6.30636E-07 3.37434E-12 2.44312E-10 8.96603E-18 3.35136E-10 2.25281E-09 5.48301E-14
 1.94245E-13 1.12751E-16 4.16714E-07 3.96335E-10 7.82323E-17 3.20129E-12 8.28722E-08 9.39100E-11
 3.59789E-11 1.19684E-18 1.05361E-16 9.13044E-10 1.04496E-13 5.29089E-14 1.18254E-08 4.25020E-12
 2.29031E-04 2.43825E-14 5.88342E-11 4.96579E-08 4.16310E-06 4.83640E-17 2.98763E-05 5.33070E-04
 9.47452E-05 9.22038E-08 5.46546E-11 6.11562E-07 4.02798E-12 3.01307E-10 1.16024E-17 3.37490E-10
 2.35935E-09 7.31980E-14 2.99121E-13 2.37010E-16 4.08166E-07 5.62033E-10 1.11287E-16 4.83553E-12
 9.12169E-08 1.29959E-10 2.39683E-11 9.45117E-19 1.41763E-16 8.88585E-10 1.13630E-13 3.43659E-14
 1.36154E-08 6.08468E-12 2.33390E-04 3.18647E-14 6.19258E-11 4.80488E-08 4.90887E-06 6.61891E-17
 2.99107E-05 5.29175E-04 9.04737E-05 9.94935E-08 6.91378E-11 5.91834E-07 4.90920E-12 3.71617E-10
 1.53834E-17 3.40394E-10 2.44998E-09 9.61142E-14 4.53082E-13 4.72145E-16 3.99282E-07 7.78839E-10
 1.58294E-16 7.05715E-12 9.98381E-08 1.73478E-10 1.53331E-11 7.28570E-19 1.91801E-16 8.60634E-10
 1.23017E-13 2.17997E-14 1.56288E-08 8.59769E-12 2.37922E-04 4.18748E-14 6.59577E-11 4.66131E-08
 5.71523E-06 9.07416E-17 2.99422E-05 5.25122E-04 8.61460E-05 1.06104E-07 8.61588E-11 5.71530E-07
 6.13383E-12 4.60392E-10 2.10280E-17 3.43696E-10 2.51925E-09 1.24873E-13 6.81014E-13 8.86163E-16
 3.90080E-07 1.05810E-09 2.25671E-16 9.96596E-12 1.08707E-07 2.23859E-10 9.38532E-12 5.45892E-19
 2.59963E-16 8.30017E-10 1.32986E-13 1.34389E-14 1.78804E-08 1.20087E-11 2.42618E-04 5.54777E-14
 7.12179E-11 4.54264E-08 6.56834E-06 1.25037E-16 2.99700E-05 5.20919E-04 8.17813E-05 1.11888E-07
 1.06052E-10 5.50753E-07 7.85671E-12 5.73806E-10 2.96579E-17 3.47261E-10 2.56124E-09 1.61298E-13
 1.01902E-12 1.55293E-15 3.80582E-07 1.41365E-09 3.22885E-16 1.36590E-11 1.17791E-07 2.79698E-10
 5.48032E-12 3.95824E-19 3.51024E-16 7.97523E-10 1.43903E-13 8.00916E-15 2.03874E-08 1.65884E-11
 2.47503E-04 7.42049E-14 7.79639E-11 4.45259E-08 7.45693E-06 1.73298E-16 2.99937E-05 5.16542E-04
 7.73693E-05 1.16737E-07 1.29089E-10 5.29469E-07 1.02717E-11 7.16852E-10 4.30453E-17 3.50744E-10
 2.57323E-09 2.06523E-13 1.50704E-12 2.57124E-15 3.70744E-07 1.86635E-09 4.64312E-16 1.82611E-11
 1.27112E-07 3.39175E-10 3.03302E-12 2.75207E-19 4.71256E-16 7.63624E-10 1.56104E-13 4.57276E-15
 2.31346E-08 2.26186E-11 2.52563E-04 1.00070E-13 8.64574E-11 4.39350E-08 8.36045E-06 2.40979E-16
 3.00125E-05 5.12003E-04 7.29345E-05 1.20506E-07 1.55076E-10 5.07817E-07 1.36343E-11 8.92131E-10
 6.39782E-17 3.53431E-10 2.55461E-09 2.59620E-13 2.17222E-12 4.10001E-15 3.60597E-07 2.43975E-09
 6.70149E-16 2.38660E-11 1.36620E-07 3.99371E-10 1.58653E-12 1.82594E-19 6.30092E-16 7.28942E-10
 1.69650E-13 2.49115E-15 2.61025E-08 3.04393E-11 2.57800E-04 1.35958E-13 9.69813E-11 4.36531E-08
 9.25788E-06 3.35808E-16 3.00260E-05 5.07298E-04 6.84909E-05 1.23093E-07 1.83947E-10 4.85896E-07
 1.82968E-11 1.10253E-09 9.69256E-17 3.54551E-10 2.50513E-09 3.19337E-13 3.03004E-12 6.35239E-15
 3.50146E-07 3.16295E-09 9.69775E-16 3.05867E-11 1.46283E-07 4.57214E-10 7.81741E-13 1.14996E-19
 8.38137E-16 6.93903E-10 1.84626E-13 1.28818E-15 2.92659E-08 4.04676E-11 2.63220E-04 1.86048E-13
 1.09863E-10 4.36627E-08 1.01270E-05 4.68840E-16 3.00333E-05 5.02418E-04 6.40476E-05 1.24435E-07
 2.15836E-10 4.63782E-07 2.47209E-11 1.35034E-09 1.48920E-16 3.53481E-10 2.42523E-09 3.84183E-13
 4.07383E-12 9.57228E-15 3.39383E-07 4.07029E-09 1.40605E-15 3.85621E-11 1.56078E-07 5.09586E-10
 3.61502E-13 6.83811E-20 1.10607E-15 6.58783E-10 2.01211E-13 6.28655E-16 3.25852E-08 5.31666E-11
 2.68824E-04 2.56212E-13 1.25460E-10 4.39357E-08 1.09431E-05 6.55212E-16 3.00338E-05 4.97361E-04
 5.96210E-05 1.24514E-07 2.50800E-10 4.41589E-07 3.34896E-11 1.63528E-09 2.30849E-16 3.49874E-10
 2.31717E-09 4.51341E-13 5.25391E-12 1.40606E-14 3.28313E-07 5.19948E-09 2.04054E-15 4.79322E-11
 1.65966E-07 5.53467E-10 1.56546E-13 3.82601E-20 1.44567E-15 6.23813E-10 2.19529E-13 2.88461E-16
 3.60197E-08 6.90613E-11 2.74630E-04 3.54905E-13 1.44166E-10 4.44361E-08 1.16822E-05 9.15818E-16
 3.00269E-05 4.92107E-04 5.52172E-05 1.23369E-07 2.89021E-10 4.19383E-07 4.53312E-11 1.95503E-09
 3.59534E-16 3.43845E-10 2.18459E-09 5.17337E-13 6.47838E-12 2.01860E-14 3.16911E-07 6.59512E-09
 2.96333E-15 5.88770E-11 1.75928E-07 5.86497E-10 6.32764E-14 2.00559E-20 1.86844E-15 5.89072E-10
 2.39735E-13 1.23881E-16 3.95218E-08 8.87503E-11 2.80644E-04 4.94357E-13 1.66453E-10 4.51230E-08
 1.23189E-05 1.27990E-15 3.00118E-05 4.86645E-04 5.08514E-05 1.21105E-07 3.30978E-10 3.97269E-07
 6.11127E-11 2.30467E-09 5.60322E-16 3.36071E-10 2.03212E-09 5.78534E-13 7.61970E-12 2.82808E-14
 3.05171E-07 8.30432E-09 4.30553E-15 7.15939E-11 1.85926E-07 6.06826E-10 2.38325E-14 9.82806E-21
 2.38319E-15 5.54648E-10 2.62049E-13 4.96557E-17 4.30503E-08 1.12911E-10 2.86879E-04 6.92585E-13
 1.92910E-10 4.59547E-08 1.28283E-05 1.78865E-15 2.99877E-05 4.80959E-04 4.65378E-05 1.17897E-07
 3.77608E-10 3.75341E-07 8.18454E-11 2.67724E-09 8.71247E-16 3.27753E-10 1.86500E-09 6.31500E-13
 8.53820E-12 3.85862E-14 2.93079E-07 1.03795E-08 6.26024E-15 8.63191E-11 1.95922E-07 6.13458E-10
 8.35077E-15 4.49466E-21 2.99421E-15 5.20586E-10 2.86808E-13 1.85336E-17 4.65748E-08 1.42270E-10
 2.93340E-04 9.76371E-13 2.24313E-10 4.68914E-08 1.31861E-05 2.50008E-15 2.99538E-05 4.75034E-04
 4.22958E-05 1.13986E-07 4.30345E-10 3.53711E-07 1.08681E-10 3.06352E-09 1.34934E-15 3.20458E-10
 1.68894E-09 6.72809E-13 9.10713E-12 5.12404E-14 2.80629E-07 1.28765E-08 9.11197E-15 1.03297E-10
 2.05864E-07 6.06291E-10 2.72020E-15 1.91797E-21 3.70133E-15 4.86937E-10 3.14474E-13 6.43503E-18
 5.00845E-08 1.77636E-10 3.00041E-04 1.38666E-12 2.61756E-10 4.78969E-08 1.33702E-05 3.49775E-15
 2.99093E-05 4.68851E-04 3.81433E-05 1.09644E-07 4.91448E-10 3.32463E-07 1.42929E-10 3.45353E-09
 2.08125E-15 3.15916E-10 1.50924E-09 6.99757E-13 9.24540E-12 6.61954E-14 2.67809E-07 1.58557E-08
 1.32866E-14 1.22788E-10 2.15706E-07 5.85942E-10 8.21949E-16 7.63031E-22 4.49760E-15 4.53727E-10
 3.45899E-13 2.07435E-18 5.35550E-08 2.20003E-10 3.06933E-04 1.98587E-12 3.06780E-10 4.89236E-08
 1.33606E-05 4.90559E-15 2.98537E-05 4.62441E-04 3.41347E-05 1.05168E-07 5.64124E-10 3.11851E-07
 1.85959E-10 3.83476E-09 3.19561E-15 3.15745E-10 1.33116E-09 7.10420E-13 8.93128E-12 8.28007E-14
 2.54716E-07 1.93444E-08 1.94044E-14 1.44864E-10 2.25321E-07 5.53291E-10 2.31410E-16 2.85091E-22
 5.36964E-15 4.21254E-10 3.82354E-13 6.24205E-19 5.69497E-08 2.70683E-10 3.13987E-04 2.87048E-12
 3.61296E-10 4.99048E-08 1.31456E-05 6.90504E-15 2.97866E-05 4.55818E-04 3.03087E-05 1.00732E-07
 6.52182E-10 2.92022E-07 2.39364E-10 4.19544E-09 4.88921E-15 3.21243E-10 1.15851E-09 7.04016E-13
 8.21543E-12 1.00151E-13 2.41409E-07 2.33443E-08 2.84094E-14 1.69569E-10 2.34647E-07 5.10216E-10
 6.08786E-17 1.01051E-22 6.29853E-15 3.89695E-10 4.25529E-13 1.76677E-19 6.01862E-08 3.31342E-10
 3.21229E-04 4.18800E-12 4.27225E-10 5.07336E-08 1.27190E-05 9.74722E-15 2.97067E-05 4.48936E-04
 2.66726E-05 9.62832E-08 7.58820E-10 2.72931E-07 3.05226E-10 4.52563E-09 7.46872E-15 3.33288E-10
 9.93201E-10 6.80502E-13 7.19928E-12 1.17670E-13 2.27836E-07 2.78254E-08 4.18036E-14 1.97023E-10
 2.43762E-07 4.59440E-10 1.48884E-17 3.46542E-23 7.26213E-15 3.58958E-10 4.77215E-13 4.78297E-20
 6.30837E-08 4.04400E-10 3.28641E-04 6.15585E-12 5.06013E-10 5.12304E-08 1.20845E-05 1.37728E-14
 2.96132E-05 4.41786E-04 2.32559E-05 9.15886E-08 8.85618E-10 2.54618E-07 3.86079E-10 4.81394E-09
 1.13906E-14 3.51954E-10 8.36590E-10 6.41055E-13 6.01130E-12 1.34519E-13 2.14021E-07 3.26340E-08
 6.19495E-14 2.27151E-10 2.52794E-07 4.03737E-10 3.37619E-18 1.25980E-23 8.23691E-15 3.29138E-10
 5.38878E-13 1.35275E-20 6.53952E-08 4.93397E-10 3.36193E-04 9.08409E-12 5.97896E-10 5.11467E-08
 1.12595E-05 1.94250E-14 2.95052E-05 4.34361E-04 2.00898E-05 8.62821E-08 1.03160E-09 2.37107E-07
 4.84955E-10 5.04870E-09 1.73038E-14 3.76241E-10 6.89668E-10 5.88569E-13 4.78363E-12 1.49363E-13
 2.00004E-07 3.74704E-08 9.26256E-14 2.59758E-10 2.61999E-07 3.45795E-10 7.08008E-19 6.30401E-24
 9.19231E-15 3.00360E-10 6.10901E-13 5.17705E-21 6.68559E-08 6.02620E-10 3.43827E-04 1.33807E-11
 7.00813E-10 5.02089E-08 1.02800E-05 2.72182E-14 2.93819E-05 4.26667E-04 1.72056E-05 8.00108E-08
 1.19118E-09 2.20412E-07 6.05075E-10 5.21741E-09 2.60527E-14 4.03778E-10 5.54154E-10 5.26588E-13
 3.62819E-12 1.61029E-13 1.85852E-07 4.18852E-08 1.39721E-13 2.94340E-10 2.71759E-07 2.88367E-10
 1.37535E-19 5.46348E-24 1.01045E-14 2.72786E-10 6.91203E-13 3.35985E-21 6.72787E-08 7.36609E-10
 3.51403E-04 1.95140E-11 8.09716E-10 4.82218E-08 9.21020E-06 3.76880E-14 2.92440E-05 4.18783E-04
 1.46505E-05 7.26924E-08 1.35408E-09 2.04664E-07 7.48681E-10 5.30740E-09 3.85346E-14 4.30513E-10
 4.33165E-10 4.59543E-13 2.62879E-12 1.68627E-13 1.71772E-07 4.53178E-08 2.11658E-13 3.29751E-10
 2.82426E-07 2.34217E-10 2.58727E-20 6.65225E-24 1.09721E-14 2.46810E-10 7.77192E-13 2.99651E-21
 6.66618E-08 8.99101E-10 3.58765E-04 2.79247E-11 9.17054E-10 4.51727E-08 8.12825E-06 5.12920E-14
 2.90926E-05 4.10788E-04 1.24507E-05 6.46215E-08 1.50841E-09 1.89939E-07 9.15509E-10 5.31159E-09
 5.53418E-14 4.51394E-10 3.29649E-10 3.92535E-13 1.82873E-12 1.71327E-13 1.57969E-07 4.72900E-08
 3.19272E-13 3.64365E-10 2.94270E-07 1.85587E-10 5.89982E-21 8.82290E-24 1.18022E-14 2.22746E-10
 8.62574E-13 2.86761E-21 6.51975E-08 1.09230E-09 3.65794E-04 3.89163E-11 1.01488E-09 4.12604E-08
 7.10479E-06 6.83353E-14 2.89287E-05 4.02720E-04 1.05999E-05 5.63685E-08 1.64517E-09 1.76192E-07
 1.10175E-09 5.23087E-09 7.62874E-14 4.61693E-10 2.45031E-10 3.29970E-13 1.22948E-12 1.68436E-13
 1.44564E-07 4.75781E-08 4.74655E-13 3.96352E-10 3.07396E-07 1.43779E-10 2.68918E-21 1.16629E-23
 1.25967E-14 2.00693E-10 9.40306E-13 2.72102E-21 6.31995E-08 1.31870E-09 3.72345E-04 5.26322E-11
 1.09788E-09 3.68614E-08 6.19455E-06 8.91678E-14 2.87541E-05 3.94634E-04 9.08003E-06 4.85597E-08
 1.76166E-09 1.63401E-07 1.30072E-09 5.07237E-09 1.00266E-13 4.58518E-10 1.78862E-10 2.74659E-13
 8.05502E-13 1.60240E-13 1.31705E-07 4.62888E-08 6.89375E-13 4.24287E-10 3.21552E-07 1.09255E-10
 2.27002E-21 1.50342E-23 1.33643E-14 1.80733E-10 1.00562E-12 2.52827E-21 6.09679E-08 1.58285E-09
 3.78281E-04 6.91447E-11 1.16459E-09 3.23824E-08 5.42309E-06 1.14484E-13 2.85707E-05 3.86578E-04
 7.85773E-06 4.16103E-08 1.86058E-09 1.51524E-07 1.50465E-09 4.84694E-09 1.25599E-13 4.41680E-10
 1.28866E-10 2.27548E-13 5.18067E-13 1.48116E-13 1.19503E-07 4.38012E-08 9.74051E-13 4.47794E-10
 3.36245E-07 8.17007E-11 2.24222E-21 1.88153E-23 1.41177E-14 1.62848E-10 1.05834E-12 2.30501E-21
 5.87318E-08 1.89268E-09 3.83491E-04 8.85617E-11 1.21658E-09 2.81279E-08 4.78775E-06 1.45600E-13
 2.83802E-05 3.78573E-04 6.88811E-06 3.56742E-08 1.94836E-09 1.40481E-07 1.70588E-09 4.56660E-09
 1.50408E-13 4.13067E-10 9.19108E-11 1.88248E-13 3.28479E-13 1.33356E-13 1.08008E-07 4.05733E-08
 1.33903E-12 4.67236E-10 3.50969E-07 6.02251E-11 2.23098E-21 2.28848E-23 1.48498E-14 1.46898E-10
 1.10638E-12 2.07004E-21 5.66291E-08 2.25920E-09 3.87855E-04 1.11077E-10 1.25682E-09 2.42744E-08
 4.27109E-06 1.84645E-13 2.81843E-05 3.70642E-04 6.12621E-06 3.07221E-08 2.03177E-09 1.30205E-07
 1.89730E-09 4.24334E-09 1.72952E-13 3.75769E-10 6.49801E-11 1.55672E-13 2.05615E-13 1.17239E-13
 9.72547E-08 3.70107E-08 1.79515E-12 4.83165E-10 3.65285E-07 4.37835E-11 2.18965E-21 2.71398E-23
 1.55484E-14 1.32725E-10 1.16285E-12 1.83803E-21 5.46740E-08 2.69406E-09 3.91238E-04 1.36998E-10
 1.28808E-09 2.09023E-08 3.85293E-06 2.34635E-13 2.79861E-05 3.62857E-04 5.53250E-06 2.66153E-08
 2.11341E-09 1.20695E-07 2.07255E-09 3.88971E-09 1.92083E-13 3.33591E-10 4.55958E-11 1.28604E-13
 1.27242E-13 1.01563E-13 8.73176E-08 3.34448E-08 2.35579E-12 4.96486E-10 3.78787E-07 3.14673E-11
 2.11936E-21 3.15020E-23 1.62474E-14 1.20223E-10 1.23193E-12 1.61945E-21 5.27995E-08 3.20756E-09
 3.93528E-04 1.66724E-10 1.31218E-09 1.80072E-08 3.51264E-06 2.99406E-13 2.77881E-05 3.55265E-04
 5.06879E-06 2.31770E-08 2.19187E-09 1.11918E-07 2.22556E-09 3.51840E-09 2.07188E-13 2.89999E-10
 3.17730E-11 1.05994E-13 7.78770E-14 8.76320E-14 7.82186E-08 3.00885E-08 3.03954E-12 5.08295E-10
 3.91239E-07 2.24281E-11 2.02591E-21 3.59070E-23 1.70053E-14 1.09230E-10 1.30356E-12 1.42000E-21
 5.09643E-08 3.81103E-09 3.94630E-04 2.00748E-10 1.33070E-09 1.55428E-08 3.23173E-06 3.84014E-13
 2.75923E-05 3.47891E-04 4.70180E-06 2.02657E-08 2.26611E-09 1.03821E-07 2.35109E-09 3.14148E-09
 2.17885E-13 2.47499E-10 2.19858E-11 8.70509E-14 4.71090E-14 7.56052E-14 6.99324E-08 2.70315E-08
 3.86970E-12 5.19188E-10 4.02577E-07 1.58743E-11 1.91618E-21 4.03146E-23 1.78561E-14 9.95539E-11
 1.36645E-12 1.24183E-21 4.91685E-08 4.51814E-09 3.94456E-04 2.39666E-10 1.34530E-09 1.34560E-08
 2.99537E-06 4.95376E-13 2.74004E-05 3.40761E-04 4.40554E-06 1.77818E-08 2.33618E-09 9.63575E-08
 2.44551E-09 2.77001E-09 2.23995E-13 2.07771E-10 1.51068E-11 7.11731E-14 2.81457E-14 6.51351E-14
 6.24280E-08 2.42900E-08 4.87329E-12 5.29148E-10 4.12817E-07 1.11551E-11 1.79766E-21 4.47187E-23
 1.88112E-14 9.10282E-11 1.41555E-12 1.08528E-21 4.73988E-08 5.34142E-09 3.92924E-04 2.84145E-10
 1.35735E-09 1.16923E-08 2.79186E-06 6.42575E-13 2.72136E-05 3.33882E-04 4.15919E-06 1.56423E-08
 2.40057E-09 8.94667E-08 2.50618E-09 2.41322E-09 2.25588E-13 1.71789E-10 1.03068E-11 5.78602E-14
 1.65836E-14 5.59982E-14 5.56458E-08 2.18483E-08 6.08333E-12 5.38111E-10 4.22034E-07 7.77902E-12
 1.67592E-21 4.91200E-23 1.98858E-14 8.34805E-11 1.44339E-12 9.49451E-22 4.56399E-08 6.29276E-09
 3.89972E-04 3.35051E-10 1.36838E-09 1.02141E-08 2.61324E-06 8.38138E-13 2.70346E-05 3.27313E-04
 3.94870E-06 1.37832E-08 2.45632E-09 8.31475E-08 2.53342E-09 2.07962E-09 2.23237E-13 1.40264E-10
 6.99297E-12 4.67699E-14 9.65369E-15 4.80875E-14 4.95765E-08 1.97005E-08 7.54192E-12 5.46173E-10
 4.30244E-07 5.39206E-12 1.55612E-21 5.35634E-23 2.11233E-14 7.68181E-11 1.43872E-12 8.33623E-22
 4.38902E-08 7.38276E-09 3.85556E-04 3.93437E-10 1.38029E-09 8.98496E-09 2.45244E-06 1.09939E-12
 2.68647E-05 3.21079E-04 3.76270E-06 1.21593E-08 2.50136E-09 7.73668E-08 2.52856E-09 1.77493E-09
 2.17526E-13 1.13327E-10 4.72466E-12 3.75905E-14 5.55690E-15 4.12172E-14 4.41717E-08 1.78281E-08
 9.30045E-12 5.53290E-10 4.37514E-07 3.71792E-12 1.44274E-21 5.81295E-23 2.25491E-14 7.09255E-11
 1.39714E-12 7.36505E-22 4.21591E-08 8.62033E-09 3.79640E-04 4.60701E-10 1.39565E-09 7.97636E-09
 2.30366E-06 1.45101E-12 2.67050E-05 3.15191E-04 3.59256E-06 1.07402E-08 2.53469E-09 7.20859E-08
 2.49398E-09 1.50264E-09 2.09098E-13 9.08120E-11 3.18463E-12 3.00538E-14 3.16708E-15 3.52311E-14
 3.93743E-08 1.62193E-08 1.14234E-11 5.59439E-10 4.43913E-07 2.55262E-12 1.33985E-21 6.29573E-23
 2.41745E-14 6.56952E-11 1.32147E-12 6.56795E-22 4.04188E-08 1.00041E-08 3.72203E-04 5.38813E-10
 1.41742E-09 7.16862E-09 2.16275E-06 1.92753E-12 2.65565E-05 3.09662E-04 3.43180E-06 9.49521E-09
 2.55277E-09 6.72719E-08 2.43288E-09 1.26456E-09 1.98863E-13 7.24409E-11 2.14849E-12 2.39404E-14
 1.79428E-15 3.01595E-14 3.51315E-08 1.48867E-08 1.40067E-11 5.65502E-10 4.49480E-07 1.75259E-12
 1.25021E-21 6.82447E-23 2.60540E-14 6.10380E-11 1.20120E-12 5.93655E-22 3.86000E-08 1.15128E-08
 3.63168E-04 6.30501E-10 1.44891E-09 6.54547E-09 2.02633E-06 2.57589E-12 2.64190E-05 3.04465E-04
 3.27431E-06 8.39297E-09 2.54907E-09 6.28607E-08 2.34743E-09 1.06044E-09 1.87731E-13 5.77458E-11
 1.45589E-12 1.90444E-14 1.01449E-15 2.60910E-14 3.13644E-08 1.38540E-08 1.72031E-11 5.73450E-10
 4.54270E-07 1.21133E-12 1.17532E-21 7.42454E-23 2.82893E-14 5.68463E-11 1.03440E-12 5.46641E-22
 3.66622E-08 1.31118E-08 3.52471E-04 7.39866E-10 1.49503E-09 6.09897E-09 1.89167E-06 3.46433E-12
 2.62925E-05 2.99588E-04 3.11625E-06 7.41327E-09 2.51891E-09 5.88120E-08 2.24123E-09 8.89055E-10
 1.76561E-13 4.62358E-11 9.95652E-13 1.51899E-14 5.76418E-16 2.29952E-14 2.80177E-08 1.31477E-08
 2.12397E-11 5.85419E-10 4.58307E-07 8.49361E-13 1.11825E-21 8.13976E-23 3.09919E-14 5.30482E-11
 8.36122E-13 5.16146E-22 3.46110E-08 1.47602E-08 3.40088E-04 8.72996E-10 1.56250E-09 5.82537E-09
 1.75679E-06 4.69605E-12 2.61778E-05 2.95045E-04 2.95616E-06 6.54479E-09 2.46148E-09 5.51061E-08
 2.11948E-09 7.48316E-10 1.66059E-13 3.74022E-11 6.90882E-13 1.22161E-14 3.32218E-16 2.07520E-14
 2.50555E-08 1.27869E-08 2.64423E-11 6.03274E-10 4.61607E-07 6.08350E-13 1.08337E-21 9.03810E-23
 3.42510E-14 4.96012E-11 6.37924E-13 5.03240E-22 3.24685E-08 1.64167E-08 3.25994E-04 1.03835E-09
 1.65858E-09 5.71899E-09 1.62146E-06 6.42537E-12 2.60752E-05 2.90842E-04 2.79397E-06 5.77555E-09
 2.37785E-09 5.17224E-08 1.98780E-09 6.35019E-10 1.56752E-13 3.07233E-11 4.88630E-13 9.97250E-15
 1.96171E-16 1.92471E-14 2.24434E-08 1.27785E-08 3.32804E-11 6.28892E-10 4.64195E-07 4.47358E-13
 1.07403E-21 1.02029E-22 3.81442E-14 4.64708E-11 4.68132E-13 5.09423E-22 3.02778E-08 1.80661E-08
 3.10102E-04 1.24665E-09 1.78916E-09 5.76563E-09 1.48791E-06 8.88207E-12 2.59847E-05 2.86972E-04
 2.63021E-06 5.09177E-09 2.27196E-09 4.86296E-08 1.85158E-09 5.44731E-10 1.48832E-13 2.56780E-11
 3.52657E-13 8.31267E-15 1.19532E-16 1.83455E-14 2.01428E-08 1.31082E-08 4.23931E-11 6.63520E-10
 4.66122E-07 3.37865E-13 1.09044E-21 1.17114E-22 4.26862E-14 4.36200E-11 3.45685E-13 5.35946E-22
 2.81053E-08 1.97565E-08 2.92419E-04 1.51027E-09 1.95626E-09 5.93495E-09 1.36132E-06 1.24104E-11
 2.59067E-05 2.83452E-04 2.46712E-06 4.47964E-09 2.15041E-09 4.58192E-08 1.71774E-09 4.72479E-10
 1.42326E-13 2.18107E-11 2.59006E-13 7.10492E-15 7.55340E-17 1.78782E-14 1.81360E-08 1.37263E-08
 5.45853E-11 7.07119E-10 4.67455E-07 2.60815E-13 1.12740E-21 1.35993E-22 4.78150E-14 4.10392E-11
 2.69272E-13 5.83325E-22 2.60160E-08 2.16181E-08 2.72898E-04 1.84111E-09 2.15483E-09 6.17438E-09
 1.24826E-06 1.75117E-11 2.58414E-05 2.80292E-04 2.30640E-06 3.92601E-09 2.02094E-09 4.32744E-08
 1.59223E-09 4.12744E-10 1.36957E-13 1.87060E-11 1.91914E-13 6.21882E-15 4.93302E-17 1.76427E-14
 1.64017E-08 1.45465E-08 7.07817E-11 7.57931E-10 4.68303E-07 2.03493E-13 1.17138E-21 1.57977E-22
 5.33621E-14 3.87148E-11 2.25971E-13 6.50026E-22 2.40421E-08 2.38662E-08 2.51353E-04 2.24761E-09
 2.37046E-09 6.41252E-09 1.15532E-06 2.48880E-11 2.57884E-05 2.77483E-04 2.14782E-06 3.41897E-09
 1.88949E-09 4.09656E-08 1.47901E-09 3.60229E-10 1.32265E-13 1.60282E-11 1.41594E-13 5.53150E-15
 3.28902E-17 1.74649E-14 1.49131E-08 1.54799E-08 9.19735E-11 8.13088E-10 4.68782E-07 1.58231E-13
 1.19992E-21 1.80714E-22 5.91216E-14 3.66235E-11 2.03449E-13 7.31872E-22 2.21124E-08 2.67815E-08
 2.27635E-04 2.73159E-09 2.57811E-09 6.57357E-09 1.08968E-06 3.54370E-11 2.57478E-05 2.75031E-04
 1.98972E-06 2.94393E-09 1.75342E-09 3.88770E-08 1.38048E-09 3.11298E-10 1.28103E-13 1.35895E-11
 1.02754E-13 4.95761E-15 2.21451E-17 1.74153E-14 1.36541E-08 1.65116E-08 1.19422E-10 8.72477E-10
 4.68922E-07 1.21883E-13 1.18502E-21 1.99999E-22 6.52005E-14 3.47540E-11 1.92137E-13 8.24857E-22
 1.99483E-08 3.06463E-08 2.01713E-04 3.28170E-09 2.73923E-09 6.60535E-09 1.06204E-06 4.99593E-11
 2.57193E-05 2.72953E-04 1.82973E-06 2.47814E-09 1.59109E-09 3.70060E-08 1.29667E-09 2.64989E-10
 1.25186E-13 1.13559E-11 7.30215E-14 4.48187E-15 1.50986E-17 1.81625E-14 1.26163E-08 1.77874E-08
 1.55707E-10 9.47438E-10 4.68573E-07 9.44428E-14 1.10169E-21 2.10210E-22 7.26497E-14 3.31051E-11
 1.87770E-13 9.32313E-22 1.72839E-08 3.58288E-08 1.73638E-04 3.86343E-09 2.81164E-09 6.50032E-09
 1.08790E-06 6.87745E-11 2.57021E-05 2.71256E-04 1.66895E-06 2.01661E-09 1.38136E-09 3.53544E-08
 1.22611E-09 2.22072E-10 1.24411E-13 9.33208E-12 5.10212E-14 4.11712E-15 1.05200E-17 2.07771E-14
 1.17892E-08 1.94960E-08 2.05541E-10 1.05873E-09 4.67530E-07 7.54032E-14 9.46123E-22 2.06376E-22
 8.29785E-14 3.16795E-11 1.88394E-13 1.06202E-21 1.43747E-08 4.33076E-08 1.43614E-04 4.41586E-09
 2.77956E-09 6.26907E-09 1.18435E-06 9.27240E-11 2.56941E-05 2.69928E-04 1.51852E-06 1.60114E-09
 1.14845E-09 3.39302E-08 1.16932E-09 1.81937E-10 1.24711E-13 7.42212E-12 3.49254E-14 3.77698E-15
 7.32515E-18 2.54176E-14 1.11562E-08 2.14224E-08 2.72530E-10 1.20691E-09 4.66022E-07 6.08893E-14
 7.46645E-22 1.87361E-22 9.60273E-14 3.04901E-11 1.90361E-13 1.20229E-21 1.20123E-08 5.60344E-08
 1.11779E-04 4.87340E-09 2.66240E-09 5.86127E-09 1.37302E-06 1.27345E-10 2.56927E-05 2.68930E-04
 1.39672E-06 1.28757E-09 9.62762E-10 3.27346E-08 1.13063E-09 1.39749E-10 1.21541E-13 5.45800E-12
 2.23434E-14 3.20332E-15 4.67166E-18 2.89956E-14 1.06908E-08 2.26145E-08 3.49633E-10 1.32923E-09
 4.65096E-07 4.49564E-14 5.39035E-22 1.55440E-22 1.09466E-13 2.95474E-11 1.87543E-13 1.31386E-21
 1.02183E-08 7.98088E-08 7.79707E-05 5.09181E-09 2.41953E-09 5.20051E-09 1.74423E-06 1.79288E-10
 2.56953E-05 2.68208E-04 1.31568E-06 1.05995E-09 8.22009E-10 3.17601E-08 1.10837E-09 9.58711E-11
 1.12835E-13 3.53944E-12 1.26953E-14 2.38649E-15 2.55150E-18 2.94393E-14 1.03626E-08 2.22978E-08
 4.25538E-10 1.38732E-09 4.65607E-07 2.84455E-14 3.39878E-22 1.12320E-22 1.26653E-13 2.88368E-11
 1.76737E-13 1.39061E-21 9.14374E-09 1.30674E-07 4.26280E-05 4.80297E-09 1.96972E-09 4.26835E-09
 2.52429E-06 2.56056E-10 2.56998E-05 2.67714E-04 1.28275E-06 9.11098E-10 7.37539E-10 3.10118E-08
 1.09939E-09 5.35482E-11 9.50568E-14 1.92800E-12 5.84743E-15 1.46467E-15 1.15299E-18 2.45559E-14
 1.01460E-08 2.01598E-08 4.69660E-10 1.30286E-09 4.68001E-07 1.40886E-14 1.72776E-22 6.40898E-23
 1.57016E-13 2.83313E-11 1.58123E-13 1.41507E-21 8.78919E-09 2.34270E-07 2.17937E-05 4.58048E-09
 1.59977E-09 3.47763E-09 3.95968E-06 4.03404E-10 2.57045E-05 2.67398E-04 1.29270E-06 8.18161E-10
 7.00473E-10 3.04954E-08 1.09095E-09 2.71451E-11 8.03816E-14 9.52631E-13 2.38910E-15 8.60959E-16
 4.79648E-19 1.89702E-14 1.00137E-08 1.77587E-08 5.11378E-10 1.18472E-09 4.70611E-07 5.88218E-15
 7.97965E-23 3.38414E-23 1.91597E-13 2.80003E-11 1.42750E-13 1.41614E-21 9.07452E-09 5.06224E-07
 1.25915E-05 5.17259E-09 1.44974E-09 3.02554E-09 6.87661E-06 8.66338E-10 2.57079E-05 2.67232E-04
 1.33658E-06 7.33079E-10 6.92859E-10 3.02205E-08 1.08922E-09 1.21827E-11 8.01131E-14 4.93498E-13
 8.60643E-16 5.29738E-16 2.26493E-19 1.51807E-14 9.94790E-09 1.62634E-08 6.24460E-10 1.10150E-09
 4.72142E-07 2.14138E-15 3.69740E-23 1.72210E-23 2.01852E-13 2.78404E-11 1.38553E-13 1.36607E-21
 3.02634E+02 3.00227E+02 2.97773E+02 2.95290E+02 2.92748E+02 2.90166E+02 2.87513E+02 2.84802E+02
 2.82001E+02 2.79121E+02 2.76123E+02 2.73103E+02 2.70158E+02 2.67104E+02 2.63843E+02 2.60336E+02
 2.56540E+02 2.52866E+02 2.50268E+02 2.48355E+02 2.46468E+02 2.44705E+02 2.43112E+02 2.41714E+02
 2.40680E+02 2.39764E+02 2.38549E+02 2.37230E+02 2.35905E+02 2.34735E+02 2.33660E+02 2.32629E+02
 2.31725E+02 2.30971E+02 2.30368E+02 2.29947E+02 2.29690E+02 2.29571E+02 2.29573E+02 2.29674E+02
 2.29850E+02 2.30073E+02 2.30309E+02 2.30522E+02 2.30674E+02 2.30756E+02 2.30751E+02 2.30642E+02
 2.30439E+02 2.30195E+02 2.30003E+02 2.29853E+02 2.29653E+02 2.29384E+02 2.29079E+02 2.28751E+02
 2.28410E+02 2.28086E+02 2.27810E+02 2.27598E+02 2.27461E+02 2.27418E+02 2.27472E+02 2.27595E+02
 2.27766E+02 2.27982E+02 2.28220E+02 2.28431E+02 2.28579E+02 2.28652E+02 2.28646E+02 2.28566E+02
 2.28454E+02 2.28357E+02 2.28252E+02 2.28074E+02 2.27800E+02 2.27444E+02 2.27008E+02 2.26472E+02
 2.25838E+02 2.25124E+02 2.24301E+02 2.23293E+02 2.22046E+02 2.20548E+02 2.18799E+02 2.16824E+02
 2.14672E+02 2.12403E+02 2.10051E+02 2.07498E+02 2.04207E+02 1.99442E+02 1.93260E+02 1.87260E+02
 1.81446E+02 1.75813E+02 1.70355E+02 1.65066E+02 1.00000E+05 1.00000E+05 1.00000E+05 1.00000E+05
 1.00000E+05 1.00000E+05 1.00000E+05 1.00000E+05 1.00000E+05 1.00000E+05 1.00000E+05 1.00000E+05
 1.00000E+05 1.00000E+05 1.00000E+05 1.00000E+05 1.00000E+05 1.00000E+05 1.00000E+05 1.00000E+05
 9.35467E+04 8.88533E+04 6.92150E+04 5.12372E+04 3.32594E+04 2.69817E+04 1.52439E+04 1.46933E+04
 9.84000E+03 8.69733E+03 6.54267E+03 5.98850E+03 5.25650E+03 4.52450E+03 4.43583E+03 4.04694E+03
 4.04444E+03 3.89333E+03 3.91944E+03 3.89722E+03 3.94950E+03 3.99350E+03 4.03750E+03 4.28567E+03
 4.43856E+03 4.70483E+03 4.92750E+03 5.20761E+03 5.47206E+03 5.81300E+03 6.14544E+03 6.47789E+03
 6.89450E+03 7.27183E+03 7.72067E+03 8.14200E+03 8.59633E+03 9.04167E+03 9.50800E+03 9.97200E+03
 1.04360E+04 1.10717E+04 1.16272E+04 1.21539E+04 1.26917E+04 1.31867E+04 1.36933E+04 1.43800E+04
 1.50467E+04 1.57133E+04 1.64300E+04 1.71233E+04 1.77661E+04 1.84283E+04 1.92800E+04 2.00800E+04
 2.09800E+04 2.18689E+04 2.27578E+04 2.40383E+04 2.51361E+04 2.66239E+04 2.79617E+04 2.92933E+04
 3.06267E+04 3.22000E+04 3.37467E+04 3.52933E+04 3.72817E+04 3.90639E+04 4.08389E+04 4.26167E+04
 4.46878E+04 4.66789E+04 4.91700E+04 5.16056E+04 5.40411E+04 5.73183E+04 6.02028E+04 6.27694E+04
 2.33481E+19 2.18146E+19 2.03742E+19 1.90202E+19 1.77496E+19 1.65564E+19 1.54378E+19 1.43883E+19
 1.34056E+19 1.24848E+19 1.16236E+19 1.08144E+19 1.00510E+19 9.33772E+18 8.67444E+18 8.05832E+18
 7.48669E+18 6.94490E+18 6.40893E+18 5.89394E+18 5.41638E+18 4.97196E+18 4.55824E+18 4.17343E+18
 3.81372E+18 3.48210E+18 3.18207E+18 2.90782E+18 2.65599E+18 2.42326E+18 2.20909E+18 2.01268E+18
 1.83205E+18 1.66603E+18 1.51367E+18 1.37389E+18 1.24597E+18 1.12922E+18 1.02287E+18 9.26174E+17
 8.38411E+17 7.58891E+17 6.86958E+17 6.21976E+17 5.63346E+17 5.10436E+17 4.62686E+17 4.19589E+17
 3.80646E+17 3.45353E+17 3.13238E+17 2.84043E+17 2.57613E+17 2.33692E+17 2.12005E+17 1.92328E+17
 1.74466E+17 1.58231E+17 1.43462E+17 1.30024E+17 1.17799E+17 1.06678E+17 9.65671E+16 8.73933E+16
 7.90814E+16 7.15534E+16 6.47437E+16 5.85956E+16 5.30515E+16 4.80511E+16 4.35384E+16 3.94624E+16
 3.57723E+16 3.24242E+16 2.93900E+16 2.66471E+16 2.41685E+16 2.19258E+16 1.98953E+16 1.80575E+16
 1.63927E+16 1.48827E+16 1.35141E+16 1.22770E+16 1.11599E+16 1.01502E+16 9.23609E+15 8.40642E+15
 7.65085E+15 6.96039E+15 6.32829E+15 5.75283E+15 5.24150E+15 4.80184E+15 4.42020E+15 4.05434E+15
 3.70483E+15 3.37236E+15 3.05749E+15 2.76061E+15 3.72059E-14 4.14336E-14 5.03925E-14 6.43694E-14
 8.25884E-14 1.04837E-13 1.31099E-13 1.61471E-13 1.96080E-13 2.35104E-13 2.78749E-13 3.27249E-13
 3.80836E-13 4.39821E-13 5.04401E-13 5.74569E-13 6.50172E-13 7.31100E-13 8.17577E-13 9.10027E-13
 1.01219E-12 1.12801E-12 1.27207E-12 1.47539E-12 1.78982E-12 2.25512E-12 2.99269E-12 4.06297E-12
 5.48604E-12 7.45510E-12 1.00116E-11 1.32472E-11 1.70018E-11 2.14410E-11 2.63308E-11 3.14699E-11
 3.67041E-11 4.17542E-11 4.64402E-11 5.05135E-11 5.37914E-11 5.60893E-11 5.72759E-11 5.72416E-11
 5.59862E-11 5.35579E-11 5.00543E-11 4.55806E-11 4.02673E-11 3.42555E-11 2.75785E-11 2.19748E-11
 1.73610E-11 1.35654E-11 1.04955E-11 8.02282E-12 6.05732E-12 4.50927E-12 3.30695E-12 2.38508E-12
 1.68879E-12 1.17839E-12 8.06610E-13 5.40022E-13 3.52997E-13 2.24470E-13 1.38597E-13 8.34175E-14
 4.87853E-14 2.76515E-14 1.51749E-14 8.03259E-15 4.07994E-15 1.98264E-15 9.25136E-16 4.12095E-16
 1.75233E-16 7.07934E-17 2.70458E-17 9.88550E-18 3.41316E-18 1.12548E-18 3.50225E-19 1.02211E-19
 2.78042E-20 7.07503E-21 1.67023E-21 3.62893E-22 7.33025E-23 1.35121E-23 2.24677E-24 3.33155E-25
 4.41953E-26 5.19913E-27 5.52108E-28 5.19893E-29 4.24784E-30 3.01295E-31 1.76607E-32 8.47418E-34
 7.21707E-02 6.50689E-02 6.41712E-02 6.96435E-02 7.90641E-02 8.97271E-02 9.98336E-02 1.10992E-01
 1.21577E-01 1.31989E-01 1.41501E-01 1.50785E-01 1.58717E-01 1.66060E-01 1.72540E-01 1.79019E-01
 1.84752E-01 1.87868E-01 1.91856E-01 1.93815E-01 1.95290E-01 1.97173E-01 2.01259E-01 2.14273E-01
 2.37280E-01 2.72486E-01 3.30847E-01 4.10725E-01 5.06696E-01 6.28118E-01 7.69178E-01 9.27559E-01
 1.08371E+00 1.24201E+00 1.38219E+00 1.49212E+00 1.56816E+00 1.60503E+00 1.60327E+00 1.56405E+00
 1.49238E+00 1.39380E+00 1.27640E+00 1.14490E+00 1.00609E+00 8.65733E-01 7.28751E-01 5.98749E-01
 4.78106E-01 3.67797E-01 2.67584E-01 1.92586E-01 1.37516E-01 9.71934E-02 6.80450E-02 4.70753E-02
 3.21697E-02 2.16689E-02 1.43690E-02 9.36396E-03 5.98569E-03 3.76639E-03 2.32228E-03 1.39945E-03
 8.23041E-04 4.70886E-04 2.61797E-04 1.41932E-04 7.48238E-05 3.82597E-05 1.89565E-05 9.06553E-06
 4.16097E-06 1.82670E-06 7.70011E-07 3.10035E-07 1.19258E-07 4.36088E-08 1.50877E-08 4.99749E-09
 1.56471E-09 4.68086E-10 1.32234E-10 3.50774E-11 8.68776E-12 2.01664E-12 4.35118E-13 8.65237E-14
 1.60058E-14 2.70280E-15 4.11376E-16 5.58939E-17 6.84656E-18 7.58870E-19 7.77509E-20 7.10207E-21
 5.63096E-22 3.81309E-23 2.12826E-24 1.01684E-25 1.00000E-12 1.00000E-12 1.00000E-12 1.00000E-12
 1.00000E-12 1.00000E-12 1.00000E-12 1.00000E-12 1.00000E-12 1.00000E-12 1.00000E-12 1.00000E-12
 1.00000E-12 1.00000E-12 1.00000E-12 1.00000E-12 1.00000E-12 1.00000E-12 1.00000E-12 1.00000E-12
 1.00000E-12 1.00000E-12 1.00000E-12 1.00000E-12 1.00000E-12 1.00000E-12 1.00000E-12 1.00000E-12
 1.00000E-12 1.00000E-12 1.00000E-12 1.00000E-12 1.00000E-12 1.00000E-12 1.00000E-12 1.00000E-12
 1.00000E-12 1.00000E-12 1.00000E-12 1.00000E-12 1.00000E-12 1.00000E-12 1.00000E-12 1.00000E-12
 1.00000E-12 1.00000E-12 1.00000E-12 1.00000E-12 1.00000E-12 1.00000E-12 1.00000E-12 1.00000E-12
 1.00000E-12 1.00000E-12 1.00000E-12 1.00000E-12 1.00000E-12 1.00000E-12 1.00000E-12 1.00000E-12
 1.00000E-12 1.00000E-12 1.00000E-12 1.00000E-12 1.00000E-12 1.00000E-12 1.00000E-12 1.00000E-12
 1.00000E-12 1.00000E-12 1.00000E-12 1.00000E-12 1.00000E-12 1.00000E-12 1.00000E-12 1.00000E-12
 1.00000E-12 1.00000E-12 1.00000E-12 1.00000E-12 1.00000E-12 1.00000E-12 1.00000E-12 1.00000E-12
 1.00000E-12 1.00000E-12 1.00000E-12 1.00000E-12 1.00000E-12 1.00000E-12 1.00000E-12 1.00000E-12
 1.00000E-12 1.00000E-12 1.00000E-12 1.00000E-12 1.00000E-12 1.00000E-12 1.00000E-12 1.00000E-12
 1.00000E-12 1.00000E-12 1.00000E-12 1.00000E-12 1.00000E-12 1.00000E-12 1.00000E-12 1.00000E-12
 1.00000E-12 1.00000E-12 1.00000E-12 1.00000E-12 1.00000E-12 1.00000E-12 1.00000E-12 1.00000E-12
 1.00000E-12 1.00000E-12 1.00000E-12 1.00000E-12 1.00000E-12 1.00000E-12 1.00000E-12 1.00000E-12
 1.00000E-12 1.00000E-12 1.00000E-12 1.00000E-12 1.00000E-12 1.00000E-12 1.00000E-12 1.00000E-12
 1.00000E-12 1.00000E-12 1.00000E-12 1.00000E-12 1.00000E-12 1.00000E-12 1.00000E-12 1.00000E-12
 1.00000E-12 1.00000E-12 1.00000E-12 1.00000E-12 1.00000E-12 1.00000E-12 1.00000E-12 1.00000E-12
 1.00000E-12 1.00000E-12 1.00000E-12 1.00000E-12 1.00000E-12 1.00000E-12 1.00000E-12 1.00000E-12
 1.00000E-12 1.00000E-12 1.00000E-12 1.00000E-12 1.00000E-12 1.00000E-12 1.00000E-12 1.00000E-12
 1.00000E-12 1.00000E-12 1.00000E-12 1.00000E-12 1.00000E-12 1.00000E-12 1.00000E-12 1.00000E-12
 1.00000E-12 1.00000E-12 1.00000E-12 1.00000E-12 1.00000E-12 1.00000E-12 1.00000E-12 1.00000E-12
 1.00000E-12 1.00000E-12 1.00000E-12 1.00000E-12 1.00000E-12 1.00000E-12 1.00000E-12 1.00000E-12
 1.00000E-12 1.00000E-12 1.00000E-12 1.00000E-12 1.00000E-12 1.00000E-12 1.00000E-12 1.00000E-12
 1.00000E-12 1.00000E-12 1.00000E-12 1.00000E-12 2.75311E-04 2.94855E-04 3.17277E-04 3.39396E-04
 3.60672E-04 3.83197E-04 4.08551E-04 4.34907E-04 4.64038E-04 4.95647E-04 5.30734E-04 5.68814E-04
 6.11376E-04 6.58158E-04 7.10041E-04 7.66450E-04 8.28892E-04 9.00449E-04 9.75554E-04 1.05976E-03
 1.15357E-03 1.25721E-03 1.37208E-03 1.49185E-03 1.62609E-03 1.77476E-03 1.93708E-03 2.11686E-03
 2.31606E-03 2.53698E-03 2.78112E-03 3.05136E-03 3.35079E-03 3.68319E-03 4.05378E-03 4.46753E-03
 4.92830E-03 5.44019E-03 6.00953E-03 6.64218E-03 7.34435E-03 8.12252E-03 8.98010E-03 9.92666E-03
 1.09707E-02 1.21216E-02 1.33897E-02 1.47848E-02 1.63186E-02 1.80118E-02 1.98865E-02 2.19612E-02
 2.42507E-02 2.67763E-02 2.95657E-02 3.26482E-02 3.60562E-02 3.98282E-02 4.40076E-02 4.86385E-02
 5.37720E-02 5.94666E-02 6.57835E-02 7.27838E-02 8.05350E-02 8.91025E-02 9.85443E-02 1.08969E-01
 1.20470E-01 1.33153E-01 1.47143E-01 1.62579E-01 1.79630E-01 1.98491E-01 2.19344E-01 2.42365E-01
 2.67772E-01 2.95834E-01 3.26841E-01 3.61100E-01 3.98963E-01 4.40855E-01 4.87197E-01 5.38443E-01
 5.95098E-01 6.57752E-01 7.27121E-01 8.04164E-01 8.90038E-01 9.85932E-01 1.09356E+00 1.21403E+00
 1.34730E+00 1.49103E+00 1.64573E+00 1.81983E+00 2.02019E+00 2.26371E+00 2.54896E+00 2.84514E+00
 1.00000E+00 1.00000E+00 1.00000E+00 1.00000E+00 1.00000E+00 1.00000E+00 1.00000E+00 1.00000E+00
 1.00000E+00 1.00000E+00 1.00000E+00 1.00000E+00 1.00000E+00 1.00000E+00 1.00000E+00 1.00000E+00
 1.00000E+00 1.00000E+00 1.00000E+00 1.00000E+00 1.00000E+00 1.00000E+00 1.00000E+00 1.00000E+00
 1.00000E+00 1.00000E+00 1.00000E+00 1.00000E+00 1.00000E+00 1.00000E+00 1.00000E+00 1.00000E+00
 1.00000E+00 1.00000E+00 1.00000E+00 1.00000E+00 1.00000E+00 1.00000E+00 1.00000E+00 1.00000E+00
 1.00000E+00 1.00000E+00 1.00000E+00 1.00000E+00 1.00000E+00 1.00000E+00 1.00000E+00 1.00000E+00
 1.00000E+00 1.00000E+00 1.00000E+00 1.00000E+00 1.00000E+00 1.00000E+00 1.00000E+00 1.00000E+00
 1.00000E+00 1.00000E+00 1.00000E+00 1.00000E+00 1.00000E+00 1.00000E+00 1.00000E+00 1.00000E+00
 1.00000E+00 1.00000E+00 1.00000E+00 1.00000E+00 1.00000E+00 1.00000E+00 1.00000E+00 1.00000E+00
 1.00000E+00 1.00000E+00 1.00000E+00 1.00000E+00 1.00000E+00 1.00000E+00 1.00000E+00 1.00000E+00
 1.00000E+00 1.00000E+00 1.00000E+00 1.00000E+00 1.00000E+00 1.00000E+00 1.00000E+00 1.00000E+00
 1.00000E+00 1.00000E+00 1.00000E+00 1.00000E+00 1.00000E+00 1.00000E+00 1.00000E+00 1.00000E+00
 1.00000E+00 1.00000E+00 1.00000E+00 1.00000E+00 1.00000E+00 1.00000E+00 1.00000E+00 1.00000E+00
 1.00000E+00 1.00000E+00 1.00000E+00 1.00000E+00 1.00000E+00 1.00000E+00 1.00000E+00 1.00000E+00
 1.00000E+00 1.00000E+00 1.00000E+00 1.00000E+00 1.00000E+00 1.00000E+00 1.00000E+00 1.00000E+00
 1.00000E+00 1.00000E+00 1.00000E+00 1.00000E+00 1.00000E+00 1.00000E+00 1.00000E+00 1.00000E+00
 1.00000E+00 1.00000E+00 1.00000E+00 1.00000E+00 1.00000E+00 1.00000E+00 1.00000E+00 1.00000E+00
 1.00000E+00 1.00000E+00 1.00000E+00 1.00000E+00 1.00000E+00 1.00000E+00 1.00000E+00 1.00000E+00
 1.00000E+00 1.00000E+00 1.00000E+00 1.00000E+00 1.00000E+00 1.00000E+00 1.00000E+00 1.00000E+00
 1.00000E+00 1.00000E+00 1.00000E+00 1.00000E+00 1.00000E+00 1.00000E+00 1.00000E+00 1.00000E+00
 1.00000E+00 1.00000E+00 1.00000E+00 1.00000E+00 1.00000E+00 1.00000E+00 1.00000E+00 1.00000E+00
 1.00000E+00 1.00000E+00 1.00000E+00 1.00000E+00 1.00000E+00 1.00000E+00 1.00000E+00 1.00000E+00
 1.00000E+00 1.00000E+00 1.00000E+00 1.00000E+00 1.00000E+00 1.00000E+00 1.00000E+00 1.00000E+00
 1.00000E+00 1.00000E+00 1.00000E+00 1.00000E+00 1.00000E+00 1.00000E+00 1.00000E+00 1.00000E+00
 1.00000E+00 1.00000E+00 1.00000E+00 1.00000E+00 1.00000E+00 1.00000E+00 1.00000E+00 1.00000E+00
 1.00000E-05 1.00000E-05 1.00000E-05 1.00000E-05 1.00000E-05 1.00000E-05 1.00000E-05 1.00000E-05
 1.00000E-05 1.00000E-05 1.00000E-05 1.00000E-05 1.00000E-05 1.00000E-05 1.00000E-05 1.00000E-05
 1.00000E-05 1.00000E-05 1.00000E-05 1.00000E-05 1.00000E-05 1.00000E-05 1.00000E-05 1.00000E-05
 1.00000E-05 1.00000E-05 1.00000E-05 1.00000E-05 1.00000E-05 1.00000E-05 1.00000E-05 1.00000E-05
 1.00000E-05 1.00000E-05 1.00000E-05 1.00000E-05 1.00000E-05 1.00000E-05 1.00000E-05 1.00000E-05
 1.00000E-05 1.00000E-05 1.00000E-05 1.00000E-05 1.00000E-05 1.00000E-05 1.00000E-05 1.00000E-05
 1.00000E-05 1.00000E-05 1.00000E-05 1.00000E-05 1.00000E-05 1.00000E-05 1.00000E-05 1.00000E-05
 1.00000E-05 1.00000E-05 1.00000E-05 1.00000E-05 1.00000E-05 1.00000E-05 1.00000E-05 1.00000E-05
 1.00000E-05 1.00000E-05 1.00000E-05 1.00000E-05 1.00000E-05 1.00000E-05 1.00000E-05 1.00000E-05
 1.00000E-05 1.00000E-05 1.00000E-05 1.00000E-05 1.00000E-05 1.00000E-05 1.00000E-05 1.00000E-05
 1.00000E-05 1.00000E-05 1.00000E-05 1.00000E-05 1.00000E-05 1.00000E-05 1.00000E-05 1.00000E-05
 1.00000E-05 1.00000E-05 1.00000E-05 1.00000E-05 1.00000E-05 1.00000E-05 1.00000E-05 1.00000E-05
 1.00000E-05 1.00000E-05 1.00000E-05 1.00000E-05 1.00000E-09 1.00000E-09 1.00000E-09 1.00000E-09
 1.00000E-09 1.00000E-09 1.00000E-09 1.00000E-09 1.00000E-09 1.00000E-09 1.00000E-09 1.00000E-09
 1.00000E-09 1.00000E-09 1.00000E-09 1.00000E-09 1.00000E-09 1.00000E-09 1.00000E-09 1.00000E-09
 1.00000E-09 1.00000E-09 1.00000E-09 1.00000E-09 1.00000E-09 1.00000E-09 1.00000E-09 1.00000E-09
 1.00000E-09 1.00000E-09 1.00000E-09 1.00000E-09 1.00000E-09 1.00000E-09 1.00000E-09 1.00000E-09
 1.00000E-09 1.00000E-09 1.00000E-09 1.00000E-09 1.00000E-09 1.00000E-09 1.00000E-09 1.00000E-09
 1.00000E-09 1.00000E-09 1.00000E-09 1.00000E-09 1.00000E-09 1.00000E-09 1.00000E-09 1.00000E-09
 1.00000E-09 1.00000E-09 1.00000E-09 1.00000E-09 1.00000E-09 1.00000E-09 1.00000E-09 1.00000E-09
 1.00000E-09 1.00000E-09 1.00000E-09 1.00000E-09 1.00000E-09 1.00000E-09 1.00000E-09 1.00000E-09
 1.00000E-09 1.00000E-09 1.00000E-09 1.00000E-09 1.00000E-09 1.00000E-09 1.00000E-09 1.00000E-09
 1.00000E-09 1.00000E-09 1.00000E-09 1.00000E-09 1.00000E-09 1.00000E-09 1.00000E-09 1.00000E-09
 1.00000E-09 1.00000E-09 1.00000E-09 1.00000E-09 1.00000E-09 1.00000E-09 1.00000E-09 1.00000E-09
 1.00000E-09 1.00000E-09 1.00000E-09 1.00000E-09 1.00000E-09 1.00000E-09 1.00000E-09 1.00000E-09
 1.00000E-09 1.00000E-09 1.00000E-09 1.00000E-09 1.00000E-09 1.00000E-09 1.00000E-09 1.00000E-09
 1.00000E-09 1.00000E-09 1.00000E-09 1.00000E-09 1.00000E-09 1.00000E-09 1.00000E-09 1.00000E-09
 1.00000E-09 1.00000E-09 1.00000E-09 1.00000E-09 1.00000E-09 1.00000E-09 1.00000E-09 1.00000E-09
 1.00000E-09 1.00000E-09 1.00000E-09 1.00000E-09 1.00000E-09 1.00000E-09 1.00000E-09 1.00000E-09
 1.00000E-09 1.00000E-09 1.00000E-09 1.00000E-09 1.00000E-09 1.00000E-09 1.00000E-09 1.00000E-09
 1.00000E-09 1.00000E-09 1.00000E-09 1.00000E-09 1.00000E-09 1.00000E-09 1.00000E-09 1.00000E-09
 1.00000E-09 1.00000E-09 1.00000E-09 1.00000E-09 1.00000E-09 1.00000E-09 1.00000E-09 1.00000E-09
 1.00000E-09 1.00000E-09 1.00000E-09 1.00000E-09 1.00000E-09 1.00000E-09 1.00000E-09 1.00000E-09
 1.00000E-09 1.00000E-09 1.00000E-09 1.00000E-09 1.00000E-09 1.00000E-09 1.00000E-09 1.00000E-09
 1.00000E-09 1.00000E-09 1.00000E-09 1.00000E-09 1.00000E-09 1.00000E-09 1.00000E-09 1.00000E-09
 1.00000E-09 1.00000E-09 1.00000E-09 1.00000E-09 1.00000E-09 1.00000E-09 1.00000E-09 1.00000E-09
 1.00000E-09 1.00000E-09 1.00000E-09 1.00000E-09 1.00000E-09 1.00000E-09 1.00000E-09 1.00000E-09
 1.00000E-09 1.00000E-09 1.00000E-09 1.00000E-09
