 8.33053E-11 1.00201E-19 2.67280E-02 4.34224E-19 1.38639E-13 2.10639E-12 1.66894E-09 1.32833E-24
 4.67510E-07 1.00000E-03 2.86475E-06 1.50189E-11 1.82216E-13 3.59525E-06 1.93926E-12 3.28070E-10
 5.47509E-20 9.83894E-11 1.32230E-14 1.73886E-14 9.64846E-16 7.81501E-36 1.59269E-06 3.56312E-15
 3.04701E-22 8.13472E-21 4.12742E-12 1.27540E-13 7.24361E-10 1.32373E-20 5.92526E-23 7.18381E-11
 6.61810E-17 2.51440E-14 1.00809E-10 1.25379E-19 2.26347E-02 6.30938E-19 1.68553E-13 2.60987E-12
 1.80986E-09 1.97973E-24 4.67592E-07 9.99999E-04 2.86500E-06 1.88657E-11 2.14929E-13 3.59523E-06
 2.30149E-12 3.72091E-10 8.57622E-20 1.34190E-10 2.34902E-14 1.77229E-14 1.35125E-15 1.87149E-35
 1.59268E-06 4.88762E-15 4.46250E-22 1.14998E-20 6.12164E-12 1.74607E-13 7.34249E-10 1.88591E-20
 9.07096E-23 1.21072E-10 1.32794E-16 4.45757E-14 1.26197E-10 1.57391E-19 1.92667E-02 8.41130E-19
 1.86095E-13 3.38945E-12 1.97942E-09 2.73783E-24 4.67681E-07 9.99998E-04 2.86527E-06 2.51012E-11
 2.31726E-13 3.59521E-06 2.69539E-12 4.15259E-10 1.21851E-19 1.75746E-10 3.76969E-14 1.79622E-14
 1.84680E-15 3.99710E-35 1.59267E-06 6.33087E-15 5.99883E-22 1.52891E-20 8.99237E-12 2.25395E-13
 7.44045E-10 2.46486E-20 1.27736E-22 1.73284E-10 2.28791E-16 6.74645E-14 1.59141E-10 1.97975E-19
 1.61262E-02 1.09292E-18 2.01536E-13 4.45510E-12 2.18026E-09 3.70814E-24 4.67776E-07 9.99997E-04
 2.86557E-06 3.39458E-11 2.46065E-13 3.59519E-06 3.10696E-12 4.57319E-10 1.66008E-19 2.22502E-10
 5.94104E-14 1.81371E-14 2.51778E-15 8.53696E-35 1.59266E-06 7.90975E-15 7.86231E-22 2.02142E-20
 1.28985E-11 2.80275E-13 7.53685E-10 3.13917E-20 1.75895E-22 2.29280E-10 3.56475E-16 9.44438E-14
 1.97806E-10 2.49309E-19 1.34823E-02 1.40336E-18 2.17180E-13 5.76256E-12 2.41534E-09 4.97217E-24
 4.67879E-07 9.99996E-04 2.86588E-06 4.52329E-11 2.60871E-13 3.59516E-06 3.52860E-12 4.97650E-10
 2.20064E-19 2.70371E-10 9.34054E-14 1.82213E-14 3.38232E-15 1.86480E-34 1.59265E-06 9.64373E-15
 1.01866E-21 2.68777E-20 1.78194E-11 3.39658E-13 7.63094E-10 3.95077E-20 2.40204E-22 2.88429E-10
 5.02227E-16 1.25676E-13 2.41149E-10 3.13965E-19 1.11180E-02 1.78383E-18 2.33319E-13 7.30307E-12
 2.68789E-09 6.60431E-24 4.67989E-07 9.99995E-04 2.86623E-06 5.90463E-11 2.76292E-13 3.59513E-06
 3.95444E-12 5.35233E-10 2.84883E-19 3.17017E-10 1.47290E-13 1.81940E-14 4.51999E-15 4.17622E-34
 1.59263E-06 1.15553E-14 1.30705E-21 3.59390E-20 2.38173E-11 4.04004E-13 7.72184E-10 4.92355E-20
 3.26210E-22 3.49872E-10 6.72937E-16 1.61223E-13 2.88449E-10 3.95018E-19 9.09131E-03 2.25073E-18
 2.50432E-13 9.08205E-12 3.00139E-09 8.70674E-24 4.68107E-07 9.99993E-04 2.86659E-06 7.55837E-11
 2.92840E-13 3.59510E-06 4.37537E-12 5.68527E-10 3.61339E-19 3.60880E-10 2.33783E-13 1.80108E-14
 5.96490E-15 9.64579E-34 1.59262E-06 1.36701E-14 1.66549E-21 4.84296E-20 3.09939E-11 4.73817E-13
 7.80857E-10 6.09576E-20 4.42215E-22 4.12519E-10 8.67571E-16 2.01032E-13 3.39106E-10 4.96064E-19
 7.33018E-03 2.81529E-18 2.68293E-13 1.11121E-11 3.35965E-09 1.13777E-23 4.68235E-07 9.99992E-04
 2.86699E-06 9.51120E-11 3.10146E-13 3.59507E-06 4.77889E-12 5.95359E-10 4.48403E-19 4.00926E-10
 3.73442E-13 1.76304E-14 7.77678E-15 2.29890E-33 1.59260E-06 1.60178E-14 2.10505E-21 6.57207E-20
 3.94783E-11 5.49660E-13 7.88997E-10 7.49418E-20 5.98452E-22 4.75017E-10 1.07841E-15 2.44922E-13
 3.92560E-10 6.21083E-19 5.84324E-03 3.46080E-18 2.84971E-13 1.34103E-11 3.76677E-09 1.46272E-23
 4.68372E-07 9.99990E-04 2.86742E-06 1.17949E-10 3.26383E-13 3.59503E-06 5.13361E-12 6.12780E-10
 5.37460E-19 4.36616E-10 5.97331E-13 1.69931E-14 9.92645E-15 5.59876E-33 1.59259E-06 1.86322E-14
 2.61678E-21 8.92085E-20 4.94228E-11 6.32152E-13 7.96474E-10 9.07980E-20 8.03237E-22 5.35714E-10
 1.29492E-15 2.92563E-13 4.48319E-10 7.75622E-19 4.52406E-03 3.98889E-18 2.95630E-13 1.59991E-11
 4.22690E-09 1.78119E-23 4.68519E-07 9.99989E-04 2.86788E-06 1.44456E-10 3.38415E-13 3.59499E-06
 5.22635E-12 6.17539E-10 5.73212E-19 4.67936E-10 9.31452E-13 1.61410E-14 1.25427E-14 1.27866E-32
 1.59257E-06 2.15527E-14 3.05325E-21 1.16375E-19 6.10018E-11 7.21987E-13 8.03139E-10 1.03577E-19
 1.01997E-21 5.92647E-10 1.50163E-15 3.43516E-13 5.06428E-10 9.75808E-19 3.51043E-03 4.51712E-18
 3.07968E-13 1.89120E-11 4.73894E-09 2.15210E-23 4.68678E-07 9.99987E-04 2.86839E-06 1.75059E-10
 3.53841E-13 3.59495E-06 5.24663E-12 6.12878E-10 5.87635E-19 4.95411E-10 1.33993E-12 1.54039E-14
 1.54685E-14 2.78922E-32 1.59255E-06 2.48279E-14 3.49582E-21 1.52469E-19 7.44273E-11 8.20057E-13
 8.08827E-10 1.16475E-19 1.25878E-21 6.43600E-10 1.70143E-15 3.97495E-13 5.66979E-10 1.24284E-18
 3.02776E-03 5.17436E-18 3.34341E-13 2.21869E-11 5.30382E-09 2.64952E-23 4.68849E-07 9.99985E-04
 2.86893E-06 2.10237E-10 3.86755E-13 3.59491E-06 5.17018E-12 6.01120E-10 5.91725E-19 5.19743E-10
 1.76748E-12 1.49034E-14 1.71139E-14 5.93158E-32 1.59253E-06 2.85203E-14 4.03801E-21 2.06487E-19
 8.99445E-11 9.27534E-13 8.13352E-10 1.32809E-19 1.53723E-21 6.86085E-10 1.88376E-15 4.54331E-13
 6.29778E-10 1.58801E-18 2.59548E-03 5.89652E-18 3.65173E-13 2.58487E-11 5.92338E-09 3.26029E-23
 4.69035E-07 9.99983E-04 2.86952E-06 2.50423E-10 4.26248E-13 3.59486E-06 5.05237E-12 5.83725E-10
 5.85449E-19 5.41508E-10 2.24502E-12 1.43671E-14 1.86843E-14 1.24452E-31 1.59251E-06 3.27004E-14
 4.63755E-21 2.81497E-19 1.07803E-10 1.04569E-12 8.16487E-10 1.50722E-19 1.85594E-21 7.17226E-10
 2.05464E-15 5.13791E-13 6.94504E-10 2.02736E-18 2.21198E-03 6.65657E-18 3.95855E-13 2.99132E-11
 6.59958E-09 3.98699E-23 4.69237E-07 9.99981E-04 2.87016E-06 2.95984E-10 4.67571E-13 3.59481E-06
 4.91210E-12 5.61564E-10 5.69818E-19 5.61310E-10 2.81622E-12 1.36670E-14 2.00487E-14 2.60949E-31
 1.59248E-06 3.74440E-14 5.27868E-21 3.82969E-19 1.28242E-10 1.17579E-12 8.17959E-10 1.69339E-19
 2.22179E-21 7.33749E-10 2.19940E-15 5.75587E-13 7.60769E-10 2.58862E-18 1.89409E-03 7.23495E-18
 4.29814E-13 3.43793E-11 7.33493E-09 4.74924E-23 4.69456E-07 9.99978E-04 2.87087E-06 3.47142E-10
 5.17506E-13 3.59475E-06 4.52195E-12 5.35314E-10 5.06264E-19 5.79477E-10 3.49811E-12 1.28677E-14
 2.09936E-14 5.19702E-31 1.59246E-06 4.28369E-14 5.79001E-21 5.08378E-19 1.51429E-10 1.31918E-12
 8.17450E-10 1.82945E-19 2.55821E-21 7.32012E-10 2.29828E-15 6.39467E-13 8.28565E-10 3.30567E-18
 1.61381E-03 8.22945E-18 4.63158E-13 3.92316E-11 8.12591E-09 5.85485E-23 4.69693E-07 9.99976E-04
 2.87163E-06 4.04017E-10 5.63644E-13 3.59469E-06 4.45235E-12 5.12955E-10 5.01064E-19 5.96177E-10
 4.35783E-12 1.20410E-14 2.20639E-14 1.10532E-30 1.59243E-06 4.89779E-14 6.64406E-21 6.95887E-19
 1.77486E-10 1.47738E-12 8.16908E-10 2.06252E-19 3.07916E-21 7.31105E-10 2.41278E-15 7.05397E-13
 8.97565E-10 4.22261E-18 1.35950E-03 9.35166E-18 4.94287E-13 4.44506E-11 8.97740E-09 7.21539E-23
 4.69950E-07 9.99973E-04 2.87246E-06 4.66713E-10 6.07713E-13 3.59462E-06 4.42811E-12 4.93925E-10
 5.00398E-19 6.11448E-10 5.42310E-12 1.12384E-14 2.34747E-14 2.31830E-30 1.59240E-06 5.59810E-14
 7.61994E-21 9.44453E-19 2.06505E-10 1.65210E-12 8.16328E-10 2.31712E-19 3.69969E-21 7.30743E-10
 2.54709E-15 7.73174E-13 9.67586E-10 5.40604E-18 1.16734E-03 1.06622E-17 5.28006E-13 5.00230E-11
 9.89540E-09 8.92559E-23 4.70230E-07 9.99970E-04 2.87337E-06 5.35393E-10 6.55541E-13 3.59454E-06
 4.42435E-12 4.77588E-10 5.02268E-19 6.25316E-10 6.68234E-12 1.05076E-14 2.46426E-14 4.79096E-30
 1.59236E-06 6.39792E-14 8.76704E-21 1.27995E-18 2.38593E-10 1.84526E-12 8.15708E-10 2.60619E-19
 4.44041E-21 7.30739E-10 2.68891E-15 8.42641E-13 1.03857E-09 6.93772E-18 1.00096E-03 1.21700E-17
 5.64356E-13 5.59420E-11 1.08868E-08 1.10653E-22 4.70535E-07 9.99967E-04 2.87436E-06 6.10313E-10
 7.07323E-13 3.59446E-06 4.43559E-12 4.63416E-10 5.04902E-19 6.37837E-10 8.13032E-12 9.84925E-15
 2.59816E-14 9.72261E-30 1.59233E-06 7.31287E-14 1.00970E-20 1.73037E-18 2.73900E-10 2.05908E-12
 8.15045E-10 2.92909E-19 5.31254E-21 7.30968E-10 2.84153E-15 9.13660E-13 1.11054E-09 8.92054E-18
 8.70863E-04 1.38712E-17 6.01309E-13 6.22076E-11 1.19593E-08 1.37196E-22 4.70866E-07 9.99963E-04
 2.87544E-06 6.91819E-10 7.61144E-13 3.59437E-06 4.46100E-12 4.50965E-10 5.07034E-19 6.49117E-10
 9.76755E-12 9.24556E-15 2.71122E-14 1.93615E-29 1.59229E-06 8.36102E-14 1.16132E-20 2.32854E-18
 3.12623E-10 2.29605E-12 8.14333E-10 3.28197E-19 6.33019E-21 7.31355E-10 2.99509E-15 9.86097E-13
 1.18612E-09 1.15042E-17 7.45584E-04 1.56586E-17 6.32156E-13 6.90519E-11 1.31605E-08 1.69155E-22
 4.71239E-07 9.99959E-04 2.87666E-06 7.83350E-10 8.11320E-13 3.59427E-06 4.49325E-12 4.39523E-10
 5.04401E-19 6.59641E-10 1.16459E-11 8.68043E-15 2.87328E-14 3.80351E-29 1.59224E-06 9.60378E-14
 1.32428E-20 3.10527E-18 3.56440E-10 2.56781E-12 8.13543E-10 3.63548E-19 7.48736E-21 7.31871E-10
 3.14755E-15 1.06231E-12 1.26781E-09 1.49154E-17 6.47019E-04 1.74965E-17 6.55629E-13 7.67240E-11
 1.45427E-08 2.07547E-22 4.71670E-07 9.99954E-04 2.87807E-06 8.88749E-10 8.59518E-13 3.59416E-06
 4.51727E-12 4.28696E-10 4.95020E-19 6.69777E-10 1.37320E-11 8.16766E-15 3.01692E-14 7.41329E-29
 1.59219E-06 1.11172E-13 1.49679E-20 4.11789E-18 4.07250E-10 2.88782E-12 8.12642E-10 3.97954E-19
 8.80192E-21 7.32514E-10 3.26456E-15 1.14442E-12 1.36511E-09 1.96491E-17 5.74022E-04 1.95653E-17
 6.83438E-13 8.61682E-11 1.62882E-08 2.56225E-22 4.72216E-07 9.99948E-04 2.87987E-06 1.02181E-09
 9.26713E-13 3.59401E-06 4.47047E-12 4.17651E-10 4.77230E-19 6.80584E-10 1.59979E-11 7.79334E-15
 3.13243E-14 1.48917E-28 1.59213E-06 1.31399E-13 1.69530E-20 5.57447E-18 4.71800E-10 3.30118E-12
 8.11514E-10 4.34689E-19 1.03845E-20 7.33357E-10 3.34218E-15 1.24129E-12 1.49730E-09 2.69079E-17
 5.74028E-04 2.28740E-17 7.62027E-13 9.93802E-11 1.87915E-08 3.29960E-22 4.73002E-07 9.99939E-04
 2.88246E-06 1.21240E-09 1.07932E-12 3.59379E-06 4.22890E-12 4.05328E-10 4.55522E-19 6.93802E-10
 1.83320E-11 7.76751E-15 3.01071E-14 3.34600E-28 1.59203E-06 1.62125E-13 2.00431E-20 8.26891E-18
 5.64802E-10 3.90735E-12 8.09911E-10 4.92806E-19 1.26444E-20 7.34587E-10 3.34215E-15 1.37072E-12
 1.69484E-09 3.84228E-17 5.74037E-04 2.63473E-17 8.21680E-13 1.19580E-10 2.27310E-08 4.25678E-22
 4.74241E-07 9.99926E-04 2.88657E-06 1.51119E-09 1.28400E-12 3.59346E-06 3.81877E-12 3.89896E-10
 4.10206E-19 7.11548E-10 2.11324E-11 7.95004E-15 2.94926E-14 8.70727E-28 1.59189E-06 2.13492E-13
 2.35237E-20 1.29104E-17 7.11572E-10 4.88294E-12 8.07414E-10 5.43226E-19 1.56028E-20 7.36513E-10
 3.20407E-15 1.55904E-12 1.97876E-09 5.72329E-17 5.74050E-04 3.06538E-17 8.71150E-13 1.49083E-10
 2.86582E-08 5.61408E-22 4.76106E-07 9.99905E-04 2.89276E-06 1.95823E-09 1.59569E-12 3.59294E-06
 3.28838E-12 3.72019E-10 3.55197E-19 7.34468E-10 2.36966E-11 8.40038E-15 2.95530E-14 2.63247E-27
 1.59166E-06 2.96132E-13 2.80695E-20 2.16971E-17 9.32799E-10 6.38563E-12 8.03697E-10 5.96133E-19
 1.99990E-20 7.39398E-10 3.11354E-15 1.81887E-12 2.42099E-09 9.20527E-17 5.74071E-04 3.89566E-17
 9.92884E-13 1.95468E-10 3.82520E-08 8.07021E-22 4.79122E-07 9.99871E-04 2.90280E-06 2.67622E-09
 2.27802E-12 3.59212E-06 2.58885E-12 3.51864E-10 3.01782E-19 7.66421E-10 2.40224E-11 9.68584E-15
 3.13760E-14 9.84602E-27 1.59130E-06 4.40683E-13 3.64817E-20 4.37595E-17 1.29114E-09 8.88099E-12
 7.97753E-10 6.88943E-19 2.72842E-20 7.44040E-10 3.55425E-15 2.19994E-12 3.05772E-09 1.52071E-16
 5.74102E-04 5.06024E-17 1.06596E-12 2.62329E-10 5.25434E-08 1.19114E-21 4.83603E-07 9.99821E-04
 2.91777E-06 3.73183E-09 3.30466E-12 3.59088E-06 1.96862E-12 3.29254E-10 2.53487E-19 8.07244E-10
 2.33670E-11 1.12728E-14 3.33550E-14 4.33199E-26 1.59077E-06 6.77366E-13 4.88074E-20 9.43922E-17
 1.82457E-09 1.27091E-11 7.89029E-10 7.87691E-19 3.96910E-20 7.50902E-10 4.15062E-15 2.70132E-12
 3.90411E-09 2.48697E-16 5.74145E-04 6.73829E-17 1.10008E-12 3.50906E-10 7.20898E-08 1.78109E-21
 4.89703E-07 9.99753E-04 2.93823E-06 5.14866E-09 4.66444E-12 3.58918E-06 1.49857E-12 3.04652E-10
 2.20193E-19 8.54887E-10 2.37837E-11 1.26439E-14 3.41446E-14 2.19236E-25 1.59003E-06 1.04136E-12
 6.73522E-20 2.08885E-16 2.55265E-09 1.81315E-11 7.77312E-10 9.02343E-19 6.24224E-20 7.60190E-10
 4.53288E-15 3.28543E-12 5.08557E-09 4.11654E-16 5.74207E-04 9.46401E-17 1.15639E-12 4.73950E-10
 9.99982E-08 2.76910E-21 4.98359E-07 9.99656E-04 2.96738E-06 7.12401E-09 6.58709E-12 3.58677E-06
 1.11510E-12 2.78567E-10 1.96970E-19 9.12966E-10 2.46329E-11 1.41315E-14 3.43797E-14 1.29126E-24
 1.58899E-06 1.64092E-12 9.80820E-20 4.97322E-16 3.58898E-09 2.62064E-11 7.60949E-10 1.04355E-18
 1.04113E-19 7.73273E-10 5.13843E-15 3.95974E-12 6.64932E-09 6.78334E-16 5.74289E-04 1.36830E-16
 1.24825E-12 6.35986E-10 1.37639E-07 4.39184E-21 5.09940E-07 9.99525E-04 3.00658E-06 9.70880E-09
 9.03620E-12 3.58351E-06 8.32084E-13 2.53750E-10 1.81302E-19 9.80102E-10 2.57265E-11 1.56465E-14
 3.40539E-14 7.79731E-24 1.58758E-06 2.60207E-12 1.46852E-19 1.20717E-15 4.98070E-09 3.76601E-11
 7.39482E-10 1.20352E-18 1.77252E-19 7.90594E-10 6.14025E-15 4.63631E-12 8.68752E-09 1.10807E-15
 5.74398E-04 2.00781E-16 1.37931E-12 8.46468E-10 1.87584E-07 7.03394E-21 5.25148E-07 9.99352E-04
 3.05838E-06 1.30113E-08 1.19885E-11 3.57920E-06 6.28543E-13 2.31357E-10 1.71181E-19 1.05704E-09
 2.75151E-11 1.71464E-14 3.33673E-14 4.68363E-23 1.58573E-06 4.16311E-12 2.23363E-19 2.92117E-15
 6.81696E-09 5.37762E-11 7.11976E-10 1.37069E-18 3.01805E-19 8.12984E-10 7.56816E-15 5.21957E-12
 1.11451E-08 1.76611E-15 5.74531E-04 2.90990E-16 1.54865E-12 1.10031E-09 2.49003E-07 1.11299E-20
 5.43612E-07 9.99140E-04 3.12173E-06 1.68889E-08 1.52866E-11 3.57391E-06 4.94023E-13 2.13741E-10
 1.65721E-19 1.13962E-09 3.00448E-11 1.85511E-14 3.26391E-14 2.48467E-22 1.58346E-06 6.57575E-12
 3.35928E-19 6.66139E-15 9.05876E-09 7.49431E-11 6.79610E-10 1.53897E-18 4.97531E-19 8.39523E-10
 9.42312E-15 5.57987E-12 1.41939E-08 2.79125E-15 5.74698E-04 4.19206E-16 1.75927E-12 1.41682E-09
 3.26972E-07 1.75748E-20 5.66692E-07 9.98872E-04 3.20160E-06 2.15496E-08 1.91230E-11 3.56722E-06
 3.99278E-13 2.00974E-10 1.63498E-19 1.23229E-09 3.33034E-11 2.02574E-14 3.26973E-14 1.20848E-21
 1.58061E-06 1.04907E-11 5.03990E-19 1.46360E-14 1.18798E-08 1.03773E-10 6.40699E-10 1.68952E-18
 7.92257E-19 8.71572E-10 1.18753E-14 5.66616E-12 1.77596E-08 4.33370E-15 5.74898E-04 5.91574E-16
 2.00757E-12 1.79126E-09 4.20745E-07 2.73441E-20 5.93949E-07 9.98553E-04 3.29690E-06 2.68113E-08
 2.34187E-11 3.55922E-06 3.37588E-13 1.93961E-10 1.64777E-19 1.33192E-09 3.73459E-11 2.23181E-14
 3.38182E-14 5.04596E-21 1.57721E-06 1.65765E-11 7.43001E-19 3.00129E-14 1.52374E-08 1.41045E-10
 5.96899E-10 1.81756E-18 1.20534E-18 9.07653E-10 1.48469E-14 5.46364E-12 2.17939E-08 6.60928E-15
 5.75128E-04 8.15651E-16 2.29306E-12 2.22281E-09 5.30414E-07 4.18242E-20 6.25160E-07 9.98182E-04
 3.40730E-06 3.25432E-08 2.81816E-11 3.54991E-06 2.99580E-13 1.92800E-10 1.69728E-19 1.43705E-09
 4.22089E-11 2.49047E-14 3.63699E-14 1.78961E-20 1.57327E-06 2.57927E-11 1.07315E-18 5.72070E-14
 1.91170E-08 1.87840E-10 5.49553E-10 1.91982E-18 1.75620E-18 9.46470E-10 1.82739E-14 5.03487E-12
 2.62996E-08 9.94205E-15 5.75392E-04 1.10250E-15 2.61946E-12 2.71722E-09 6.57569E-07 6.30960E-20
 6.60496E-07 9.97756E-04 3.53397E-06 3.86955E-08 3.35050E-11 3.53919E-06 2.78071E-13 1.97520E-10
 1.78606E-19 1.54786E-09 4.78634E-11 2.83044E-14 4.09055E-14 5.46815E-20 1.56876E-06 3.95509E-11
 1.52307E-18 1.02284E-13 2.35554E-08 2.45846E-10 4.99459E-10 1.99159E-18 2.46920E-18 9.87143E-10
 2.21556E-14 4.46645E-12 3.11844E-08 1.47428E-14 5.75686E-04 1.46124E-15 2.98954E-12 3.27098E-09
 8.01198E-07 9.38220E-20 6.99378E-07 9.97280E-04 3.67539E-06 4.51020E-08 3.94053E-11 3.52716E-06
 2.69574E-13 2.08151E-10 1.91761E-19 1.66223E-09 5.41869E-11 3.26907E-14 4.79092E-14 1.44458E-19
 1.56373E-06 5.93664E-11 2.12200E-18 1.71971E-13 2.84971E-08 3.15446E-10 4.48472E-10 2.03684E-18
 3.37586E-18 1.02794E-09 2.64270E-14 3.85137E-12 3.64498E-08 2.16261E-14 5.76012E-04 1.90821E-15
 3.41109E-12 3.89193E-09 9.62893E-07 1.38065E-19 7.41936E-07 9.96749E-04 3.83267E-06 5.17389E-08
 4.60051E-11 3.51372E-06 2.71416E-13 2.25111E-10 2.09911E-19 1.78027E-09 6.11554E-11 3.84191E-14
 5.83636E-14 3.37882E-19 1.55814E-06 8.74663E-11 2.91504E-18 2.75132E-13 3.39777E-08 3.98008E-10
 3.97380E-10 2.05417E-18 4.52360E-18 1.06805E-09 3.11884E-14 3.24597E-12 4.20238E-08 3.13975E-14
 5.76367E-04 2.46006E-15 3.89246E-12 4.58074E-09 1.14199E-06 2.01286E-19 7.87694E-07 9.96165E-04
 4.00469E-06 5.85082E-08 5.33837E-11 3.49894E-06 2.82817E-13 2.49061E-10 2.33908E-19 1.90027E-09
 6.86683E-11 4.58369E-14 7.35295E-14 7.06489E-19 1.55203E-06 1.26198E-10 3.95226E-18 4.21140E-13
 3.99569E-08 4.93454E-10 3.47600E-10 2.04839E-18 5.97178E-18 1.10620E-09 3.65539E-14 2.68963E-12
 4.78917E-08 4.51673E-14 5.76751E-04 3.14215E-15 4.44459E-12 5.34667E-09 1.33955E-06 2.91378E-19
 8.36653E-07 9.95528E-04 4.19211E-06 6.54071E-08 6.16413E-11 3.48274E-06 3.03719E-13 2.80950E-10
 2.65457E-19 2.02169E-09 7.72450E-11 5.53391E-14 9.52481E-14 1.35389E-18 1.54537E-06 1.78765E-10
 5.30776E-18 6.21848E-13 4.64565E-08 6.02200E-10 2.99831E-10 2.02024E-18 7.81226E-18 1.14172E-09
 4.29838E-14 2.19628E-12 5.39996E-08 6.43550E-14 5.77164E-04 3.98410E-15 5.07928E-12 6.19625E-09
 1.55533E-06 4.19044E-19 8.88505E-07 9.94836E-04 4.39442E-06 7.24102E-08 7.08251E-11 3.46514E-06
 3.35194E-13 3.21925E-10 3.06937E-19 2.14294E-09 8.78087E-11 6.72468E-14 1.25869E-13 2.42471E-18
 1.53817E-06 2.48700E-10 7.07444E-18 8.89896E-13 5.34591E-08 7.23442E-10 2.54921E-10 1.97298E-18
 1.01778E-17 1.17391E-09 5.10376E-14 1.77174E-12 6.03461E-08 9.08908E-14 5.77607E-04 5.02761E-15
 5.81314E-12 7.14542E-09 1.79069E-06 5.99757E-19 9.43384E-07 9.94085E-04 4.61282E-06 7.95730E-08
 8.10330E-11 3.44602E-06 3.79449E-13 3.74066E-10 3.62196E-19 2.26321E-09 1.01782E-10 8.20891E-14
 1.69256E-13 4.13361E-18 1.53040E-06 3.40824E-10 9.38465E-18 1.24050E-12 6.10071E-08 8.56673E-10
 2.13167E-10 1.90517E-18 1.32514E-17 1.20249E-09 6.14154E-14 1.41125E-12 6.67668E-08 1.26911E-13
 5.78070E-04 6.30800E-15 6.66028E-12 8.18685E-09 2.04034E-06 8.52499E-19 9.99960E-07 9.93291E-04
 4.84261E-06 8.67856E-08 9.21888E-11 3.42578E-06 4.39920E-13 4.38824E-10 4.35424E-19 2.37823E-09
 1.20617E-10 9.98785E-14 2.29026E-13 6.73257E-18 1.52221E-06 4.58040E-10 1.23703E-17 1.68230E-12
 6.89409E-08 9.96841E-10 1.75746E-10 1.82766E-18 1.72911E-17 1.22664E-09 7.37478E-14 1.11568E-12
 7.31795E-08 1.75155E-13 5.78546E-04 7.87336E-15 7.64116E-12 9.32279E-09 2.30069E-06 1.20361E-18
 1.05748E-06 9.92461E-04 5.08116E-06 9.40379E-08 1.04295E-10 3.40464E-06 5.21242E-13 5.18333E-10
 5.32628E-19 2.48517E-09 1.46152E-10 1.20719E-13 3.10169E-13 1.05406E-17 1.51369E-06 6.03789E-10
 1.62093E-17 2.22338E-12 7.71732E-08 1.13927E-09 1.43028E-10 1.74548E-18 2.26384E-17 1.24621E-09
 8.84621E-14 8.77527E-13 7.95982E-08 2.39257E-13 5.79035E-04 9.79141E-15 8.78496E-12 1.05702E-08
 2.57059E-06 1.69092E-18 1.11589E-06 9.91594E-04 5.32865E-06 1.01425E-07 1.17455E-10 3.38257E-06
 6.29968E-13 6.15801E-10 6.62750E-19 2.58268E-09 1.80739E-10 1.44956E-13 4.20135E-13 1.59775E-17
 1.50482E-06 7.83056E-10 2.11511E-17 2.87350E-12 8.57146E-08 1.28030E-09 1.14780E-10 1.65725E-18
 2.97338E-17 1.26146E-09 1.05748E-13 6.85897E-13 8.60145E-08 3.23649E-13 5.79534E-04 1.21396E-14
 1.01268E-11 1.19404E-08 2.84645E-06 2.36588E-18 1.17480E-06 9.90694E-04 5.58365E-06 1.09011E-07
 1.31752E-10 3.35970E-06 7.75044E-13 7.34539E-10 8.37453E-19 2.66885E-09 2.26353E-10 1.72734E-13
 5.67552E-13 2.34753E-17 1.49566E-06 9.99770E-10 2.74963E-17 3.63736E-12 9.45217E-08 1.41466E-09
 9.08617E-11 1.56472E-18 3.91359E-17 1.27266E-09 1.25876E-13 5.32820E-13 9.24869E-08 4.34412E-13
 5.80042E-04 1.50248E-14 1.17194E-11 1.34567E-08 3.12581E-06 3.30440E-18 1.23422E-06 9.89759E-04
 5.84649E-06 1.16924E-07 1.47455E-10 3.33603E-06 9.69761E-13 8.80275E-10 1.07384E-18 2.74266E-09
 2.83744E-10 2.05020E-13 7.66881E-13 3.32375E-17 1.48619E-06 1.25905E-09 3.56457E-17 4.51801E-12
 1.03613E-07 1.53763E-09 7.08744E-11 1.46645E-18 5.14494E-17 1.28020E-09 1.51461E-13 4.10403E-13
 9.90690E-08 5.80042E-13 5.80556E-04 1.85915E-14 1.36413E-11 1.51420E-08 3.40456E-06 4.62054E-18
 1.29402E-06 9.88788E-04 6.11678E-06 1.25285E-07 1.65067E-10 3.31160E-06 1.23270E-12 1.06108E-09
 1.39468E-18 2.80280E-09 3.51169E-10 2.43853E-13 1.04047E-12 4.45912E-17 1.47641E-06 1.56522E-09
 4.61028E-17 5.51411E-12 1.12983E-07 1.64373E-09 5.44493E-11 1.36276E-18 6.71632E-17 1.28450E-09
 1.90886E-13 3.12754E-13 1.05803E-07 7.71463E-13 5.81075E-04 2.30293E-14 1.59931E-11 1.70214E-08
 3.67758E-06 6.48048E-18 1.35403E-06 9.87784E-04 6.39392E-06 1.34209E-07 1.85094E-10 3.28648E-06
 1.58848E-12 1.28517E-09 1.83098E-18 2.84749E-09 4.26864E-10 2.91146E-13 1.41495E-12 5.62253E-17
 1.46633E-06 1.92188E-09 5.95217E-17 6.62150E-12 1.22619E-07 1.72745E-09 4.11929E-11 1.25464E-18
 8.67221E-17 1.28597E-09 2.60282E-13 2.35439E-13 1.12705E-07 1.02040E-12 5.81596E-04 2.85597E-14
 1.88779E-11 1.91222E-08 3.93893E-06 9.10774E-18 1.41405E-06 9.86748E-04 6.67705E-06 1.43799E-07
 2.07646E-10 3.26080E-06 2.06901E-12 1.55717E-09 2.42712E-18 2.87423E-09 5.12433E-10 3.46249E-13
 1.90876E-12 6.76185E-17 1.45598E-06 2.33141E-09 7.67538E-17 7.82887E-12 1.32502E-07 1.78381E-09
 3.06980E-11 1.14371E-18 1.10969E-16 1.28506E-09 3.78731E-13 1.75070E-13 1.19822E-07 1.34064E-12
 5.82119E-04 3.54712E-14 2.24275E-11 2.14897E-08 4.18374E-06 1.28192E-17 1.47427E-06 9.85675E-04
 6.96709E-06 1.54212E-07 2.32824E-10 3.23449E-06 2.71818E-12 1.88129E-09 3.24857E-18 2.88022E-09
 6.11614E-10 4.07503E-13 2.53482E-12 7.87667E-17 1.44531E-06 2.79742E-09 9.89483E-17 9.12034E-12
 1.42675E-07 1.80913E-09 2.25011E-11 1.02973E-18 1.41025E-16 1.28219E-09 5.68164E-13 1.28333E-13
 1.27153E-07 1.74976E-12 5.82639E-04 4.41507E-14 2.68270E-11 2.41579E-08 4.40475E-06 1.80776E-17
 1.53442E-06 9.84568E-04 7.26278E-06 1.65527E-07 2.60977E-10 3.20771E-06 3.59175E-12 2.25990E-09
 4.38122E-18 2.86247E-09 7.25908E-10 4.73031E-13 3.29264E-12 8.89640E-17 1.43437E-06 3.31835E-09
 1.27556E-16 1.04718E-11 1.53107E-07 1.80047E-09 1.62339E-11 9.16093E-19 1.77882E-16 1.27775E-09
 8.37425E-13 9.27355E-14 1.34713E-07 2.26965E-12 5.83153E-04 5.51175E-14 3.23199E-11 2.71718E-08
 4.59529E-06 2.55585E-17 1.59441E-06 9.83429E-04 7.56359E-06 1.77838E-07 2.92535E-10 3.18055E-06
 4.76470E-12 2.69442E-09 5.94826E-18 2.81872E-09 8.56264E-10 5.40385E-13 4.16614E-12 9.75044E-17
 1.42315E-06 3.89081E-09 1.64508E-16 1.18512E-11 1.63798E-07 1.75677E-09 1.15306E-11 8.05265E-19
 2.22587E-16 1.27213E-09 1.24155E-12 6.60080E-14 1.42521E-07 2.92715E-12 5.83659E-04 6.90510E-14
 3.92155E-11 3.05857E-08 4.74900E-06 3.62412E-17 1.65423E-06 9.82255E-04 7.86937E-06 1.91230E-07
 3.27897E-10 3.15306E-06 6.33830E-12 3.18428E-09 8.12813E-18 2.74772E-09 1.00298E-09 6.06108E-13
 5.11831E-12 1.03946E-16 1.41164E-06 4.50832E-09 2.12368E-16 1.32169E-11 1.74763E-07 1.67894E-09
 8.06201E-12 6.99243E-19 2.76369E-16 1.26562E-09 1.85047E-12 4.62292E-14 1.50572E-07 3.75814E-12
 5.84152E-04 8.68564E-14 4.79185E-11 3.44540E-08 4.85959E-06 5.15707E-17 1.71378E-06 9.81047E-04
 8.17946E-06 2.05734E-07 3.67599E-10 3.12532E-06 8.44812E-12 3.72729E-09 1.11731E-17 2.64986E-09
 1.16326E-09 6.66969E-13 6.09268E-12 1.07528E-16 1.39986E-06 5.15885E-09 2.74534E-16 1.45211E-11
 1.86004E-07 1.57001E-09 5.55169E-12 6.00200E-19 3.40253E-16 1.25850E-09 2.78129E-12 3.18316E-14
 1.58866E-07 4.81257E-12 5.84630E-04 1.09729E-13 5.89553E-11 3.88446E-08 4.92170E-06 7.36977E-17
 1.77311E-06 9.79803E-04 8.49397E-06 2.21359E-07 4.12271E-10 3.09735E-06 1.12833E-11 4.32198E-09
 1.54476E-17 2.52695E-09 1.33117E-09 7.20728E-13 7.02337E-12 1.07348E-16 1.38777E-06 5.82662E-09
 3.55589E-16 1.57129E-11 1.97560E-07 1.43477E-09 3.76410E-12 5.09235E-19 4.14831E-16 1.25100E-09
 4.26310E-12 2.15059E-14 1.67359E-07 6.15953E-12 5.85087E-04 1.39200E-13 7.29766E-11 4.38208E-08
 4.93067E-06 1.05784E-16 1.83216E-06 9.78521E-04 8.81239E-06 2.38004E-07 4.62434E-10 3.06920E-06
 1.51059E-11 4.96483E-09 2.14723E-17 2.38243E-09 1.49794E-09 7.65332E-13 7.83163E-12 1.02866E-16
 1.37536E-06 6.48907E-09 4.61650E-16 1.67401E-11 2.09456E-07 1.27979E-09 2.51336E-12 4.27332E-19
 5.00275E-16 1.24328E-09 6.72553E-12 1.42344E-14 1.75973E-07 7.89324E-12 5.85518E-04 1.77163E-13
 9.07487E-11 4.94444E-08 4.88322E-06 1.52409E-16 1.89087E-06 9.77201E-04 9.13425E-06 2.55452E-07
 5.18234E-10 3.04092E-06 2.02884E-11 5.65052E-09 2.99986E-17 2.22082E-09 1.65373E-09 7.98619E-13
 8.43554E-12 9.43278E-17 1.36263E-06 7.11857E-09 6.00886E-16 1.75513E-11 2.21728E-07 1.11285E-09
 1.65277E-12 3.54827E-19 5.96533E-16 1.23548E-09 1.08165E-11 9.21462E-15 1.84583E-07 1.01407E-11
 5.85914E-04 2.25861E-13 1.13122E-10 5.57608E-08 4.77798E-06 2.20092E-16 1.94911E-06 9.75842E-04
 9.45863E-06 2.73306E-07 5.79250E-10 3.01254E-06 2.73576E-11 6.37121E-09 4.20898E-17 2.04749E-09
 1.78820E-09 8.18558E-13 8.76104E-12 8.26218E-17 1.34955E-06 7.68286E-09 7.83986E-16 1.81004E-11
 2.34408E-07 9.42329E-10 1.07063E-12 2.91689E-19 7.03311E-16 1.22770E-09 1.68777E-11 5.82765E-15
 1.93033E-07 1.30662E-11 5.86268E-04 2.87773E-13 1.40970E-10 6.27964E-08 4.61588E-06 3.17912E-16
 2.00677E-06 9.74444E-04 9.78460E-06 2.90994E-07 6.44287E-10 2.98408E-06 3.70535E-11 7.11807E-09
 5.91926E-17 1.86790E-09 1.89133E-09 8.23936E-13 8.75748E-12 6.89592E-17 1.33612E-06 8.14858E-09
 1.02438E-15 1.83489E-11 2.47538E-07 7.76229E-10 6.82898E-13 2.37327E-19 8.19871E-16 1.22002E-09
 2.25195E-11 3.59705E-15 2.01073E-07 1.68660E-11 5.86567E-04 3.65451E-13 1.74984E-10 7.04755E-08
 4.40249E-06 4.57986E-16 2.06322E-06 9.73018E-04 1.01082E-05 3.07607E-07 7.11218E-10 2.95580E-06
 5.03323E-11 7.87386E-09 8.31114E-17 1.68874E-09 1.95458E-09 8.13512E-13 8.40398E-12 5.49189E-17
 1.32243E-06 8.48202E-09 1.33777E-15 1.82826E-11 2.61047E-07 6.22673E-10 4.30324E-13 1.91657E-19
 9.45689E-16 1.21255E-09 2.76984E-11 2.17540E-15 2.08487E-07 2.17442E-11 5.86796E-04 4.61171E-13
 2.15538E-10 7.86842E-08 4.14667E-06 6.55916E-16 2.11805E-06 9.71572E-04 1.04265E-05 3.22180E-07
 7.77049E-10 2.92782E-06 6.83899E-11 8.62149E-09 1.15901E-16 1.51542E-09 1.97403E-09 7.87337E-13
 7.73542E-12 4.18739E-17 1.30854E-06 8.66093E-09 1.74120E-15 1.79081E-11 2.74902E-07 4.87287E-10
 2.68641E-13 1.53895E-19 1.08050E-15 1.20534E-09 3.24000E-11 1.29554E-15 2.15144E-07 2.78601E-11
 5.86946E-04 5.76409E-13 2.62545E-10 8.73146E-08 3.85801E-06 9.30906E-16 2.17134E-06 9.70099E-04
 1.07390E-05 3.33852E-07 8.38075E-10 2.90002E-06 9.26331E-11 9.34844E-09 1.59545E-16 1.35087E-09
 1.95065E-09 7.46683E-13 6.83426E-12 3.07042E-17 1.29436E-06 8.67710E-09 2.25129E-15 1.72477E-11
 2.89181E-07 3.72396E-10 1.66013E-13 1.22626E-19 1.22449E-15 1.19838E-09 3.66554E-11 7.62094E-16
 2.20913E-07 3.52978E-11 5.87001E-04 7.12067E-13 3.15317E-10 9.61542E-08 3.54922E-06 1.30607E-15
 2.22291E-06 9.68600E-04 1.10436E-05 3.41804E-07 8.91144E-10 2.87240E-06 1.24453E-10 1.00384E-08
 2.15397E-16 1.19775E-09 1.88882E-09 6.93827E-13 5.80654E-12 2.18300E-17 1.27988E-06 8.53562E-09
 2.88287E-15 1.63625E-11 3.03889E-07 2.78774E-10 1.01656E-13 9.68970E-20 1.37850E-15 1.19165E-09
 4.04741E-11 4.45095E-16 2.25713E-07 4.40511E-11 5.86944E-04 8.68741E-13 3.72658E-10 1.04934E-07
 3.23377E-06 1.80925E-15 2.27260E-06 9.67077E-04 1.13380E-05 3.45484E-07 9.34477E-10 2.84494E-06
 1.65037E-10 1.06765E-08 2.83733E-16 1.05760E-09 1.79564E-09 6.32253E-13 4.75994E-12 1.52002E-17
 1.26511E-06 8.25595E-09 3.64919E-15 1.53371E-11 3.19022E-07 2.05233E-10 6.17280E-14 7.58479E-20
 1.54373E-15 1.18514E-09 4.38691E-11 2.59192E-16 2.29506E-07 5.40353E-11 5.86760E-04 1.04715E-12
 4.32988E-10 1.13348E-07 2.92438E-06 2.47390E-15 2.32031E-06 9.65528E-04 1.16196E-05 3.44713E-07
 9.67825E-10 2.81765E-06 2.15202E-10 1.12497E-08 3.63668E-16 9.31034E-10 1.68012E-09 5.65707E-13
 3.78358E-12 1.05031E-17 1.25001E-06 7.86834E-09 4.56398E-15 1.42621E-11 3.34565E-07 1.49257E-10
 3.71751E-14 5.87144E-20 1.72256E-15 1.17883E-09 4.68557E-11 1.50842E-16 2.32275E-07 6.52017E-11
 5.86433E-04 1.24954E-12 4.94640E-10 1.21032E-07 2.63369E-06 3.34237E-15 2.36562E-06 9.63967E-04
 1.18841E-05 3.39740E-07 9.93137E-10 2.79074E-06 2.75226E-10 1.17447E-08 4.53523E-16 8.18793E-10
 1.55177E-09 4.98262E-13 2.93622E-12 7.31318E-18 1.23470E-06 7.41203E-09 5.64631E-15 1.32318E-11
 3.50374E-07 1.07975E-10 2.22835E-14 4.50094E-20 1.91806E-15 1.17273E-09 4.94301E-11 8.80434E-17
 2.34063E-07 7.75901E-11 5.85950E-04 1.47972E-12 5.56236E-10 1.27687E-07 2.37008E-06 4.46964E-15
 2.40828E-06 9.62401E-04 1.21279E-05 3.31203E-07 1.01339E-09 2.76436E-06 3.45012E-10 1.21545E-08
 5.51420E-16 7.20651E-10 1.41847E-09 4.33496E-13 2.24040E-12 5.19551E-18 1.21926E-06 6.92562E-09
 6.92411E-15 1.23126E-11 3.66330E-07 7.82037E-11 1.33383E-14 3.42193E-20 2.13332E-15 1.16684E-09
 5.16020E-11 5.16413E-17 2.34953E-07 9.13191E-11 5.85296E-04 1.74263E-12 6.16834E-10 1.33143E-07
 2.13645E-06 5.92664E-15 2.44842E-06 9.60830E-04 1.23495E-05 3.19899E-07 1.03133E-09 2.73848E-06
 4.24303E-10 1.24791E-08 6.55615E-16 6.35286E-10 1.28548E-09 3.73755E-13 1.69022E-12 3.79515E-18
 1.20367E-06 6.43896E-09 8.43570E-15 1.15348E-11 3.82426E-07 5.69324E-11 7.97427E-15 2.57835E-20
 2.37132E-15 1.16113E-09 5.33985E-11 3.03957E-17 2.35045E-07 1.06653E-10 5.84459E-04 2.04508E-12
 6.75964E-10 1.37292E-07 1.93332E-06 7.80677E-15 2.48608E-06 9.59253E-04 1.25473E-05 3.06683E-07
 1.04970E-09 2.71315E-06 5.12719E-10 1.27200E-08 7.64802E-16 5.61441E-10 1.15627E-09 3.20389E-13
 1.26650E-12 2.86394E-18 1.18795E-06 5.97557E-09 1.02325E-14 1.09122E-11 3.98628E-07 4.18127E-11
 4.76641E-15 1.92635E-20 2.63472E-15 1.15555E-09 5.48405E-11 1.79368E-17 2.34449E-07 1.23998E-10
 5.83425E-04 2.39565E-12 7.33621E-10 1.40110E-07 1.75899E-06 1.02338E-14 2.52139E-06 9.57671E-04
 1.27201E-05 2.92343E-07 1.07105E-09 2.68837E-06 6.09870E-10 1.28804E-08 8.77971E-16 4.97735E-10
 1.03279E-09 2.73901E-13 9.44886E-13 2.23331E-18 1.17209E-06 5.55137E-09 1.23799E-14 1.04447E-11
 4.14923E-07 3.10550E-11 2.85029E-15 1.42813E-20 2.92486E-15 1.15009E-09 5.59481E-11 1.06002E-17
 2.33269E-07 1.43834E-10 5.82176E-04 2.80420E-12 7.89994E-10 1.41638E-07 1.61028E-06 1.33675E-14
 2.55457E-06 9.56078E-04 1.28672E-05 2.77483E-07 1.09714E-09 2.66407E-06 7.15378E-10 1.29639E-08
 9.94365E-16 4.42666E-10 9.16511E-10 2.33959E-13 7.02900E-13 1.79832E-18 1.15604E-06 5.17525E-09
 1.49589E-14 1.01232E-11 4.31352E-07 2.33431E-11 1.70347E-15 1.05017E-20 3.24348E-15 1.14469E-09
 5.67413E-11 6.26014E-18 2.31592E-07 1.66658E-10 5.80694E-04 3.28197E-12 8.45119E-10 1.41950E-07
 1.48402E-06 1.74054E-14 2.58578E-06 9.54472E-04 1.29876E-05 2.62553E-07 1.12859E-09 2.64023E-06
 8.28858E-10 1.29722E-08 1.11410E-15 3.94961E-10 8.09461E-10 1.99647E-13 5.23015E-13 1.50192E-18
 1.13978E-06 4.85291E-09 1.80736E-14 9.93866E-12 4.47939E-07 1.77663E-11 1.01633E-15 7.65674E-21
 3.59719E-15 1.13932E-09 5.72339E-11 3.68857E-18 2.29501E-07 1.93060E-10 5.78970E-04 3.84297E-12
 8.98958E-10 1.41144E-07 1.37777E-06 2.25938E-14 2.61500E-06 9.52859E-04 1.30795E-05 2.47944E-07
 1.16566E-09 2.61697E-06 9.49968E-10 1.29071E-08 1.23841E-15 3.53753E-10 7.13329E-10 1.70080E-13
 3.91172E-13 1.31028E-18 1.12339E-06 4.58946E-09 2.18583E-14 9.88769E-12 4.64600E-07 1.37120E-11
 6.06335E-16 5.54847E-21 3.99701E-15 1.13397E-09 5.74347E-11 2.17160E-18 2.27063E-07 2.23768E-10
 5.76995E-04 4.50431E-12 9.51649E-10 1.39345E-07 1.28875E-06 2.92513E-14 2.64225E-06 9.51245E-04
 1.31418E-05 2.33901E-07 1.20880E-09 2.59436E-06 1.07837E-09 1.27723E-08 1.36844E-15 3.18137E-10
 6.27796E-10 1.44623E-13 2.94783E-13 1.19621E-18 1.10691E-06 4.38737E-09 2.64812E-14 9.96671E-12
 4.81284E-07 1.07352E-11 3.62057E-16 4.00569E-21 4.45317E-15 1.12863E-09 5.73532E-11 1.27916E-18
 2.24332E-07 2.59717E-10 5.74752E-04 5.28706E-12 1.00356E-09 1.36677E-07 1.21413E-06 3.77987E-14
 2.66767E-06 9.49630E-04 1.31736E-05 2.20554E-07 1.25915E-09 2.57240E-06 1.21359E-09 1.25724E-08
 1.50455E-15 2.87220E-10 5.51261E-10 1.22826E-13 2.23657E-13 1.13807E-18 1.09035E-06 4.24814E-09
 3.21496E-14 1.01734E-11 4.97987E-07 8.51791E-12 2.16321E-16 2.88657E-21 4.97240E-15 1.12329E-09
 5.69978E-11 7.54385E-19 2.21344E-07 3.01998E-10 5.72230E-04 6.21671E-12 1.05494E-09 1.33266E-07
 1.15161E-06 4.87750E-14 2.69133E-06 9.48016E-04 1.31741E-05 2.07977E-07 1.31775E-09 2.55113E-06
 1.35495E-09 1.23118E-08 1.64709E-15 2.60268E-10 4.82340E-10 1.04203E-13 1.70703E-13 1.12534E-18
 1.07372E-06 4.17442E-09 3.91248E-14 1.05097E-11 5.14688E-07 6.84304E-12 1.29331E-16 2.08238E-21
 5.56373E-15 1.11792E-09 5.63747E-11 4.46341E-19 2.18113E-07 3.51735E-10 5.69407E-04 7.32303E-12
 1.10572E-09 1.29216E-07 1.09921E-06 6.28491E-14 2.71338E-06 9.46401E-04 1.31423E-05 1.96158E-07
 1.38487E-09 2.53050E-06 1.50149E-09 1.19942E-08 1.79683E-15 2.36609E-10 4.19882E-10 8.82174E-14
 1.30952E-13 1.15814E-18 1.05701E-06 4.17080E-09 4.77460E-14 1.09822E-11 5.31402E-07 5.55756E-12
 7.72526E-17 1.50753E-21 6.24325E-15 1.11251E-09 5.54864E-11 2.65458E-19 2.14669E-07 4.10550E-10
 5.66287E-04 8.64581E-12 1.15618E-09 1.24661E-07 1.05565E-06 8.09217E-14 2.73376E-06 9.44797E-04
 1.30775E-05 1.85152E-07 1.46224E-09 2.51067E-06 1.65207E-09 1.16246E-08 1.95426E-15 2.15866E-10
 3.63241E-10 7.45585E-14 1.00904E-13 1.23710E-18 1.04034E-06 4.24460E-09 5.84392E-14 1.16037E-11
 5.47998E-07 4.56205E-12 4.62121E-17 1.10385E-21 7.02413E-15 1.10706E-09 5.43419E-11 1.59847E-19
 2.11018E-07 4.80336E-10 5.62865E-04 1.02341E-11 1.20650E-09 1.19711E-07 1.01968E-06 1.04166E-13
 2.75253E-06 9.43211E-04 1.29793E-05 1.74933E-07 1.55162E-09 2.49169E-06 1.80515E-09 1.12079E-08
 2.11957E-15 1.97636E-10 3.11811E-10 6.29101E-14 7.79717E-14 1.36881E-18 1.02377E-06 4.40612E-09
 7.17569E-14 1.23923E-11 5.64415E-07 3.78173E-12 2.77082E-17 8.24511E-22 7.92244E-15 1.10159E-09
 5.29475E-11 9.82383E-20 2.07142E-07 5.63342E-10 5.59133E-04 1.21503E-11 1.25677E-09 1.14467E-07
 9.90377E-07 1.34117E-13 2.76977E-06 9.41645E-04 1.28472E-05 1.65445E-07 1.65485E-09 2.47357E-06
 1.95872E-09 1.07487E-08 2.29327E-15 1.81580E-10 2.65252E-10 5.29772E-14 6.03489E-14 1.56903E-18
 1.00732E-06 4.67009E-09 8.84323E-14 1.33754E-11 5.80602E-07 3.16367E-12 1.66643E-17 6.34835E-22
 8.96020E-15 1.09608E-09 5.13078E-11 6.22519E-20 2.03004E-07 6.62234E-10 5.55088E-04 1.44750E-11
 1.30700E-09 1.09029E-07 9.67145E-07 1.72804E-13 2.78553E-06 9.40105E-04 1.26811E-05 1.56623E-07
 1.77373E-09 2.45634E-06 2.11045E-09 1.02523E-08 2.47675E-15 1.67453E-10 2.23459E-10 4.44995E-14
 4.67721E-14 1.86839E-18 9.91039E-07 5.05633E-09 1.09459E-13 1.45928E-11 5.96490E-07 2.67132E-12
 1.00717E-17 5.10099E-22 1.01691E-14 1.09054E-09 4.94285E-11 4.11776E-20 1.98511E-07 7.80073E-10
 5.50694E-04 1.73132E-11 1.35708E-09 1.03453E-07 9.49489E-07 2.22909E-13 2.80000E-06 9.38585E-04
 1.24794E-05 1.48335E-07 1.90994E-09 2.43992E-06 2.25710E-09 9.72177E-09 2.67174E-15 1.54976E-10
 1.86124E-10 3.72395E-14 3.62414E-14 2.32455E-18 9.74866E-07 5.59489E-09 1.36239E-13 1.61054E-11
 6.12124E-07 2.27599E-12 6.11067E-18 4.31524E-22 1.15942E-14 1.08492E-09 4.72990E-11 2.86866E-20
 1.93563E-07 9.20524E-10 5.45925E-04 2.08078E-11 1.40715E-09 9.78114E-08 9.37154E-07 2.88109E-13
 2.81327E-06 9.37083E-04 1.22406E-05 1.40482E-07 2.06558E-09 2.42425E-06 2.39485E-09 9.16185E-09
 2.88115E-15 1.43985E-10 1.53087E-10 3.10164E-14 2.80388E-14 3.04291E-18 9.58778E-07 6.32506E-09
 1.70758E-13 1.79991E-11 6.27480E-07 1.95845E-12 3.72408E-18 3.86617E-22 1.32978E-14 1.07921E-09
 4.49108E-11 2.11767E-20 1.88057E-07 1.08792E-09 5.40773E-04 2.51582E-11 1.45790E-09 9.22021E-08
 9.29944E-07 3.73621E-13 2.82539E-06 9.35606E-04 1.19644E-05 1.33001E-07 2.24335E-09 2.40939E-06
 2.51939E-09 8.57942E-09 3.10925E-15 1.34404E-10 1.24261E-10 2.56939E-14 2.16391E-14 4.22126E-18
 9.42828E-07 7.29502E-09 2.15885E-13 2.03927E-11 6.42458E-07 1.70543E-12 2.28751E-18 3.66999E-22
 1.53630E-14 1.07342E-09 4.22626E-11 1.65758E-20 1.81872E-07 1.28708E-09 5.35227E-04 3.06473E-11
 1.51074E-09 8.67218E-08 9.27593E-07 4.87005E-13 2.83642E-06 9.34157E-04 1.16503E-05 1.25825E-07
 2.44622E-09 2.39535E-06 2.62558E-09 7.98237E-09 3.36189E-15 1.26179E-10 9.94819E-11 2.11565E-14
 1.66385E-14 6.26105E-18 9.27063E-07 8.56614E-09 2.75890E-13 2.34565E-11 6.56949E-07 1.50700E-12
 1.42278E-18 3.66809E-22 1.79065E-14 1.06753E-09 3.93512E-11 1.36753E-20 1.74844E-07 1.52262E-09
 5.29257E-04 3.76854E-11 1.56792E-09 8.14476E-08 9.29749E-07 6.39320E-13 2.84643E-06 9.32738E-04
 1.12969E-05 1.18859E-07 2.67607E-09 2.38210E-06 2.70719E-09 7.37816E-09 3.64800E-15 1.19242E-10
 7.84539E-11 1.72941E-14 1.27204E-14 1.00763E-17 9.11473E-07 1.02213E-08 3.57431E-13 2.74506E-11
 6.70880E-07 1.35567E-12 8.99929E-19 3.82074E-22 2.11096E-14 1.06154E-09 3.61604E-11 1.17765E-20
 1.66852E-07 1.79955E-09 5.22871E-04 4.69013E-11 1.63397E-09 7.64877E-08 9.35821E-07 8.47951E-13
 2.85546E-06 9.31358E-04 1.09056E-05 1.12043E-07 2.93594E-09 2.36970E-06 2.75821E-09 6.77787E-09
 3.97974E-15 1.13586E-10 6.09548E-11 1.40428E-14 9.66921E-15 1.78404E-17 8.96159E-07 1.23528E-08
 4.70944E-13 3.27502E-11 6.84057E-07 1.24717E-12 5.83752E-19 4.11127E-22 2.52102E-14 1.05548E-09
 3.26920E-11 1.04971E-20 1.57765E-07 2.12344E-09 5.16059E-04 5.92887E-11 1.71581E-09 7.19194E-08
 9.45136E-07 1.14074E-12 2.86356E-06 9.30021E-04 1.04770E-05 1.05256E-07 3.22934E-09 2.35818E-06
 2.77314E-09 6.19122E-09 4.37412E-15 1.09170E-10 4.66422E-11 1.13523E-14 7.31186E-15 3.58033E-17
 8.81181E-07 1.50783E-08 6.33499E-13 3.99363E-11 6.96303E-07 1.17888E-12 3.91390E-19 4.54123E-22
 3.05206E-14 1.04935E-09 2.89367E-11 9.62596E-21 1.47372E-07 2.49817E-09 5.08768E-04 7.64467E-11
 1.82207E-09 6.77709E-08 9.57525E-07 1.56107E-12 2.87083E-06 9.28728E-04 1.00098E-05 9.82355E-08
 3.55017E-09 2.34748E-06 2.74837E-09 5.62296E-09 4.86455E-15 1.05919E-10 3.50792E-11 9.15370E-15
 5.50443E-15 8.82687E-17 8.66515E-07 1.85607E-08 8.74935E-13 4.99942E-11 7.07476E-07 1.15077E-12
 2.72423E-19 5.12836E-22 3.75756E-14 1.04313E-09 2.48569E-11 9.05214E-21 1.35464E-07 2.92574E-09
 5.00963E-04 1.01041E-10 1.96367E-09 6.40501E-08 9.73730E-07 2.17738E-12 2.87734E-06 9.27481E-04
 9.50454E-06 9.05940E-08 3.87477E-09 2.33760E-06 2.68551E-09 5.07531E-09 5.51519E-15 1.03743E-10
 2.58744E-11 7.39188E-15 4.13902E-15 2.78808E-16 8.52211E-07 2.29918E-08 1.24962E-12 6.46238E-11
 7.17334E-07 1.16555E-12 1.97264E-19 5.90908E-22 4.72994E-14 1.03682E-09 2.04193E-11 8.72560E-21
 1.21914E-07 3.40497E-09 4.92638E-04 1.37624E-10 2.15326E-09 6.07178E-08 9.96099E-07 3.09615E-12
 2.88314E-06 9.26293E-04 8.96494E-06 8.18371E-08 4.14821E-09 2.32860E-06 2.59264E-09 4.54781E-09
 6.44957E-15 1.02489E-10 1.86674E-11 6.03161E-15 3.13035E-15 9.73430E-16 8.38395E-07 2.85787E-08
 1.86215E-12 8.69069E-11 7.25540E-07 1.22678E-12 1.48298E-19 6.93361E-22 6.14421E-14 1.03047E-09
 1.55990E-11 8.62966E-21 1.06841E-07 3.93785E-09 4.83783E-04 1.94182E-10 2.40271E-09 5.76266E-08
 1.02943E-06 4.48449E-12 2.88828E-06 9.25176E-04 8.39702E-06 7.14756E-08 4.28623E-09 2.32052E-06
 2.48294E-09 4.03731E-09 7.89011E-15 1.01867E-10 1.31023E-11 5.08072E-15 2.40536E-15 3.08475E-15
 8.25216E-07 3.55412E-08 2.92259E-12 1.22575E-10 7.31720E-07 1.33448E-12 1.14776E-19 8.24884E-22
 8.32168E-14 1.02413E-09 1.03578E-11 8.75573E-21 9.09682E-08 4.55796E-09 4.74409E-04 2.84891E-10
 2.71648E-09 5.44662E-08 1.08160E-06 6.62414E-12 2.89279E-06 9.24144E-04 7.81136E-06 5.93613E-08
 4.21772E-09 2.31342E-06 2.37440E-09 3.54161E-09 1.02028E-14 1.01376E-10 8.86387E-12 4.60890E-15
 1.90354E-15 8.22752E-15 8.12873E-07 4.40432E-08 4.85167E-12 1.81684E-10 7.35499E-07 1.47670E-12
 9.01745E-20 9.85064E-22 1.17422E-13 1.01787E-09 4.64710E-12 9.06402E-21 7.56821E-08 5.39370E-09
 4.64512E-04 4.35111E-10 3.07874E-09 5.07115E-08 1.16455E-06 1.00575E-11 2.89672E-06 9.23213E-04
 7.22270E-06 4.60374E-08 3.95913E-09 2.30734E-06 2.29077E-09 3.05880E-09 1.39291E-14 1.00276E-10
 5.68571E-12 4.72621E-15 1.57239E-15 1.89284E-14 8.01581E-07 5.40964E-08 8.45250E-12 2.79796E-10
 7.36637E-07 1.62115E-12 7.03893E-20 1.15801E-21 1.67516E-13 1.01182E-09 1.81950E-12 9.41194E-21
 6.20785E-08 6.68678E-09 4.53995E-04 6.90090E-10 3.43953E-09 4.57387E-08 1.29742E-06 1.58231E-11
 2.90008E-06 9.22395E-04 6.64761E-06 3.26850E-08 3.56586E-09 2.30230E-06 2.25661E-09 2.58875E-09
 2.00292E-14 9.77314E-11 3.37420E-12 5.55568E-15 1.36612E-15 3.94220E-14 7.91519E-07 6.54566E-08
 1.52865E-11 4.41531E-10 7.35170E-07 1.72172E-12 5.27988E-20 1.30193E-21 2.33105E-13 1.00611E-09
 1.03419E-12 9.60003E-21 5.04471E-08 8.80906E-09 4.42816E-04 1.12877E-09 3.72727E-09 3.93122E-08
 1.50736E-06 2.59210E-11 2.90286E-06 9.21714E-04 6.11605E-06 2.09290E-08 3.07803E-09 2.29837E-06
 2.28864E-09 2.14650E-09 3.03717E-14 9.31604E-11 1.81896E-12 7.31673E-15 1.24980E-15 7.54834E-14
 7.83037E-07 7.72392E-08 2.85262E-11 7.07304E-10 7.31589E-07 1.73296E-12 3.66088E-20 1.36285E-21
 3.09087E-13 1.00098E-09 1.00584E-12 9.53974E-21 4.07809E-08 1.25537E-08 4.30870E-04 1.90282E-09
 3.90615E-09 3.20179E-08 1.83230E-06 4.51361E-11 2.90496E-06 9.21201E-04 5.67071E-06 1.20520E-08
 2.56618E-09 2.29560E-06 2.40115E-09 1.74484E-09 4.88336E-14 8.66327E-11 8.78750E-13 1.04486E-14
 1.19428E-15 1.30319E-13 7.76568E-07 8.76856E-08 5.50072E-11 1.13670E-09 7.27156E-07 1.62095E-12
 2.26752E-20 1.31125E-21 3.76515E-13 9.96805E-10 1.30475E-12 9.16206E-21 3.35823E-08 2.34199E-08
 4.17895E-04 3.61772E-09 3.96188E-09 2.54759E-08 2.31817E-06 9.99854E-11 2.90623E-06 9.20896E-04
 5.37768E-06 6.24101E-09 2.12800E-09 2.29410E-06 2.76213E-09 1.23168E-09 9.54509E-14 7.94618E-11
 3.50860E-13 1.71317E-14 1.17476E-15 1.88543E-13 7.72682E-07 9.37684E-08 1.21733E-10 1.71241E-09
 7.24317E-07 1.37870E-12 1.23721E-20 1.08428E-21 3.90690E-13 9.94152E-10 1.75041E-12 7.62932E-21
 3.00200E+02 2.97525E+02 2.94806E+02 2.92020E+02 2.89171E+02 2.86240E+02 2.83218E+02 2.80094E+02
 2.76843E+02 2.73527E+02 2.70737E+02 2.68753E+02 2.67012E+02 2.65260E+02 2.63544E+02 2.61812E+02
 2.60073E+02 2.58443E+02 2.56930E+02 2.55503E+02 2.54054E+02 2.52593E+02 2.51225E+02 2.50378E+02
 2.49217E+02 2.48044E+02 2.47950E+02 2.47658E+02 2.46742E+02 2.45793E+02 2.44942E+02 2.44090E+02
 2.43278E+02 2.42554E+02 2.41931E+02 2.41423E+02 2.41058E+02 2.40843E+02 2.40778E+02 2.40871E+02
 2.41066E+02 2.41297E+02 2.41507E+02 2.41655E+02 2.41722E+02 2.41707E+02 2.41622E+02 2.41531E+02
 2.41566E+02 2.41800E+02 2.42146E+02 2.42509E+02 2.42887E+02 2.43276E+02 2.43655E+02 2.44038E+02
 2.44459E+02 2.44950E+02 2.45528E+02 2.46200E+02 2.46975E+02 2.47845E+02 2.48790E+02 2.49783E+02
 2.50792E+02 2.51788E+02 2.52734E+02 2.53598E+02 2.54366E+02 2.55033E+02 2.55607E+02 2.56115E+02
 2.56573E+02 2.56951E+02 2.57202E+02 2.57306E+02 2.57287E+02 2.57157E+02 2.56895E+02 2.56517E+02
 2.56034E+02 2.55442E+02 2.54725E+02 2.53852E+02 2.52788E+02 2.51499E+02 2.49950E+02 2.48077E+02
 2.45850E+02 2.43273E+02 2.40273E+02 2.36725E+02 2.32403E+02 2.27064E+02 2.20724E+02 2.14021E+02
 2.07521E+02 2.01219E+02 1.95108E+02 1.89183E+02 1.00000E+05 1.00000E+05 1.00000E+05 1.00000E+05
 1.00000E+05 1.00000E+05 1.00000E+05 1.00000E+05 1.00000E+05 1.00000E+05 1.00000E+05 1.00000E+05
 1.00000E+05 1.00000E+05 1.00000E+05 1.00000E+05 1.00000E+05 1.00000E+05 1.00000E+05 1.00000E+05
 9.35467E+04 8.88533E+04 6.92150E+04 5.12372E+04 3.32594E+04 2.69817E+04 1.52439E+04 1.46933E+04
 9.84000E+03 8.69733E+03 6.54267E+03 5.98850E+03 5.25650E+03 4.52450E+03 4.43583E+03 4.04694E+03
 4.04444E+03 3.89333E+03 3.91944E+03 3.89722E+03 3.94950E+03 3.99350E+03 4.03750E+03 4.28567E+03
 4.43856E+03 4.70483E+03 4.92750E+03 5.20761E+03 5.47206E+03 5.81300E+03 6.14544E+03 6.47789E+03
 6.89450E+03 7.27183E+03 7.72067E+03 8.14200E+03 8.59633E+03 9.04167E+03 9.50800E+03 9.97200E+03
 1.04360E+04 1.10717E+04 1.16272E+04 1.21539E+04 1.26917E+04 1.31867E+04 1.36933E+04 1.43800E+04
 1.50467E+04 1.57133E+04 1.64300E+04 1.71233E+04 1.77661E+04 1.84283E+04 1.92800E+04 2.00800E+04
 2.09800E+04 2.18689E+04 2.27578E+04 2.40383E+04 2.51361E+04 2.66239E+04 2.79617E+04 2.92933E+04
 3.06267E+04 3.22000E+04 3.37467E+04 3.52933E+04 3.72817E+04 3.90639E+04 4.08389E+04 4.26167E+04
 4.46878E+04 4.66789E+04 4.91700E+04 5.16056E+04 5.40411E+04 5.73183E+04 6.02028E+04 6.27694E+04
 2.34770E+19 2.18419E+19 2.03107E+19 1.88787E+19 1.75393E+19 1.62879E+19 1.51192E+19 1.40282E+19
 1.30111E+19 1.20599E+19 1.11474E+19 1.02662E+19 9.44098E+18 8.67781E+18 7.97097E+18 7.31825E+18
 6.71547E+18 6.15643E+18 5.63851E+18 5.15993E+18 4.72011E+18 4.31587E+18 3.94289E+18 3.59331E+18
 3.27770E+18 2.98872E+18 2.71281E+18 2.46420E+18 2.24356E+18 2.04227E+18 1.85768E+18 1.68928E+18
 1.53542E+18 1.39468E+18 1.26600E+18 1.14841E+18 1.04097E+18 9.42902E+17 8.53510E+17 7.72108E+17
 6.98229E+17 6.31398E+17 5.71077E+17 5.16702E+17 4.67690E+17 4.23487E+17 3.83573E+17 3.47424E+17
 3.14521E+17 2.84521E+17 2.57301E+17 2.32708E+17 2.10490E+17 1.90418E+17 1.72298E+17 1.55928E+17
 1.41118E+17 1.27704E+17 1.15552E+17 1.04545E+17 9.45773E+16 8.55572E+16 7.74039E+16 7.00428E+16
 6.34046E+16 5.74223E+16 5.20357E+16 4.71872E+16 4.28211E+16 3.88858E+16 3.53340E+16 3.21222E+16
 2.92138E+16 2.65816E+16 2.42020E+16 2.20497E+16 2.00992E+16 1.83291E+16 1.67225E+16 1.52623E+16
 1.39334E+16 1.27235E+16 1.16219E+16 1.06193E+16 9.70749E+15 8.87829E+15 8.12443E+15 7.43989E+15
 6.81792E+15 6.25171E+15 5.73693E+15 5.27055E+15 4.85127E+15 4.47747E+15 4.14242E+15 3.82998E+15
 3.52910E+15 3.24049E+15 2.96476E+15 2.70240E+15 2.01981E-14 2.28154E-14 2.84437E-14 3.71430E-14
 4.85780E-14 6.27165E-14 7.96479E-14 9.95157E-14 1.22485E-13 1.48740E-13 1.78534E-13 2.12205E-13
 2.50069E-13 2.92441E-13 3.39496E-13 3.91294E-13 4.47829E-13 5.09137E-13 5.75320E-13 6.46579E-13
 7.25796E-13 8.16152E-13 9.29166E-13 1.08960E-12 1.33898E-12 1.70869E-12 2.29641E-12 3.15302E-12
 4.29304E-12 5.86438E-12 7.88850E-12 1.04190E-11 1.33026E-11 1.66274E-11 2.01679E-11 2.37277E-11
 2.71507E-11 3.02133E-11 3.27788E-11 3.46978E-11 3.58848E-11 3.62809E-11 3.58689E-11 3.46862E-11
 3.28206E-11 3.03627E-11 2.74256E-11 2.41050E-11 2.04995E-11 1.67008E-11 1.27358E-11 9.58050E-12
 7.12617E-12 5.22455E-12 3.78106E-12 2.69366E-12 1.88839E-12 1.29991E-12 8.77738E-13 5.80266E-13
 3.74803E-13 2.37728E-13 1.47271E-13 8.88007E-14 5.20260E-14 2.94909E-14 1.61399E-14 8.57345E-15
 4.40460E-15 2.18239E-15 1.04213E-15 4.77643E-16 2.08922E-16 8.69701E-17 3.46398E-17 1.31185E-17
 4.72758E-18 1.61338E-18 5.19044E-19 1.59732E-19 4.63648E-20 1.28693E-20 3.37207E-21 8.29103E-22
 1.90155E-22 4.08919E-23 8.17949E-24 1.51138E-24 2.61437E-25 4.15793E-26 6.02356E-27 7.88058E-28
 9.35004E-29 9.91245E-30 9.50901E-31 8.13678E-32 6.09689E-33 4.11046E-34 2.41075E-35 1.20198E-36
 4.01136E-02 3.55035E-02 3.61036E-02 3.95490E-02 4.57271E-02 5.22234E-02 5.88921E-02 6.59613E-02
 7.30590E-02 7.92892E-02 8.45700E-02 9.07150E-02 9.58282E-02 1.00368E-01 1.04952E-01 1.08998E-01
 1.12188E-01 1.14959E-01 1.17133E-01 1.18842E-01 1.20253E-01 1.22133E-01 1.25737E-01 1.34170E-01
 1.50696E-01 1.75785E-01 2.12431E-01 2.63089E-01 3.25983E-01 4.05283E-01 4.95304E-01 5.94400E-01
 6.88906E-01 7.80415E-01 8.56419E-01 9.09865E-01 9.38070E-01 9.38447E-01 9.13458E-01 8.66633E-01
 8.02366E-01 7.26041E-01 6.42735E-01 5.57843E-01 4.74323E-01 3.94726E-01 3.21002E-01 2.54036E-01
 1.94297E-01 1.42088E-01 9.71614E-02 6.55422E-02 4.37863E-02 2.88431E-02 1.87605E-02 1.20141E-02
 7.56994E-03 4.68142E-03 2.83860E-03 1.68624E-03 9.78209E-04 5.57121E-04 3.10053E-04 1.67952E-04
 8.84829E-05 4.51303E-05 2.22406E-05 1.06482E-05 4.93580E-06 2.20884E-06 9.53633E-07 3.95626E-07
 1.56725E-07 5.91313E-08 2.13685E-08 7.35069E-09 2.40838E-09 7.47839E-10 2.19106E-10 6.14527E-11
 1.62672E-11 4.12018E-12 9.85856E-13 2.21558E-13 4.64958E-14 9.16002E-15 1.68090E-15 2.85493E-16
 4.54707E-17 6.67055E-18 8.93138E-19 1.08424E-19 1.19944E-20 1.19308E-21 1.08306E-22 8.84418E-24
 6.32986E-25 4.11185E-26 2.34352E-27 1.15666E-28 1.00000E-12 1.00000E-12 1.00000E-12 1.00000E-12
 1.00000E-12 1.00000E-12 1.00000E-12 1.00000E-12 1.00000E-12 1.00000E-12 1.00000E-12 1.00000E-12
 1.00000E-12 1.00000E-12 1.00000E-12 1.00000E-12 1.00000E-12 1.00000E-12 1.00000E-12 1.00000E-12
 1.00000E-12 1.00000E-12 1.00000E-12 1.00000E-12 1.00000E-12 1.00000E-12 1.00000E-12 1.00000E-12
 1.00000E-12 1.00000E-12 1.00000E-12 1.00000E-12 1.00000E-12 1.00000E-12 1.00000E-12 1.00000E-12
 1.00000E-12 1.00000E-12 1.00000E-12 1.00000E-12 1.00000E-12 1.00000E-12 1.00000E-12 1.00000E-12
 1.00000E-12 1.00000E-12 1.00000E-12 1.00000E-12 1.00000E-12 1.00000E-12 1.00000E-12 1.00000E-12
 1.00000E-12 1.00000E-12 1.00000E-12 1.00000E-12 1.00000E-12 1.00000E-12 1.00000E-12 1.00000E-12
 1.00000E-12 1.00000E-12 1.00000E-12 1.00000E-12 1.00000E-12 1.00000E-12 1.00000E-12 1.00000E-12
 1.00000E-12 1.00000E-12 1.00000E-12 1.00000E-12 1.00000E-12 1.00000E-12 1.00000E-12 1.00000E-12
 1.00000E-12 1.00000E-12 1.00000E-12 1.00000E-12 1.00000E-12 1.00000E-12 1.00000E-12 1.00000E-12
 1.00000E-12 1.00000E-12 1.00000E-12 1.00000E-12 1.00000E-12 1.00000E-12 1.00000E-12 1.00000E-12
 1.00000E-12 1.00000E-12 1.00000E-12 1.00000E-12 1.00000E-12 1.00000E-12 1.00000E-12 1.00000E-12
 1.00000E-12 1.00000E-12 1.00000E-12 1.00000E-12 1.00000E-12 1.00000E-12 1.00000E-12 1.00000E-12
 1.00000E-12 1.00000E-12 1.00000E-12 1.00000E-12 1.00000E-12 1.00000E-12 1.00000E-12 1.00000E-12
 1.00000E-12 1.00000E-12 1.00000E-12 1.00000E-12 1.00000E-12 1.00000E-12 1.00000E-12 1.00000E-12
 1.00000E-12 1.00000E-12 1.00000E-12 1.00000E-12 1.00000E-12 1.00000E-12 1.00000E-12 1.00000E-12
 1.00000E-12 1.00000E-12 1.00000E-12 1.00000E-12 1.00000E-12 1.00000E-12 1.00000E-12 1.00000E-12
 1.00000E-12 1.00000E-12 1.00000E-12 1.00000E-12 1.00000E-12 1.00000E-12 1.00000E-12 1.00000E-12
 1.00000E-12 1.00000E-12 1.00000E-12 1.00000E-12 1.00000E-12 1.00000E-12 1.00000E-12 1.00000E-12
 1.00000E-12 1.00000E-12 1.00000E-12 1.00000E-12 1.00000E-12 1.00000E-12 1.00000E-12 1.00000E-12
 1.00000E-12 1.00000E-12 1.00000E-12 1.00000E-12 1.00000E-12 1.00000E-12 1.00000E-12 1.00000E-12
 1.00000E-12 1.00000E-12 1.00000E-12 1.00000E-12 1.00000E-12 1.00000E-12 1.00000E-12 1.00000E-12
 1.00000E-12 1.00000E-12 1.00000E-12 1.00000E-12 1.00000E-12 1.00000E-12 1.00000E-12 1.00000E-12
 1.00000E-12 1.00000E-12 1.00000E-12 1.00000E-12 1.00000E-12 1.00000E-12 1.00000E-12 1.00000E-12
 1.00000E-12 1.00000E-12 1.00000E-12 1.00000E-12 2.75185E-04 2.97116E-04 3.20106E-04 3.44317E-04
 3.67024E-04 3.92204E-04 4.19808E-04 4.49380E-04 4.81729E-04 5.18644E-04 5.60267E-04 6.03248E-04
 6.51935E-04 7.06132E-04 7.64895E-04 8.29925E-04 9.02565E-04 9.82329E-04 1.07046E-03 1.16759E-03
 1.27587E-03 1.39506E-03 1.52642E-03 1.66745E-03 1.82113E-03 1.99078E-03 2.18751E-03 2.40314E-03
 2.63553E-03 2.89234E-03 3.17777E-03 3.49334E-03 3.84344E-03 4.23270E-03 4.66579E-03 5.14803E-03
 5.68560E-03 6.28505E-03 6.95314E-03 7.69516E-03 8.52016E-03 9.43510E-03 1.04477E-02 1.15610E-02
 1.27895E-02 1.41456E-02 1.56434E-02 1.73010E-02 1.91411E-02 2.11883E-02 2.34602E-02 2.59741E-02
 2.87390E-02 3.17917E-02 3.51632E-02 3.88871E-02 4.30032E-02 4.75555E-02 5.25885E-02 5.81272E-02
 6.42454E-02 7.09949E-02 7.84186E-02 8.65973E-02 9.55721E-02 1.05431E-01 1.16255E-01 1.28129E-01
 1.41147E-01 1.55414E-01 1.71046E-01 1.88154E-01 2.06913E-01 2.27472E-01 2.49978E-01 2.74609E-01
 3.01584E-01 3.31139E-01 3.63514E-01 3.99000E-01 4.37919E-01 4.80617E-01 5.27457E-01 5.78827E-01
 6.35181E-01 6.97021E-01 7.64910E-01 8.39387E-01 9.21322E-01 1.01158E+00 1.11123E+00 1.22079E+00
 1.34164E+00 1.47543E+00 1.62340E+00 1.78688E+00 1.97227E+00 2.17715E+00 2.40487E+00 2.65095E+00
 1.00000E+00 1.00000E+00 1.00000E+00 1.00000E+00 1.00000E+00 1.00000E+00 1.00000E+00 1.00000E+00
 1.00000E+00 1.00000E+00 1.00000E+00 1.00000E+00 1.00000E+00 1.00000E+00 1.00000E+00 1.00000E+00
 1.00000E+00 1.00000E+00 1.00000E+00 1.00000E+00 1.00000E+00 1.00000E+00 1.00000E+00 1.00000E+00
 1.00000E+00 1.00000E+00 1.00000E+00 1.00000E+00 1.00000E+00 1.00000E+00 1.00000E+00 1.00000E+00
 1.00000E+00 1.00000E+00 1.00000E+00 1.00000E+00 1.00000E+00 1.00000E+00 1.00000E+00 1.00000E+00
 1.00000E+00 1.00000E+00 1.00000E+00 1.00000E+00 1.00000E+00 1.00000E+00 1.00000E+00 1.00000E+00
 1.00000E+00 1.00000E+00 1.00000E+00 1.00000E+00 1.00000E+00 1.00000E+00 1.00000E+00 1.00000E+00
 1.00000E+00 1.00000E+00 1.00000E+00 1.00000E+00 1.00000E+00 1.00000E+00 1.00000E+00 1.00000E+00
 1.00000E+00 1.00000E+00 1.00000E+00 1.00000E+00 1.00000E+00 1.00000E+00 1.00000E+00 1.00000E+00
 1.00000E+00 1.00000E+00 1.00000E+00 1.00000E+00 1.00000E+00 1.00000E+00 1.00000E+00 1.00000E+00
 1.00000E+00 1.00000E+00 1.00000E+00 1.00000E+00 1.00000E+00 1.00000E+00 1.00000E+00 1.00000E+00
 1.00000E+00 1.00000E+00 1.00000E+00 1.00000E+00 1.00000E+00 1.00000E+00 1.00000E+00 1.00000E+00
 1.00000E+00 1.00000E+00 1.00000E+00 1.00000E+00 1.00000E+00 1.00000E+00 1.00000E+00 1.00000E+00
 1.00000E+00 1.00000E+00 1.00000E+00 1.00000E+00 1.00000E+00 1.00000E+00 1.00000E+00 1.00000E+00
 1.00000E+00 1.00000E+00 1.00000E+00 1.00000E+00 1.00000E+00 1.00000E+00 1.00000E+00 1.00000E+00
 1.00000E+00 1.00000E+00 1.00000E+00 1.00000E+00 1.00000E+00 1.00000E+00 1.00000E+00 1.00000E+00
 1.00000E+00 1.00000E+00 1.00000E+00 1.00000E+00 1.00000E+00 1.00000E+00 1.00000E+00 1.00000E+00
 1.00000E+00 1.00000E+00 1.00000E+00 1.00000E+00 1.00000E+00 1.00000E+00 1.00000E+00 1.00000E+00
 1.00000E+00 1.00000E+00 1.00000E+00 1.00000E+00 1.00000E+00 1.00000E+00 1.00000E+00 1.00000E+00
 1.00000E+00 1.00000E+00 1.00000E+00 1.00000E+00 1.00000E+00 1.00000E+00 1.00000E+00 1.00000E+00
 1.00000E+00 1.00000E+00 1.00000E+00 1.00000E+00 1.00000E+00 1.00000E+00 1.00000E+00 1.00000E+00
 1.00000E+00 1.00000E+00 1.00000E+00 1.00000E+00 1.00000E+00 1.00000E+00 1.00000E+00 1.00000E+00
 1.00000E+00 1.00000E+00 1.00000E+00 1.00000E+00 1.00000E+00 1.00000E+00 1.00000E+00 1.00000E+00
 1.00000E+00 1.00000E+00 1.00000E+00 1.00000E+00 1.00000E+00 1.00000E+00 1.00000E+00 1.00000E+00
 1.00000E+00 1.00000E+00 1.00000E+00 1.00000E+00 1.00000E+00 1.00000E+00 1.00000E+00 1.00000E+00
 1.00000E-05 1.00000E-05 1.00000E-05 1.00000E-05 1.00000E-05 1.00000E-05 1.00000E-05 1.00000E-05
 1.00000E-05 1.00000E-05 1.00000E-05 1.00000E-05 1.00000E-05 1.00000E-05 1.00000E-05 1.00000E-05
 1.00000E-05 1.00000E-05 1.00000E-05 1.00000E-05 1.00000E-05 1.00000E-05 1.00000E-05 1.00000E-05
 1.00000E-05 1.00000E-05 1.00000E-05 1.00000E-05 1.00000E-05 1.00000E-05 1.00000E-05 1.00000E-05
 1.00000E-05 1.00000E-05 1.00000E-05 1.00000E-05 1.00000E-05 1.00000E-05 1.00000E-05 1.00000E-05
 1.00000E-05 1.00000E-05 1.00000E-05 1.00000E-05 1.00000E-05 1.00000E-05 1.00000E-05 1.00000E-05
 1.00000E-05 1.00000E-05 1.00000E-05 1.00000E-05 1.00000E-05 1.00000E-05 1.00000E-05 1.00000E-05
 1.00000E-05 1.00000E-05 1.00000E-05 1.00000E-05 1.00000E-05 1.00000E-05 1.00000E-05 1.00000E-05
 1.00000E-05 1.00000E-05 1.00000E-05 1.00000E-05 1.00000E-05 1.00000E-05 1.00000E-05 1.00000E-05
 1.00000E-05 1.00000E-05 1.00000E-05 1.00000E-05 1.00000E-05 1.00000E-05 1.00000E-05 1.00000E-05
 1.00000E-05 1.00000E-05 1.00000E-05 1.00000E-05 1.00000E-05 1.00000E-05 1.00000E-05 1.00000E-05
 1.00000E-05 1.00000E-05 1.00000E-05 1.00000E-05 1.00000E-05 1.00000E-05 1.00000E-05 1.00000E-05
 1.00000E-05 1.00000E-05 1.00000E-05 1.00000E-05 1.00000E-09 1.00000E-09 1.00000E-09 1.00000E-09
 1.00000E-09 1.00000E-09 1.00000E-09 1.00000E-09 1.00000E-09 1.00000E-09 1.00000E-09 1.00000E-09
 1.00000E-09 1.00000E-09 1.00000E-09 1.00000E-09 1.00000E-09 1.00000E-09 1.00000E-09 1.00000E-09
 1.00000E-09 1.00000E-09 1.00000E-09 1.00000E-09 1.00000E-09 1.00000E-09 1.00000E-09 1.00000E-09
 1.00000E-09 1.00000E-09 1.00000E-09 1.00000E-09 1.00000E-09 1.00000E-09 1.00000E-09 1.00000E-09
 1.00000E-09 1.00000E-09 1.00000E-09 1.00000E-09 1.00000E-09 1.00000E-09 1.00000E-09 1.00000E-09
 1.00000E-09 1.00000E-09 1.00000E-09 1.00000E-09 1.00000E-09 1.00000E-09 1.00000E-09 1.00000E-09
 1.00000E-09 1.00000E-09 1.00000E-09 1.00000E-09 1.00000E-09 1.00000E-09 1.00000E-09 1.00000E-09
 1.00000E-09 1.00000E-09 1.00000E-09 1.00000E-09 1.00000E-09 1.00000E-09 1.00000E-09 1.00000E-09
 1.00000E-09 1.00000E-09 1.00000E-09 1.00000E-09 1.00000E-09 1.00000E-09 1.00000E-09 1.00000E-09
 1.00000E-09 1.00000E-09 1.00000E-09 1.00000E-09 1.00000E-09 1.00000E-09 1.00000E-09 1.00000E-09
 1.00000E-09 1.00000E-09 1.00000E-09 1.00000E-09 1.00000E-09 1.00000E-09 1.00000E-09 1.00000E-09
 1.00000E-09 1.00000E-09 1.00000E-09 1.00000E-09 1.00000E-09 1.00000E-09 1.00000E-09 1.00000E-09
 1.00000E-09 1.00000E-09 1.00000E-09 1.00000E-09 1.00000E-09 1.00000E-09 1.00000E-09 1.00000E-09
 1.00000E-09 1.00000E-09 1.00000E-09 1.00000E-09 1.00000E-09 1.00000E-09 1.00000E-09 1.00000E-09
 1.00000E-09 1.00000E-09 1.00000E-09 1.00000E-09 1.00000E-09 1.00000E-09 1.00000E-09 1.00000E-09
 1.00000E-09 1.00000E-09 1.00000E-09 1.00000E-09 1.00000E-09 1.00000E-09 1.00000E-09 1.00000E-09
 1.00000E-09 1.00000E-09 1.00000E-09 1.00000E-09 1.00000E-09 1.00000E-09 1.00000E-09 1.00000E-09
 1.00000E-09 1.00000E-09 1.00000E-09 1.00000E-09 1.00000E-09 1.00000E-09 1.00000E-09 1.00000E-09
 1.00000E-09 1.00000E-09 1.00000E-09 1.00000E-09 1.00000E-09 1.00000E-09 1.00000E-09 1.00000E-09
 1.00000E-09 1.00000E-09 1.00000E-09 1.00000E-09 1.00000E-09 1.00000E-09 1.00000E-09 1.00000E-09
 1.00000E-09 1.00000E-09 1.00000E-09 1.00000E-09 1.00000E-09 1.00000E-09 1.00000E-09 1.00000E-09
 1.00000E-09 1.00000E-09 1.00000E-09 1.00000E-09 1.00000E-09 1.00000E-09 1.00000E-09 1.00000E-09
 1.00000E-09 1.00000E-09 1.00000E-09 1.00000E-09 1.00000E-09 1.00000E-09 1.00000E-09 1.00000E-09
 1.00000E-09 1.00000E-09 1.00000E-09 1.00000E-09 1.00000E-09 1.00000E-09 1.00000E-09 1.00000E-09
 1.00000E-09 1.00000E-09 1.00000E-09 1.00000E-09
