 3.72707E-10 1.58757E-16 5.54005E-02 1.70721E-16 2.72190E-12 1.86693E-11 1.24917E-08 3.27361E-22
 4.81552E-07 4.15151E-04 1.98301-301 2.68284E-10 1.91227E-11 9.15417E-08 1.39838E-13 6.35109E-12
 1.35277E-18 5.11427E-14 1.03298E-15 4.99640E-15 1.85278E-18 1.17555E-32 5.01354E-10 2.32106E-15
 9.55339E-23 5.85977E-19 6.54522E-15 9.17624E-16 8.17026E-13 1.19806E-20 5.21546E-23 6.05750E-12
 7.96030E-16 1.30701E-15 4.03939E-10 1.85315E-16 4.99088E-02 2.03782E-16 2.97277E-12 2.04281E-11
 1.29098E-08 5.56403E-22 5.24503E-07 4.15056E-04 5.64745E-08 2.95652E-10 2.04988E-11 9.15155E-08
 1.62675E-13 6.91189E-12 1.72568E-18 5.59151E-14 1.43210E-15 4.92101E-15 2.25396E-18 1.72249E-32
 5.00501E-10 2.72110E-15 1.15833E-22 6.72845E-19 7.69143E-15 1.07862E-15 8.55840E-13 1.46079E-20
 7.30793E-23 7.76936E-12 1.21828E-15 1.79339E-15 4.22709E-10 2.12140E-16 4.48890E-02 2.34742E-16
 3.14374E-12 2.14847E-11 1.30799E-08 7.49094E-22 5.42190E-07 4.15016E-04 7.97305E-08 3.14981E-10
 2.14095E-11 9.15048E-08 1.90034E-13 7.40027E-12 2.13101E-18 5.59903E-14 1.89737E-15 4.67660E-15
 2.61426E-18 2.30738E-32 5.00149E-10 2.87044E-15 1.34768E-22 7.37813E-19 8.36204E-15 1.14298E-15
 9.07802E-13 1.77116E-20 9.64150E-23 8.70581E-12 1.60805E-15 2.04239E-15 4.34865E-10 2.40770E-16
 4.01372E-02 2.65525E-16 3.28856E-12 2.21666E-11 1.31352E-08 9.25222E-22 5.47995E-07 4.15004E-04
 8.73626E-08 3.29922E-10 2.21441E-11 9.15012E-08 2.22440E-13 7.88664E-12 2.58850E-18 5.47072E-14
 2.48519E-15 4.38531E-15 2.98516E-18 2.95315E-32 5.00034E-10 2.89483E-15 1.53575E-22 7.89608E-19
 8.84689E-15 1.16073E-15 9.66682E-13 2.13430E-20 1.23970E-22 9.43480E-12 1.84707E-15 2.17493E-15
 4.40342E-10 2.72577E-16 3.59734E-02 2.97388E-16 3.41758E-12 2.24199E-11 1.31522E-08 1.10168E-21
 5.49564E-07 4.15000E-04 8.94256E-08 3.39155E-10 2.27711E-11 9.15003E-08 2.60454E-13 8.39525E-12
 3.11133E-18 5.28266E-14 3.24054E-15 4.09573E-15 3.39369E-18 3.70158E-32 5.00002E-10 2.87258E-15
 1.73151E-22 8.35252E-19 9.17246E-15 1.16266E-15 1.03065E-12 2.55804E-20 1.58289E-22 1.01316E-11
 2.00112E-15 2.26178E-15 4.40197E-10 3.08523E-16 3.20323E-02 3.29517E-16 3.52829E-12 2.23247E-11
 1.31615E-08 1.28620E-21 5.49923E-07 4.14999E-04 8.98982E-08 3.43403E-10 2.32686E-11 9.15001E-08
 3.04993E-13 8.93136E-12 3.69798E-18 5.07414E-14 4.21297E-15 3.81996E-15 3.86819E-18 4.57195E-32
 4.99995E-10 2.83591E-15 1.93230E-22 8.75652E-19 9.38386E-15 1.16104E-15 1.09945E-12 3.03941E-20
 2.01890E-22 1.08515E-11 2.12354E-15 2.33372E-15 4.36055E-10 3.49381E-16 2.85104E-02 3.63385E-16
 3.63022E-12 2.19904E-11 1.31718E-08 1.48573E-21 5.49995E-07 4.14999E-04 8.99922E-08 3.43978E-10
 2.36962E-11 9.15000E-08 3.56370E-13 9.48583E-12 4.36150E-18 4.86045E-14 5.47119E-15 3.55594E-15
 4.39621E-18 5.62072E-32 4.99994E-10 2.79560E-15 2.14667E-22 9.14489E-19 9.51936E-15 1.15903E-15
 1.17334E-12 3.59957E-20 2.59523E-22 1.16130E-11 2.23512E-15 2.40273E-15 4.28433E-10 3.95918E-16
 2.53878E-02 3.98269E-16 3.72010E-12 2.14545E-11 1.31851E-08 1.70033E-21 5.50007E-07 4.14999E-04
 9.00089E-08 3.41318E-10 2.40360E-11 9.15000E-08 4.13819E-13 1.00091E-11 5.07684E-18 4.61489E-14
 7.05998E-15 3.28813E-15 4.94278E-18 6.90774E-32 4.99993E-10 2.75659E-15 2.37164E-22 9.53374E-19
 9.59105E-15 1.15601E-15 1.25267E-12 4.24374E-20 3.36796E-22 1.24247E-11 2.34112E-15 2.47198E-15
 4.17545E-10 4.48917E-16 2.24407E-02 4.33015E-16 3.79182E-12 2.07255E-11 1.32012E-08 1.92751E-21
 5.50009E-07 4.14999E-04 9.00116E-08 3.35715E-10 2.42813E-11 9.15000E-08 4.70858E-13 1.03296E-11
 5.73917E-18 4.25850E-14 8.90741E-15 2.97322E-15 5.33892E-18 8.63401E-32 4.99993E-10 2.72512E-15
 2.60220E-22 1.00041E-18 9.60187E-15 1.14904E-15 1.33786E-12 4.97415E-20 4.41809E-22 1.32925E-11
 2.44205E-15 2.54217E-15 4.04021E-10 5.09193E-16 1.98376E-02 4.69801E-16 3.84655E-12 1.98173E-11
 1.32186E-08 2.17053E-21 5.50010E-07 4.14999E-04 9.00119E-08 3.27999E-10 2.45823E-11 9.15000E-08
 5.00591E-13 9.98572E-12 6.04427E-18 3.67586E-14 1.05273E-14 2.51906E-15 5.05587E-18 1.16329E-31
 4.99993E-10 2.70921E-15 2.85143E-22 1.08791E-18 9.56079E-15 1.13425E-15 1.42924E-12 5.83498E-20
 5.89289E-22 1.42207E-11 2.54015E-15 2.61496E-15 3.87081E-10 5.77741E-16 1.74536E-02 5.03444E-16
 3.85653E-12 1.86818E-11 1.32372E-08 2.41560E-21 5.50010E-07 4.14999E-04 9.00118E-08 3.17680E-10
 2.48925E-11 9.15000E-08 4.75595E-13 8.68524E-12 5.62333E-18 2.88768E-14 1.11269E-14 1.92145E-15
 3.90570E-18 1.73697E-31 4.99994E-10 2.71178E-15 3.09319E-22 1.24272E-18 9.45366E-15 1.11078E-15
 1.52654E-12 6.78515E-20 7.94265E-22 1.52068E-11 2.62764E-15 2.68681E-15 3.68134E-10 6.55815E-16
 1.52638E-02 5.37682E-16 3.84882E-12 1.74358E-11 1.32575E-08 2.66966E-21 5.50009E-07 4.14999E-04
 9.00115E-08 3.05497E-10 2.52032E-11 9.15000E-08 4.33144E-13 7.22361E-12 4.99188E-18 2.17143E-14
 1.12663E-14 1.40014E-15 2.75996E-18 2.68791E-31 4.99994E-10 2.72650E-15 3.34829E-22 1.44161E-18
 9.29961E-15 1.08280E-15 1.62627E-12 7.86677E-20 1.08502E-21 1.62161E-11 2.70220E-15 2.75658E-15
 3.47506E-10 7.44999E-16 1.33883E-02 5.70738E-16 3.82334E-12 1.61245E-11 1.32802E-08 2.92773E-21
 5.50009E-07 4.14999E-04 9.00111E-08 2.91469E-10 2.54387E-11 9.15000E-08 3.86619E-13 5.87596E-12
 4.31253E-18 1.61482E-14 1.11672E-14 9.96754E-16 1.87045E-18 4.18626E-31 4.99994E-10 2.74798E-15
 3.60787E-22 1.67408E-18 9.10111E-15 1.05393E-15 1.71122E-12 8.98278E-20 1.48353E-21 1.70767E-11
 2.73682E-15 2.80769E-15 3.25348E-10 8.46739E-16 1.15472E-02 6.00509E-16 3.77449E-12 1.47619E-11
 1.33055E-08 3.18137E-21 5.50009E-07 4.14999E-04 9.00105E-08 2.75720E-10 2.55648E-11 9.15000E-08
 3.34817E-13 4.62053E-12 3.57998E-18 1.18605E-14 1.07219E-14 6.84819E-16 1.19111E-18 6.72112E-31
 4.99994E-10 2.77910E-15 3.86273E-22 1.96744E-18 8.85650E-15 1.02368E-15 1.71722E-12 9.73683E-20
 1.95945E-21 1.71468E-11 2.65417E-15 2.78846E-15 3.02427E-10 9.62922E-16 1.00950E-02 6.32140E-16
 3.71213E-12 1.33741E-11 1.33316E-08 3.43956E-21 5.50009E-07 4.14999E-04 9.00099E-08 2.59116E-10
 2.57679E-11 9.15000E-08 2.57443E-13 3.20526E-12 2.63165E-18 8.19091E-15 9.09630E-15 4.14627E-16
 5.88421E-19 1.25574E-30 4.99995E-10 2.82900E-15 4.14421E-22 2.48855E-18 8.57551E-15 9.88618E-16
 1.45790E-12 8.97229E-20 2.23753E-21 1.45626E-11 2.30597E-15 2.59202E-15 2.77657E-10 1.09520E-15
 8.62124E-03 6.52056E-16 3.57962E-12 1.19051E-11 1.33596E-08 3.66082E-21 5.50008E-07 4.14999E-04
 9.00091E-08 2.40865E-10 2.59837E-11 9.15000E-08 9.25888E-14 1.13216E-12 9.02446E-19 4.80381E-15
 3.90352E-15 1.27922E-16 7.70600E-20 3.36710E-30 4.99995E-10 2.89449E-15 4.37915E-22 3.75524E-18
 8.23993E-15 9.50087E-16 5.31040E-13 3.51160E-20 1.23162E-21 5.30013E-12 1.59818E-15 2.13632E-15
 2.54270E-10 1.24695E-15 7.44655E-03 6.80653E-16 3.49581E-12 1.06017E-11 1.33910E-08 3.90430E-21
 5.50008E-07 4.14999E-04 9.00084E-08 2.22623E-10 2.59992E-11 9.15000E-08 3.02924E-14 3.36979E-13
 2.79485E-19 3.24350E-15 1.43718E-15 3.31523E-17 7.08398E-21 8.11278E-30 4.99995E-10 2.94066E-15
 4.67664E-22 5.35590E-18 7.91226E-15 9.22519E-16 1.61284E-13 1.16915E-20 6.69938E-22 1.60464E-12
 1.20153E-15 1.87056E-15 2.30609E-10 1.42061E-15 6.31440E-03 6.95712E-16 3.38844E-12 9.37011E-12
 1.34270E-08 4.10630E-21 5.50007E-07 4.15000E-04 9.00076E-08 2.03244E-10 2.56059E-11 9.15000E-08
 8.88800E-15 8.90752E-14 7.62118E-20 2.73290E-15 4.71951E-16 7.65942E-18 5.27142E-22 1.84940E-29
 4.99996E-10 2.95969E-15 4.91243E-22 7.39500E-18 7.56777E-15 9.08423E-16 4.19707E-14 3.40021E-21
 4.37457E-22 4.11948E-13 1.05291E-15 1.76623E-15 2.08114E-10 1.61913E-15 5.36459E-03 7.19107E-16
 3.29712E-12 8.24300E-12 1.34644E-08 4.32070E-21 5.50007E-07 4.15000E-04 9.00068E-08 1.84336E-10
 2.52645E-11 9.15000E-08 2.72113E-15 2.45196E-14 2.18853E-20 2.61642E-15 1.63657E-16 1.88902E-18
 4.30032E-23 4.32531E-29 4.99996E-10 2.96313E-15 5.21180E-22 1.03006E-17 7.23268E-15 9.02179E-16
 1.00155E-14 1.05683E-21 3.87482E-22 9.24513E-14 1.01065E-15 1.73326E-15 1.85328E-10 1.84571E-15
 4.49289E-03 7.24459E-16 3.16685E-12 7.14796E-12 1.35043E-08 4.46589E-21 5.50006E-07 4.15000E-04
 9.00059E-08 1.64774E-10 2.46018E-11 9.15000E-08 1.26964E-15 1.01606E-14 9.33847E-21 2.61068E-15
 8.57485E-17 7.31727E-19 8.37872E-24 1.10537E-28 4.99996E-10 2.96073E-15 5.43084E-22 1.49113E-17
 6.87044E-15 8.99015E-16 2.73611E-15 5.20509E-22 4.14488E-22 1.96589E-14 1.00116E-15 1.72332E-15
 1.63762E-10 2.11215E-15 3.71784E-03 7.27315E-16 3.04343E-12 6.14336E-12 1.35446E-08 4.60201E-21
 5.50006E-07 4.15000E-04 9.00052E-08 1.45969E-10 2.39645E-11 9.15000E-08 1.03610E-15 7.38394E-15
 6.91638E-21 2.62830E-15 7.69998E-17 4.94154E-19 4.98205E-24 2.91991E-28 4.99997E-10 2.95659E-15
 5.65124E-22 2.21609E-17 6.50861E-15 8.96784E-16 1.29611E-15 4.68377E-22 4.74475E-22 5.25928E-15
 9.99650E-16 1.71906E-15 1.43543E-10 2.41836E-15 3.06812E-03 7.25438E-16 2.91302E-12 5.23009E-12
 1.35852E-08 4.70999E-21 5.50005E-07 4.15000E-04 9.00044E-08 1.28143E-10 2.32681E-11 9.14999E-08
 1.08473E-15 6.89798E-15 6.52509E-21 2.64892E-15 8.90018E-17 4.17202E-19 4.81457E-24 7.98824E-28
 4.99997E-10 2.95110E-15 5.86945E-22 3.34200E-17 6.15190E-15 8.94803E-16 1.04433E-15 5.34243E-22
 5.54901E-22 2.74399E-15 9.99659E-16 1.71581E-15 1.24587E-10 2.76761E-15 2.51117E-03 7.17340E-16
 2.77046E-12 4.40040E-12 1.36261E-08 4.77589E-21 5.50005E-07 4.15000E-04 9.00037E-08 1.11284E-10
 2.24781E-11 9.14999E-08 1.20037E-15 6.79607E-15 6.45080E-21 2.66961E-15 1.09620E-16 3.68607E-19
 5.19947E-24 2.23774E-27 4.99997E-10 2.94301E-15 6.08232E-22 5.06315E-17 5.80086E-15 8.92897E-16
 1.00487E-15 6.36655E-22 6.54972E-22 2.35285E-15 9.99836E-16 1.71250E-15 1.06952E-10 3.16504E-15
 2.02993E-03 7.02858E-16 2.61671E-12 3.65287E-12 1.36671E-08 4.79451E-21 5.50004E-07 4.15000E-04
 9.00031E-08 9.54853E-11 2.15986E-11 9.14999E-08 1.34069E-15 6.73341E-15 6.37814E-21 2.69066E-15
 1.37499E-16 3.27813E-19 5.76335E-24 6.31197E-27 4.99998E-10 2.93019E-15 6.29262E-22 7.63225E-17
 5.45810E-15 8.91031E-16 9.99252E-16 7.61384E-22 7.78664E-22 2.30057E-15 9.99963E-16 1.70889E-15
 9.07603E-11 3.61591E-15 1.61724E-03 6.82069E-16 2.45350E-12 2.98878E-12 1.37081E-08 4.76395E-21
 5.50004E-07 4.15000E-04 9.00025E-08 8.08932E-11 2.06384E-11 9.14999E-08 1.49906E-15 6.65099E-15
 6.25416E-21 2.71251E-15 1.74540E-16 2.91674E-19 6.48149E-24 1.76800E-26 4.99998E-10 2.90980E-15
 6.50486E-22 1.13504E-16 5.12747E-15 8.89199E-16 9.98496E-16 9.08121E-22 9.32877E-22 2.29740E-15
 1.00001E-15 1.70490E-15 7.61660E-11 4.12540E-15 1.26653E-03 6.55379E-16 2.28329E-12 2.41013E-12
 1.37488E-08 4.68650E-21 5.50004E-07 4.15000E-04 9.00020E-08 6.76835E-11 1.96106E-11 9.14999E-08
 1.67478E-15 6.53520E-15 6.07033E-21 2.73560E-15 2.24596E-16 2.59505E-19 7.75672E-24 4.85807E-26
 4.99998E-10 2.87869E-15 6.72608E-22 1.65199E-16 4.81409E-15 8.87398E-16 9.98372E-16 1.07932E-21
 1.12756E-21 2.30110E-15 9.99848E-16 1.70043E-15 6.33908E-11 4.69818E-15 9.71815E-04 6.23664E-16
 2.11017E-12 1.92054E-12 1.37889E-08 4.57229E-21 5.50003E-07 4.15000E-04 9.00016E-08 5.60972E-11
 1.85392E-11 9.14999E-08 1.86617E-15 6.37694E-15 5.82532E-21 2.76063E-15 2.95516E-16 2.30944E-19
 2.56094E-23 1.29124E-25 4.99999E-10 2.83438E-15 6.96772E-22 2.33090E-16 4.52596E-15 8.85627E-16
 9.98314E-16 1.27818E-21 1.37689E-21 2.30617E-15 9.98800E-16 1.69535E-15 5.28103E-11 5.33780E-15
 7.37388E-04 5.94779E-16 1.94811E-12 1.52731E-12 1.38279E-08 4.46825E-21 5.50003E-07 4.15000E-04
 9.00012E-08 4.65168E-11 1.75352E-11 9.14999E-08 2.06345E-15 6.16744E-15 5.56825E-21 2.78840E-15
 4.03713E-16 2.05744E-19 5.28556E-22 3.25838E-25 4.99999E-10 2.77749E-15 7.28887E-22 3.14894E-16
 4.27747E-15 8.83884E-16 9.98246E-16 1.50882E-21 1.70451E-21 2.31219E-15 9.93844E-16 1.68941E-15
 4.46283E-11 6.04596E-15 5.79381E-04 5.93795E-16 1.82178E-12 1.23003E-12 1.38654E-08 4.49134E-21
 5.50003E-07 4.15000E-04 9.00009E-08 3.91495E-11 1.68359E-11 9.14999E-08 2.24529E-15 5.91014E-15
 5.48826E-21 2.81843E-15 5.66273E-16 1.83919E-19 1.04186E-20 7.75447E-25 4.99999E-10 2.71247E-15
 7.86649E-22 4.04391E-16 4.08145E-15 8.82169E-16 9.98158E-16 1.77730E-21 2.15511E-21 2.31937E-15
 9.74294E-16 1.68234E-15 3.79488E-11 6.82284E-15 4.52181E-04 5.95944E-16 1.70060E-12 9.94788E-13
 1.39023E-08 4.53975E-21 5.50003E-07 4.15000E-04 9.00007E-08 3.31687E-11 1.61655E-11 9.14998E-08
 2.42537E-15 5.61129E-15 5.41436E-21 2.84749E-15 7.65757E-16 1.65508E-19 1.42242E-19 1.81877E-24
 4.99999E-10 2.63823E-15 8.57504E-22 5.02266E-16 3.91584E-15 8.80491E-16 9.98054E-16 2.08629E-21
 2.76600E-21 2.32731E-15 9.11102E-16 1.67451E-15 3.22730E-11 7.66527E-15 3.39056E-04 5.94405E-16
 1.57538E-12 8.01762E-13 1.39392E-08 4.56433E-21 5.50003E-07 4.15000E-04 9.00005E-08 2.80986E-11
 1.54480E-11 9.14998E-08 2.62214E-15 5.30553E-15 5.33162E-21 2.87008E-15 9.52435E-16 1.50898E-19
 1.29274E-18 4.32492E-24 4.99999E-10 2.55440E-15 9.40569E-22 6.08534E-16 3.76884E-15 8.78859E-16
 9.97939E-16 2.44091E-21 3.60658E-21 2.33576E-15 7.49796E-16 1.66619E-15 2.76652E-11 8.57542E-15
 2.42241E-04 5.93098E-16 1.45528E-12 6.49826E-13 1.39758E-08 4.58703E-21 5.50003E-07 4.15000E-04
 9.00004E-08 2.39960E-11 1.47569E-11 9.14998E-08 2.84692E-15 5.03005E-15 5.29051E-21 2.87586E-15
 1.08092E-15 1.40383E-19 7.39855E-18 1.03634E-23 4.99999E-10 2.46630E-15 1.04318E-21 7.16008E-16
 3.64550E-15 8.77282E-16 9.97814E-16 2.84801E-21 4.78620E-21 2.34482E-15 6.03378E-16 1.65726E-15
 2.44518E-11 9.71107E-15 1.64974E-04 6.04195E-16 1.37707E-12 5.45580E-13 1.40116E-08 4.76920E-21
 5.50002E-07 4.15000E-04 9.00004E-08 2.11532E-11 1.43760E-11 9.14998E-08 3.08017E-15 4.82080E-15
 5.28804E-21 2.85105E-15 1.14054E-15 1.34689E-19 2.52666E-17 2.14301E-23 4.99999E-10 2.38432E-15
 1.16555E-21 8.11439E-16 3.56129E-15 8.75744E-16 9.97673E-16 3.31407E-21 6.30329E-21 2.35539E-15
 5.23778E-16 1.64684E-15 2.28302E-11 1.12772E-14 1.42484E-04 6.86030E-16 1.38111E-12 4.91133E-13
 1.40464E-08 5.55630E-21 5.50002E-07 4.15000E-04 9.00004E-08 1.97682E-11 1.46846E-11 9.14998E-08
 3.27687E-15 4.70069E-15 5.65494E-21 2.80558E-15 1.15580E-15 1.32620E-19 5.07864E-17 3.35016E-23
 4.99999E-10 2.32034E-15 1.33507E-21 8.80784E-16 3.53226E-15 8.74239E-16 9.97506E-16 3.84694E-21
 8.09857E-21 2.36845E-15 4.82766E-16 1.63394E-15 2.19152E-11 1.32398E-14 1.29772E-04 7.71075E-16
 1.40591E-12 4.59777E-13 1.40809E-08 6.60227E-21 5.50002E-07 4.15000E-04 9.00004E-08 1.90330E-11
 1.51265E-11 9.14997E-08 3.47388E-15 4.60625E-15 5.91225E-21 2.73676E-15 1.14927E-15 1.32474E-19
 8.56883E-17 4.62911E-23 4.99999E-10 2.26451E-15 1.51610E-21 9.35816E-16 3.52728E-15 8.72797E-16
 9.97331E-16 4.44532E-21 1.02376E-20 2.38303E-15 4.65042E-16 1.61954E-15 2.12288E-11 1.55565E-14
 1.15364E-04 8.64323E-16 1.43213E-12 4.36449E-13 1.41148E-08 7.88391E-21 5.50002E-07 4.15000E-04
 9.00005E-08 1.85057E-11 1.55796E-11 9.14997E-08 3.67668E-15 4.51197E-15 6.14276E-21 2.64467E-15
 1.13453E-15 1.33330E-19 1.30683E-16 6.29425E-23 4.99999E-10 2.21122E-15 1.72352E-21 9.84441E-16
 3.53160E-15 8.71451E-16 9.97154E-16 5.11688E-21 1.29608E-20 2.39837E-15 4.56483E-16 1.60437E-15
 2.06224E-11 1.83556E-14 1.04468E-04 9.77990E-16 1.46648E-12 4.16249E-13 1.41495E-08 9.56033E-21
 5.50003E-07 4.15000E-04 9.00007E-08 1.80380E-11 1.61101E-11 9.14997E-08 3.87926E-15 4.42185E-15
 6.39048E-21 2.52972E-15 1.11644E-15 1.35390E-19 1.85883E-16 8.28179E-23 4.99999E-10 2.15622E-15
 1.96262E-21 1.03171E-15 3.54201E-15 8.70151E-16 9.96971E-16 5.86679E-21 1.63499E-20 2.41517E-15
 4.52552E-16 1.58775E-15 1.98704E-11 2.18044E-14 9.61414E-05 1.07806E-15 1.49935E-12 3.92808E-13
 1.41858E-08 1.14195E-20 5.50003E-07 4.15000E-04 9.00009E-08 1.73716E-11 1.66164E-11 9.14996E-08
 4.09246E-15 4.32820E-15 6.43334E-21 2.36202E-15 1.09573E-15 1.39851E-19 2.65482E-16 1.04721E-22
 4.99999E-10 2.09168E-15 2.20379E-21 1.08673E-15 3.54683E-15 8.68884E-16 9.96786E-16 6.69606E-21
 2.03820E-20 2.43365E-15 4.56432E-16 1.56945E-15 1.87559E-11 2.61666E-14 8.87160E-05 1.13195E-15
 1.52275E-12 3.59547E-13 1.42228E-08 1.30735E-20 5.50003E-07 4.15000E-04 9.00012E-08 1.62192E-11
 1.70251E-11 9.14996E-08 4.32530E-15 4.22451E-15 6.11752E-21 2.08842E-15 1.07267E-15 1.48750E-19
 3.94736E-16 1.25171E-22 4.99999E-10 2.00887E-15 2.41148E-21 1.16172E-15 3.53076E-15 8.67688E-16
 9.96615E-16 7.60739E-21 2.49013E-20 2.45340E-15 4.87429E-16 1.54987E-15 1.72950E-11 3.18716E-14
 8.23968E-05 1.11292E-15 1.53590E-12 3.15923E-13 1.42603E-08 1.39205E-20 5.50003E-07 4.15000E-04
 9.00016E-08 1.45484E-11 1.73353E-11 9.14995E-08 4.57980E-15 4.11044E-15 5.37809E-21 1.67082E-15
 1.04844E-15 1.63917E-19 5.92250E-16 1.35529E-22 4.99999E-10 1.90381E-15 2.54895E-21 1.26294E-15
 3.48987E-15 8.66571E-16 9.96464E-16 8.59913E-21 2.95293E-20 2.47480E-15 6.24148E-16 1.52864E-15
 1.63422E-11 3.92151E-14 7.71008E-05 1.11580E-15 1.57924E-12 2.86353E-13 1.42966E-08 1.50987E-20
 5.50003E-07 4.15000E-04 9.00022E-08 1.33731E-11 1.79033E-11 9.14995E-08 4.80975E-15 4.01082E-15
 4.73072E-21 1.34734E-15 1.02903E-15 1.76743E-19 7.45117E-16 1.28736E-22 5.00000E-10 1.81122E-15
 2.70255E-21 1.34806E-15 3.47285E-15 8.65534E-16 9.96304E-16 9.67332E-21 3.44103E-20 2.49935E-15
 9.27058E-16 1.50425E-15 1.59830E-11 4.78603E-14 7.23484E-05 1.20366E-15 1.65066E-12 2.73879E-13
 1.43320E-08 1.77371E-20 5.50003E-07 4.15000E-04 9.00027E-08 1.29049E-11 1.87435E-11 9.14994E-08
 5.00420E-15 3.92099E-15 4.46049E-21 1.22225E-15 1.01588E-15 1.81643E-19 8.04096E-16 1.23372E-22
 4.99999E-10 1.74448E-15 2.96749E-21 1.39808E-15 3.49608E-15 8.64568E-16 9.96124E-16 1.08388E-20
 4.07232E-20 2.52666E-15 9.91469E-16 1.47712E-15 1.58085E-11 5.75942E-14 6.77274E-05 1.36099E-15
 1.72360E-12 2.67028E-13 1.43676E-08 2.18124E-20 5.50003E-07 4.15000E-04 9.00034E-08 1.27238E-11
 1.96544E-11 9.14994E-08 5.18268E-15 3.82381E-15 4.43972E-21 1.18551E-15 1.00671E-15 1.81997E-19
 8.22156E-16 1.29451E-22 4.99999E-10 1.68927E-15 3.35448E-21 1.42597E-15 3.54586E-15 8.63657E-16
 9.95929E-16 1.21044E-20 4.94130E-20 2.55582E-15 9.99446E-16 1.44814E-15 1.56276E-11 6.90396E-14
 6.34599E-05 1.55647E-15 1.79503E-12 2.60596E-13 1.44029E-08 2.71987E-20 5.50003E-07 4.15000E-04
 9.00041E-08 1.25743E-11 2.05816E-11 9.14993E-08 5.35526E-15 3.71932E-15 4.47104E-21 1.16762E-15
 9.99311E-16 1.81548E-19 8.31555E-16 1.38947E-22 4.99999E-10 1.63591E-15 3.82549E-21 1.44385E-15
 3.60866E-15 8.62819E-16 9.95733E-16 1.34775E-20 6.03722E-20 2.58637E-15 1.00002E-15 1.41777E-15
 1.54126E-11 8.27354E-14 4.97235E-05 1.78307E-15 1.86626E-12 2.53866E-13 1.44375E-08 3.41086E-20
 5.50003E-07 4.15000E-04 9.00050E-08 1.24038E-11 2.15240E-11 9.14993E-08 5.52473E-15 3.61019E-15
 4.49985E-21 1.15292E-15 9.92889E-16 1.81197E-19 8.39289E-16 1.48674E-22 4.99999E-10 1.58237E-15
 4.37526E-21 1.45532E-15 3.68002E-15 8.62051E-16 9.95540E-16 1.49621E-20 7.37999E-20 2.61840E-15
 1.00005E-15 1.38592E-15 1.51598E-11 9.89071E-14 2.85180E-05 2.05204E-15 1.93457E-12 2.46768E-13
 1.44726E-08 4.29798E-20 5.50003E-07 4.15000E-04 9.00060E-08 1.22181E-11 2.24682E-11 9.14992E-08
 5.69165E-15 3.49650E-15 4.54972E-21 1.13945E-15 9.87308E-16 1.80891E-19 8.46361E-16 1.62523E-22
 4.99999E-10 1.52765E-15 5.02995E-21 1.45809E-15 3.76403E-15 8.61331E-16 9.95347E-16 1.65595E-20
 9.06092E-20 2.65237E-15 1.00005E-15 1.35213E-15 1.48692E-11 1.17942E-13 1.00000E-05 2.37388E-15
 1.99935E-12 2.39464E-13 1.45081E-08 5.44311E-20 5.50003E-07 4.15000E-04 9.00072E-08 1.20227E-11
 2.34083E-11 9.14992E-08 5.85566E-15 3.37872E-15 4.62530E-21 1.12699E-15 9.82449E-16 1.80671E-19
 8.52841E-16 2.35332E-22 4.99999E-10 1.47088E-15 5.81160E-21 1.44929E-15 3.86485E-15 8.60656E-16
 9.95151E-16 1.82728E-20 1.11788E-19 2.68841E-15 9.99954E-16 1.31625E-15 1.45461E-11 1.40478E-13
 1.00000E-05 2.75618E-15 2.06170E-12 2.32244E-13 1.45438E-08 6.93027E-20 5.50003E-07 4.15000E-04
 9.00086E-08 1.18187E-11 2.43431E-11 9.14991E-08 6.01633E-15 3.25762E-15 4.71462E-21 1.11561E-15
 9.78203E-16 1.80596E-19 8.58629E-16 1.74566E-21 4.99999E-10 1.41229E-15 6.73706E-21 1.42810E-15
 3.98251E-15 8.60033E-16 9.94956E-16 2.01107E-20 1.38318E-19 2.72619E-15 9.97443E-16 1.27864E-15
 1.41964E-11 1.67179E-13 1.00000E-05 3.21175E-15 2.12208E-12 2.25362E-13 1.45796E-08 8.87256E-20
 5.50003E-07 4.15000E-04 9.00101E-08 1.16126E-11 2.52697E-11 9.14990E-08 6.17358E-15 3.13405E-15
 4.81778E-21 1.10521E-15 9.74496E-16 1.80653E-19 8.63782E-16 2.31589E-20 4.99999E-10 1.35175E-15
 7.83219E-21 1.39330E-15 4.11829E-15 8.59457E-16 9.94764E-16 2.20788E-20 1.71597E-19 2.76561E-15
 9.49028E-16 1.23938E-15 1.38250E-11 1.98850E-13 1.00000E-05 3.75694E-15 2.18174E-12 2.19104E-13
 1.46161E-08 1.14239E-19 5.50003E-07 4.15000E-04 9.00117E-08 1.14135E-11 2.61929E-11 9.14990E-08
 6.32758E-15 3.00938E-15 4.93589E-21 1.09557E-15 9.71245E-16 1.80829E-19 8.68438E-16 2.00769E-19
 4.99999E-10 1.28809E-15 9.12574E-21 1.34208E-15 4.27665E-15 8.58918E-16 9.94571E-16 2.41704E-20
 2.13275E-19 2.80732E-15 7.63246E-16 1.19781E-15 1.34360E-11 2.36550E-13 1.00000E-05 4.40854E-15
 2.24174E-12 2.13710E-13 1.46533E-08 1.47935E-19 5.50003E-07 4.15000E-04 9.00136E-08 1.12249E-11
 2.71090E-11 9.14989E-08 6.47794E-15 2.88387E-15 5.06361E-21 1.08669E-15 9.68411E-16 1.81098E-19
 8.72615E-16 1.05776E-18 4.99999E-10 1.22253E-15 1.06645E-20 1.27475E-15 4.45468E-15 8.58417E-16
 9.94380E-16 2.63882E-20 2.65301E-19 2.85114E-15 6.34506E-16 1.15414E-15 1.30360E-11 2.81682E-13
 1.00000E-05 5.18481E-15 2.30423E-12 2.09456E-13 1.46913E-08 1.92725E-19 5.50003E-07 4.15000E-04
 9.00157E-08 1.10518E-11 2.80217E-11 9.14988E-08 6.62462E-15 2.75835E-15 5.19288E-21 1.07853E-15
 9.65948E-16 1.81437E-19 8.76369E-16 3.59835E-18 4.99999E-10 1.15754E-15 1.25258E-20 1.19335E-15
 4.64576E-15 8.57953E-16 9.94190E-16 2.87283E-20 3.29706E-19 2.89710E-15 5.48927E-16 1.10829E-15
 1.26320E-11 3.36146E-13 1.00000E-05 6.10385E-15 2.37241E-12 2.06650E-13 1.47303E-08 2.52702E-19
 5.50003E-07 4.15000E-04 9.00179E-08 1.08998E-11 2.89422E-11 9.14988E-08 6.76776E-15 2.63389E-15
 5.31169E-21 1.07097E-15 9.63808E-16 1.81825E-19 8.79772E-16 8.63194E-18 4.99999E-10 1.09639E-15
 1.48086E-20 1.10247E-15 4.84052E-15 8.57520E-16 9.94001E-16 3.11747E-20 4.08234E-19 2.94562E-15
 5.02459E-16 1.05988E-15 1.22334E-11 4.02594E-13 1.00000E-05 7.18023E-15 2.45053E-12 2.05611E-13
 1.47708E-08 3.33721E-19 5.50003E-07 4.15000E-04 9.00204E-08 1.07735E-11 2.98891E-11 9.14987E-08
 6.90767E-15 2.51166E-15 5.40242E-21 1.06397E-15 9.61953E-16 1.82243E-19 8.82875E-16 1.58110E-17
 4.99999E-10 1.04264E-15 1.75937E-20 1.01060E-15 5.02756E-15 8.57116E-16 9.93816E-16 3.37006E-20
 5.01702E-19 2.99705E-15 4.78560E-16 1.00853E-15 1.18497E-11 4.84608E-13 1.00000E-05 8.42470E-15
 2.54338E-12 2.06630E-13 1.48129E-08 4.44254E-19 5.50003E-07 4.15000E-04 9.00231E-08 1.06770E-11
 3.08849E-11 9.14986E-08 7.04469E-15 2.39274E-15 5.44655E-21 1.05748E-15 9.60352E-16 1.82673E-19
 8.85714E-16 2.37441E-17 4.99999E-10 9.98342E-16 2.09123E-20 9.26338E-16 5.19894E-15 8.56738E-16
 9.93635E-16 3.62705E-20 6.09489E-19 3.05165E-15 4.66553E-16 9.54010E-16 1.14877E-11 5.86385E-13
 1.00000E-05 9.85907E-15 2.65454E-12 2.10039E-13 1.48569E-08 5.96566E-19 5.50003E-07 4.15000E-04
 9.00261E-08 1.06185E-11 3.19426E-11 9.14986E-08 7.17879E-15 2.27776E-15 5.44190E-21 1.05148E-15
 9.58976E-16 1.83100E-19 8.88315E-16 3.12316E-17 4.99999E-10 9.62993E-16 2.47875E-20 8.52712E-16
 5.35486E-15 8.56382E-16 9.93459E-16 3.88453E-20 7.30615E-19 3.10940E-15 4.60399E-16 8.96311E-16
 1.11520E-11 7.12764E-13 1.00000E-05 1.15227E-14 2.78707E-12 2.16316E-13 1.49035E-08 8.08495E-19
 5.50003E-07 4.15000E-04 9.00293E-08 1.06110E-11 3.30675E-11 9.14985E-08 7.30957E-15 2.16710E-15
 5.39928E-21 1.04595E-15 9.57797E-16 1.83510E-19 8.90697E-16 3.77777E-17 4.99999E-10 9.34931E-16
 2.92733E-20 7.88414E-16 5.50008E-15 8.56047E-16 9.93288E-16 4.13846E-20 8.64147E-19 3.17011E-15
 4.57588E-16 8.35642E-16 1.08498E-11 8.70315E-13 1.00000E-05 1.34559E-14 2.94607E-12 2.26025E-13
 1.49529E-08 1.10639E-18 5.50003E-07 4.15000E-04 9.00329E-08 1.06661E-11 3.42783E-11 9.14984E-08
 7.43670E-15 2.06148E-15 5.32226E-21 1.04086E-15 9.56787E-16 1.83900E-19 8.92878E-16 4.31375E-17
 4.99999E-10 9.12738E-16 3.44149E-20 7.32116E-16 5.63864E-15 8.55729E-16 9.93121E-16 4.38376E-20
 1.00687E-18 3.23358E-15 4.57071E-16 7.72191E-16 1.05908E-11 1.06820E-12 1.00000E-05 1.56945E-14
 3.13852E-12 2.39702E-13 1.50059E-08 1.52952E-18 5.50003E-07 4.15000E-04 9.00368E-08 1.07911E-11
 3.56109E-11 9.14983E-08 7.56012E-15 1.96191E-15 5.20717E-21 1.03619E-15 9.55920E-16 1.84266E-19
 8.94872E-16 4.71640E-17 4.99999E-10 8.95228E-16 4.02253E-20 6.82837E-16 5.77366E-15 8.55425E-16
 9.92958E-16 4.61441E-20 1.15204E-18 3.29958E-15 4.59077E-16 7.06205E-16 1.03835E-11 1.31799E-12
 1.00000E-05 1.82891E-14 3.37145E-12 2.57922E-13 1.50625E-08 2.13618E-18 5.50003E-07 4.15000E-04
 9.00411E-08 1.09939E-11 3.71033E-11 9.14983E-08 7.67953E-15 1.86920E-15 5.05764E-21 1.03190E-15
 9.55172E-16 1.84609E-19 8.96691E-16 4.99513E-17 4.99999E-10 8.81206E-16 4.67318E-20 6.38739E-16
 5.90892E-15 8.55131E-16 9.92801E-16 4.82464E-20 1.29133E-18 3.36764E-15 4.64728E-16 6.38165E-16
 1.02373E-11 1.63430E-12 1.00000E-05 2.13126E-14 3.65211E-12 2.81353E-13 1.51235E-08 3.01288E-18
 5.50003E-07 4.15000E-04 9.00458E-08 1.12845E-11 3.88001E-11 9.14982E-08 7.79444E-15 1.78409E-15
 4.88256E-21 1.02797E-15 9.54523E-16 1.84927E-19 8.98350E-16 5.16869E-17 4.99999E-10 8.69651E-16
 5.39839E-20 5.97926E-16 6.04836E-15 8.54843E-16 9.92647E-16 5.00912E-20 1.41544E-18 3.43712E-15
 4.77050E-16 5.68705E-16 1.01624E-11 2.03613E-12 1.00000E-05 2.48549E-14 3.98778E-12 3.10513E-13
 1.51891E-08 4.28829E-18 5.50003E-07 4.15000E-04 9.00510E-08 1.16695E-11 4.07570E-11 9.14981E-08
 7.90446E-15 1.70721E-15 4.68965E-21 1.02439E-15 9.53955E-16 1.85221E-19 8.99856E-16 5.25035E-17
 4.99998E-10 8.59785E-16 6.20303E-20 5.59255E-16 6.19497E-15 8.54558E-16 9.92497E-16 5.16459E-20
 1.51418E-18 3.50709E-15 5.03858E-16 4.98794E-16 1.01698E-11 2.54735E-12 1.00000E-05 2.90390E-14
 4.38486E-12 3.45799E-13 1.52598E-08 6.15267E-18 5.50003E-07 4.15000E-04 9.00567E-08 1.21554E-11
 4.30383E-11 9.14981E-08 8.00911E-15 1.63897E-15 4.48883E-21 1.02113E-15 9.53450E-16 1.85492E-19
 9.01218E-16 5.25370E-17 4.99998E-10 8.50965E-16 7.09516E-20 5.21826E-16 6.35166E-15 8.54270E-16
 9.92349E-16 5.29084E-20 1.57859E-18 3.57633E-15 5.57683E-16 4.29637E-16 1.02717E-11 3.19703E-12
 1.00000E-05 3.40424E-14 4.84815E-12 3.87526E-13 1.53360E-08 8.88481E-18 5.50003E-07 4.15000E-04
 9.00630E-08 1.27515E-11 4.57125E-11 9.14980E-08 8.10779E-15 1.57952E-15 4.29278E-21 1.01817E-15
 9.52995E-16 1.85740E-19 9.02446E-16 5.19574E-17 4.99998E-10 8.42672E-16 8.08994E-20 4.84852E-16
 6.52140E-15 8.53976E-16 9.92203E-16 5.39205E-20 1.60315E-18 3.64343E-15 6.73216E-16 3.62657E-16
 1.04815E-11 4.01950E-12 1.00000E-05 4.01192E-14 5.38040E-12 4.35927E-13 1.54180E-08 1.28889E-17
 5.50003E-07 4.15000E-04 9.00698E-08 1.34707E-11 4.88492E-11 9.14979E-08 8.19973E-15 1.52870E-15
 4.11518E-21 1.01549E-15 9.52575E-16 1.85967E-19 9.03547E-16 5.09820E-17 4.99998E-10 8.34490E-16
 9.21307E-20 4.47669E-16 6.70727E-15 8.53673E-16 9.92054E-16 5.47831E-20 1.58710E-18 3.70682E-15
 9.21471E-16 2.99434E-16 1.08160E-11 5.05478E-12 1.00000E-05 4.76245E-14 5.98281E-12 4.91199E-13
 1.55061E-08 1.87454E-17 5.50003E-07 4.15000E-04 9.00773E-08 1.43307E-11 5.25206E-11 9.14978E-08
 8.28428E-15 1.48619E-15 3.96846E-21 1.01308E-15 9.52177E-16 1.86173E-19 9.04530E-16 4.98680E-17
 4.99998E-10 8.26103E-16 1.05032E-19 4.09816E-16 6.91237E-15 8.53357E-16 9.91902E-16 5.56514E-20
 1.53408E-18 3.76500E-15 9.97883E-16 2.41478E-16 1.12958E-11 6.34919E-12 1.00000E-05 5.70408E-14
 6.65618E-12 5.53638E-13 1.56008E-08 2.72831E-17 5.50003E-07 4.15000E-04 9.00854E-08 1.53555E-11
 5.68042E-11 9.14978E-08 8.36079E-15 1.45151E-15 3.86198E-21 1.01091E-15 9.51787E-16 1.86359E-19
 9.05406E-16 4.88814E-17 4.99998E-10 8.17294E-16 1.20132E-19 3.71138E-16 7.13989E-15 8.53029E-16
 9.91741E-16 5.67212E-20 1.45045E-18 3.81674E-15 9.99999E-16 1.89974E-16 1.19496E-11 7.95713E-12
 1.00000E-05 6.90155E-14 7.40238E-12 6.23766E-13 1.57027E-08 3.96819E-17 5.50003E-07 4.15000E-04
 9.00943E-08 1.65771E-11 6.17905E-11 9.14977E-08 8.42895E-15 1.42426E-15 3.80188E-21 1.00896E-15
 9.51394E-16 1.86524E-19 9.06187E-16 4.82541E-17 4.99998E-10 8.07957E-16 1.38125E-19 3.31867E-16
 7.39331E-15 8.52687E-16 9.91570E-16 5.82057E-20 1.34347E-18 3.86137E-15 1.00004E-15 1.45620E-16
 1.28155E-11 9.94433E-12 1.00000E-05 8.43991E-14 8.22566E-12 7.02313E-13 1.58127E-08 5.76264E-17
 5.50003E-07 4.15000E-04 9.01040E-08 1.80348E-11 6.75900E-11 9.14976E-08 8.48870E-15 1.40409E-15
 3.79060E-21 1.00721E-15 9.50984E-16 1.86669E-19 9.06886E-16 4.81295E-17 4.99997E-10 7.98120E-16
 1.59883E-19 2.92686E-16 7.67645E-15 8.52330E-16 9.91385E-16 6.03187E-20 1.21988E-18 3.89870E-15
 1.00004E-15 1.08600E-16 1.39438E-11 1.23939E-11 1.00000E-05 1.04286E-13 9.13294E-12 7.89958E-13
 1.59316E-08 8.35354E-17 5.50003E-07 4.15000E-04 9.01147E-08 1.97704E-11 7.43403E-11 9.14975E-08
 8.54047E-15 1.39069E-15 3.82693E-21 1.00563E-15 9.50546E-16 1.86794E-19 9.07514E-16 4.85269E-17
 4.99997E-10 7.87917E-16 1.86466E-19 2.54623E-16 7.99344E-15 8.51958E-16 9.91182E-16 6.32616E-20
 1.08554E-18 3.92897E-15 1.00004E-15 7.86606E-17 1.54009E-11 1.54118E-11 1.00000E-05 1.30095E-13
 1.01341E-11 8.87400E-13 1.60607E-08 1.20891E-16 5.50003E-07 4.15000E-04 9.01264E-08 2.18317E-11
 8.22102E-11 9.14974E-08 8.58499E-15 1.38383E-15 3.90796E-21 1.00420E-15 9.50068E-16 1.86902E-19
 9.08080E-16 4.93772E-17 4.99997E-10 7.77542E-16 2.19186E-19 2.18716E-16 8.34946E-15 8.51566E-16
 9.90959E-16 6.72143E-20 9.45823E-19 3.95279E-15 1.00004E-15 5.52084E-17 1.72762E-11 1.91323E-11
 1.00000E-05 1.63691E-13 1.12417E-11 9.95520E-13 1.62016E-08 1.74699E-16 5.50003E-07 4.15000E-04
 9.01393E-08 2.42770E-11 9.14018E-11 9.14974E-08 8.62319E-15 1.38331E-15 4.03133E-21 1.00290E-15
 9.49537E-16 1.86994E-19 9.08592E-16 5.05845E-17 4.99996E-10 7.67180E-16 2.59737E-19 1.85781E-16
 8.75142E-15 8.51151E-16 9.90710E-16 7.23359E-20 8.06531E-19 3.97093E-15 1.00004E-15 3.74438E-17
 1.96815E-11 2.37267E-11 1.00000E-05 2.07492E-13 1.24700E-11 1.11487E-12 1.63559E-08 2.52148E-16
 5.50003E-07 4.15000E-04 9.01537E-08 2.71652E-11 1.02139E-10 9.14973E-08 8.65619E-15 1.38875E-15
 4.19409E-21 1.00173E-15 9.48938E-16 1.87071E-19 9.09056E-16 5.20291E-17 4.99996E-10 7.57010E-16
 3.10269E-19 1.56445E-16 9.20718E-15 8.50708E-16 9.90432E-16 7.87686E-20 6.74209E-19 3.98428E-15
 1.00004E-15 2.44932E-17 2.27592E-11 2.94172E-11 1.00000E-05 2.64592E-13 1.38340E-11 1.24555E-12
 1.65256E-08 3.63566E-16 5.50003E-07 4.15000E-04 9.01696E-08 3.05542E-11 1.14680E-10 9.14972E-08
 8.68537E-15 1.39971E-15 4.39215E-21 1.00065E-15 9.48260E-16 1.87137E-19 9.09477E-16 5.35782E-17
 4.99995E-10 7.47161E-16 3.73457E-19 1.31064E-16 9.72595E-15 8.50229E-16 9.90119E-16 8.66232E-20
 5.55142E-19 3.99375E-15 1.00004E-15 1.54410E-17 2.66889E-11 3.64938E-11 1.00000E-05 3.38879E-13
 1.53485E-11 1.38686E-12 1.67127E-08 5.23758E-16 5.50003E-07 4.15000E-04 9.01875E-08 3.44966E-11
 1.29322E-10 9.14971E-08 8.71233E-15 1.41565E-15 4.61979E-21 9.99665E-16 9.47490E-16 1.87191E-19
 9.09858E-16 5.51012E-17 4.99995E-10 7.37707E-16 4.52570E-19 1.09730E-16 1.03181E-14 8.49705E-16
 9.89766E-16 9.59723E-20 4.54835E-19 4.00024E-15 1.00005E-15 9.40354E-18 3.16903E-11 4.53538E-11
 1.00000E-05 4.34936E-13 1.70246E-11 1.53610E-12 1.69195E-08 7.54087E-16 5.50003E-07 4.15000E-04
 9.02074E-08 3.90167E-11 1.46438E-10 9.14971E-08 8.73907E-15 1.43602E-15 4.86525E-21 9.98758E-16
 9.46622E-16 1.87234E-19 9.10202E-16 5.64324E-17 4.99994E-10 7.28662E-16 5.51217E-19 9.23263E-17
 1.09942E-14 8.49120E-16 9.89370E-16 1.06816E-19 3.76912E-19 4.00452E-15 1.00005E-15 5.57999E-18
 3.80240E-11 5.65155E-11 1.00000E-05 5.58305E-13 1.88688E-11 1.68944E-12 1.71484E-08 1.08508E-15
 5.50003E-07 4.15000E-04 9.02297E-08 4.41165E-11 1.66429E-10 9.14970E-08 8.76756E-15 1.46003E-15
 5.11709E-21 9.97919E-16 9.45655E-16 1.87266E-19 9.10512E-16 5.74787E-17 4.99993E-10 7.20034E-16
 6.73676E-19 7.85393E-17 1.17650E-14 8.48458E-16 9.88924E-16 1.19086E-19 3.23531E-19 4.00729E-15
 1.00005E-15 3.29829E-18 4.60022E-11 7.05361E-11 1.00000E-05 7.17266E-13 2.08939E-11 1.84745E-12
 1.74021E-08 1.55854E-15 5.50004E-07 4.15000E-04 9.02546E-08 4.98540E-11 1.89512E-10 9.14969E-08
 8.79867E-15 1.48639E-15 5.38594E-21 9.97144E-16 9.44565E-16 1.87285E-19 9.10792E-16 5.84211E-17
 4.99993E-10 7.11952E-16 8.27125E-19 6.79693E-17 1.26443E-14 8.47714E-16 9.88416E-16 1.32768E-19
 2.95870E-19 4.00907E-15 1.00006E-15 2.02677E-18 5.60180E-11 8.79912E-11 1.00000E-05 9.24374E-13
 2.31268E-11 2.01601E-12 1.76839E-08 2.23074E-15 5.50004E-07 4.15000E-04 9.02822E-08 5.63619E-11
 2.15675E-10 9.14968E-08 8.83276E-15 1.51346E-15 5.69971E-21 9.96426E-16 9.43305E-16 1.87291E-19
 9.11047E-16 5.95510E-17 4.99992E-10 7.04610E-16 1.02303E-18 6.02498E-17 1.36505E-14 8.46898E-16
 9.87818E-16 1.47973E-19 2.92625E-19 4.01032E-15 1.00006E-15 1.36005E-18 6.85528E-11 1.09635E-10
 1.00000E-05 1.19587E-12 2.55962E-11 2.19951E-12 1.79973E-08 3.17991E-15 5.50004E-07 4.15000E-04
 9.03128E-08 6.37436E-11 2.44915E-10 9.14967E-08 8.87113E-15 1.53978E-15 6.07504E-21 9.95758E-16
 9.41827E-16 1.87285E-19 9.11281E-16 6.09471E-17 4.99990E-10 6.98097E-16 1.27568E-18 5.50108E-17
 1.48034E-14 8.46012E-16 9.87102E-16 1.64785E-19 3.10179E-19 4.01134E-15 1.00006E-15 1.01863E-18
 8.41888E-11 1.36512E-10 1.00000E-05 1.55186E-12 2.83265E-11 2.39909E-12 1.83457E-08 4.51680E-15
 5.50004E-07 4.15000E-04 9.03465E-08 7.20409E-11 2.77319E-10 9.14966E-08 8.91587E-15 1.56414E-15
 6.51519E-21 9.95132E-16 9.40091E-16 1.87269E-19 9.11495E-16 6.25173E-17 4.99989E-10 6.92396E-16
 1.60199E-18 5.18340E-17 1.61227E-14 8.45048E-16 9.86241E-16 1.83187E-19 3.45001E-19 4.01233E-15
 1.00007E-15 8.35910E-19 1.03636E-10 1.69940E-10 1.00000E-05 2.01875E-12 3.13458E-11 2.61616E-12
 1.87322E-08 6.39719E-15 5.50005E-07 4.14999E-04 9.03835E-08 8.12861E-11 3.12917E-10 9.14966E-08
 8.96902E-15 1.58539E-15 7.02500E-21 9.94540E-16 9.38056E-16 1.87245E-19 9.11691E-16 6.41723E-17
 4.99988E-10 6.87471E-16 2.02401E-18 5.03139E-17 1.76302E-14 8.43995E-16 9.85205E-16 2.03128E-19
 3.95401E-19 4.01340E-15 1.00007E-15 7.24824E-19 1.27751E-10 2.11617E-10 1.00000E-05 2.63072E-12
 3.46843E-11 2.85153E-12 1.91598E-08 9.04335E-15 5.50005E-07 4.14999E-04 9.04240E-08 9.14817E-11
 3.51710E-10 9.14965E-08 9.03259E-15 1.60245E-15 7.60798E-21 9.93973E-16 9.35675E-16 1.87214E-19
 9.11869E-16 6.58197E-17 4.99986E-10 6.83256E-16 2.56989E-18 5.00827E-17 1.93491E-14 8.42838E-16
 9.83961E-16 2.24478E-19 4.61417E-19 4.01464E-15 1.00008E-15 6.44204E-19 1.57524E-10 2.63859E-10
 1.00000E-05 3.42939E-12 3.83628E-11 3.10187E-12 1.96302E-08 1.27810E-14 5.50006E-07 4.14999E-04
 9.04680E-08 1.02537E-10 3.93843E-10 9.14964E-08 9.10869E-15 1.61453E-15 8.25637E-21 9.93425E-16
 9.32925E-16 1.87173E-19 9.12031E-16 6.73415E-17 4.99984E-10 6.79638E-16 3.27278E-18 5.07855E-17
 2.13015E-14 8.41549E-16 9.82484E-16 2.46871E-19 5.43860E-19 4.01607E-15 1.00009E-15 5.76123E-19
 1.94071E-10 3.29872E-10 1.00000E-05 4.46340E-12 4.23863E-11 3.35833E-12 2.01446E-08 1.80975E-14
 5.50007E-07 4.14999E-04 9.05159E-08 1.14247E-10 4.39731E-10 9.14963E-08 9.19930E-15 1.62123E-15
 8.94897E-21 9.92891E-16 9.29814E-16 1.87119E-19 9.12177E-16 6.86324E-17 4.99982E-10 6.76470E-16
 4.16974E-18 5.20711E-17 2.35064E-14 8.40084E-16 9.80763E-16 2.69593E-19 6.43453E-19 4.01772E-15
 1.00009E-15 5.13271E-19 2.38632E-10 4.14050E-10 1.00000E-05 5.78810E-12 4.67433E-11 3.60725E-12
 2.07035E-08 2.57361E-14 5.50008E-07 4.14999E-04 9.05680E-08 1.26315E-10 4.90119E-10 9.14962E-08
 9.30609E-15 1.62255E-15 9.65397E-21 9.92369E-16 9.26386E-16 1.87040E-19 9.12308E-16 6.96289E-17
 4.99979E-10 6.73600E-16 5.30074E-18 5.36050E-17 2.59816E-14 8.38380E-16 9.78801E-16 2.91577E-19
 7.60136E-19 4.01960E-15 1.00010E-15 4.52894E-19 2.92545E-10 5.22450E-10 1.00000E-05 7.46410E-12
 5.14036E-11 3.83077E-12 2.13081E-08 3.68516E-14 5.50009E-07 4.14999E-04 9.06248E-08 1.38368E-10
 5.46171E-10 9.14961E-08 9.43040E-15 1.61889E-15 1.03307E-20 9.91857E-16 9.22729E-16 1.86921E-19
 9.12425E-16 7.02996E-17 4.99977E-10 6.70893E-16 6.70646E-18 5.50759E-17 2.87419E-14 8.36354E-16
 9.76623E-16 3.11439E-19 8.92249E-19 4.02168E-15 1.00010E-15 3.94171E-19 3.57220E-10 6.63461E-10
 1.00000E-05 9.55510E-12 5.63191E-11 4.00871E-12 2.19609E-08 5.32741E-14 5.50011E-07 4.14999E-04
 9.06871E-08 1.49988E-10 6.09543E-10 9.14960E-08 9.57352E-15 1.61089E-15 1.09332E-20 9.91360E-16
 9.18973E-16 1.86741E-19 9.12529E-16 7.06255E-17 4.99973E-10 6.68253E-16 8.42542E-18 5.62078E-17
 3.18004E-14 8.33899E-16 9.74277E-16 3.27607E-19 1.03594E-18 4.02392E-15 1.00010E-15 3.37259E-19
 4.34174E-10 8.48796E-10 1.00000E-05 1.21259E-11 6.14266E-11 4.12220E-12 2.26678E-08 7.79590E-14
 5.50012E-07 4.14999E-04 9.07561E-08 1.60774E-10 6.82434E-10 9.14959E-08 9.73699E-15 1.59933E-15
 1.14175E-20 9.90880E-16 9.15273E-16 1.86471E-19 9.12620E-16 7.05832E-17 4.99970E-10 6.65630E-16
 1.04915E-17 5.67804E-17 3.51709E-14 8.30874E-16 9.71824E-16 3.38539E-19 1.18506E-18 4.02627E-15
 1.00010E-15 2.82903E-19 5.25547E-10 1.09337E-09 1.00000E-05 1.52746E-11 6.67414E-11 4.17429E-12
 2.34413E-08 1.15702E-13 5.50014E-07 4.14999E-04 9.08332E-08 1.70700E-10 7.66456E-10 9.14958E-08
 9.92276E-15 1.58429E-15 1.17920E-20 9.90421E-16 9.11674E-16 1.86089E-19 9.12698E-16 7.02044E-17
 4.99966E-10 6.63099E-16 1.29647E-17 5.68252E-17 3.88923E-14 8.27145E-16 9.69282E-16 3.43825E-19
 1.33759E-18 4.02871E-15 1.00010E-15 2.32876E-19 6.34479E-10 1.41656E-09 1.00000E-05 1.91508E-11
 7.23623E-11 4.18411E-12 2.43017E-08 1.74486E-13 5.50017E-07 4.14998E-04 9.09204E-08 1.80060E-10
 8.62693E-10 9.14957E-08 1.01342E-14 1.56549E-15 1.21018E-20 9.89980E-16 9.08116E-16 1.85575E-19
 9.12762E-16 6.95358E-17 4.99962E-10 6.60769E-16 1.59448E-17 5.65296E-17 4.30353E-14 8.22573E-16
 9.66625E-16 3.44018E-19 1.49601E-18 4.03126E-15 1.00009E-15 1.88720E-19 7.65554E-10 1.84470E-09
 1.00000E-05 2.39731E-11 7.84560E-11 4.17523E-12 2.52813E-08 2.68008E-13 5.50020E-07 4.14998E-04
 9.10201E-08 1.89321E-10 9.72213E-10 9.14956E-08 1.03773E-14 1.54279E-15 1.24055E-20 9.89553E-16
 9.04484E-16 1.84911E-19 9.12814E-16 6.86092E-17 4.99958E-10 6.58705E-16 1.95804E-17 5.61180E-17
 4.77058E-14 8.16984E-16 9.63786E-16 3.40104E-19 1.66561E-18 4.03397E-15 1.00008E-15 1.51117E-19
 9.24498E-10 2.41836E-09 1.00000E-05 2.99909E-11 8.51184E-11 4.15169E-12 2.64286E-08 4.20676E-13
 5.50023E-07 4.14998E-04 9.11358E-08 1.98651E-10 1.09799E-09 9.14954E-08 1.06630E-14 1.51687E-15
 1.27217E-20 9.89137E-16 9.00772E-16 1.84048E-19 9.12851E-16 6.73455E-17 4.99952E-10 6.56874E-16
 2.40261E-17 5.56274E-17 5.30202E-14 8.10053E-16 9.60728E-16 3.32272E-19 1.84577E-18 4.03690E-15
 1.00007E-15 1.19581E-19 1.11999E-09 3.19709E-09 1.00000E-05 3.75773E-11 9.25173E-11 4.12618E-12
 2.78213E-08 6.77189E-13 5.50027E-07 4.14997E-04 9.12717E-08 2.08447E-10 1.24299E-09 9.14953E-08
 1.10076E-14 1.48792E-15 1.30998E-20 9.88726E-16 8.96861E-16 1.82930E-19 9.12871E-16 6.57033E-17
 4.99946E-10 6.55260E-16 2.95186E-17 5.51881E-17 5.91653E-14 8.01361E-16 9.57344E-16 3.21092E-19
 2.03987E-18 4.04014E-15 1.00006E-15 9.36252E-20 1.37412E-09 4.24748E-09 1.00000E-05 4.78166E-11
 1.01714E-10 4.21304E-12 2.96074E-08 1.12328E-12 5.50032E-07 4.14997E-04 9.14338E-08 2.21634E-10
 1.40062E-09 9.14952E-08 1.14430E-14 1.45453E-15 1.38702E-20 9.88276E-16 8.91667E-16 1.81590E-19
 9.12884E-16 6.42759E-17 4.99939E-10 6.54057E-16 3.68629E-17 5.58603E-17 6.67103E-14 7.90808E-16
 9.53045E-16 3.11001E-19 2.30068E-18 4.04421E-15 1.00006E-15 7.37439E-20 1.74437E-09 5.62671E-09
 1.00000E-05 6.37396E-11 1.15601E-10 4.71140E-12 3.21221E-08 1.94317E-12 5.50041E-07 4.14996E-04
 9.16348E-08 2.45744E-10 1.54328E-09 9.14951E-08 1.20461E-14 1.41387E-15 1.59257E-20 9.87665E-16
 8.82130E-16 1.80250E-19 9.12927E-16 6.46385E-17 4.99928E-10 6.53718E-16 4.83889E-17 6.02463E-17
 7.71785E-14 7.78969E-16 9.46214E-16 3.10821E-19 2.78733E-18 4.05057E-15 1.00006E-15 6.06200E-20
 2.34926E-09 7.42676E-09 1.00000E-05 9.22345E-11 1.38464E-10 6.22977E-12 3.61888E-08 3.59449E-12
 5.50055E-07 4.14995E-04 9.19127E-08 2.91652E-10 1.61273E-09 9.14949E-08 1.30255E-14 1.35734E-15
 2.12575E-20 9.86612E-16 8.61811E-16 1.79327E-19 9.13027E-16 6.79982E-17 4.99911E-10 6.55214E-16
 6.94219E-17 7.29482E-17 9.38002E-14 7.66435E-16 9.33389E-16 3.29313E-19 3.85397E-18 4.06229E-15
 1.00009E-15 5.39135E-20 3.32906E-09 1.00598E-08 1.00000E-05 1.44835E-10 1.70043E-10 9.79930E-12
 4.39328E-08 7.31554E-12 5.50082E-07 4.14994E-04 9.24455E-08 3.59546E-10 1.52827E-09 9.14947E-08
 1.49385E-14 1.25860E-15 3.43827E-20 9.84505E-16 8.18981E-16 1.79137E-19 9.13136E-16 7.27398E-17
 4.99884E-10 6.60911E-16 1.09145E-16 1.00048E-16 1.21693E-13 7.51159E-16 9.08197E-16 3.59359E-19
 6.16299E-18 4.08507E-15 1.00016E-15 5.05173E-20 4.63080E-09 1.53481E-08 1.00000E-05 2.34482E-10
 1.98750E-10 1.59912E-11 6.20646E-08 1.71014E-11 5.50128E-07 4.14993E-04 9.52778E-08 4.11218E-10
 1.28454E-09 9.14944E-08 1.94761E-14 1.10384E-15 6.75848E-20 9.80213E-16 7.39100E-16 1.78628E-19
 9.13201E-16 7.59467E-17 4.99839E-10 6.74814E-16 1.78559E-16 1.45718E-16 1.65783E-13 7.21632E-16
 8.62326E-16 3.51887E-19 1.03663E-17 4.12659E-15 1.00032E-15 4.30746E-20 6.15143E-09 3.37241E-08
 1.00000E-05 4.01034E-10 2.24695E-10 2.35009E-11 1.21273E-07 5.83354E-11 5.50200E-07 4.14990E-04
 1.28802E-07 4.06896E-10 1.02584E-09 9.14939E-08 3.29194E-14 8.94333E-16 1.80243E-19 9.72306E-16
 6.15300E-16 1.71853E-19 9.13232E-16 7.71950E-17 4.99771E-10 6.98691E-16 3.08192E-16 2.15072E-16
 2.34303E-13 6.33429E-16 7.87535E-16 2.47500E-19 1.60444E-17 4.19555E-15 1.00060E-15 2.54768E-20
 3.14081E+02 3.12134E+02 3.10183E+02 3.08219E+02 3.06250E+02 3.04269E+02 3.02277E+02 3.00274E+02
 2.98254E+02 2.96217E+02 2.94166E+02 2.92089E+02 2.89999E+02 2.87875E+02 2.85733E+02 2.83551E+02
 2.81337E+02 2.79080E+02 2.76774E+02 2.74418E+02 2.72174E+02 2.69980E+02 2.67729E+02 2.65384E+02
 2.62928E+02 2.60341E+02 2.57599E+02 2.54672E+02 2.51523E+02 2.48110E+02 2.44386E+02 2.40257E+02
 2.36434E+02 2.33826E+02 2.32038E+02 2.30276E+02 2.28602E+02 2.27059E+02 2.25587E+02 2.24177E+02
 2.22830E+02 2.21516E+02 2.20210E+02 2.18951E+02 2.17959E+02 2.17537E+02 2.17525E+02 2.17104E+02
 2.16009E+02 2.14708E+02 2.13423E+02 2.12080E+02 2.10731E+02 2.09501E+02 2.08468E+02 2.07633E+02
 2.06966E+02 2.06477E+02 2.06213E+02 2.06172E+02 2.06360E+02 2.06773E+02 2.07394E+02 2.08184E+02
 2.09079E+02 2.10006E+02 2.10891E+02 2.11676E+02 2.12330E+02 2.12847E+02 2.13236E+02 2.13522E+02
 2.13731E+02 2.13892E+02 2.14035E+02 2.14223E+02 2.14500E+02 2.14790E+02 2.14977E+02 2.15028E+02
 2.14962E+02 2.14788E+02 2.14528E+02 2.14241E+02 2.14000E+02 2.13883E+02 2.13961E+02 2.14309E+02
 2.14976E+02 2.15986E+02 2.17231E+02 2.18530E+02 2.19738E+02 2.20892E+02 2.22049E+02 2.22780E+02
 2.22089E+02 2.18938E+02 2.13487E+02 2.08173E+02 1.00000E+05 1.00000E+05 1.00000E+05 1.00000E+05
 1.00000E+05 1.00000E+05 1.00000E+05 1.00000E+05 1.00000E+05 1.00000E+05 1.00000E+05 1.00000E+05
 1.00000E+05 1.00000E+05 1.00000E+05 1.00000E+05 1.00000E+05 1.00000E+05 1.00000E+05 1.00000E+05
 1.00000E+05 1.00000E+05 1.00000E+05 1.00000E+05 1.00000E+05 1.00000E+05 1.00000E+05 1.00000E+05
 1.00000E+05 1.00000E+05 1.00000E+05 1.00000E+05 1.00000E+05 1.00000E+05 1.00000E+05 1.00000E+05
 1.00000E+05 1.00000E+05 9.62979E+04 9.38703E+04 9.14428E+04 8.90152E+04 7.85139E+04 6.92150E+04
 5.99161E+04 5.06173E+04 4.13184E+04 3.79099E+04 3.18387E+04 2.57674E+04 1.96961E+04 1.88772E+04
 1.63669E+04 1.38566E+04 1.13462E+04 1.04062E+04 9.29172E+03 8.17724E+03 7.06276E+03 5.94828E+03
 6.13995E+03 5.76133E+03 5.38271E+03 5.00409E+03 4.87836E+03 4.67721E+03 4.47606E+03 4.27491E+03
 4.20598E+03 4.12782E+03 4.04966E+03 3.97149E+03 3.89333E+03 3.93017E+03 3.91868E+03 3.90718E+03
 3.89569E+03 3.93129E+03 3.95405E+03 3.97681E+03 3.99957E+03 4.08006E+03 4.15914E+03 4.23822E+03
 4.31730E+03 4.39638E+03 4.53591E+03 4.65109E+03 4.76626E+03 4.88143E+03 5.02524E+03 5.16202E+03
 5.29880E+03 5.43558E+03 5.57236E+03 5.77861E+03 5.95056E+03 6.12252E+03 6.29447E+03 6.50416E+03
 2.25687E+19 2.11862E+19 1.98810E+19 1.86498E+19 1.74883E+19 1.63931E+19 1.53608E+19 1.43880E+19
 1.34718E+19 1.26093E+19 1.17973E+19 1.10336E+19 1.03149E+19 9.63968E+18 9.00478E+18 8.40867E+18
 7.84886E+18 7.32350E+18 6.83075E+18 6.36866E+18 5.93199E+18 5.52112E+18 5.13684E+18 4.77810E+18
 4.44343E+18 4.13144E+18 3.84085E+18 3.57045E+18 3.31915E+18 3.08590E+18 2.86969E+18 2.66999E+18
 2.47806E+18 2.28578E+18 2.09946E+18 1.92688E+18 1.76671E+18 1.61796E+18 1.48043E+18 1.35348E+18
 1.23640E+18 1.12869E+18 1.02980E+18 9.38878E+17 8.54551E+17 7.75543E+17 7.02463E+17 6.37417E+17
 5.80009E+17 5.28013E+17 4.80378E+17 4.36913E+17 3.97162E+17 3.60618E+17 3.26964E+17 2.96045E+17
 2.67743E+17 2.41874E+17 2.18231E+17 1.96675E+17 1.77062E+17 1.59260E+17 1.43144E+17 1.28603E+17
 1.15534E+17 1.03828E+17 9.33715E+16 8.40445E+16 7.57246E+16 6.82934E+16 6.16431E+16 5.56777E+16
 5.03143E+16 4.54829E+16 4.11227E+16 3.71762E+16 3.35990E+16 3.03687E+16 2.74658E+16 2.48581E+16
 2.25105E+16 2.03941E+16 1.84827E+16 1.67507E+16 1.51762E+16 1.37410E+16 1.24302E+16 1.12317E+16
 1.01363E+16 9.13700E+15 8.23189E+15 7.41930E+15 6.69379E+15 6.04416E+15 5.46051E+15 4.94490E+15
 4.50683E+15 4.15037E+15 3.85674E+15 3.57494E+15 1.98781E-15 1.90831E-15 1.72510E-15 1.68988E-15
 1.74957E-15 1.88507E-15 2.08935E-15 2.36102E-15 2.70186E-15 3.11572E-15 3.60786E-15 4.18439E-15
 4.85172E-15 5.61643E-15 6.48571E-15 7.46423E-15 8.55448E-15 9.75780E-15 1.10753E-14 1.25089E-14
 1.40620E-14 1.57402E-14 1.75499E-14 1.94990E-14 2.15962E-14 2.38518E-14 2.62768E-14 2.88833E-14
 3.16846E-14 3.46943E-14 3.79268E-14 4.13969E-14 4.49346E-14 4.85028E-14 5.20912E-14 5.57029E-14
 5.93376E-14 6.29949E-14 6.67414E-14 7.06056E-14 7.44627E-14 7.80642E-14 8.14716E-14 8.47323E-14
 8.77071E-14 9.02163E-14 9.19865E-14 9.31071E-14 9.33155E-14 9.20134E-14 8.78112E-14 8.32116E-14
 7.77021E-14 7.10560E-14 6.29707E-14 5.44232E-14 4.54068E-14 3.61354E-14 2.69387E-14 1.82822E-14
 1.20400E-14 7.33621E-15 4.06583E-15 2.00649E-15 8.96390E-16 3.52101E-16 1.18971E-16 3.36977E-17
 8.12794E-18 1.63056E-18 2.65717E-19 3.42611E-20 3.39020E-21 2.68401E-22 1.60797E-23 7.07117E-25
 2.20704E-26 4.93278E-28 7.54862E-30 7.62542E-32 4.88345E-34 2.05117E-36 5.43336E-39 8.70701E-42
 8.05943E-45 4.09321E-48 1.20274E-51 1.85683E-55 1.41907E-59 5.03684E-64 8.30716E-69 5.89108E-74
 1.68268E-79 1.80214E-85 6.68707E-92 9.66492E-99 1.00000-100 1.00000-100 1.00000-100 1.00000-100
 3.38775E-03 2.67804E-03 2.02004E-03 1.74226E-03 1.61673E-03 1.56013E-03 1.55781E-03 1.59929E-03
 1.66235E-03 1.74383E-03 1.83845E-03 1.95488E-03 2.08045E-03 2.20549E-03 2.34150E-03 2.46812E-03
 2.60816E-03 2.73603E-03 2.86100E-03 2.97170E-03 3.06165E-03 3.14385E-03 3.22032E-03 3.28511E-03
 3.34178E-03 3.38828E-03 3.43421E-03 3.47685E-03 3.53796E-03 3.60379E-03 3.66542E-03 3.72700E-03
 3.73540E-03 3.74008E-03 3.69711E-03 3.62606E-03 3.54459E-03 3.44947E-03 3.34501E-03 3.23720E-03
 3.12133E-03 2.98915E-03 2.84706E-03 2.70057E-03 2.49499E-03 2.21670E-03 1.90663E-03 1.74721E-03
 1.59823E-03 1.44142E-03 1.25766E-03 1.08974E-03 9.29954E-04 7.75674E-04 6.25303E-04 4.90025E-04
 3.69712E-04 2.65329E-04 1.77798E-04 1.08157E-04 6.36574E-05 3.45699E-05 1.70470E-05 7.48741E-06
 2.97500E-06 1.03952E-06 3.12842E-07 7.90794E-08 1.70704E-08 3.06992E-09 4.49190E-10 5.21036E-11
 4.64199E-12 3.31068E-13 1.78722E-14 7.08118E-16 1.99070E-17 4.00763E-19 5.52970E-21 5.04281E-23
 2.91842E-25 1.10873E-27 2.65813E-30 3.85587E-33 3.22913E-36 1.48216E-39 3.92946E-43 5.46159E-47
 3.74846E-51 1.19201E-55 1.76058E-60 1.11831E-65 2.86465E-71 2.75378E-77 9.17415E-84 1.19488E-90
 1.12737E-92 1.04831E-92 9.90506E-93 9.33803E-93 1.00000E-12 1.00000E-12 1.00000E-12 1.00000E-12
 1.00000E-12 1.00000E-12 1.00000E-12 1.00000E-12 1.00000E-12 1.00000E-12 1.00000E-12 1.00000E-12
 1.00000E-12 1.00000E-12 1.00000E-12 1.00000E-12 1.00000E-12 1.00000E-12 1.00000E-12 1.00000E-12
 1.00000E-12 1.00000E-12 1.00000E-12 1.00000E-12 1.00000E-12 1.00000E-12 1.00000E-12 1.00000E-12
 1.00000E-12 1.00000E-12 1.00000E-12 1.00000E-12 1.00000E-12 1.00000E-12 1.00000E-12 1.00000E-12
 1.00000E-12 1.00000E-12 1.00000E-12 1.00000E-12 1.00000E-12 1.00000E-12 1.00000E-12 1.00000E-12
 1.00000E-12 1.00000E-12 1.00000E-12 1.00000E-12 1.00000E-12 1.00000E-12 1.00000E-12 1.00000E-12
 1.00000E-12 1.00000E-12 1.00000E-12 1.00000E-12 1.00000E-12 1.00000E-12 1.00000E-12 1.00000E-12
 1.00000E-12 1.00000E-12 1.00000E-12 1.00000E-12 1.00000E-12 1.00000E-12 1.00000E-12 1.00000E-12
 1.00000E-12 1.00000E-12 1.00000E-12 1.00000E-12 1.00000E-12 1.00000E-12 1.00000E-12 1.00000E-12
 1.00000E-12 1.00000E-12 1.00000E-12 1.00000E-12 1.00000E-12 1.00000E-12 1.00000E-12 1.00000E-12
 1.00000E-12 1.00000E-12 1.00000E-12 1.00000E-12 1.00000E-12 1.00000E-12 1.00000E-12 1.00000E-12
 1.00000E-12 1.00000E-12 1.00000E-12 1.00000E-12 1.00000E-12 1.00000E-12 1.00000E-12 1.00000E-12
 1.00000E-12 1.00000E-12 1.00000E-12 1.00000E-12 1.00000E-12 1.00000E-12 1.00000E-12 1.00000E-12
 1.00000E-12 1.00000E-12 1.00000E-12 1.00000E-12 1.00000E-12 1.00000E-12 1.00000E-12 1.00000E-12
 1.00000E-12 1.00000E-12 1.00000E-12 1.00000E-12 1.00000E-12 1.00000E-12 1.00000E-12 1.00000E-12
 1.00000E-12 1.00000E-12 1.00000E-12 1.00000E-12 1.00000E-12 1.00000E-12 1.00000E-12 1.00000E-12
 1.00000E-12 1.00000E-12 1.00000E-12 1.00000E-12 1.00000E-12 1.00000E-12 1.00000E-12 1.00000E-12
 1.00000E-12 1.00000E-12 1.00000E-12 1.00000E-12 1.00000E-12 1.00000E-12 1.00000E-12 1.00000E-12
 1.00000E-12 1.00000E-12 1.00000E-12 1.00000E-12 1.00000E-12 1.00000E-12 1.00000E-12 1.00000E-12
 1.00000E-12 1.00000E-12 1.00000E-12 1.00000E-12 1.00000E-12 1.00000E-12 1.00000E-12 1.00000E-12
 1.00000E-12 1.00000E-12 1.00000E-12 1.00000E-12 1.00000E-12 1.00000E-12 1.00000E-12 1.00000E-12
 1.00000E-12 1.00000E-12 1.00000E-12 1.00000E-12 1.00000E-12 1.00000E-12 1.00000E-12 1.00000E-12
 1.00000E-12 1.00000E-12 1.00000E-12 1.00000E-12 1.00000E-12 1.00000E-12 1.00000E-12 1.00000E-12
 1.00000E-12 1.00000E-12 1.00000E-12 1.00000E-12 1.00000E-12 1.00000E-12 1.00000E-12 1.00000E-12
 1.00000E-12 1.00000E-12 1.00000E-12 1.00000E-12 2.78262E-04 2.96884E-04 3.17158E-04 3.35713E-04
 3.54565E-04 3.75251E-04 3.97275E-04 4.20383E-04 4.45596E-04 4.72893E-04 5.02538E-04 5.33792E-04
 5.67629E-04 6.04896E-04 6.44754E-04 6.88987E-04 7.35734E-04 7.87321E-04 8.43160E-04 9.04618E-04
 9.72717E-04 1.04681E-03 1.12736E-03 1.21582E-03 1.31268E-03 1.41925E-03 1.53533E-03 1.66250E-03
 1.79840E-03 1.94649E-03 2.11016E-03 2.29103E-03 2.49779E-03 2.71836E-03 2.96607E-03 3.24282E-03
 3.54724E-03 3.88392E-03 4.25739E-03 4.67036E-03 5.12731E-03 5.63383E-03 6.19598E-03 6.81920E-03
 7.56159E-03 8.47845E-03 9.59077E-03 1.05835E-02 1.16607E-02 1.28477E-02 1.41646E-02 1.56252E-02
 1.72492E-02 1.90611E-02 2.10864E-02 2.33546E-02 2.58923E-02 2.87322E-02 3.19138E-02 3.54731E-02
 3.94562E-02 4.39109E-02 4.88753E-02 5.43699E-02 6.04742E-02 6.72409E-02 7.47185E-02 8.29628E-02
 9.20218E-02 1.02013E-01 1.13032E-01 1.25158E-01 1.38550E-01 1.53347E-01 1.69704E-01 1.87792E-01
 2.07788E-01 2.29885E-01 2.54258E-01 2.81133E-01 3.10785E-01 3.43516E-01 3.79672E-01 4.19661E-01
 4.63946E-01 5.13042E-01 5.67512E-01 6.27973E-01 6.95083E-01 7.69475E-01 8.51398E-01 9.41600E-01
 1.04068E+00 1.14958E+00 1.26938E+00 1.40018E+00 1.54045E+00 1.68893E+00 1.84980E+00 2.03196E+00
 1.00000E+00 1.00000E+00 1.00000E+00 1.00000E+00 1.00000E+00 1.00000E+00 1.00000E+00 1.00000E+00
 1.00000E+00 1.00000E+00 1.00000E+00 1.00000E+00 1.00000E+00 1.00000E+00 1.00000E+00 1.00000E+00
 1.00000E+00 1.00000E+00 1.00000E+00 1.00000E+00 1.00000E+00 1.00000E+00 1.00000E+00 1.00000E+00
 1.00000E+00 1.00000E+00 1.00000E+00 1.00000E+00 1.00000E+00 1.00000E+00 1.00000E+00 1.00000E+00
 1.00000E+00 1.00000E+00 1.00000E+00 1.00000E+00 1.00000E+00 1.00000E+00 1.00000E+00 1.00000E+00
 1.00000E+00 1.00000E+00 1.00000E+00 1.00000E+00 1.00000E+00 1.00000E+00 1.00000E+00 1.00000E+00
 1.00000E+00 1.00000E+00 1.00000E+00 1.00000E+00 1.00000E+00 1.00000E+00 1.00000E+00 1.00000E+00
 1.00000E+00 1.00000E+00 1.00000E+00 1.00000E+00 1.00000E+00 1.00000E+00 1.00000E+00 1.00000E+00
 1.00000E+00 1.00000E+00 1.00000E+00 1.00000E+00 1.00000E+00 1.00000E+00 1.00000E+00 1.00000E+00
 1.00000E+00 1.00000E+00 1.00000E+00 1.00000E+00 1.00000E+00 1.00000E+00 1.00000E+00 1.00000E+00
 1.00000E+00 1.00000E+00 1.00000E+00 1.00000E+00 1.00000E+00 1.00000E+00 1.00000E+00 1.00000E+00
 1.00000E+00 1.00000E+00 1.00000E+00 1.00000E+00 1.00000E+00 1.00000E+00 1.00000E+00 1.00000E+00
 1.00000E+00 1.00000E+00 1.00000E+00 1.00000E+00 1.00000E+00 1.00000E+00 1.00000E+00 1.00000E+00
 1.00000E+00 1.00000E+00 1.00000E+00 1.00000E+00 1.00000E+00 1.00000E+00 1.00000E+00 1.00000E+00
 1.00000E+00 1.00000E+00 1.00000E+00 1.00000E+00 1.00000E+00 1.00000E+00 1.00000E+00 1.00000E+00
 1.00000E+00 1.00000E+00 1.00000E+00 1.00000E+00 1.00000E+00 1.00000E+00 1.00000E+00 1.00000E+00
 1.00000E+00 1.00000E+00 1.00000E+00 1.00000E+00 1.00000E+00 1.00000E+00 1.00000E+00 1.00000E+00
 1.00000E+00 1.00000E+00 1.00000E+00 1.00000E+00 1.00000E+00 1.00000E+00 1.00000E+00 1.00000E+00
 1.00000E+00 1.00000E+00 1.00000E+00 1.00000E+00 1.00000E+00 1.00000E+00 1.00000E+00 1.00000E+00
 1.00000E+00 1.00000E+00 1.00000E+00 1.00000E+00 1.00000E+00 1.00000E+00 1.00000E+00 1.00000E+00
 1.00000E+00 1.00000E+00 1.00000E+00 1.00000E+00 1.00000E+00 1.00000E+00 1.00000E+00 1.00000E+00
 1.00000E+00 1.00000E+00 1.00000E+00 1.00000E+00 1.00000E+00 1.00000E+00 1.00000E+00 1.00000E+00
 1.00000E+00 1.00000E+00 1.00000E+00 1.00000E+00 1.00000E+00 1.00000E+00 1.00000E+00 1.00000E+00
 1.00000E+00 1.00000E+00 1.00000E+00 1.00000E+00 1.00000E+00 1.00000E+00 1.00000E+00 1.00000E+00
 1.00000E+00 1.00000E+00 1.00000E+00 1.00000E+00 1.00000E+00 1.00000E+00 1.00000E+00 1.00000E+00
 1.00000E-05 1.00000E-05 1.00000E-05 1.00000E-05 1.00000E-05 1.00000E-05 1.00000E-05 1.00000E-05
 1.00000E-05 1.00000E-05 1.00000E-05 1.00000E-05 1.00000E-05 1.00000E-05 1.00000E-05 1.00000E-05
 1.00000E-05 1.00000E-05 1.00000E-05 1.00000E-05 1.00000E-05 1.00000E-05 1.00000E-05 1.00000E-05
 1.00000E-05 1.00000E-05 1.00000E-05 1.00000E-05 1.00000E-05 1.00000E-05 1.00000E-05 1.00000E-05
 1.00000E-05 1.00000E-05 1.00000E-05 1.00000E-05 1.00000E-05 1.00000E-05 1.00000E-05 1.00000E-05
 1.00000E-05 1.00000E-05 1.00000E-05 1.00000E-05 1.00000E-05 1.00000E-05 1.00000E-05 1.00000E-05
 1.00000E-05 1.00000E-05 1.00000E-05 1.00000E-05 1.00000E-05 1.00000E-05 1.00000E-05 1.00000E-05
 1.00000E-05 1.00000E-05 1.00000E-05 1.00000E-05 1.00000E-05 1.00000E-05 1.00000E-05 1.00000E-05
 1.00000E-05 1.00000E-05 1.00000E-05 1.00000E-05 1.00000E-05 1.00000E-05 1.00000E-05 1.00000E-05
 1.00000E-05 1.00000E-05 1.00000E-05 1.00000E-05 1.00000E-05 1.00000E-05 1.00000E-05 1.00000E-05
 1.00000E-05 1.00000E-05 1.00000E-05 1.00000E-05 1.00000E-05 1.00000E-05 1.00000E-05 1.00000E-05
 1.00000E-05 1.00000E-05 1.00000E-05 1.00000E-05 1.00000E-05 1.00000E-05 1.00000E-05 1.00000E-05
 1.00000E-05 1.00000E-05 1.00000E-05 1.00000E-05 1.00000E-09 1.00000E-09 1.00000E-09 1.00000E-09
 1.00000E-09 1.00000E-09 1.00000E-09 1.00000E-09 1.00000E-09 1.00000E-09 1.00000E-09 1.00000E-09
 1.00000E-09 1.00000E-09 1.00000E-09 1.00000E-09 1.00000E-09 1.00000E-09 1.00000E-09 1.00000E-09
 1.00000E-09 1.00000E-09 1.00000E-09 1.00000E-09 1.00000E-09 1.00000E-09 1.00000E-09 1.00000E-09
 1.00000E-09 1.00000E-09 1.00000E-09 1.00000E-09 1.00000E-09 1.00000E-09 1.00000E-09 1.00000E-09
 1.00000E-09 1.00000E-09 1.00000E-09 1.00000E-09 1.00000E-09 1.00000E-09 1.00000E-09 1.00000E-09
 1.00000E-09 1.00000E-09 1.00000E-09 1.00000E-09 1.00000E-09 1.00000E-09 1.00000E-09 1.00000E-09
 1.00000E-09 1.00000E-09 1.00000E-09 1.00000E-09 1.00000E-09 1.00000E-09 1.00000E-09 1.00000E-09
 1.00000E-09 1.00000E-09 1.00000E-09 1.00000E-09 1.00000E-09 1.00000E-09 1.00000E-09 1.00000E-09
 1.00000E-09 1.00000E-09 1.00000E-09 1.00000E-09 1.00000E-09 1.00000E-09 1.00000E-09 1.00000E-09
 1.00000E-09 1.00000E-09 1.00000E-09 1.00000E-09 1.00000E-09 1.00000E-09 1.00000E-09 1.00000E-09
 1.00000E-09 1.00000E-09 1.00000E-09 1.00000E-09 1.00000E-09 1.00000E-09 1.00000E-09 1.00000E-09
 1.00000E-09 1.00000E-09 1.00000E-09 1.00000E-09 1.00000E-09 1.00000E-09 1.00000E-09 1.00000E-09
 1.00000E-09 1.00000E-09 1.00000E-09 1.00000E-09 1.00000E-09 1.00000E-09 1.00000E-09 1.00000E-09
 1.00000E-09 1.00000E-09 1.00000E-09 1.00000E-09 1.00000E-09 1.00000E-09 1.00000E-09 1.00000E-09
 1.00000E-09 1.00000E-09 1.00000E-09 1.00000E-09 1.00000E-09 1.00000E-09 1.00000E-09 1.00000E-09
 1.00000E-09 1.00000E-09 1.00000E-09 1.00000E-09 1.00000E-09 1.00000E-09 1.00000E-09 1.00000E-09
 1.00000E-09 1.00000E-09 1.00000E-09 1.00000E-09 1.00000E-09 1.00000E-09 1.00000E-09 1.00000E-09
 1.00000E-09 1.00000E-09 1.00000E-09 1.00000E-09 1.00000E-09 1.00000E-09 1.00000E-09 1.00000E-09
 1.00000E-09 1.00000E-09 1.00000E-09 1.00000E-09 1.00000E-09 1.00000E-09 1.00000E-09 1.00000E-09
 1.00000E-09 1.00000E-09 1.00000E-09 1.00000E-09 1.00000E-09 1.00000E-09 1.00000E-09 1.00000E-09
 1.00000E-09 1.00000E-09 1.00000E-09 1.00000E-09 1.00000E-09 1.00000E-09 1.00000E-09 1.00000E-09
 1.00000E-09 1.00000E-09 1.00000E-09 1.00000E-09 1.00000E-09 1.00000E-09 1.00000E-09 1.00000E-09
 1.00000E-09 1.00000E-09 1.00000E-09 1.00000E-09 1.00000E-09 1.00000E-09 1.00000E-09 1.00000E-09
 1.00000E-09 1.00000E-09 1.00000E-09 1.00000E-09 1.00000E-09 1.00000E-09 1.00000E-09 1.00000E-09
 1.00000E-09 1.00000E-09 1.00000E-09 1.00000E-09
