 6.31511E-10 6.41908E-18 6.54364E-03 1.56617E-19 3.73192E-13 5.26572E-10 1.95006E-09 9.63500E-22
 1.07637E-03 4.00000E-03 4.36342E-05 1.02477E-09 4.96695E-13 3.36500E-07 3.00451E-13 6.45466E-11
 3.82177E-21 6.68851E-12 1.35112E-13 3.04028E-15 1.86871E-16 1.92628E-37 8.09332E-08 6.17067E-17
 3.50499E-24 4.01194E-22 1.46637E-12 5.91765E-17 2.99451E-10 8.49225E-18 3.05898E-19 8.57767E-11
 3.81169E-17 1.75759E-12 8.02884E-10 8.11318E-18 5.12457E-03 2.19426E-19 4.60084E-13 6.83876E-10
 2.10166E-09 1.40676E-21 1.07637E-03 3.99999E-03 4.36342E-05 1.32647E-09 5.62650E-13 3.36409E-07
 3.62661E-13 7.30522E-11 5.85027E-21 9.54535E-12 2.81269E-13 2.98069E-15 2.69297E-16 6.76733E-37
 8.09313E-08 8.63753E-17 5.96676E-24 6.49242E-22 2.25492E-12 8.26067E-17 3.03502E-10 1.31227E-17
 8.87632E-19 1.50718E-10 7.85338E-17 3.11564E-12 1.08391E-09 1.03048E-17 4.08795E-03 3.09554E-19
 5.63346E-13 9.52474E-10 2.25991E-09 2.09762E-21 1.07637E-03 3.99999E-03 4.36342E-05 1.83888E-09
 6.17133E-13 3.36310E-07 4.25956E-13 8.04476E-11 8.71541E-21 1.32573E-11 5.28022E-13 2.88966E-15
 3.64169E-16 2.13211E-36 8.09292E-08 1.13535E-16 9.56110E-24 1.02270E-21 3.43674E-12 1.08070E-16
 3.07220E-10 1.82520E-17 2.02897E-18 2.22411E-10 1.43221E-16 4.57703E-12 1.48328E-09 1.31203E-17
 3.32763E-03 4.41832E-19 6.94713E-13 1.34018E-09 2.42199E-09 3.19299E-21 1.07637E-03 3.99998E-03
 4.36342E-05 2.57724E-09 6.89098E-13 3.36204E-07 4.83859E-13 8.64141E-11 1.26236E-20 1.78749E-11
 9.21010E-13 2.76572E-15 4.62798E-16 6.50493E-36 8.09270E-08 1.43642E-16 1.49864E-23 1.61994E-21
 5.06960E-12 1.35838E-16 3.10594E-10 2.42240E-17 4.09318E-18 3.02316E-10 2.48829E-16 6.10427E-12
 2.10855E-09 1.69272E-17 2.73591E-03 6.46257E-19 8.68282E-13 1.94963E-09 2.61696E-09 5.02136E-21
 1.07637E-03 3.99997E-03 4.36342E-05 3.73768E-09 7.91493E-13 3.36066E-07 5.30264E-13 9.14704E-11
 1.79609E-20 2.44246E-11 1.52431E-12 2.66438E-15 5.75656E-16 2.00938E-35 8.09241E-08 1.84014E-16
 2.34308E-23 2.63278E-21 7.59470E-12 1.72330E-16 3.14211E-10 3.10938E-17 7.94082E-18 4.08121E-10
 4.60635E-16 7.92296E-12 4.16826E-09 2.42128E-17 1.09919E-03 1.02861E-18 1.21528E-12 3.96411E-09
 3.11142E-09 8.63549E-21 1.07637E-03 3.99995E-03 4.36342E-05 7.57247E-09 9.91011E-13 3.35677E-07
 4.95024E-13 9.86717E-11 2.35488E-20 4.45069E-11 2.57885E-12 2.96577E-15 1.60305E-15 6.92831E-35
 8.09158E-08 3.02406E-16 3.68352E-23 4.72675E-21 1.58769E-11 2.76708E-16 3.22432E-10 3.61569E-17
 1.89581E-17 7.10201E-10 1.49193E-15 1.23364E-11 1.23473E-08 4.48903E-17 6.37159E-04 2.70637E-18
 2.19858E-12 1.19509E-08 4.77657E-09 2.49201E-20 1.07637E-03 3.99985E-03 4.36344E-05 2.27746E-08
 1.66192E-12 3.34148E-07 4.05343E-13 1.15914E-10 4.41043E-20 1.16654E-10 5.20507E-12 4.76868E-15
 4.73492E-15 4.02720E-34 8.08830E-08 7.94431E-16 6.66999E-23 1.17517E-20 4.87321E-11 6.95513E-16
 3.47248E-10 3.33982E-17 6.18786E-17 1.76555E-09 8.64893E-15 2.37740E-11 2.97767E-08 8.78108E-17
 6.37467E-04 6.91571E-18 3.69042E-12 2.87752E-08 7.67687E-09 6.95865E-20 1.07637E-03 3.99965E-03
 4.36347E-05 5.48129E-08 2.76694E-12 3.30946E-07 3.20144E-13 1.32678E-10 7.69907E-20 2.47517E-10
 8.91269E-12 7.88677E-15 8.68659E-15 2.85366E-33 8.08135E-08 1.94953E-15 1.27531E-22 3.30672E-20
 1.18178E-10 1.61188E-15 3.82595E-10 2.92626E-17 1.67542E-16 3.69417E-09 2.70083E-14 3.64958E-11
 5.17171E-08 1.49982E-16 6.37846E-04 1.35455E-17 5.28395E-12 4.93212E-08 1.07294E-08 1.47311E-19
 1.07637E-03 3.99940E-03 4.36346E-05 9.39639E-08 3.95362E-12 3.27035E-07 2.68911E-13 1.39964E-10
 1.09831E-19 3.69829E-10 1.25032E-11 1.04384E-14 1.18454E-14 1.50630E-32 8.07280E-08 3.69520E-15
 2.22342E-22 7.90159E-20 2.03728E-10 2.81728E-15 4.03675E-10 2.75597E-17 3.34396E-16 5.69718E-09
 6.18185E-14 4.19386E-11 7.32566E-08 2.30317E-16 6.38205E-04 2.20864E-17 6.85263E-12 6.85065E-08
 1.34376E-08 2.58307E-19 1.07637E-03 3.99916E-03 4.36338E-05 1.30539E-07 5.08346E-12 3.23359E-07
 2.44697E-13 1.44207E-10 1.41503E-19 4.46357E-10 1.59715E-11 1.20416E-14 1.38363E-14 5.49931E-32
 8.06470E-08 5.88545E-15 3.49630E-22 1.55262E-19 2.84721E-10 4.05205E-15 4.01210E-10 2.71538E-17
 5.48439E-16 7.23778E-09 1.06273E-13 4.10232E-11 9.22254E-08 3.32787E-16 6.38506E-04 3.23651E-17
 8.38981E-12 8.43361E-08 1.57790E-08 4.05970E-19 1.07637E-03 3.99897E-03 4.36321E-05 1.60730E-07
 6.15346E-12 3.20292E-07 2.40476E-13 1.50695E-10 1.76956E-19 4.80941E-10 1.97613E-11 1.31669E-14
 1.55734E-14 1.49768E-31 8.05789E-08 8.39373E-15 5.10954E-22 2.62310E-19 3.52738E-10 5.16902E-15
 3.79348E-10 2.72945E-17 8.00970E-16 8.22853E-09 1.51955E-13 3.71737E-11 1.08656E-07 4.65307E-16
 6.38752E-04 4.47129E-17 9.94115E-12 9.70709E-08 1.78774E-08 6.00250E-19 1.07637E-03 3.99881E-03
 4.36298E-05 1.85028E-07 7.20429E-12 3.17787E-07 2.48666E-13 1.60042E-10 2.19475E-19 4.88151E-10
 2.42784E-11 1.40813E-14 1.74570E-14 3.40106E-31 8.05231E-08 1.11851E-14 7.14036E-22 4.03179E-19
 4.08568E-10 6.14117E-15 3.44229E-10 2.74584E-17 1.09359E-15 8.78780E-09 1.94729E-13 3.23919E-11
 1.23101E-07 6.38823E-16 6.38956E-04 5.97037E-17 1.15522E-11 1.07434E-07 1.98314E-08 8.56574E-19
 1.07637E-03 3.99867E-03 4.36269E-05 2.04803E-07 8.27417E-12 3.15716E-07 2.65086E-13 1.71713E-10
 2.71091E-19 4.78739E-10 2.97594E-11 1.48734E-14 1.95512E-14 6.91893E-31 8.04767E-08 1.42687E-14
 9.70348E-22 5.84951E-19 4.54982E-10 6.97736E-15 2.99756E-10 2.71914E-17 1.43037E-15 9.03576E-09
 2.33513E-13 2.75053E-11 1.36137E-07 8.68226E-16 6.39130E-04 7.80721E-17 1.32626E-11 1.16091E-07
 2.17119E-08 1.19621E-18 1.07636E-03 3.99856E-03 4.36235E-05 2.21318E-07 9.39453E-12 3.13956E-07
 2.84012E-13 1.85093E-10 3.29352E-19 4.59047E-10 3.63878E-11 1.55678E-14 2.18173E-14 1.33756E-30
 8.04371E-08 1.76862E-14 1.29446E-21 8.18941E-19 4.94610E-10 7.69175E-15 2.47598E-10 2.59725E-17
 1.81407E-15 9.05586E-09 2.68673E-13 2.28609E-11 1.48077E-07 1.17338E-15 6.39280E-04 1.00746E-16
 1.51008E-11 1.23453E-07 2.35489E-08 1.64761E-18 1.07636E-03 3.99846E-03 4.36196E-05 2.35340E-07
 1.05825E-11 3.12435E-07 3.16836E-13 2.02820E-10 4.10756E-19 4.32879E-10 4.50797E-11 1.63852E-14
 2.49036E-14 2.33938E-30 8.04026E-08 2.14546E-14 1.70460E-21 1.10654E-18 5.29034E-10 8.28466E-15
 2.05705E-10 2.50573E-17 2.28597E-15 9.07074E-09 3.04315E-13 1.87635E-11 1.58986E-07 1.57838E-15
 6.39410E-04 1.28645E-16 1.70858E-11 1.29724E-07 2.53280E-08 2.24499E-18 1.07636E-03 3.99838E-03
 4.36154E-05 2.47251E-07 1.18469E-11 3.11119E-07 3.56234E-13 2.22531E-10 5.10445E-19 4.02591E-10
 5.58584E-11 1.71147E-14 2.82681E-14 4.00826E-30 8.03727E-08 2.55327E-14 2.22055E-21 1.46472E-18
 5.58957E-10 8.74155E-15 1.71838E-10 2.43936E-17 2.86454E-15 9.08173E-09 3.40752E-13 1.52915E-11
 1.68721E-07 2.11192E-15 6.39521E-04 1.62751E-16 1.92276E-11 1.34972E-07 2.69963E-08 3.02997E-18
 1.07636E-03 3.99831E-03 4.36112E-05 2.57171E-07 1.31861E-11 3.10003E-07 3.99611E-13 2.42013E-10
 6.26404E-19 3.70501E-10 6.86244E-11 1.75600E-14 3.12657E-14 6.71799E-30 8.03472E-08 2.97868E-14
 2.86467E-21 1.91341E-18 5.84471E-10 9.04381E-15 1.44839E-10 2.40612E-17 3.57246E-15 9.08972E-09
 3.77570E-13 1.24596E-11 1.77218E-07 2.81013E-15 6.39613E-04 2.04218E-16 2.15368E-11 1.39294E-07
 2.85099E-08 4.05547E-18 1.07636E-03 3.99825E-03 4.36070E-05 2.65289E-07 1.45996E-11 3.09073E-07
 4.44629E-13 2.59431E-10 7.55443E-19 3.38625E-10 8.32005E-11 1.75990E-14 3.33219E-14 1.19436E-29
 8.03258E-08 3.40752E-14 3.66347E-21 2.47612E-18 6.05845E-10 9.18772E-15 1.23586E-10 2.41268E-17
 4.43712E-15 9.09545E-09 4.14214E-13 1.02065E-11 1.84639E-07 3.72258E-15 6.39689E-04 2.54541E-16
 2.40326E-11 1.42883E-07 2.98676E-08 5.39274E-18 1.07635E-03 3.99820E-03 4.36029E-05 2.71970E-07
 1.60953E-11 3.08294E-07 4.89765E-13 2.73916E-10 8.94862E-19 3.07961E-10 9.94706E-11 1.72395E-14
 3.42009E-14 1.81303E-29 8.03078E-08 3.83531E-14 4.64976E-21 3.17971E-18 6.23852E-10 9.18487E-15
 1.06688E-10 2.45431E-17 5.48952E-15 9.09962E-09 4.50802E-13 8.40585E-12 1.91040E-07 4.91068E-15
 6.39754E-04 3.15368E-16 2.67269E-11 1.45848E-07 3.10561E-08 7.13063E-18 1.07635E-03 3.99816E-03
 4.35991E-05 2.77430E-07 1.76759E-11 3.07647E-07 5.33440E-13 2.84665E-10 1.04052E-18 2.79571E-10
 1.17178E-10 1.65035E-14 3.37725E-14 2.92712E-29 8.02927E-08 4.25258E-14 5.86103E-21 4.05268E-18
 6.38916E-10 9.05219E-15 9.32924E-11 2.53438E-17 6.76690E-15 9.10268E-09 4.87025E-13 6.97385E-12
 1.96534E-07 6.45376E-15 6.39807E-04 3.88641E-16 2.96335E-11 1.48305E-07 3.20790E-08 9.38335E-18
 1.07635E-03 3.99812E-03 4.35955E-05 2.81894E-07 1.93450E-11 3.07108E-07 5.74538E-13 2.91394E-10
 1.18840E-18 2.53967E-10 1.36102E-10 1.54630E-14 3.21497E-14 4.66475E-29 8.02801E-08 4.65373E-14
 7.34152E-21 5.12384E-18 6.51520E-10 8.81210E-15 8.26328E-11 2.65420E-17 8.31263E-15 9.10495E-09
 5.22657E-13 5.83042E-12 2.01260E-07 8.45326E-15 6.39851E-04 4.76655E-16 3.27666E-11 1.50362E-07
 3.29505E-08 1.22967E-17 1.07635E-03 3.99809E-03 4.35921E-05 2.85572E-07 2.11043E-11 3.06657E-07
 6.12250E-13 2.94139E-10 1.33466E-18 2.31209E-10 1.56151E-10 1.42071E-14 2.95914E-14 7.32865E-29
 8.02695E-08 5.03690E-14 9.14376E-21 6.42121E-18 6.62147E-10 8.48712E-15 7.40576E-11 2.81346E-17
 1.01783E-14 9.10669E-09 5.57746E-13 4.90623E-12 2.05313E-07 1.10352E-14 6.39889E-04 5.81992E-16
 3.61375E-11 1.52092E-07 3.36818E-08 1.60532E-17 1.07635E-03 3.99807E-03 4.35890E-05 2.88611E-07
 2.29515E-11 3.06278E-07 6.45762E-13 2.92981E-10 1.47500E-18 2.11297E-10 1.77247E-10 1.28144E-14
 2.63823E-14 1.13379E-28 8.02605E-08 5.39888E-14 1.13287E-20 7.96964E-18 6.71127E-10 8.10078E-15
 6.71233E-11 3.01528E-17 1.24259E-14 9.10805E-09 5.92086E-13 4.15352E-12 2.08735E-07 1.43531E-14
 6.39920E-04 7.07485E-16 3.97443E-11 1.53536E-07 3.42784E-08 2.08789E-17 1.07635E-03 3.99805E-03
 4.35862E-05 2.91097E-07 2.48845E-11 3.05964E-07 6.74495E-13 2.88127E-10 1.60511E-18 1.94299E-10
 1.99117E-10 1.13556E-14 2.28185E-14 1.72479E-28 8.02530E-08 5.73314E-14 1.39661E-20 9.78661E-18
 6.78641E-10 7.68079E-15 6.15575E-11 3.26842E-17 1.51294E-14 9.10913E-09 6.25104E-13 3.54281E-12
 2.11577E-07 1.86059E-14 6.39946E-04 8.56109E-16 4.35965E-11 1.54729E-07 3.47496E-08 2.70654E-17
 1.07635E-03 3.99803E-03 4.35838E-05 2.93109E-07 2.69121E-11 3.05707E-07 6.99282E-13 2.80528E-10
 1.72279E-18 1.80130E-10 2.20896E-10 9.92743E-15 1.92575E-14 2.56090E-28 8.02468E-08 6.03442E-14
 1.71285E-20 1.18698E-17 6.84852E-10 7.25418E-15 5.71340E-11 3.58240E-17 1.83559E-14 9.10999E-09
 6.56136E-13 3.05000E-12 2.13938E-07 2.40514E-14 6.39967E-04 1.03119E-15 4.77304E-11 1.55723E-07
 3.51153E-08 3.49899E-17 1.07634E-03 3.99802E-03 4.35816E-05 2.94746E-07 2.90414E-11 3.05494E-07
 7.21105E-13 2.71155E-10 1.82670E-18 1.68364E-10 2.42041E-10 8.60070E-15 1.59464E-14 3.68764E-28
 8.02416E-08 6.30427E-14 2.08952E-20 1.42053E-17 6.90014E-10 6.83695E-15 5.35934E-11 3.96191E-17
 2.21693E-14 9.11070E-09 6.84868E-13 2.64785E-12 2.15896E-07 3.09744E-14 6.39984E-04 1.23694E-15
 5.21179E-11 1.56554E-07 3.53925E-08 4.50907E-17 1.07634E-03 3.99801E-03 4.35796E-05 2.96085E-07
 3.12577E-11 3.05319E-07 7.39312E-13 2.59931E-10 1.91501E-18 1.58626E-10 2.63003E-10 7.36867E-15
 1.29497E-14 5.19793E-28 8.02373E-08 6.54424E-14 2.53788E-20 1.67946E-17 6.94321E-10 6.44142E-15
 5.07454E-11 4.41586E-17 2.66980E-14 9.11129E-09 7.10830E-13 2.31689E-12 2.17509E-07 3.97402E-14
 6.39999E-04 1.47779E-15 5.67641E-11 1.57250E-07 3.55949E-08 5.79317E-17 1.07634E-03 3.99800E-03
 4.35779E-05 2.97178E-07 3.35592E-11 3.05174E-07 7.54507E-13 2.47427E-10 1.98754E-18 1.50631E-10
 2.83498E-10 6.25463E-15 1.03468E-14 7.17339E-28 8.02337E-08 6.75493E-14 3.06966E-20 1.96204E-17
 6.97907E-10 6.07806E-15 4.84579E-11 4.95496E-17 3.20592E-14 9.11179E-09 7.33681E-13 2.04409E-12
 2.18822E-07 5.08160E-14 6.40011E-04 1.75836E-15 6.16852E-11 1.57828E-07 3.57346E-08 7.42352E-17
 1.07634E-03 3.99799E-03 4.35764E-05 2.98066E-07 3.59538E-11 3.05056E-07 7.68339E-13 2.34516E-10
 2.04619E-18 1.44141E-10 3.02891E-10 5.28132E-15 8.18630E-15 9.65051E-28 8.02307E-08 6.93686E-14
 3.69697E-20 2.26499E-17 7.00871E-10 5.75474E-15 4.66327E-11 5.59143E-17 3.83550E-14 9.11221E-09
 7.53098E-13 1.82029E-12 2.19899E-07 6.47555E-14 6.40021E-04 2.08423E-15 6.68809E-11 1.58315E-07
 3.58249E-08 9.48864E-17 1.07634E-03 3.99799E-03 4.35751E-05 2.98797E-07 3.84400E-11 3.04958E-07
 7.81839E-13 2.21625E-10 2.09358E-18 1.38830E-10 3.21082E-10 4.44330E-15 6.43787E-15 1.27292E-27
 8.02283E-08 7.09436E-14 4.43516E-20 2.58667E-17 7.03352E-10 5.46982E-15 4.51590E-11 6.33512E-17
 4.57310E-14 9.11257E-09 7.69207E-13 1.63458E-12 2.20792E-07 8.22254E-14 6.40029E-04 2.46187E-15
 7.23537E-11 1.58731E-07 3.58762E-08 1.20983E-16 1.07634E-03 3.99798E-03 4.35739E-05 2.99409E-07
 4.10138E-11 3.04876E-07 7.96160E-13 2.09102E-10 2.13334E-18 1.34431E-10 3.37989E-10 3.72989E-15
 5.05067E-15 1.64904E-27 8.02262E-08 7.23166E-14 5.30245E-20 2.92622E-17 7.05460E-10 5.21962E-15
 4.39513E-11 7.19691E-17 5.43621E-14 9.11288E-09 7.82216E-13 1.47867E-12 2.21529E-07 1.04029E-13
 6.40036E-04 2.89860E-15 7.80860E-11 1.59088E-07 3.58960E-08 1.53888E-16 1.07634E-03 3.99798E-03
 4.35729E-05 2.99922E-07 4.36637E-11 3.04807E-07 8.13589E-13 1.97503E-10 2.17155E-18 1.30796E-10
 3.53201E-10 3.13291E-15 3.98545E-15 2.10566E-27 8.02244E-08 7.35037E-14 6.32004E-20 3.28116E-17
 7.07251E-10 5.00346E-15 4.29623E-11 8.19247E-17 6.44466E-14 9.11315E-09 7.92211E-13 1.34861E-12
 2.22152E-07 1.31157E-13 6.40043E-04 3.40267E-15 8.40759E-11 1.59402E-07 3.58904E-08 1.95322E-16
 1.07634E-03 3.99797E-03 4.35719E-05 3.00367E-07 4.63763E-11 3.04748E-07 8.35613E-13 1.87113E-10
 2.21135E-18 1.27714E-10 3.66645E-10 2.63951E-15 3.17973E-15 2.65182E-27 8.02228E-08 7.45522E-14
 7.51193E-20 3.64866E-17 7.08819E-10 4.81398E-15 4.21297E-11 9.33283E-17 7.61917E-14 9.11338E-09
 7.99619E-13 1.23815E-12 2.22733E-07 1.64849E-13 6.40049E-04 3.98328E-15 9.04152E-11 1.59708E-07
 3.58611E-08 2.47512E-16 1.07634E-03 3.99797E-03 4.35710E-05 3.00795E-07 4.91733E-11 3.04691E-07
 8.61017E-13 1.77526E-10 2.24963E-18 1.24832E-10 3.79078E-10 2.22906E-15 2.54325E-15 3.29782E-27
 8.02213E-08 7.55688E-14 8.90396E-20 4.03181E-17 7.10337E-10 4.63270E-15 4.13559E-11 1.06148E-16
 8.97959E-14 9.11361E-09 8.05193E-13 1.13606E-12 2.23313E-07 2.06571E-13 6.40055E-04 4.65092E-15
 9.71655E-11 1.60028E-07 3.58040E-08 3.13243E-16 1.07634E-03 3.99796E-03 4.35699E-05 3.01239E-07
 5.20745E-11 3.04633E-07 8.89400E-13 1.68544E-10 2.28527E-18 1.21941E-10 3.90909E-10 1.88612E-15
 2.02723E-15 4.05549E-27 8.02197E-08 7.66211E-14 1.05263E-19 4.43286E-17 7.11916E-10 4.44828E-15
 4.05840E-11 1.20374E-16 1.05491E-13 9.11384E-09 8.09150E-13 1.03635E-12 2.23889E-07 2.58068E-13
 6.40061E-04 5.41731E-15 1.04306E-10 1.60364E-07 3.57154E-08 3.95979E-16 1.07634E-03 3.99796E-03
 4.35688E-05 3.01702E-07 5.50814E-11 3.04574E-07 9.22758E-13 1.60465E-10 2.32209E-18 1.19045E-10
 4.01833E-10 1.60296E-15 1.61901E-15 4.92880E-27 8.02181E-08 7.77044E-14 1.24136E-19 4.84897E-17
 7.13562E-10 4.26226E-15 3.98145E-11 1.36130E-16 1.23525E-13 9.11408E-09 8.11286E-13 9.40422E-13
 2.24460E-07 3.21475E-13 6.40068E-04 6.29552E-15 1.11848E-10 1.60715E-07 3.55911E-08 5.00136E-16
 1.07634E-03 3.99796E-03 4.35676E-05 3.02187E-07 5.82151E-11 3.04513E-07 9.63163E-13 1.53473E-10
 2.36398E-18 1.16151E-10 4.11657E-10 1.37139E-15 1.30080E-15 5.91555E-27 8.02163E-08 7.88115E-14
 1.46041E-19 5.27942E-17 7.15278E-10 4.07625E-15 3.90490E-11 1.53556E-16 1.44130E-13 9.11432E-09
 8.11479E-13 8.49517E-13 2.25025E-07 3.99306E-13 6.40075E-04 7.30087E-15 1.19803E-10 1.61081E-07
 3.54273E-08 6.31270E-16 1.07634E-03 3.99795E-03 4.35663E-05 3.02696E-07 6.14912E-11 3.04451E-07
 1.01264E-12 1.47647E-10 2.41470E-18 1.13265E-10 4.20291E-10 1.18281E-15 1.05461E-15 7.01620E-27
 8.02145E-08 7.99350E-14 1.71430E-19 5.72400E-17 7.17066E-10 3.89164E-15 3.82891E-11 1.72812E-16
 1.67581E-13 9.11456E-09 8.09694E-13 7.64560E-13 2.25580E-07 4.94394E-13 6.40082E-04 8.45210E-15
 1.28174E-10 1.61462E-07 3.52199E-08 7.96254E-16 1.07634E-03 3.99795E-03 4.35649E-05 3.03234E-07
 6.49060E-11 3.04387E-07 1.07330E-12 1.42997E-10 2.47854E-18 1.10394E-10 4.27719E-10 1.02890E-15
 8.64684E-16 8.25106E-27 8.02127E-08 8.10673E-14 2.00877E-19 6.18281E-17 7.18930E-10 3.70961E-15
 3.75363E-11 1.94104E-16 1.94278E-13 9.11481E-09 8.05975E-13 6.86166E-13 2.26125E-07 6.09946E-13
 6.40090E-04 9.77153E-15 1.36968E-10 1.61858E-07 3.49646E-08 1.00367E-15 1.07634E-03 3.99794E-03
 4.35634E-05 3.03803E-07 6.84468E-11 3.04322E-07 1.14755E-12 1.39519E-10 2.56002E-18 1.07542E-10
 4.33934E-10 9.02826E-16 7.18242E-16 9.65637E-27 8.02107E-08 8.22002E-14 2.35092E-19 6.65583E-17
 7.20875E-10 3.53114E-15 3.67922E-11 2.17677E-16 2.24724E-13 9.11505E-09 8.00472E-13 6.14659E-13
 2.26659E-07 7.49682E-13 6.40097E-04 1.12850E-14 1.46196E-10 1.62267E-07 3.46574E-08 1.26441E-15
 1.07634E-03 3.99794E-03 4.35618E-05 3.04408E-07 7.21070E-11 3.04256E-07 1.23840E-12 1.37234E-10
 2.66375E-18 1.04715E-10 4.38908E-10 7.99541E-16 6.05350E-16 1.12706E-26 8.02087E-08 8.33250E-14
 2.74902E-19 7.14259E-17 7.22903E-10 3.35702E-15 3.60582E-11 2.43807E-16 2.59464E-13 9.11529E-09
 7.93432E-13 5.50085E-13 2.27180E-07 9.17858E-13 6.40106E-04 1.30228E-14 1.55875E-10 1.62689E-07
 3.42941E-08 1.59226E-15 1.07634E-03 3.99793E-03 4.35600E-05 3.05054E-07 7.58878E-11 3.04189E-07
 1.34964E-12 1.36188E-10 2.79477E-18 1.01918E-10 4.42584E-10 7.15113E-16 5.18410E-16 1.31367E-26
 8.02066E-08 8.44328E-14 3.21289E-19 7.64219E-17 7.25020E-10 3.18789E-15 3.53359E-11 2.72810E-16
 2.99100E-13 9.11553E-09 7.85202E-13 4.92256E-13 2.27689E-07 1.11958E-12 6.40114E-04 1.50191E-14
 1.66034E-10 1.63123E-07 3.38706E-08 2.00513E-15 1.07634E-03 3.99793E-03 4.35582E-05 3.05747E-07
 7.98175E-11 3.04121E-07 1.48595E-12 1.36453E-10 2.95784E-18 9.91550E-11 4.44881E-10 6.46670E-16
 4.51623E-16 1.52691E-26 8.02044E-08 8.55138E-14 3.75344E-19 8.15300E-17 7.27230E-10 3.02422E-15
 3.46265E-11 3.05015E-16 3.44147E-13 9.11576E-09 7.76226E-13 4.40787E-13 2.28185E-07 1.36101E-12
 6.40123E-04 1.73127E-14 1.76710E-10 1.63569E-07 3.33825E-08 2.52638E-15 1.07634E-03 3.99792E-03
 4.35561E-05 3.06493E-07 8.39549E-11 3.04051E-07 1.65300E-12 1.38101E-10 3.15716E-18 9.64300E-11
 4.45716E-10 5.91886E-16 4.00523E-16 1.76372E-26 8.02021E-08 8.65581E-14 4.38257E-19 8.67260E-17
 7.29540E-10 2.86632E-15 3.39314E-11 3.40771E-16 3.94986E-13 9.11599E-09 7.67083E-13 3.95157E-13
 2.28668E-07 1.64965E-12 6.40133E-04 1.99470E-14 1.87952E-10 1.64024E-07 3.28258E-08 3.18676E-15
 1.07634E-03 3.99792E-03 4.35539E-05 3.07299E-07 8.83955E-11 3.03981E-07 1.85732E-12 1.41195E-10
 3.39583E-18 9.37459E-11 4.45016E-10 5.48770E-16 3.61610E-16 2.01373E-26 8.01997E-08 8.75554E-14
 5.11292E-19 9.19764E-17 7.31955E-10 2.71440E-15 3.32519E-11 3.80430E-16 4.51777E-13 9.11621E-09
 7.58528E-13 3.54764E-13 2.29141E-07 1.99481E-12 6.40143E-04 2.29707E-14 1.99818E-10 1.64488E-07
 3.21964E-08 4.02725E-15 1.07634E-03 3.99791E-03 4.35515E-05 3.08174E-07 9.32859E-11 3.03909E-07
 2.10619E-12 1.45772E-10 3.67459E-18 9.11048E-11 4.42733E-10 5.15584E-16 3.32099E-16 2.25525E-26
 8.01971E-08 8.84954E-14 5.95707E-19 9.72348E-17 7.34484E-10 2.56854E-15 3.25887E-11 4.24335E-16
 5.14319E-13 9.11643E-09 7.51602E-13 3.18976E-13 2.29603E-07 2.40965E-12 6.40153E-04 2.64326E-14
 2.12420E-10 1.64959E-07 3.14903E-08 5.10522E-15 1.07633E-03 3.99790E-03 4.35489E-05 3.09127E-07
 9.88709E-11 3.03836E-07 2.40759E-12 1.51840E-10 3.98888E-18 8.85080E-11 4.38849E-10 4.91165E-16
 3.09716E-16 2.44383E-26 8.01945E-08 8.93684E-14 6.92297E-19 1.02435E-16 7.37136E-10 2.42872E-15
 3.19428E-11 4.72699E-16 5.81380E-13 9.11665E-09 7.47745E-13 2.87177E-13 2.30058E-07 2.90858E-12
 6.40164E-04 3.03920E-14 2.25838E-10 1.65437E-07 3.07041E-08 6.49533E-15 1.07633E-03 3.99790E-03
 4.35461E-05 3.10168E-07 1.05346E-10 3.03763E-07 2.76989E-12 1.59351E-10 4.33456E-18 8.59555E-11
 4.33401E-10 4.73766E-16 2.92566E-16 2.54694E-26 8.01917E-08 9.01656E-14 8.02040E-19 1.07503E-16
 7.39921E-10 2.29482E-15 3.13144E-11 5.25804E-16 6.51942E-13 9.11686E-09 7.48957E-13 2.58852E-13
 2.30507E-07 3.50304E-12 6.40176E-04 3.49285E-14 2.40063E-10 1.65922E-07 2.98355E-08 8.28720E-15
 1.07633E-03 3.99789E-03 4.35430E-05 3.11305E-07 1.12748E-10 3.03688E-07 3.20132E-12 1.68216E-10
 4.71261E-18 8.34476E-11 4.26468E-10 4.60919E-16 2.79068E-16 2.57008E-26 8.01888E-08 9.08794E-14
 9.27033E-19 1.12369E-16 7.42852E-10 2.16673E-15 3.07040E-11 5.84242E-16 7.26568E-13 9.11707E-09
 7.57969E-13 2.33625E-13 2.30954E-07 4.20670E-12 6.40188E-04 4.01271E-14 2.55126E-10 1.66413E-07
 2.88834E-08 1.06001E-14 1.07633E-03 3.99788E-03 4.35397E-05 3.12549E-07 1.21177E-10 3.03612E-07
 3.71001E-12 1.78330E-10 5.11937E-18 8.09845E-11 4.18146E-10 4.51015E-16 2.67923E-16 2.51516E-26
 8.01857E-08 9.15033E-14 1.06921E-18 1.16946E-16 7.45939E-10 2.04433E-15 3.01119E-11 6.48567E-16
 8.05281E-13 9.11728E-09 7.78414E-13 2.11174E-13 2.31402E-07 5.03623E-12 6.40201E-04 4.60771E-14
 2.71099E-10 1.66910E-07 2.78480E-08 1.35946E-14 1.07633E-03 3.99787E-03 4.35360E-05 3.13908E-07
 1.30819E-10 3.03534E-07 4.30379E-12 1.89586E-10 5.54570E-18 7.85664E-11 4.08529E-10 4.42991E-16
 2.58071E-16 2.38129E-26 8.01824E-08 9.20323E-14 1.23010E-18 1.21133E-16 7.49197E-10 1.92748E-15
 2.95382E-11 7.19252E-16 8.87392E-13 9.11748E-09 8.15025E-13 1.91203E-13 2.31855E-07 6.00693E-12
 6.40215E-04 5.28793E-14 2.88028E-10 1.67414E-07 2.67312E-08 1.74762E-14 1.07633E-03 3.99787E-03
 4.35320E-05 3.15392E-07 1.41839E-10 3.03456E-07 4.98940E-12 2.01870E-10 5.98197E-18 7.61932E-11
 3.97725E-10 4.35734E-16 2.48668E-16 2.18104E-26 8.01790E-08 9.24630E-14 1.41164E-18 1.24823E-16
 7.52640E-10 1.81603E-15 2.89831E-11 7.96882E-16 9.72688E-13 9.11767E-09 8.73694E-13 1.73457E-13
 2.32318E-07 7.13333E-12 6.40230E-04 6.06420E-14 3.05964E-10 1.67927E-07 2.55367E-08 2.25118E-14
 1.07633E-03 3.99786E-03 4.35276E-05 3.17009E-07 1.54419E-10 3.03377E-07 5.77192E-12 2.15065E-10
 6.41611E-18 7.38649E-11 3.85842E-10 4.28316E-16 2.39057E-16 1.93263E-26 8.01753E-08 9.27940E-14
 1.61579E-18 1.27908E-16 7.56283E-10 1.70984E-15 2.84463E-11 8.82070E-16 1.06094E-12 9.11787E-09
 9.61314E-13 1.57710E-13 2.32795E-07 8.43028E-12 6.40246E-04 6.94743E-14 3.24988E-10 1.68449E-07
 2.42704E-08 2.90528E-14 1.07633E-03 3.99785E-03 4.35228E-05 3.18769E-07 1.68805E-10 3.03296E-07
 6.65436E-12 2.29050E-10 6.83200E-18 7.15812E-11 3.72997E-10 4.20065E-16 2.28766E-16 1.65367E-26
 8.01715E-08 9.30262E-14 1.84412E-18 1.30277E-16 7.60143E-10 1.60877E-15 2.79278E-11 9.75355E-16
 1.15149E-12 9.11805E-09 1.08454E-12 1.43755E-13 2.33293E-07 9.91033E-12 6.40263E-04 7.94846E-14
 3.45189E-10 1.68984E-07 2.29402E-08 3.75559E-14 1.07633E-03 3.99784E-03 4.35175E-05 3.20680E-07
 1.85262E-10 3.03214E-07 7.63674E-12 2.43702E-10 7.21155E-18 6.93417E-11 3.59307E-10 4.10425E-16
 2.17491E-16 1.36397E-26 8.01674E-08 9.31625E-14 2.09794E-18 1.31827E-16 7.64239E-10 1.51267E-15
 2.74270E-11 1.07724E-15 1.24358E-12 9.11824E-09 1.24583E-12 1.31408E-13 2.33818E-07 1.15803E-11
 6.40282E-04 9.07786E-14 3.66660E-10 1.69534E-07 2.15562E-08 4.86049E-14 1.07633E-03 3.99783E-03
 4.35117E-05 3.22750E-07 2.04034E-10 3.03130E-07 8.71517E-12 2.58896E-10 7.53705E-18 6.71461E-11
 3.44901E-10 3.98903E-16 2.05096E-16 1.08432E-26 8.01630E-08 9.32086E-14 2.37859E-18 1.32473E-16
 7.68591E-10 1.42137E-15 2.69435E-11 1.18825E-15 1.33675E-12 9.11841E-09 1.43726E-12 1.20513E-13
 2.34376E-07 1.34408E-11 6.40302E-04 1.03452E-13 3.89512E-10 1.70103E-07 2.01311E-08 6.29479E-14
 1.07633E-03 3.99781E-03 4.35053E-05 3.24986E-07 2.25332E-10 3.03046E-07 9.88166E-12 2.74497E-10
 7.79168E-18 6.49937E-11 3.29916E-10 3.85161E-16 1.91600E-16 8.31048E-27 8.01584E-08 9.31725E-14
 2.68710E-18 1.32156E-16 7.73221E-10 1.33474E-15 2.64764E-11 1.30884E-15 1.43056E-12 9.11858E-09
 1.62159E-12 1.10941E-13 2.34973E-07 1.54790E-11 6.40323E-04 1.17600E-13 4.13842E-10 1.70695E-07
 1.86796E-08 8.15100E-14 1.07633E-03 3.99780E-03 4.34982E-05 3.27393E-07 2.49210E-10 3.02959E-07
 1.11234E-11 2.90368E-10 7.96480E-18 6.28842E-11 3.14501E-10 3.68926E-16 1.77167E-16 6.16900E-27
 8.01535E-08 9.30646E-14 3.02533E-18 1.30864E-16 7.78151E-10 1.25262E-15 2.60248E-11 1.43960E-15
 1.52552E-12 9.11875E-09 1.79125E-12 1.02592E-13 2.35616E-07 1.76646E-11 6.40346E-04 1.33326E-13
 4.39714E-10 1.71316E-07 1.72185E-08 1.05404E-13 1.07632E-03 3.99779E-03 4.34904E-05 3.29978E-07
 2.75506E-10 3.02872E-07 1.24232E-11 3.06358E-10 8.05455E-18 6.08174E-11 2.98817E-10 3.50050E-16
 1.62081E-16 4.47476E-27 8.01482E-08 9.28974E-14 3.39685E-18 1.28634E-16 7.83409E-10 1.17488E-15
 2.55878E-11 1.58138E-15 1.62348E-12 9.11890E-09 1.94755E-12 9.53845E-14 2.36310E-07 1.99561E-11
 6.40371E-04 1.50753E-13 4.67214E-10 1.71969E-07 1.57657E-08 1.35990E-13 1.07632E-03 3.99777E-03
 4.34817E-05 3.32744E-07 3.03932E-10 3.02783E-07 1.37615E-11 3.22318E-10 8.06486E-18 5.87937E-11
 2.83029E-10 3.28672E-16 1.46698E-16 3.20235E-27 8.01426E-08 9.26856E-14 3.80639E-18 1.25552E-16
 7.89018E-10 1.10140E-15 2.51642E-11 1.73512E-15 1.72670E-12 9.11905E-09 2.09176E-12 8.92418E-14
 2.37062E-07 2.23084E-11 6.40397E-04 1.70033E-13 4.96482E-10 1.72662E-07 1.43392E-08 1.74967E-13
 1.07632E-03 3.99775E-03 4.34720E-05 3.35696E-07 3.34183E-10 3.02693E-07 1.51191E-11 3.38100E-10
 8.00307E-18 5.68138E-11 2.67299E-10 3.05228E-16 1.31399E-16 2.27857E-27 8.01366E-08 9.24448E-14
 4.25944E-18 1.21734E-16 7.95006E-10 1.03204E-15 2.47530E-11 1.90173E-15 1.83718E-12 9.11918E-09
 2.22511E-12 8.40751E-14 2.37876E-07 2.46781E-11 6.40426E-04 1.91361E-13 5.27727E-10 1.73398E-07
 1.29560E-08 2.24500E-13 1.07632E-03 3.99774E-03 4.34614E-05 3.38837E-07 3.66022E-10 3.02602E-07
 1.64790E-11 3.53569E-10 7.87895E-18 5.48784E-11 2.51770E-10 2.80357E-16 1.16537E-16 1.62011E-27
 8.01302E-08 9.21922E-14 4.76221E-18 1.17313E-16 8.01403E-10 9.66668E-16 2.43531E-11 2.08205E-15
 1.95649E-12 9.11930E-09 2.34877E-12 7.97853E-14 2.38754E-07 2.70291E-11 6.40457E-04 2.14992E-13
 5.61237E-10 1.74183E-07 1.16310E-08 2.87412E-13 1.07632E-03 3.99772E-03 4.34496E-05 3.42172E-07
 3.99339E-10 3.02509E-07 1.78288E-11 3.68611E-10 7.70374E-18 5.29883E-11 2.36565E-10 2.54803E-16
 1.02406E-16 1.15387E-27 8.01234E-08 9.19455E-14 5.32160E-18 1.12430E-16 8.08240E-10 9.05147E-16
 2.39634E-11 2.27678E-15 2.08560E-12 9.11939E-09 2.46387E-12 7.62667E-14 2.39700E-07 2.93358E-11
 6.40491E-04 2.41255E-13 5.97381E-10 1.75022E-07 1.03768E-08 3.67448E-13 1.07632E-03 3.99770E-03
 4.34365E-05 3.45707E-07 4.34204E-10 3.02415E-07 1.91620E-11 3.83126E-10 7.48939E-18 5.11441E-11
 2.21780E-10 2.29305E-16 8.92233E-17 8.23328E-28 8.01161E-08 9.17234E-14 5.94517E-18 1.07224E-16
 8.15551E-10 8.47319E-16 2.35824E-11 2.48648E-15 2.22483E-12 9.11947E-09 2.57147E-12 7.34108E-14
 2.40715E-07 3.15851E-11 6.40527E-04 2.70567E-13 6.36600E-10 1.75919E-07 9.20274E-09 4.69626E-13
 1.07632E-03 3.99767E-03 4.34221E-05 3.49447E-07 4.70879E-10 3.02320E-07 2.04798E-11 3.97035E-10
 7.24814E-18 4.93460E-11 2.07488E-10 2.04522E-16 7.71233E-17 5.87787E-28 8.01082E-08 9.15451E-14
 6.64124E-18 1.01830E-16 8.23376E-10 7.93014E-16 2.32091E-11 2.71153E-15 2.37386E-12 9.11954E-09
 2.67257E-12 7.11095E-14 2.41800E-07 3.37765E-11 6.40566E-04 3.03444E-13 6.79382E-10 1.76878E-07
 8.11538E-09 6.00692E-13 1.07631E-03 3.99765E-03 4.34061E-05 3.53400E-07 5.09818E-10 3.02224E-07
 2.17916E-11 4.10269E-10 6.99227E-18 4.75942E-11 1.93739E-10 1.80981E-16 6.61722E-17 4.19041E-28
 8.00998E-08 9.14306E-14 7.41904E-18 9.63743E-17 8.31757E-10 7.42058E-16 2.28419E-11 2.95218E-15
 2.53191E-12 9.11958E-09 2.76813E-12 6.92569E-14 2.42955E-07 3.59206E-11 6.40609E-04 3.40532E-13
 7.26228E-10 1.77902E-07 7.11833E-09 7.69656E-13 1.07631E-03 3.99762E-03 4.33884E-05 3.57572E-07
 5.51640E-10 3.02127E-07 2.31165E-11 4.22765E-10 6.73439E-18 4.58883E-11 1.80569E-10 1.59063E-16
 5.63809E-17 2.97922E-28 8.00909E-08 9.14009E-14 8.28961E-18 9.09757E-17 8.40742E-10 6.94266E-16
 2.24794E-11 3.20865E-15 2.69813E-12 9.11961E-09 2.85907E-12 6.77492E-14 2.44181E-07 3.80433E-11
 6.40655E-04 3.82579E-13 7.77679E-10 1.78994E-07 6.21265E-09 9.88696E-13 1.07631E-03 3.99760E-03
 4.33688E-05 3.61970E-07 5.97205E-10 3.02029E-07 2.44847E-11 4.34458E-10 6.48476E-18 4.42278E-11
 1.68002E-10 1.39012E-16 4.77207E-17 2.10720E-28 8.00812E-08 9.14777E-14 9.26394E-18 8.57425E-17
 8.50385E-10 6.49456E-16 2.21200E-11 3.48091E-15 2.87077E-12 9.11963E-09 2.94626E-12 6.64835E-14
 2.45477E-07 4.01893E-11 6.40706E-04 4.30357E-13 8.34332E-10 1.80156E-07 5.39719E-09 1.27457E-12
 1.07631E-03 3.99757E-03 4.33472E-05 3.66600E-07 6.47556E-10 3.01930E-07 2.59402E-11 4.45273E-10
 6.24972E-18 4.26119E-11 1.56061E-10 1.20938E-16 4.01396E-17 1.47567E-28 8.00709E-08 9.16845E-14
 1.03490E-17 8.07744E-17 8.60745E-10 6.07439E-16 2.17621E-11 3.76829E-15 3.04648E-12 9.11963E-09
 3.03053E-12 6.53600E-14 2.46842E-07 4.23905E-11 6.40760E-04 4.85029E-13 8.96449E-10 1.81387E-07
 4.66928E-09 1.64822E-12 1.07631E-03 3.99753E-03 4.33233E-05 3.71466E-07 7.03145E-10 3.01830E-07
 2.75345E-11 4.55115E-10 6.04647E-18 4.10394E-11 1.44776E-10 1.04851E-16 3.35854E-17 1.03037E-28
 8.00597E-08 9.20458E-14 1.15653E-17 7.61829E-17 8.71888E-10 5.68034E-16 2.14038E-11 4.07172E-15
 3.22706E-12 9.11962E-09 3.11273E-12 6.42980E-14 2.48275E-07 4.46654E-11 6.40820E-04 5.48643E-13
 9.63779E-10 1.82689E-07 4.02526E-09 2.13372E-12 1.07631E-03 3.99750E-03 4.32969E-05 3.76568E-07
 7.63604E-10 3.01729E-07 2.93209E-11 4.63877E-10 5.90517E-18 3.95099E-11 1.34191E-10 9.07325E-17
 2.80054E-17 7.34382E-29 8.00477E-08 9.25880E-14 1.29649E-17 7.20866E-17 8.83882E-10 5.31081E-16
 2.10433E-11 4.39524E-15 3.42246E-12 9.11959E-09 3.19359E-12 6.32327E-14 2.49774E-07 4.70774E-11
 6.40884E-04 6.23468E-13 1.03628E-09 1.84058E-07 3.46014E-09 2.76348E-12 1.07630E-03 3.99746E-03
 4.32677E-05 3.81901E-07 8.29209E-10 3.01627E-07 3.13633E-11 4.71453E-10 5.83961E-18 3.80234E-11
 1.24331E-10 7.85063E-17 2.33219E-17 5.40652E-29 8.00348E-08 9.33391E-14 1.45952E-17 6.85737E-17
 8.96792E-10 4.96442E-16 2.06791E-11 4.74162E-15 3.63758E-12 9.11953E-09 3.27378E-12 6.20895E-14
 2.51335E-07 4.97204E-11 6.40955E-04 7.11727E-13 1.11422E-09 1.85490E-07 2.96765E-09 3.58294E-12
 1.07630E-03 3.99742E-03 4.32356E-05 3.87456E-07 9.01136E-10 3.01524E-07 3.37372E-11 4.77755E-10
 5.84863E-18 3.65798E-11 1.15198E-10 6.80147E-17 1.94334E-17 4.10177E-29 8.00209E-08 9.43286E-14
 1.64889E-17 6.57037E-17 9.10692E-10 4.63985E-16 2.03094E-11 5.11161E-15 3.87094E-12 9.11945E-09
 3.35389E-12 6.07889E-14 2.52958E-07 5.26692E-11 6.41031E-04 8.16675E-13 1.19752E-09 1.86980E-07
 2.54097E-09 4.64790E-12 1.07630E-03 3.99737E-03 4.32001E-05 3.93221E-07 9.80244E-10 3.01420E-07
 3.65139E-11 4.82710E-10 5.94139E-18 3.51788E-11 1.06775E-10 5.90907E-17 1.62361E-17 3.22880E-29
 8.00059E-08 9.55885E-14 1.87080E-17 6.35326E-17 9.25661E-10 4.33578E-16 1.99324E-11 5.50805E-15
 4.12643E-12 9.11933E-09 3.43446E-12 5.92685E-14 2.54640E-07 5.59970E-11 6.41115E-04 9.42750E-13
 1.28592E-09 1.88521E-07 2.17312E-09 6.02803E-12 1.07630E-03 3.99733E-03 4.31611E-05 3.99181E-07
 1.06732E-09 3.01316E-07 3.97618E-11 4.86264E-10 6.13205E-18 3.38203E-11 9.90335E-11 5.15684E-17
 1.36285E-17 2.66510E-29 7.99898E-08 9.71531E-14 2.13427E-17 6.21142E-17 9.41781E-10 4.05105E-16
 1.95464E-11 5.93502E-15 4.41047E-12 9.11918E-09 3.51600E-12 5.74831E-14 2.56379E-07 5.97962E-11
 6.41206E-04 1.09508E-12 1.37947E-09 1.90106E-07 1.85712E-09 7.81853E-12 1.07630E-03 3.99727E-03
 4.31182E-05 4.05312E-07 1.16403E-09 3.01211E-07 4.35588E-11 4.88371E-10 6.42815E-18 3.25042E-11
 9.19239E-11 4.52573E-17 1.15104E-17 2.30977E-29 7.99725E-08 9.90593E-14 2.44837E-17 6.14978E-17
 9.59139E-10 3.78454E-16 1.91495E-11 6.39520E-15 4.72481E-12 9.11899E-09 3.59892E-12 5.53971E-14
 2.58175E-07 6.41673E-11 6.41304E-04 1.27993E-12 1.47846E-09 1.91724E-07 1.58616E-09 1.01497E-11
 1.07630E-03 3.99722E-03 4.30710E-05 4.11587E-07 1.27298E-09 3.01106E-07 4.79942E-11 4.88985E-10
 6.83630E-18 3.12300E-11 8.53840E-11 3.99662E-17 9.78975E-18 2.09440E-29 7.99538E-08 1.01348E-13
 2.82326E-17 6.17395E-17 9.77831E-10 3.53517E-16 1.87398E-11 6.89059E-15 5.06849E-12 9.11876E-09
 3.68365E-12 5.29866E-14 2.60027E-07 6.92119E-11 6.41412E-04 1.50568E-12 1.58328E-09 1.93366E-07
 1.35390E-09 1.31978E-11 1.07629E-03 3.99716E-03 4.30192E-05 4.17971E-07 1.39752E-09 3.01000E-07
 5.31654E-11 4.88055E-10 7.36973E-18 2.99971E-11 7.93476E-11 3.55276E-17 8.38760E-18 1.98215E-29
 7.99336E-08 1.04063E-13 3.27245E-17 6.29179E-17 9.97964E-10 3.30188E-16 1.83151E-11 7.42372E-15
 5.44089E-12 9.11850E-09 3.77058E-12 5.02437E-14 2.61937E-07 7.50395E-11 6.41529E-04 1.78363E-12
 1.69454E-09 1.95020E-07 1.15459E-09 1.72076E-11 1.07629E-03 3.99709E-03 4.29623E-05 4.24422E-07
 1.54205E-09 3.00895E-07 5.91837E-11 4.85515E-10 8.04911E-18 2.88046E-11 7.37498E-11 3.17978E-17
 7.23907E-18 1.95362E-29 7.99119E-08 1.07254E-13 3.81377E-17 6.51504E-17 1.01965E-09 3.08366E-16
 1.78732E-11 7.99760E-15 5.84093E-12 9.11820E-09 3.86009E-12 4.71755E-14 2.63905E-07 8.17764E-11
 6.41656E-04 2.12911E-12 1.81334E-09 1.96673E-07 9.83114E-10 2.25315E-11 1.07629E-03 3.99702E-03
 4.28999E-05 4.30884E-07 1.71281E-09 3.00789E-07 6.61868E-11 4.81265E-10 8.90211E-18 2.76514E-11
 6.85302E-11 2.86499E-17 6.29206E-18 1.99683E-29 7.98886E-08 1.10977E-13 4.46987E-17 6.86152E-17
 1.04303E-09 2.87949E-16 1.74114E-11 8.61538E-15 6.26491E-12 9.11787E-09 3.95256E-12 4.38017E-14
 2.65932E-07 8.95724E-11 6.41795E-04 2.56360E-12 1.94141E-09 1.98313E-07 8.35062E-10 2.96899E-11
 1.07629E-03 3.99694E-03 4.28314E-05 4.37286E-07 1.91836E-09 3.00684E-07 7.43487E-11 4.75162E-10
 9.96809E-18 2.65361E-11 6.36347E-11 2.59771E-17 5.50601E-18 2.10656E-29 7.98634E-08 1.15292E-13
 5.27062E-17 7.35876E-17 1.06823E-09 2.68842E-16 1.69269E-11 9.28114E-15 6.70649E-12 9.11751E-09
 4.04837E-12 4.01541E-14 2.68018E-07 9.86084E-11 6.41946E-04 3.11873E-12 2.08110E-09 1.99925E-07
 7.06740E-10 3.94610E-11 1.07629E-03 3.99686E-03 4.27562E-05 4.43536E-07 2.16983E-09 3.00579E-07
 8.38819E-11 4.67014E-10 1.13097E-17 2.54572E-11 5.90175E-11 2.37023E-17 4.85039E-18 2.29265E-29
 7.98362E-08 1.20270E-13 6.25919E-17 8.04937E-17 1.09542E-09 2.50950E-16 1.64165E-11 1.00017E-14
 7.15864E-12 9.11714E-09 4.14794E-12 3.62801E-14 2.70161E-07 1.09114E-10 6.42111E-04 3.84292E-12
 2.23547E-09 2.01492E-07 5.95225E-10 5.30190E-11 1.07629E-03 3.99677E-03 4.26736E-05 4.49511E-07
 2.48050E-09 3.00474E-07 9.50277E-11 4.56592E-10 1.30302E-17 2.44129E-11 5.46406E-11 2.17837E-17
 4.30297E-18 2.60663E-29 7.98068E-08 1.25990E-13 7.50225E-17 8.99891E-17 1.12476E-09 2.34183E-16
 1.58768E-11 1.07891E-14 7.61626E-12 9.11675E-09 4.25167E-12 3.22474E-14 2.72354E-07 1.21396E-10
 6.42291E-04 4.81257E-12 2.40783E-09 2.02994E-07 4.98356E-10 7.21288E-11 1.07629E-03 3.99667E-03
 4.25831E-05 4.55050E-07 2.86391E-09 3.00369E-07 1.08003E-10 4.43686E-10 1.53081E-17 2.34017E-11
 5.04733E-11 2.02237E-17 3.84790E-18 3.25486E-29 7.97751E-08 1.32536E-13 9.10867E-17 1.03072E-16
 1.15644E-09 2.18457E-16 1.53038E-11 1.16643E-14 8.08252E-12 9.11634E-09 4.35992E-12 2.81498E-14
 2.74581E-07 1.35770E-10 6.42487E-04 6.16669E-12 2.59997E-09 2.04407E-07 4.14754E-10 9.91286E-11
 1.07629E-03 3.99657E-03 4.24837E-05 4.59935E-07 3.32772E-09 3.00265E-07 1.22761E-10 4.28345E-10
 1.85468E-17 2.24228E-11 4.64929E-11 1.91712E-17 3.47392E-18 5.11421E-29 7.97410E-08 1.39997E-13
 1.13149E-16 1.21226E-16 1.19060E-09 2.03710E-16 1.46942E-11 1.26659E-14 8.59208E-12 9.11588E-09
 4.47291E-12 2.41143E-14 2.76819E-07 1.52716E-10 6.42699E-04 8.14166E-12 2.81382E-09 2.05696E-07
 3.43339E-10 1.37273E-10 1.07628E-03 3.99645E-03 4.23751E-05 4.63879E-07 3.88086E-09 3.00161E-07
 1.39083E-10 4.10807E-10 2.34294E-17 2.14773E-11 4.26765E-11 1.88355E-17 3.16931E-18 1.14100E-28
 7.97042E-08 1.48453E-13 1.45425E-16 1.46639E-16 1.22733E-09 1.89909E-16 1.40458E-11 1.38413E-14
 9.17805E-12 9.11533E-09 4.59042E-12 2.02615E-14 2.79036E-07 1.73347E-10 6.42929E-04 1.10824E-11
 3.05544E-09 2.06813E-07 2.82650E-10 1.92302E-10 1.07629E-03 3.99633E-03 4.22569E-05 4.66512E-07
 4.55941E-09 3.00060E-07 1.57135E-10 3.90950E-10 3.07326E-17 2.05671E-11 3.89925E-11 1.92782E-17
 2.91903E-18 3.27186E-28 7.96649E-08 1.57980E-13 1.93480E-16 1.82591E-16 1.26666E-09 1.77031E-16
 1.33572E-11 1.52341E-14 9.80561E-12 9.11473E-09 4.71178E-12 1.66533E-14 2.81201E-07 1.99834E-10
 6.43177E-04 1.54535E-11 3.33468E-09 2.07703E-07 2.30891E-10 2.74975E-10 1.07629E-03 3.99621E-03
 4.21283E-05 4.67365E-07 5.44070E-09 2.99960E-07 1.77735E-10 3.68011E-10 4.10459E-17 1.96913E-11
 3.54031E-11 2.03367E-17 2.70881E-18 9.90014E-28 7.96228E-08 1.68679E-13 2.63318E-16 2.34106E-16
 1.30868E-09 1.65024E-16 1.26257E-11 1.68933E-14 1.03816E-11 9.11417E-09 4.83614E-12 1.33085E-14
 2.83252E-07 2.34978E-10 6.43446E-04 2.19576E-11 3.65774E-09 2.08305E-07 1.86955E-10 4.01660E-10
 1.07629E-03 3.99607E-03 4.19881E-05 4.65834E-07 6.59413E-09 2.99862E-07 2.01321E-10 3.41607E-10
 5.51439E-17 1.88465E-11 3.18740E-11 2.19497E-17 2.52964E-18 2.91230E-27 7.95779E-08 1.80689E-13
 3.63868E-16 3.08575E-16 1.35362E-09 1.53800E-16 1.18467E-11 1.88849E-14 1.08641E-11 9.11369E-09
 4.96258E-12 1.02912E-14 2.85064E-07 2.80956E-10 6.43736E-04 3.18987E-11 4.02318E-09 2.08556E-07
 1.51146E-10 5.90017E-10 1.07629E-03 3.99593E-03 4.18355E-05 4.61168E-07 7.97523E-09 2.99766E-07
 2.26515E-10 3.13176E-10 7.57461E-17 1.80305E-11 2.83867E-11 2.47654E-17 2.37740E-18 8.32626E-27
 7.95299E-08 1.94147E-13 5.17242E-16 4.16036E-16 1.40157E-09 1.43297E-16 1.10169E-11 2.12422E-14
 1.13195E-11 9.11322E-09 5.08968E-12 7.73494E-15 2.86430E-07 3.39047E-10 6.44046E-04 4.78100E-11
 4.43310E-09 2.08389E-07 1.24184E-10 8.54999E-10 1.07629E-03 3.99578E-03 4.16704E-05 4.52523E-07
 9.39375E-09 2.99673E-07 2.50806E-10 2.85334E-10 1.09705E-16 1.72462E-11 2.49483E-11 3.04109E-17
 2.24948E-18 2.24481E-26 7.94792E-08 2.09099E-13 7.74858E-16 5.69776E-16 1.45226E-09 1.33522E-16
 1.01398E-11 2.38908E-14 1.18138E-11 9.11270E-09 5.21436E-12 5.72801E-15 2.87139E-07 4.12450E-10
 6.44374E-04 7.38336E-11 4.90373E-09 2.07716E-07 1.05259E-10 1.22127E-09 1.07630E-03 3.99562E-03
 4.14940E-05 4.39036E-07 1.06983E-08 2.99584E-07 2.73559E-10 2.58913E-10 1.67431E-16 1.65002E-11
 2.15867E-11 4.09298E-17 2.14203E-18 5.22888E-26 7.94264E-08 2.25476E-13 1.22545E-15 7.88653E-16
 1.50503E-09 1.24529E-16 9.22575E-12 2.67118E-14 1.22564E-11 9.11220E-09 5.33079E-12 4.20879E-15
 2.87071E-07 5.10793E-10 6.44717E-04 1.15550E-10 5.45426E-09 2.06416E-07 9.16409E-11 1.75500E-09
 1.07631E-03 3.99547E-03 4.13073E-05 4.19810E-07 1.19953E-08 2.99500E-07 2.97297E-10 2.31663E-10
 2.57520E-16 1.57956E-11 1.83308E-11 5.70909E-17 2.05122E-18 1.01101E-25 7.93722E-08 2.43197E-13
 1.97592E-15 1.10289E-15 1.55930E-09 1.16329E-16 8.28446E-12 2.96834E-14 1.24842E-11 9.11190E-09
 5.42976E-12 3.02301E-15 2.86154E-07 6.43911E-10 6.45073E-04 1.83098E-10 6.09763E-09 2.04355E-07
 8.14757E-11 2.53542E-09 1.07632E-03 3.99531E-03 4.11112E-05 3.94053E-07 1.32579E-08 2.99423E-07
 3.21967E-10 2.03910E-10 3.97886E-16 1.51324E-11 1.52083E-11 8.20901E-17 1.97478E-18 1.69772E-25
 7.93169E-08 2.62164E-13 3.24338E-15 1.55550E-15 1.61456E-09 1.08898E-16 7.32449E-12 3.26373E-14
 1.24589E-11 9.11181E-09 5.49821E-12 2.10049E-15 2.84318E-07 8.26180E-10 6.45438E-04 2.93777E-10
 6.84213E-09 2.01398E-07 7.36047E-11 3.68367E-09 1.07633E-03 3.99515E-03 4.09077E-05 3.61276E-07
 1.43817E-08 2.99352E-07 3.47485E-10 1.75979E-10 6.17562E-16 1.45117E-11 1.22640E-11 1.21208E-16
 1.91128E-18 2.57409E-25 7.92614E-08 2.82104E-13 5.41595E-15 2.20572E-15 1.67003E-09 1.02227E-16
 6.35940E-12 3.53548E-14 1.21799E-11 9.11195E-09 5.51618E-12 1.40025E-15 2.81469E-07 1.08196E-09
 6.45805E-04 4.77836E-10 7.67786E-09 1.97427E-07 6.73637E-11 5.39977E-09 1.07634E-03 3.99501E-03
 4.07003E-05 3.21601E-07 1.52150E-08 2.99288E-07 3.73960E-10 1.47890E-10 9.64310E-16 1.39371E-11
 9.55890E-12 1.83414E-16 1.85961E-18 3.61553E-25 7.92069E-08 3.02440E-13 9.20306E-15 3.12830E-15
 1.72448E-09 9.63308E-17 5.40938E-12 3.76222E-14 1.16716E-11 9.11229E-09 5.45319E-12 8.86459E-16
 2.77499E-07 1.45766E-09 6.46162E-04 7.88860E-10 8.54611E-09 1.92403E-07 6.24992E-11 8.04545E-09
 1.07636E-03 3.99487E-03 4.04957E-05 2.76266E-07 1.55881E-08 2.99234E-07 4.01525E-10 1.19502E-10
 1.51620E-15 1.34160E-11 7.16995E-12 2.84193E-16 1.81880E-18 4.76716E-25 7.91552E-08 3.22120E-13
 1.59189E-14 4.39153E-15 1.77612E-09 9.12568E-17 4.50355E-12 3.92562E-14 1.09819E-11 9.11279E-09
 5.26254E-12 5.25024E-16 2.72382E-07 2.05275E-09 6.46489E-04 1.32027E-09 9.29271E-09 1.86504E-07
 5.93526E-11 1.23293E-08 1.07637E-03 3.99475E-03 4.03056E-05 2.28404E-07 1.53578E-08 2.99190E-07
 4.29891E-10 9.09594E-11 2.39051E-15 1.29628E-11 5.18843E-12 4.49948E-16 1.78805E-18 5.91097E-25
 7.91091E-08 3.39428E-13 2.79682E-14 5.96769E-15 1.82224E-09 8.70953E-17 3.68431E-12 4.00280E-14
 1.01778E-11 9.11339E-09 5.08763E-12 2.85244E-16 2.66571E-07 3.15586E-09 6.46755E-04 2.21403E-09
 9.63172E-09 1.80423E-07 6.00579E-11 1.96036E-08 1.07639E-03 3.99466E-03 4.01497E-05 1.84151E-07
 1.44896E-08 2.99158E-07 4.57383E-10 6.36898E-11 3.69898E-15 1.26043E-11 3.71953E-12 7.19770E-16
 1.76691E-18 6.83429E-25 7.90724E-08 3.52045E-13 4.92590E-14 7.46762E-15 1.85889E-09 8.40037E-17
 3.01571E-12 3.91273E-14 9.35523E-12 9.11404E-09 5.07926E-12 1.40184E-16 2.61941E-07 6.43567E-09
 6.46915E-04 3.51570E-09 9.17334E-09 1.75871E-07 7.17088E-11 3.10263E-08 1.07640E-03 3.99460E-03
 4.00602E-05 1.54048E-07 1.32352E-08 2.99140E-07 4.79377E-10 4.19928E-11 5.20685E-15 1.23878E-11
 2.89220E-12 1.10034E-15 1.75566E-18 7.28885E-25 7.90508E-08 3.57985E-13 8.19663E-14 7.69960E-15
 1.88047E-09 8.22414E-17 2.60012E-12 3.32693E-14 8.75224E-12 9.11454E-09 5.14972E-12 6.52686E-17
 2.78032E+02 2.74658E+02 2.71821E+02 2.69392E+02 2.67319E+02 2.65995E+02 2.65721E+02 2.65849E+02
 2.65714E+02 2.65395E+02 2.65005E+02 2.64554E+02 2.64061E+02 2.63538E+02 2.62984E+02 2.62400E+02
 2.61782E+02 2.61129E+02 2.60448E+02 2.59742E+02 2.59014E+02 2.58262E+02 2.57483E+02 2.56671E+02
 2.55859E+02 2.55079E+02 2.54280E+02 2.53463E+02 2.52655E+02 2.51849E+02 2.51033E+02 2.50196E+02
 2.49342E+02 2.48490E+02 2.47651E+02 2.46826E+02 2.46026E+02 2.45254E+02 2.44491E+02 2.43717E+02
 2.42922E+02 2.42097E+02 2.41254E+02 2.40416E+02 2.39615E+02 2.38896E+02 2.38351E+02 2.38022E+02
 2.37849E+02 2.37817E+02 2.37946E+02 2.38229E+02 2.38660E+02 2.39250E+02 2.40009E+02 2.40933E+02
 2.42019E+02 2.43235E+02 2.44516E+02 2.45799E+02 2.47039E+02 2.48208E+02 2.49299E+02 2.50318E+02
 2.51285E+02 2.52225E+02 2.53157E+02 2.54113E+02 2.55157E+02 2.56257E+02 2.57239E+02 2.58053E+02
 2.58763E+02 2.59337E+02 2.59711E+02 2.59901E+02 2.59962E+02 2.59927E+02 2.59823E+02 2.59702E+02
 2.59626E+02 2.59645E+02 2.59774E+02 2.59964E+02 2.59744E+02 2.58571E+02 2.56673E+02 2.55123E+02
 2.54513E+02 2.53688E+02 2.50606E+02 2.45009E+02 2.39537E+02 2.34187E+02 2.28957E+02 2.23844E+02
 2.18844E+02 2.13957E+02 2.09178E+02 2.04507E+02 1.00000E+05 1.00000E+05 1.00000E+05 1.00000E+05
 6.92150E+04 1.46933E+04 5.25650E+03 3.94167E+03 4.13278E+03 5.20761E+03 6.89450E+03 9.04400E+03
 1.16161E+04 1.43800E+04 1.77661E+04 2.18689E+04 2.79600E+04 3.54994E+04 4.46878E+04 5.73183E+04
 7.18344E+04 9.03989E+04 1.12350E+05 1.43717E+05 1.82328E+05 2.30033E+05 2.88789E+05 3.64956E+05
 4.63400E+05 5.70456E+05 7.00961E+05 8.60950E+05 9.96639E+05 1.00000E+06 1.00000E+06 1.00000E+06
 1.00000E+06 1.00000E+06 1.00000E+06 1.00000E+06 1.00000E+06 1.00000E+06 1.00000E+06 1.00000E+06
 1.00000E+06 1.00000E+06 1.00000E+06 1.00000E+06 1.00000E+06 1.00000E+06 1.00000E+06 1.00000E+06
 1.00000E+06 1.00000E+06 1.00000E+06 1.00000E+06 1.00000E+06 1.00000E+06 1.00000E+06 1.00000E+06
 1.00000E+06 1.00000E+06 1.00000E+06 1.00000E+06 1.00000E+06 1.00000E+06 1.00000E+06 1.00000E+06
 1.00000E+06 1.00000E+06 1.00000E+06 1.00000E+06 1.00000E+06 1.00000E+06 1.00000E+06 1.00000E+06
 1.00000E+06 1.00000E+06 1.00000E+06 1.00000E+06 1.00000E+06 1.00000E+06 1.00000E+06 1.00000E+06
 1.00000E+06 1.00000E+06 1.00000E+06 1.00000E+06 1.00000E+06 1.00000E+06 1.00000E+06 1.00000E+06
 1.00000E+06 1.00000E+06 1.00000E+06 1.00000E+06 1.00000E+06 1.00000E+06 1.00000E+06 1.00000E+06
 2.52185E+19 2.32907E+19 2.14492E+19 1.97080E+19 1.80718E+19 1.65163E+19 1.50314E+19 1.36593E+19
 1.24249E+19 1.13093E+19 1.02956E+19 9.37367E+18 8.53445E+18 7.77002E+18 7.07369E+18 6.43935E+18
 5.86152E+18 5.33515E+18 4.85552E+18 4.41842E+18 4.02006E+18 3.65706E+18 3.32633E+18 3.02506E+18
 2.75033E+18 2.49955E+18 2.27119E+18 2.06325E+18 1.87375E+18 1.70116E+18 1.54409E+18 1.40122E+18
 1.27127E+18 1.15300E+18 1.04536E+18 9.47425E+17 8.58320E+17 7.77282E+17 7.03665E+17 6.36865E+17
 5.76287E+17 5.21372E+17 4.71575E+17 4.26387E+17 3.85346E+17 3.48033E+17 3.14027E+17 2.83040E+17
 2.54922E+17 2.29457E+17 2.06405E+17 1.85571E+17 1.66767E+17 1.49807E+17 1.34521E+17 1.20759E+17
 1.08385E+17 9.72784E+16 8.73372E+16 7.84573E+16 7.05332E+16 6.34619E+16 5.71463E+16 5.14979E+16
 4.64376E+16 4.18966E+16 3.78161E+16 3.41435E+16 3.08301E+16 2.78447E+16 2.51708E+16 2.27772E+16
 2.06260E+16 1.86928E+16 1.69573E+16 1.53958E+16 1.39860E+16 1.27103E+16 1.15540E+16 1.05034E+16
 9.54659E+15 8.67383E+15 7.87791E+15 7.15393E+15 6.50688E+15 5.93874E+15 5.43267E+15 4.96011E+15
 4.51034E+15 4.10382E+15 3.76483E+15 3.48391E+15 3.21666E+15 2.96304E+15 2.72297E+15 2.49630E+15
 2.28284E+15 2.08236E+15 1.89457E+15 1.71917E+15 2.92225E-12 3.36373E-12 4.33312E-12 5.82949E-12
 8.23908E-12 1.62984E-11 4.82713E-11 1.15643E-10 1.97981E-10 2.74881E-10 3.38236E-10 3.89017E-10
 4.30089E-10 4.64113E-10 4.92736E-10 5.16786E-10 5.36568E-10 5.52525E-10 5.65443E-10 5.75804E-10
 5.84095E-10 5.90761E-10 5.96118E-10 6.00364E-10 6.03676E-10 6.06262E-10 6.08279E-10 6.09840E-10
 6.11032E-10 6.11947E-10 6.12653E-10 6.13193E-10 6.13613E-10 6.13967E-10 6.14281E-10 6.14552E-10
 6.14775E-10 6.14944E-10 6.15053E-10 6.15099E-10 6.15072E-10 6.14968E-10 6.14777E-10 6.14492E-10
 6.14103E-10 6.13600E-10 6.12970E-10 6.12200E-10 6.11274E-10 6.10175E-10 6.08811E-10 6.07295E-10
 6.05610E-10 6.03737E-10 6.01658E-10 5.99349E-10 5.96788E-10 5.93948E-10 5.90802E-10 5.87324E-10
 5.83482E-10 5.79246E-10 5.74582E-10 5.69455E-10 5.63828E-10 5.57660E-10 5.50910E-10 5.43533E-10
 5.35485E-10 5.26722E-10 5.17203E-10 5.06889E-10 4.95740E-10 4.83722E-10 4.70806E-10 4.56969E-10
 4.42192E-10 4.26467E-10 4.09793E-10 3.92181E-10 3.73655E-10 3.54256E-10 3.34043E-10 3.13101E-10
 2.91559E-10 2.69589E-10 2.47368E-10 2.25044E-10 2.02768E-10 1.80766E-10 1.59355E-10 1.38825E-10
 1.19322E-10 1.01010E-10 8.40463E-11 6.85700E-11 5.47119E-11 4.25712E-11 3.21974E-11 2.35754E-11
 6.68689E+00 5.89903E+00 5.88266E+00 6.41616E+00 7.72696E+00 1.04137E+01 2.54483E+01 5.46326E+01
 8.42153E+01 1.05637E+02 1.17541E+02 1.22351E+02 1.22481E+02 1.19708E+02 1.15137E+02 1.09425E+02
 1.02981E+02 9.61683E+01 8.92834E+01 8.24952E+01 7.59435E+01 6.97094E+01 6.38434E+01 5.83645E+01
 5.32559E+01 4.85020E+01 4.41398E+01 4.01374E+01 3.64604E+01 3.30947E+01 3.00243E+01 2.72296E+01
 2.46937E+01 2.23849E+01 2.02809E+01 1.83641E+01 1.66165E+01 1.50240E+01 1.35798E+01 1.22734E+01
 1.10925E+01 1.00242E+01 9.05630E+00 8.17743E+00 7.37786E+00 6.64757E+00 5.97444E+00 5.35364E+00
 4.78697E+00 4.27202E+00 3.80392E+00 3.38239E+00 3.00252E+00 2.66056E+00 2.35799E+00 2.08782E+00
 1.84589E+00 1.63013E+00 1.43956E+00 1.27310E+00 1.12666E+00 9.98268E-01 8.84847E-01 7.84957E-01
 6.96293E-01 6.17350E-01 5.46949E-01 4.84037E-01 4.27635E-01 3.77496E-01 3.33083E-01 2.93799E-01
 2.58870E-01 2.27850E-01 2.00376E-01 1.75986E-01 1.54256E-01 1.34858E-01 1.17527E-01 1.02022E-01
 8.81390E-02 7.57189E-02 6.46473E-02 5.48447E-02 4.63676E-02 3.91916E-02 3.30314E-02 2.75132E-02
 2.25325E-02 1.82839E-02 1.49103E-02 1.22284E-02 9.86165E-03 7.81627E-03 6.07712E-03 4.61911E-03
 3.43150E-03 2.48794E-03 1.75549E-03 1.19812E-03 1.00000E-12 1.00000E-12 1.00000E-12 1.00000E-12
 1.00000E-12 1.00000E-12 1.00000E-12 1.00000E-12 1.00000E-12 1.00000E-12 1.00000E-12 1.00000E-12
 1.00000E-12 1.00000E-12 1.00000E-12 1.00000E-12 1.00000E-12 1.00000E-12 1.00000E-12 1.00000E-12
 1.00000E-12 1.00000E-12 1.00000E-12 1.00000E-12 1.00000E-12 1.00000E-12 1.00000E-12 1.00000E-12
 1.00000E-12 1.00000E-12 1.00000E-12 1.00000E-12 1.00000E-12 1.00000E-12 1.00000E-12 1.00000E-12
 1.00000E-12 1.00000E-12 1.00000E-12 1.00000E-12 1.00000E-12 1.00000E-12 1.00000E-12 1.00000E-12
 1.00000E-12 1.00000E-12 1.00000E-12 1.00000E-12 1.00000E-12 1.00000E-12 1.00000E-12 1.00000E-12
 1.00000E-12 1.00000E-12 1.00000E-12 1.00000E-12 1.00000E-12 1.00000E-12 1.00000E-12 1.00000E-12
 1.00000E-12 1.00000E-12 1.00000E-12 1.00000E-12 1.00000E-12 1.00000E-12 1.00000E-12 1.00000E-12
 1.00000E-12 1.00000E-12 1.00000E-12 1.00000E-12 1.00000E-12 1.00000E-12 1.00000E-12 1.00000E-12
 1.00000E-12 1.00000E-12 1.00000E-12 1.00000E-12 1.00000E-12 1.00000E-12 1.00000E-12 1.00000E-12
 1.00000E-12 1.00000E-12 1.00000E-12 1.00000E-12 1.00000E-12 1.00000E-12 1.00000E-12 1.00000E-12
 1.00000E-12 1.00000E-12 1.00000E-12 1.00000E-12 1.00000E-12 1.00000E-12 1.00000E-12 1.00000E-12
 1.00000E-12 1.00000E-12 1.00000E-12 1.00000E-12 1.00000E-12 1.00000E-12 1.00000E-12 1.00000E-12
 1.00000E-12 1.00000E-12 1.00000E-12 1.00000E-12 1.00000E-12 1.00000E-12 1.00000E-12 1.00000E-12
 1.00000E-12 1.00000E-12 1.00000E-12 1.00000E-12 1.00000E-12 1.00000E-12 1.00000E-12 1.00000E-12
 1.00000E-12 1.00000E-12 1.00000E-12 1.00000E-12 1.00000E-12 1.00000E-12 1.00000E-12 1.00000E-12
 1.00000E-12 1.00000E-12 1.00000E-12 1.00000E-12 1.00000E-12 1.00000E-12 1.00000E-12 1.00000E-12
 1.00000E-12 1.00000E-12 1.00000E-12 1.00000E-12 1.00000E-12 1.00000E-12 1.00000E-12 1.00000E-12
 1.00000E-12 1.00000E-12 1.00000E-12 1.00000E-12 1.00000E-12 1.00000E-12 1.00000E-12 1.00000E-12
 1.00000E-12 1.00000E-12 1.00000E-12 1.00000E-12 1.00000E-12 1.00000E-12 1.00000E-12 1.00000E-12
 1.00000E-12 1.00000E-12 1.00000E-12 1.00000E-12 1.00000E-12 1.00000E-12 1.00000E-12 1.00000E-12
 1.00000E-12 1.00000E-12 1.00000E-12 1.00000E-12 1.00000E-12 1.00000E-12 1.00000E-12 1.00000E-12
 1.00000E-12 1.00000E-12 1.00000E-12 1.00000E-12 1.00000E-12 1.00000E-12 1.00000E-12 1.00000E-12
 1.00000E-12 1.00000E-12 1.00000E-12 1.00000E-12 1.00000E-12 1.00000E-12 1.00000E-12 1.00000E-12
 1.00000E-12 1.00000E-12 1.00000E-12 1.00000E-12 2.77181E-04 3.01181E-04 3.28847E-04 3.57573E-04
 3.85767E-04 4.44844E-04 4.88578E-04 5.23669E-04 5.62032E-04 6.04103E-04 6.50624E-04 7.02028E-04
 7.58881E-04 8.21776E-04 8.91334E-04 9.68243E-04 1.05326E-03 1.14712E-03 1.25079E-03 1.36538E-03
 1.49200E-03 1.63202E-03 1.78684E-03 1.95806E-03 2.14763E-03 2.35784E-03 2.59031E-03 2.84768E-03
 3.13302E-03 3.44935E-03 3.79997E-03 4.18860E-03 4.61915E-03 5.09691E-03 5.62755E-03 6.21713E-03
 6.87268E-03 7.60183E-03 8.41199E-03 9.31179E-03 1.03112E-02 1.14220E-02 1.26574E-02 1.40330E-02
 1.55660E-02 1.72771E-02 1.91934E-02 2.13421E-02 2.37467E-02 2.64359E-02 2.94450E-02 3.28044E-02
 3.65580E-02 4.07525E-02 4.54048E-02 5.05809E-02 5.63471E-02 6.27625E-02 6.98717E-02 7.77041E-02
 8.63508E-02 9.58701E-02 1.06372E-01 1.17928E-01 1.30671E-01 1.44732E-01 1.60247E-01 1.77372E-01
 1.96289E-01 2.17098E-01 2.39963E-01 2.65058E-01 2.92635E-01 3.22913E-01 3.56108E-01 3.92517E-01
 4.32500E-01 4.76444E-01 5.24779E-01 5.78006E-01 6.36702E-01 7.01495E-01 7.73027E-01 8.51897E-01
 9.37959E-01 1.03084E+00 1.13183E+00 1.24448E+00 1.37155E+00 1.51128E+00 1.65876E+00 1.81482E+00
 1.99191E+00 2.19220E+00 2.41910E+00 2.67779E+00 2.97071E+00 3.30137E+00 3.67489E+00 4.10106E+00
 1.00000E+00 1.00000E+00 1.00000E+00 1.00000E+00 1.00000E+00 1.00000E+00 1.00000E+00 1.00000E+00
 1.00000E+00 1.00000E+00 1.00000E+00 1.00000E+00 1.00000E+00 1.00000E+00 1.00000E+00 1.00000E+00
 1.00000E+00 1.00000E+00 1.00000E+00 1.00000E+00 1.00000E+00 1.00000E+00 1.00000E+00 1.00000E+00
 1.00000E+00 1.00000E+00 1.00000E+00 1.00000E+00 1.00000E+00 1.00000E+00 1.00000E+00 1.00000E+00
 1.00000E+00 1.00000E+00 1.00000E+00 1.00000E+00 1.00000E+00 1.00000E+00 1.00000E+00 1.00000E+00
 1.00000E+00 1.00000E+00 1.00000E+00 1.00000E+00 1.00000E+00 1.00000E+00 1.00000E+00 1.00000E+00
 1.00000E+00 1.00000E+00 1.00000E+00 1.00000E+00 1.00000E+00 1.00000E+00 1.00000E+00 1.00000E+00
 1.00000E+00 1.00000E+00 1.00000E+00 1.00000E+00 1.00000E+00 1.00000E+00 1.00000E+00 1.00000E+00
 1.00000E+00 1.00000E+00 1.00000E+00 1.00000E+00 1.00000E+00 1.00000E+00 1.00000E+00 1.00000E+00
 1.00000E+00 1.00000E+00 1.00000E+00 1.00000E+00 1.00000E+00 1.00000E+00 1.00000E+00 1.00000E+00
 1.00000E+00 1.00000E+00 1.00000E+00 1.00000E+00 1.00000E+00 1.00000E+00 1.00000E+00 1.00000E+00
 1.00000E+00 1.00000E+00 1.00000E+00 1.00000E+00 1.00000E+00 1.00000E+00 1.00000E+00 1.00000E+00
 1.00000E+00 1.00000E+00 1.00000E+00 1.00000E+00 1.00000E+00 1.00000E+00 1.00000E+00 1.00000E+00
 1.00000E+00 1.00000E+00 1.00000E+00 1.00000E+00 1.00000E+00 1.00000E+00 1.00000E+00 1.00000E+00
 1.00000E+00 1.00000E+00 1.00000E+00 1.00000E+00 1.00000E+00 1.00000E+00 1.00000E+00 1.00000E+00
 1.00000E+00 1.00000E+00 1.00000E+00 1.00000E+00 1.00000E+00 1.00000E+00 1.00000E+00 1.00000E+00
 1.00000E+00 1.00000E+00 1.00000E+00 1.00000E+00 1.00000E+00 1.00000E+00 1.00000E+00 1.00000E+00
 1.00000E+00 1.00000E+00 1.00000E+00 1.00000E+00 1.00000E+00 1.00000E+00 1.00000E+00 1.00000E+00
 1.00000E+00 1.00000E+00 1.00000E+00 1.00000E+00 1.00000E+00 1.00000E+00 1.00000E+00 1.00000E+00
 1.00000E+00 1.00000E+00 1.00000E+00 1.00000E+00 1.00000E+00 1.00000E+00 1.00000E+00 1.00000E+00
 1.00000E+00 1.00000E+00 1.00000E+00 1.00000E+00 1.00000E+00 1.00000E+00 1.00000E+00 1.00000E+00
 1.00000E+00 1.00000E+00 1.00000E+00 1.00000E+00 1.00000E+00 1.00000E+00 1.00000E+00 1.00000E+00
 1.00000E+00 1.00000E+00 1.00000E+00 1.00000E+00 1.00000E+00 1.00000E+00 1.00000E+00 1.00000E+00
 1.00000E+00 1.00000E+00 1.00000E+00 1.00000E+00 1.00000E+00 1.00000E+00 1.00000E+00 1.00000E+00
 1.00000E+00 1.00000E+00 1.00000E+00 1.00000E+00 1.00000E+00 1.00000E+00 1.00000E+00 1.00000E+00
 1.00000E-05 1.00000E-05 1.00000E-05 1.00000E-05 1.00000E-05 1.00000E-05 1.00000E-05 1.00000E-05
 1.00000E-05 1.00000E-05 1.00000E-05 1.00000E-05 1.00000E-05 1.00000E-05 1.00000E-05 1.00000E-05
 1.00000E-05 1.00000E-05 1.00000E-05 1.00000E-05 1.00000E-05 1.00000E-05 1.00000E-05 1.00000E-05
 1.00000E-05 1.00000E-05 1.00000E-05 1.00000E-05 1.00000E-05 1.00000E-05 1.00000E-05 1.00000E-05
 1.00000E-05 1.00000E-05 1.00000E-05 1.00000E-05 1.00000E-05 1.00000E-05 1.00000E-05 1.00000E-05
 1.00000E-05 1.00000E-05 1.00000E-05 1.00000E-05 1.00000E-05 1.00000E-05 1.00000E-05 1.00000E-05
 1.00000E-05 1.00000E-05 1.00000E-05 1.00000E-05 1.00000E-05 1.00000E-05 1.00000E-05 1.00000E-05
 1.00000E-05 1.00000E-05 1.00000E-05 1.00000E-05 1.00000E-05 1.00000E-05 1.00000E-05 1.00000E-05
 1.00000E-05 1.00000E-05 1.00000E-05 1.00000E-05 1.00000E-05 1.00000E-05 1.00000E-05 1.00000E-05
 1.00000E-05 1.00000E-05 1.00000E-05 1.00000E-05 1.00000E-05 1.00000E-05 1.00000E-05 1.00000E-05
 1.00000E-05 1.00000E-05 1.00000E-05 1.00000E-05 1.00000E-05 1.00000E-05 1.00000E-05 1.00000E-05
 1.00000E-05 1.00000E-05 1.00000E-05 1.00000E-05 1.00000E-05 1.00000E-05 1.00000E-05 1.00000E-05
 1.00000E-05 1.00000E-05 1.00000E-05 1.00000E-05 1.00000E-09 1.00000E-09 1.00000E-09 1.00000E-09
 1.00000E-09 1.00000E-09 1.00000E-09 1.00000E-09 1.00000E-09 1.00000E-09 1.00000E-09 1.00000E-09
 1.00000E-09 1.00000E-09 1.00000E-09 1.00000E-09 1.00000E-09 1.00000E-09 1.00000E-09 1.00000E-09
 1.00000E-09 1.00000E-09 1.00000E-09 1.00000E-09 1.00000E-09 1.00000E-09 1.00000E-09 1.00000E-09
 1.00000E-09 1.00000E-09 1.00000E-09 1.00000E-09 1.00000E-09 1.00000E-09 1.00000E-09 1.00000E-09
 1.00000E-09 1.00000E-09 1.00000E-09 1.00000E-09 1.00000E-09 1.00000E-09 1.00000E-09 1.00000E-09
 1.00000E-09 1.00000E-09 1.00000E-09 1.00000E-09 1.00000E-09 1.00000E-09 1.00000E-09 1.00000E-09
 1.00000E-09 1.00000E-09 1.00000E-09 1.00000E-09 1.00000E-09 1.00000E-09 1.00000E-09 1.00000E-09
 1.00000E-09 1.00000E-09 1.00000E-09 1.00000E-09 1.00000E-09 1.00000E-09 1.00000E-09 1.00000E-09
 1.00000E-09 1.00000E-09 1.00000E-09 1.00000E-09 1.00000E-09 1.00000E-09 1.00000E-09 1.00000E-09
 1.00000E-09 1.00000E-09 1.00000E-09 1.00000E-09 1.00000E-09 1.00000E-09 1.00000E-09 1.00000E-09
 1.00000E-09 1.00000E-09 1.00000E-09 1.00000E-09 1.00000E-09 1.00000E-09 1.00000E-09 1.00000E-09
 1.00000E-09 1.00000E-09 1.00000E-09 1.00000E-09 1.00000E-09 1.00000E-09 1.00000E-09 1.00000E-09
 1.00000E-09 1.00000E-09 1.00000E-09 1.00000E-09 1.00000E-09 1.00000E-09 1.00000E-09 1.00000E-09
 1.00000E-09 1.00000E-09 1.00000E-09 1.00000E-09 1.00000E-09 1.00000E-09 1.00000E-09 1.00000E-09
 1.00000E-09 1.00000E-09 1.00000E-09 1.00000E-09 1.00000E-09 1.00000E-09 1.00000E-09 1.00000E-09
 1.00000E-09 1.00000E-09 1.00000E-09 1.00000E-09 1.00000E-09 1.00000E-09 1.00000E-09 1.00000E-09
 1.00000E-09 1.00000E-09 1.00000E-09 1.00000E-09 1.00000E-09 1.00000E-09 1.00000E-09 1.00000E-09
 1.00000E-09 1.00000E-09 1.00000E-09 1.00000E-09 1.00000E-09 1.00000E-09 1.00000E-09 1.00000E-09
 1.00000E-09 1.00000E-09 1.00000E-09 1.00000E-09 1.00000E-09 1.00000E-09 1.00000E-09 1.00000E-09
 1.00000E-09 1.00000E-09 1.00000E-09 1.00000E-09 1.00000E-09 1.00000E-09 1.00000E-09 1.00000E-09
 1.00000E-09 1.00000E-09 1.00000E-09 1.00000E-09 1.00000E-09 1.00000E-09 1.00000E-09 1.00000E-09
 1.00000E-09 1.00000E-09 1.00000E-09 1.00000E-09 1.00000E-09 1.00000E-09 1.00000E-09 1.00000E-09
 1.00000E-09 1.00000E-09 1.00000E-09 1.00000E-09 1.00000E-09 1.00000E-09 1.00000E-09 1.00000E-09
 1.00000E-09 1.00000E-09 1.00000E-09 1.00000E-09 1.00000E-09 1.00000E-09 1.00000E-09 1.00000E-09
 1.00000E-09 1.00000E-09 1.00000E-09 1.00000E-09
