 3.96752E-09 5.81081E-15 1.12287E-02 1.12877E-15 3.01395E-11 1.47015E-08 2.41374E-08 2.44117E-18
 2.84776E-04 1.35303E-03 1.13801E-05 2.81902E-08 3.19480E-11 5.62590E-09 3.66327E-12 1.96737E-11
 3.12492E-16 1.39530E-11 1.11482E-12 1.21281E-14 1.21975E-16 2.22838E-32 5.45058E-10 7.91457E-18
 2.10632E-22 2.09085E-19 9.20365E-13 1.03556E-17 1.51142E-11 2.59974E-18 5.41334E-18 5.82368E-11
 1.20818E-13 2.87777E-13 4.49593E-09 7.30563E-15 8.99199E-03 1.51862E-15 3.46176E-11 1.71831E-08
 2.65898E-08 3.30214E-18 2.84820E-04 1.35240E-03 1.13787E-05 3.24843E-08 3.45082E-11 5.55379E-09
 4.21190E-12 2.20679E-11 4.46426E-16 1.78002E-11 2.07083E-12 1.23237E-14 1.77559E-16 4.89310E-32
 5.43263E-10 1.07850E-17 2.91083E-22 2.70696E-19 1.29980E-12 1.36980E-17 1.49305E-11 3.70369E-18
 1.49289E-17 9.37924E-11 2.27292E-13 4.13852E-13 5.13300E-09 9.31455E-15 7.20539E-03 2.07271E-15
 3.97606E-11 2.04611E-08 2.97896E-08 4.50690E-18 2.84865E-04 1.35173E-03 1.13743E-05 3.79025E-08
 3.76435E-11 5.47708E-09 4.71650E-12 2.44520E-11 6.30172E-16 2.13090E-11 3.89925E-12 1.25617E-14
 2.56218E-16 1.19252E-31 5.41377E-10 1.51846E-17 4.10522E-22 3.65575E-19 1.81247E-12 1.78271E-17
 1.44084E-11 4.82684E-18 3.33849E-17 1.29869E-10 3.81473E-13 4.97832E-13 5.85996E-09 1.19060E-14
 5.63932E-03 2.83387E-15 4.55209E-11 2.44892E-08 3.35732E-08 6.13592E-18 2.84911E-04 1.35103E-03
 1.13661E-05 4.43482E-08 4.11307E-11 5.39554E-09 5.11693E-12 2.63897E-11 8.63942E-16 2.43087E-11
 7.38606E-12 1.25284E-14 3.60436E-16 3.14378E-31 5.39401E-10 2.19328E-17 5.84864E-22 5.06404E-19
 2.49105E-12 2.28710E-17 1.35948E-11 5.96968E-18 6.77778E-17 1.66954E-10 6.00630E-13 5.48370E-13
 6.55359E-09 1.51585E-14 4.24214E-03 3.79616E-15 5.14141E-11 2.86774E-08 3.77926E-08 8.16671E-18
 2.84956E-04 1.35030E-03 1.13533E-05 5.07865E-08 4.45090E-11 5.30899E-09 5.31694E-12 2.71452E-11
 1.11152E-15 2.60081E-11 1.35268E-11 1.19390E-14 4.78991E-16 4.85629E-30 5.37336E-10 3.17601E-17
 8.23525E-22 7.06922E-19 3.31411E-12 2.83296E-17 1.25481E-11 7.12205E-18 1.29870E-16 2.04437E-10
 8.88434E-13 5.72392E-13 7.14149E-09 1.92058E-14 3.15070E-03 4.95922E-15 5.72365E-11 3.26846E-08
 4.23660E-08 1.06125E-17 2.85000E-04 1.34953E-03 1.13351E-05 5.66457E-08 4.77848E-11 5.21718E-09
 5.22527E-12 2.62408E-11 1.31607E-15 2.60108E-11 2.29238E-11 1.07641E-14 5.71372E-16 2.37503E-30
 5.35183E-10 4.58263E-17 1.14045E-21 9.91261E-19 4.27649E-12 3.32344E-17 1.13342E-11 8.27306E-18
 2.38372E-16 2.41608E-10 1.24709E-12 5.76590E-13 7.57043E-09 2.41553E-14 2.26877E-03 6.33522E-15
 6.27071E-11 3.62975E-08 4.73763E-08 1.34136E-17 2.85043E-04 1.34873E-03 1.13108E-05 6.15447E-08
 5.05998E-11 5.11995E-09 4.67614E-12 2.28896E-11 1.39055E-15 2.42451E-11 3.63248E-11 8.76576E-15
 5.73235E-16 7.03527E-30 5.32942E-10 6.65170E-17 1.56199E-21 1.40984E-18 5.37918E-12 3.62025E-17
 1.00222E-11 9.39041E-18 4.27756E-16 2.77649E-10 1.67777E-12 5.65706E-13 7.82875E-09 3.03510E-14
 1.57542E-03 7.95053E-15 6.77097E-11 3.93939E-08 5.31890E-08 1.65537E-17 2.85083E-04 1.34789E-03
 1.12799E-05 6.52492E-08 5.28383E-11 5.01727E-09 3.69618E-12 1.75073E-11 1.27857E-15 2.10481E-11
 5.27132E-11 6.28461E-15 4.60603E-16 2.27915E-29 5.30616E-10 9.77824E-17 2.12889E-21 2.04572E-18
 6.62631E-12 3.60043E-17 8.68204E-12 1.03764E-17 7.55278E-16 3.11623E-10 2.18080E-12 5.41648E-13
 7.94065E-09 3.84409E-14 1.04900E-03 9.87333E-15 7.22177E-11 4.19334E-08 6.04660E-08 2.00776E-17
 2.85121E-04 1.34701E-03 1.12422E-05 6.76442E-08 5.43928E-11 4.90919E-09 2.54005E-12 1.15875E-11
 1.01481E-15 1.70606E-11 6.94598E-11 3.92051E-15 2.90811E-16-8.43997E-29 5.28207E-10 1.45886E-16
 2.91238E-21 3.02844E-18 8.02455E-12 3.24159E-17 7.37840E-12 1.10825E-17 1.31571E-15 3.42495E-10
 2.75780E-12 5.04742E-13 7.94403E-09 4.93802E-14 6.66209E-04 1.22148E-14 7.62642E-11 4.39389E-08
 7.00054E-08 2.40914E-17 2.85155E-04 1.34609E-03 1.11978E-05 6.87202E-08 5.51736E-11 4.79593E-09
 1.53573E-12 6.72826E-12 7.08368E-16 1.29836E-11 8.36446E-11 2.15625E-15 1.49047E-16 3.18980E-28
 5.25718E-10 2.20419E-16 4.03041E-21 4.55042E-18 9.58233E-12 2.66766E-17 6.16488E-12 1.13862E-17
 2.26213E-15 3.69135E-10 3.40981E-12 4.56200E-13 7.86928E-09 6.43184E-14 4.01854E-04 1.51103E-14
 7.99179E-11 4.54737E-08 8.25035E-08 2.87302E-17 2.85184E-04 1.34513E-03 1.11475E-05 6.85728E-08
 5.51316E-11 4.67783E-09 8.64346E-13 3.62833E-12 4.61582E-16 9.35214E-12 9.37255E-11 1.10554E-15
 6.96054E-17 1.18437E-27 5.23149E-10 3.36435E-16 5.66773E-21 6.90510E-18 1.13088E-11 2.09869E-17
 5.07845E-12 1.12773E-17 3.83513E-15 3.90343E-10 4.13112E-12 3.99746E-13 7.73865E-09 8.44710E-14
 2.29652E-04 1.87078E-14 8.33006E-11 4.66182E-08 9.83958E-08 3.41505E-17 2.85209E-04 1.34413E-03
 1.10921E-05 6.74142E-08 5.42668E-11 4.55544E-09 5.15568E-13 2.06682E-12 3.19479E-16 6.44540E-12
 1.00065E-10 5.99255E-16 3.78703E-17 6.39102E-27 5.20503E-10 5.18135E-16 8.11155E-21 1.05517E-17
 1.32130E-11 1.74502E-17 4.13448E-12 1.08563E-17 6.39966E-15 4.04869E-10 4.90010E-12 3.40707E-13
 7.58227E-09 1.11045E-13 1.24272E-04 2.31724E-14 8.66322E-11 4.74373E-08 1.17809E-07 4.05633E-17
 2.85228E-04 1.34308E-03 1.10334E-05 6.55963E-08 5.26191E-11 4.42951E-09 3.82933E-13 1.46092E-12
 2.75525E-16 4.31735E-12 1.03579E-10 4.00308E-16 3.22557E-17 3.07521E-26 5.17782E-10 8.02599E-16
 1.18151E-20 1.61853E-17 1.53019E-11 1.73773E-17 3.32270E-12 1.02383E-17 1.04794E-14 4.11433E-10
 5.66771E-12 2.83189E-13 7.46143E-09 1.47156E-13 6.37868E-05 2.85402E-14 9.04230E-11 4.79198E-08
 1.40590E-07 4.85944E-17 2.85241E-04 1.34197E-03 1.09732E-05 6.36696E-08 5.12072E-11 4.30083E-09
 3.74720E-13 1.36384E-12 3.08379E-16 2.88138E-12 1.05084E-10 3.55983E-16 4.55347E-17 1.52275E-25
 5.14984E-10 1.22926E-15 1.72469E-20 2.46746E-17 1.75847E-11 2.13965E-17 2.59903E-12 9.39047E-18
 1.63828E-14 4.08721E-10 6.34068E-12 2.26588E-13 7.45262E-09 2.01619E-13 4.68486E-05 3.46689E-14
 9.55071E-11 4.80001E-08 1.66417E-07 5.98714E-17 2.85248E-04 1.34079E-03 1.09134E-05 6.22608E-08
 5.23676E-11 4.16989E-09 4.29775E-13 1.51606E-12 3.87791E-16 1.98482E-12 1.05185E-10 3.98823E-16
 6.81187E-17 4.88671E-25 5.12091E-10 1.81276E-15 2.44054E-20 3.68896E-17 2.00819E-11 2.94241E-17
 1.85172E-12 7.85208E-18 2.31351E-14 3.95208E-10 6.80663E-12 1.62485E-13 7.57328E-09 2.82588E-13
 3.89828E-05 4.17754E-14 1.01875E-10 4.77376E-08 1.95437E-07 7.54057E-17 2.85246E-04 1.33951E-03
 1.08540E-05 6.15400E-08 5.57555E-11 4.03466E-09 5.09476E-13 1.76760E-12 4.90092E-16 1.45994E-12
 1.04239E-10 4.90687E-16 1.02468E-16 1.22298E-24 5.09024E-10 2.59999E-15 3.37691E-20 5.43466E-17
 2.28627E-11 4.14104E-17 7.70207E-13 3.86098E-18 2.97313E-14 3.68304E-10 7.04138E-12 7.39520E-14
 7.80902E-09 3.97025E-13 3.32843E-05 5.04027E-14 1.09283E-10 4.72720E-08 2.28075E-07 9.60243E-17
 2.85236E-04 1.33806E-03 1.07942E-05 6.13995E-08 6.01360E-11 3.89205E-09 6.22364E-13 2.12705E-12
 6.34500E-16 1.18339E-12 1.03380E-10 6.32214E-16 1.55742E-16 2.81369E-24 5.05663E-10 3.70580E-15
 4.68108E-20 7.97037E-17 2.60363E-11 5.89406E-17 2.89507E-13 1.71147E-18 3.73738E-14 3.42515E-10
 7.14236E-12 2.82955E-14 8.17562E-09 5.64427E-13 2.98679E-05 6.11427E-14 1.17725E-10 4.66349E-08
 2.67533E-07 1.23815E-16 2.85212E-04 1.33621E-03 1.07282E-05 6.18347E-08 6.58517E-11 3.72670E-09
 7.64407E-13 2.59446E-12 8.26416E-16 1.06131E-12 1.02588E-10 8.43354E-16 2.36497E-16 6.41908E-24
 5.01550E-10 5.38273E-15 6.58000E-20 1.19095E-16 3.00466E-11 8.59048E-17 9.15047E-14 6.31398E-19
 4.56595E-14 3.15634E-10 7.14492E-12 8.84447E-15 8.73972E-09 8.25405E-13 2.34191E-05 7.49545E-14
 1.27176E-10 4.57799E-08 3.20847E-07 1.62161E-16 2.85158E-04 1.33344E-03 1.06449E-05 6.30859E-08
 7.37294E-11 3.50723E-09 9.37115E-13 3.20633E-12 1.08124E-15 1.04742E-12 1.01876E-10 1.18126E-15
 3.81591E-16 1.56674E-23 4.95666E-10 8.26584E-15 9.56429E-20 1.88096E-16 3.59273E-11 1.32789E-16
 2.09503E-14 1.64511E-19 5.31863E-14 2.83870E-10 7.02522E-12 1.93928E-15 9.56428E-09 1.24083E-12
 2.10934E-05 9.32705E-14 1.37838E-10 4.46036E-08 3.93400E-07 2.16502E-16 2.85045E-04 1.32905E-03
 1.05364E-05 6.53074E-08 8.46189E-11 3.20765E-09 1.13940E-12 3.99538E-12 1.41874E-15 1.11568E-12
 1.00891E-10 1.72445E-15 6.01668E-16 4.20832E-23 4.86779E-10 1.35517E-14 1.45464E-19 3.17029E-16
 4.48085E-11 2.18282E-16 3.11518E-15 2.73411E-20 5.82607E-14 2.45400E-10 6.70635E-12 2.68894E-16
 1.07577E-08 1.90806E-12 2.11989E-05 1.18352E-13 1.50181E-10 4.32133E-08 4.90167E-07 2.95861E-16
 2.84810E-04 1.32179E-03 1.03950E-05 6.87870E-08 9.98935E-11 2.80125E-09 1.37289E-12 5.01724E-12
 1.87341E-15 1.24720E-12 9.95939E-11 2.60501E-15 9.38407E-16 1.25078E-22 4.72971E-10 2.38167E-14
 2.34249E-19 5.72001E-16 5.86061E-11 3.80900E-16 2.73094E-16 2.80316E-21 5.88779E-14 1.99565E-10
 6.11378E-12 2.27194E-17 1.23992E-08 2.95738E-12 2.26516E-05 1.53368E-13 1.64788E-10 4.17758E-08
 6.11574E-07 4.13599E-16 2.84342E-04 1.30994E-03 1.02195E-05 7.33966E-08 1.20651E-10 2.28449E-09
 1.64646E-12 6.33790E-12 2.50552E-15 1.42944E-12 9.79010E-11 3.99895E-15 1.44727E-15 4.00416E-22
 4.51942E-10 4.41781E-14 3.99672E-19 1.08530E-15 7.96134E-11 6.90410E-16 1.35830E-17 3.19224E-22
 5.40784E-14 1.48944E-10 5.20406E-12 2.08445E-18 1.44730E-08 4.53728E-12 2.48111E-05 2.02183E-13
 1.82219E-10 4.03916E-08 7.50468E-07 5.87959E-16 2.83475E-04 1.29165E-03 1.00220E-05 7.83541E-08
 1.47141E-10 1.70680E-09 1.98247E-12 8.03356E-12 3.41330E-15 1.65154E-12 9.56725E-11 6.10430E-15
 2.17417E-15 1.28762E-21 4.22153E-10 8.32652E-14 7.08676E-19 2.08135E-15 1.09363E-10 1.24499E-15
 4.64405E-19 1.53962E-22 4.50234E-14 1.00358E-10 4.05422E-12 8.09128E-19 1.69559E-08 6.87489E-12
 2.73738E-05 2.70739E-13 2.02850E-10 3.89649E-08 9.03637E-07 8.46643E-16 2.81925E-04 1.26411E-03
 9.80992E-06 8.28594E-08 1.79739E-10 1.12910E-09 2.40400E-12 1.01956E-11 4.74849E-15 1.91331E-12
 9.27124E-11 9.22049E-15 3.17033E-15 4.08089E-21 3.81595E-10 1.57321E-13 1.29242E-18 3.97990E-15
 1.49843E-10 2.19701E-15 5.78488E-20 1.14061E-22 3.31029E-14 5.90869E-11 2.79751E-12 4.83157E-19
 1.97520E-08 1.02447E-11 3.00598E-05 3.67311E-13 2.27145E-10 3.74317E-08 1.06299E-06 1.22937E-15
 2.79403E-04 1.22601E-03 9.59684E-06 8.60441E-08 2.18011E-10 6.50732E-10 2.94140E-12 1.29005E-11
 6.74821E-15 2.20835E-12 8.88304E-11 1.36645E-14 4.43798E-15 1.20868E-20 3.31912E-10 2.89016E-13
 2.36285E-18 7.35946E-15 1.99390E-10 3.66361E-15 2.87245E-20 7.84455E-23 2.14642E-14 3.01616E-11
 1.69192E-12 2.65191E-19 2.27991E-08 1.50496E-11 3.27412E-05 5.04714E-13 2.55639E-10 3.57334E-08
 1.22239E-06 1.79758E-15 2.75666E-04 1.17773E-03 9.38267E-06 8.75445E-08 2.62172E-10 3.26919E-10
 3.62251E-12 1.62053E-11 9.77119E-15 2.53359E-12 8.38977E-11 1.98298E-14 5.93378E-15 3.23137E-20
 2.77416E-10 5.06901E-13 4.25208E-18 1.29337E-14 2.53660E-10 5.64908E-15 1.42755E-20 4.89941E-23
 1.23931E-14 1.34700E-11 9.04505E-13 1.30709E-19 2.60208E-08 2.19314E-11 3.52152E-05 7.03368E-13
 2.88323E-10 3.37265E-08 1.38001E-06 2.64200E-15 2.70396E-04 1.11910E-03 9.14200E-06 8.72261E-08
 3.13160E-10 1.42342E-10 4.47537E-12 2.01410E-11 1.43936E-14 2.89354E-12 7.78320E-11 2.82703E-14
 7.59320E-15 7.89264E-20 2.21639E-10 8.51170E-13 7.53500E-18 2.17224E-14 3.09082E-10 8.08140E-15
 6.27100E-21 2.72973E-23 6.31060E-15 5.22433E-12 4.25296E-13 5.67677E-20 2.91874E-08 3.17935E-11
 3.67015E-05 9.94293E-13 3.24024E-10 3.12379E-08 1.53299E-06 3.87765E-15 2.63309E-04 1.05084E-03
 8.83859E-06 8.47907E-08 3.70914E-10 5.48196E-11 5.54344E-12 2.46739E-11 2.16181E-14 3.29317E-12
 7.06299E-11 3.96286E-14 9.31494E-15 1.80644E-19 1.68570E-10 1.37310E-12 1.32011E-17 3.51020E-14
 3.61612E-10 1.08086E-14 2.38281E-21 1.33690E-23 2.82502E-15 1.75185E-12 1.75516E-13 2.13845E-20
 3.20471E-08 4.60205E-11 3.68265E-05 1.42586E-12 3.61182E-10 2.81874E-08 1.67413E-06 5.66062E-15
 2.54167E-04 9.74124E-04 8.43971E-06 8.02693E-08 4.36162E-10 2.04171E-11 6.88024E-12 2.96872E-11
 3.31111E-14 3.73539E-12 6.23702E-11 5.46923E-14 1.09528E-14 3.87874E-19 1.21490E-10 2.12512E-12
 2.29506E-17 5.47519E-14 4.07919E-10 1.35394E-14 7.70738E-22 5.67919E-24 1.10403E-15 5.04161E-13
 6.31839E-14 6.86784E-21 3.43180E-08 6.66676E-11 3.54865E-05 2.07298E-12 3.97877E-10 2.46476E-08
 1.78810E-06 8.19788E-15 2.42910E-04 8.91343E-04 7.93230E-06 7.39104E-08 5.09552E-10 9.31979E-12
 8.55236E-12 3.49139E-11 5.16715E-14 4.21648E-12 5.32885E-11 7.41902E-14 1.22924E-14 7.66965E-19
 8.28874E-11 3.13001E-12 3.96824E-17 8.21364E-14 4.45487E-10 1.57779E-14 2.11862E-22 2.09138E-24
 3.77608E-16 1.24626E-13 1.98565E-14 1.86799E-21 3.56555E-08 9.67219E-11 3.26963E-05 3.05186E-12
 4.31461E-10 2.07902E-08 1.85102E-06 1.17475E-14 2.29535E-04 8.04636E-04 7.32075E-06 6.59902E-08
 5.90148E-10 6.39871E-12 1.06478E-11 3.98898E-11 8.21385E-14 4.72837E-12 4.37838E-11 9.84895E-14
 1.30822E-14 1.36589E-18 5.34187E-11 4.34319E-12 6.85777E-17 1.17825E-13 4.73705E-10 1.69502E-14
 4.92743E-23 6.65453E-25 1.12949E-16 2.63479E-14 5.42531E-15 4.25528E-22 3.59333E-08 1.40413E-10
 3.01680E-05 4.53708E-12 4.61853E-10 1.69635E-08 1.81700E-06 1.67750E-14 2.14172E-04 7.16305E-04
 6.64027E-06 5.72269E-08 6.78482E-10 5.80593E-12 1.32497E-11 4.40260E-11 1.31556E-13 5.23114E-12
 3.44129E-11 1.26453E-13 1.29860E-14 2.01720E-18 3.24956E-11 5.50298E-12 1.17945E-16 1.57557E-13
 4.93429E-10 1.61876E-14 9.98090E-24 1.86642E-25 2.96228E-17 4.77712E-15 1.28488E-15 8.16581E-23
 3.53219E-08 2.03131E-10 3.13611E-05 6.76446E-12 4.93037E-10 1.35280E-08 1.63056E-06 2.42842E-14
 1.97011E-04 6.28303E-04 5.94457E-06 4.85608E-08 7.79048E-10 5.66027E-12 1.63779E-11 4.68120E-11
 2.06064E-13 5.61974E-12 2.57776E-11 1.53475E-13 1.16961E-14 2.15903E-18 1.86304E-11 6.01248E-12
 1.98169E-16 1.87343E-13 5.06759E-10 1.28836E-14 1.89336E-24 4.85153E-26 6.85139E-18 7.55157E-16
 2.63619E-16 1.36095E-23 3.37369E-08 2.89451E-10 3.76129E-05 1.00177E-11 5.23915E-10 1.05972E-08
 1.30714E-06 3.54998E-14 1.78461E-04 5.42971E-04 5.25488E-06 4.02249E-08 8.85497E-10 5.45224E-12
 1.99910E-11 4.78244E-11 3.09810E-13 5.82451E-12 1.84338E-11 1.73097E-13 9.47915E-15 1.62916E-18
 1.00892E-11 5.52616E-12 3.23902E-16 1.94360E-13 5.15783E-10 8.46195E-15 3.53250E-25 1.21506E-26
 1.42590E-18 1.07436E-16 4.79979E-17 2.04013E-24 3.11059E-08 4.01224E-10 4.87041E-05 1.46485E-11
 5.49560E-10 8.19144E-09 9.37698E-07 5.14351E-14 1.59116E-04 4.62587E-04 4.56744E-06 3.23026E-08
 9.79767E-10 5.09610E-12 2.39306E-11 4.69277E-11 4.45752E-13 5.86380E-12 1.26919E-11 1.81179E-13
 7.02079E-15 9.27557E-19 5.18953E-12 4.36601E-12 5.21087E-16 1.79271E-13 5.21862E-10 4.82289E-15
 6.65353E-26 3.01465E-27 2.75490E-19 1.44135E-17 8.47037E-18 2.86148E-25 2.76952E-08 5.33241E-10
 6.58330E-05 2.10944E-11 5.71345E-10 6.36949E-09 6.31332E-07 7.31714E-14 1.39512E-04 3.88431E-04
 3.89626E-06 2.51501E-08 1.04269E-09 4.55587E-12 2.77655E-11 4.45549E-11 6.07714E-13 5.76735E-12
 8.55952E-12 1.76238E-13 4.81825E-15 4.63278E-19 2.54080E-12 3.20456E-12 8.31522E-16 1.57059E-13
 5.25696E-10 2.61427E-15 1.51981E-26 8.88867E-28 5.97523E-20 2.28855E-18 2.37597E-18 4.73969E-26
 2.39638E-08 6.72665E-10 9.03322E-05 3.00412E-11 5.96992E-10 5.14769E-09 4.30912E-07 1.02494E-13
 1.20209E-04 3.21338E-04 3.26800E-06 1.91455E-08 1.06117E-09 3.87080E-12 3.10256E-11 4.13835E-11
 7.86544E-13 5.60836E-12 5.80626E-12 1.60589E-13 3.11704E-15 2.54352E-19 1.18523E-12 2.47019E-12
 1.33004E-15 1.43971E-13 5.27800E-10 1.51057E-15 9.70624E-27 7.15502E-28 3.44803E-20 1.04630E-18
 2.26666E-18 2.27409E-26 2.02861E-08 8.05284E-10 1.22613E-04 4.26823E-11 6.34928E-10 4.42743E-09
 3.06881E-07 1.42777E-13 1.01659E-04 2.61505E-04 2.70113E-06 1.43382E-08 1.03182E-09 3.14333E-12
 3.35170E-11 3.79437E-11 9.82702E-13 5.47241E-12 4.04309E-12 1.38929E-13 1.93612E-15 1.72498E-19
 5.24749E-13 2.14279E-12 2.16257E-15 1.44473E-13 5.28787E-10 9.80283E-16 1.10488E-26 9.96753E-28
 3.40799E-20 8.79185E-19 2.31784E-18 2.03508E-26 1.68822E-08 9.19673E-10 1.62725E-04 6.07808E-11
 6.90444E-10 4.06508E-09 2.26419E-07 1.99465E-13 8.43271E-05 2.09134E-04 2.20753E-06 1.05608E-08
 9.59949E-10 2.46110E-12 3.52288E-11 3.45955E-11 1.20040E-12 5.40463E-12 2.91216E-12 1.15725E-13
 1.17416E-15 1.45193E-19 2.19750E-13 2.10784E-12 3.60063E-15 1.58523E-13 5.29111E-10 7.14357E-16
 1.31241E-26 1.40450E-27 3.36075E-20 7.78293E-19 2.29882E-18 1.95246E-26 1.38079E-08 1.01713E-09
 2.08907E-04 8.68032E-11 7.59425E-10 3.87805E-09 1.72479E-07 2.79684E-13 6.85940E-05 1.64214E-04
 1.78768E-06 7.54861E-09 8.55211E-10 1.88746E-12 3.63656E-11 3.14242E-11 1.45057E-12 5.40606E-12
 2.14259E-12 9.43672E-14 7.06086E-16 1.48857E-19 8.66947E-14 2.30651E-12 6.16246E-15 1.88419E-13
 5.29014E-10 5.77206E-16 1.51459E-26 1.87952E-27 3.15791E-20 6.82565E-19 2.27264E-18 1.85982E-26
 1.10521E-08 1.11265E-09 2.57658E-04 1.24141E-10 8.28302E-10 3.67650E-09 1.36309E-07 3.92482E-13
 5.47058E-05 1.26487E-04 1.43525E-06 5.11973E-09 7.28770E-10 1.44669E-12 3.72738E-11 2.82931E-11
 1.75262E-12 5.43307E-12 1.56492E-12 7.64319E-14 4.24064E-16 1.82039E-19 3.20428E-14 2.72503E-12
 1.08576E-14 2.40503E-13 5.28593E-10 5.07698E-16 1.63031E-26 2.33343E-27 2.85988E-20 5.91221E-19
 2.23964E-18 1.71222E-26 8.61845E-09 1.22655E-09 3.03744E-04 1.76967E-10 8.79174E-10 3.32525E-09
 1.12422E-07 5.49074E-13 4.28209E-05 9.55983E-05 1.14456E-06 3.23366E-09 5.93024E-10 1.12867E-12
 3.82676E-11 2.50360E-11 2.12696E-12 5.40669E-12 1.10081E-12 6.20430E-14 2.53972E-16 2.58546E-19
 1.10580E-14 3.36661E-12 1.96253E-14 3.26112E-13 5.27878E-10 4.74806E-16 1.57767E-26 2.64008E-27
 2.53392E-20 5.07656E-19 2.19593E-18 1.50169E-26 6.53341E-09 1.38902E-09 3.34486E-04 2.48044E-10
 8.89040E-10 2.75719E-09 9.77151E-08 7.56584E-13 3.29787E-05 7.10208E-05 9.13525E-07 1.88390E-09
 4.61385E-10 9.10350E-13 3.96981E-11 2.14775E-11 2.58004E-12 5.17902E-12 7.20584E-13 5.05625E-14
 1.49656E-16 4.09428E-19 3.56805E-15 4.17654E-12 3.58873E-14 4.61462E-13 5.26924E-10 4.55944E-16
 1.32080E-26 2.67456E-27 2.24574E-20 4.36861E-19 2.13587E-18 1.24996E-26 4.82382E-09 1.59180E-09
 3.51365E-04 3.39492E-10 8.71791E-10 2.17796E-09 8.75902E-08 1.03180E-12 2.50994E-05 5.20489E-05
 7.36300E-07 1.04253E-09 3.44963E-10 7.50709E-13 4.11621E-11 1.80128E-11 3.07165E-12 4.77705E-12
 4.50915E-13 4.11629E-14 8.68963E-17 6.85354E-19 1.08340E-15 5.16263E-12 6.56281E-14 6.65155E-13
 5.25707E-10 4.41520E-16 1.01805E-26 2.54619E-27 1.99433E-20 3.79507E-19 2.05874E-18 1.02335E-26
 3.48132E-09 1.81857E-09 3.56234E-04 4.50060E-10 8.45593E-10 1.71644E-09 7.95336E-08 1.39418E-12
 1.89934E-05 3.78224E-05 6.06866E-07 5.68477E-10 2.49811E-10 6.24166E-13 4.23006E-11 1.50064E-11
 3.53136E-12 4.27695E-12 2.80679E-13 3.35684E-14 5.06269E-17 1.15919E-18 3.13160E-16 6.35457E-12
 1.18360E-13 9.55880E-13 5.24172E-10 4.28662E-16 7.72218E-27 2.38707E-27 1.78410E-20 3.35182E-19
 1.96465E-18 8.51533E-27 2.46942E-09 2.05266E-09 3.51113E-04 5.74606E-10 8.24926E-10 1.40294E-09
 7.23917E-08 1.86448E-12 1.44061E-05 2.74328E-05 5.18800E-07 3.15697E-10 1.76812E-10 5.18499E-13
 4.29464E-11 1.26402E-11 3.88755E-12 3.76353E-12 1.80710E-13 2.76584E-14 3.03803E-17 1.91459E-18
 8.76582E-17 7.80575E-12 2.07694E-13 1.34729E-12 5.22241E-10 4.17940E-16 6.07643E-27 2.28001E-27
 1.62134E-20 3.02384E-19 1.85479E-18 7.36979E-27 1.73796E-09 2.28604E-09 3.38000E-04 7.05209E-10
 8.18081E-10 1.21448E-09 6.57897E-08 2.46676E-12 1.10539E-05 2.00004E-05 4.65954E-07 1.83106E-10
 1.23802E-10 4.28735E-13 4.31312E-11 1.09068E-11 4.09025E-12 3.28737E-12 1.23471E-13 2.31859E-14
 1.91298E-17 2.99270E-18 2.42262E-17 9.54012E-12 3.50144E-13 1.83714E-12 5.19874E-10 4.08189E-16
 5.11342E-27 2.25859E-27 1.50930E-20 2.79232E-19 1.73079E-18 6.71414E-27 1.22670E-09 2.52208E-09
 3.18737E-04 8.33796E-10 8.27118E-10 1.11487E-09 5.97710E-08 3.22851E-12 8.67290E-06 1.47689E-05
 4.42365E-07 1.12417E-10 8.68195E-11 3.53311E-13 4.29968E-11 9.68109E-12 4.12932E-12 2.86347E-12
 9.01279E-14 1.98015E-14 1.26878E-17 4.32429E-18 6.75493E-18 1.15094E-11 5.61628E-13 2.39974E-12
 5.17131E-10 3.96121E-16 4.62042E-27 2.32205E-27 1.44519E-20 2.63527E-19 1.59518E-18 6.44049E-27
 8.73967E-10 2.77156E-09 2.94820E-04 9.54222E-10 8.49280E-10 1.07239E-09 5.45213E-08 4.17624E-12
 7.02977E-06 1.11121E-05 4.42641E-07 7.30156E-11 6.14047E-11 2.91442E-13 4.26929E-11 8.80045E-12
 4.03188E-12 2.48725E-12 6.96358E-14 1.71713E-14 8.79139E-18 5.73430E-18 1.93592E-18 1.36048E-11
 8.53801E-13 2.99336E-12 5.14149E-10 3.78794E-16 4.40392E-27 2.44611E-27 1.42046E-20 2.52736E-19
 1.45065E-18 6.44129E-27 6.31259E-10 3.04947E-09 2.67239E-04 1.06211E-09 8.80149E-10 1.06392E-09
 5.01003E-08 5.33822E-12 5.93483E-06 8.54240E-06 4.63364E-07 4.98711E-11 4.40094E-11 2.41504E-13
 4.23356E-11 8.12467E-12 3.83225E-12 2.14438E-12 5.59895E-14 1.50127E-14 6.25965E-18 6.95138E-18
 5.76722E-19 1.56195E-11 1.22909E-12 3.56175E-12 5.11191E-10 3.53003E-16 4.32269E-27 2.59894E-27
 1.42603E-20 2.44686E-19 1.29861E-18 6.63302E-27 4.64632E-10 3.37455E-09 2.36611E-04 1.15422E-09
 9.15062E-10 1.07219E-09 4.64414E-08 6.74961E-12 5.25245E-06 6.71550E-06 5.03324E-07 3.56339E-11
 3.21487E-11 2.01362E-13 4.20112E-11 7.54854E-12 3.55795E-12 1.82058E-12 4.59676E-14 1.31129E-14
 4.48679E-18 7.65111E-18 1.79867E-19 1.72292E-11 1.67499E-12 4.03619E-12 5.08661E-10 3.16086E-16
 4.27089E-27 2.74533E-27 1.45446E-20 2.37666E-19 1.13988E-18 6.95251E-27 3.48973E-10 3.76031E-09
 2.04721E-04 1.23072E-09 9.50984E-10 1.08717E-09 4.34057E-08 8.45980E-12 4.89085E-06 5.39538E-06
 5.61822E-07 2.64409E-11 2.39732E-11 1.68864E-13 4.17370E-11 7.01546E-12 3.24029E-12 1.51845E-12
 3.80363E-14 1.13922E-14 3.20010E-18 7.67777E-18 5.88628E-20 1.82053E-11 2.17047E-12 4.36825E-12
 5.06858E-10 2.70598E-16 4.16618E-27 2.84546E-27 1.49039E-20 2.29342E-19 9.75887E-19 7.31488E-27
 2.67229E-10 4.19459E-09 1.75567E-04 1.30088E-09 9.91652E-10 1.11306E-09 4.06579E-08 1.05808E-11
 4.79145E-06 4.42928E-06 6.35909E-07 2.02387E-11 1.82238E-11 1.41862E-13 4.14336E-11 6.54612E-12
 2.91981E-12 1.26146E-12 3.18134E-14 9.90746E-15 2.29414E-18 7.11774E-18 2.02634E-20 1.85869E-11
 2.69902E-12 4.54395E-12 5.05772E-10 2.23725E-16 3.99071E-27 2.87754E-27 1.49935E-20 2.16445E-19
 8.10456E-19 7.58766E-27 2.08504E-10 4.67998E-09 1.49772E-04 1.36875E-09 1.03688E-09 1.14764E-09
 3.81166E-08 1.32325E-11 4.91456E-06 3.71310E-06 7.24890E-07 1.58955E-11 1.41109E-11 1.19200E-13
 4.11055E-11 6.12712E-12 2.61377E-12 1.04677E-12 2.67971E-14 8.62988E-15 1.65214E-18 6.14367E-18
 7.35078E-21 1.83808E-11 3.23724E-12 4.56125E-12 5.05422E-10 1.79113E-16 3.69494E-27 2.80113E-27
 1.45597E-20 1.96918E-19 6.46353E-19 7.62713E-27 1.65621E-10 5.21623E-09 1.27613E-04 1.43887E-09
 1.08790E-09 1.19099E-09 3.56821E-08 1.65904E-11 5.23438E-06 3.17181E-06 8.28227E-07 1.27585E-11
 1.11203E-11 9.99722E-14 4.07471E-11 5.75562E-12 2.33074E-12 8.70294E-13 2.27044E-14 7.53252E-15
 1.19540E-18 4.97216E-18 2.80022E-21 1.76657E-11 3.76541E-12 4.43636E-12 5.05734E-10 1.39321E-16
 3.23915E-27 2.57280E-27 1.33073E-20 1.68827E-19 4.85199E-19 7.25089E-27 1.33508E-10 5.81113E-09
 1.08498E-04 1.51244E-09 1.14394E-09 1.24127E-09 3.33760E-08 2.08494E-11 5.73669E-06 2.75428E-06
 9.46832E-07 1.04127E-11 8.88925E-12 8.37067E-14 4.03702E-11 5.41835E-12 2.07316E-12 7.24654E-13
 1.92965E-14 6.58446E-15 8.67414E-19 3.81017E-18 1.11534E-21 1.65607E-11 4.26695E-12 4.20046E-12
 5.06574E-10 1.05658E-16 2.57843E-27 2.14145E-27 1.10071E-20 1.31174E-19 3.27297E-19 6.26015E-27
 1.08824E-10 6.47358E-09 9.19433E-05 1.59029E-09 1.20439E-09 1.29734E-09 3.12154E-08 2.62553E-11
 6.41578E-06 2.42504E-06 1.08183E-06 8.60022E-12 7.18077E-12 6.99626E-14 3.99808E-11 5.10640E-12
 1.84133E-12 6.04142E-13 1.64216E-14 5.76262E-15 6.30581E-19 2.79134E-18 4.61842E-22 1.52035E-11
 4.73139E-12 3.88922E-12 5.07778E-10 7.84288E-17 1.88590E-27 1.63618E-27 8.35400E-21 9.36521E-20
 2.01245E-19 4.97145E-27 8.98209E-11 7.18209E-09 7.83694E-05 1.68248E-09 1.27623E-09 1.36831E-09
 2.90125E-08 3.33078E-11 7.26861E-06 2.16030E-06 1.22972E-06 7.19104E-12 5.87150E-12 5.80889E-14
 3.95450E-11 4.84603E-12 1.63794E-12 5.09014E-13 1.40928E-14 5.06565E-15 4.62616E-19 1.95905E-18
 1.97777E-22 1.37363E-11 5.15767E-12 3.52976E-12 5.09178E-10 5.73083E-17 1.37844E-27 1.24383E-27
 6.21298E-21 6.59456E-20 1.23739E-19 3.89838E-27 7.50297E-11 7.91871E-09 6.75049E-05 1.79687E-09
 1.36484E-09 1.46190E-09 2.67209E-08 4.26726E-11 8.29347E-06 1.94381E-06 1.38741E-06 6.08097E-12
 4.85709E-12 4.77790E-14 3.90530E-11 4.64675E-12 1.46271E-12 4.35910E-13 1.22510E-14 4.48231E-15
 3.44193E-19 1.32279E-18 8.72311E-23 1.22676E-11 5.54530E-12 3.14810E-12 5.10641E-10 4.14325E-17
 1.01990E-27 9.50959E-28 4.54053E-21 4.60577E-20 7.57514E-20 3.03490E-27 6.32658E-11 8.68302E-09
 5.87028E-05 1.93660E-09 1.47197E-09 1.58124E-09 2.44185E-08 5.51685E-11 9.49127E-06 1.76389E-06
 1.55439E-06 5.18649E-12 4.05382E-12 3.89396E-14 3.85183E-11 4.49825E-12 1.31221E-12 3.79237E-13
 1.07798E-14 3.99169E-15 2.59582E-19 8.64935E-19 3.94715E-23 1.08606E-11 5.89249E-12 2.76700E-12
 5.12082E-10 2.97195E-17 7.78977E-28 7.45955E-28 3.33224E-21 3.25947E-20 4.74447E-20 2.39479E-27
 5.38407E-11 9.46255E-09 5.17043E-05 2.10956E-09 1.60306E-09 1.73440E-09 2.21113E-08 7.20819E-11
 1.08650E-05 1.61196E-06 1.72822E-06 4.45963E-12 3.41347E-12 3.14038E-14 3.79388E-11 4.40120E-12
 1.18369E-12 3.35829E-13 9.61531E-15 3.57956E-15 1.98664E-19 5.49192E-19 1.82405E-23 9.55427E-12
 6.20057E-12 2.40101E-12 5.13446E-10 2.11970E-17 6.22441E-28 6.07840E-28 2.47754E-21 2.36110E-20
 3.07446E-20 1.93460E-27 4.62876E-11 1.02337E-08 4.63637E-05 2.32871E-09 1.76713E-09 1.93514E-09
 1.97931E-08 9.54340E-11 1.24152E-05 1.48210E-06 1.90441E-06 3.86821E-12 2.90308E-12 2.50105E-14
 3.73059E-11 4.36201E-12 1.07530E-12 3.03834E-13 8.71971E-15 3.23688E-15 1.54715E-19 3.39201E-19
 8.57997E-24 8.37475E-12 6.47295E-12 2.05977E-12 5.14694E-10 1.50713E-17 5.21427E-28 5.14637E-28
 1.85485E-21 1.74406E-20 2.03845E-20 1.59390E-27 4.02221E-11 1.09779E-08 4.24430E-05 2.60947E-09
 1.97468E-09 2.20049E-09 1.74979E-08 1.28314E-10 1.41407E-05 1.37008E-06 2.07971E-06 3.38562E-12
 2.49540E-12 1.96536E-14 3.66165E-11 4.38228E-12 9.84947E-13 2.81364E-13 8.04920E-15 2.95459E-15
 1.22766E-19 2.04374E-19 4.09792E-24 7.33339E-12 6.71304E-12 1.74988E-12 5.15806E-10 1.07029E-17
 4.68319E-28 4.62490E-28 1.42312E-21 1.33906E-20 1.42336E-20 1.36495E-27 3.52994E-11 1.16998E-08
 3.95741E-05 2.96624E-09 2.23492E-09 2.54700E-09 1.53065E-08 1.75297E-10 1.60428E-05 1.27265E-06
 2.25619E-06 2.98753E-12 2.16628E-12 1.52594E-14 3.58797E-11 4.45119E-12 9.09647E-13 2.65903E-13
 7.54094E-15 2.72083E-15 9.89654E-20 1.20766E-19 1.98232E-24 6.42756E-12 6.92343E-12 1.47572E-12
 5.16775E-10 7.59344E-18 4.54870E-28 4.45274E-28 1.13275E-21 1.08110E-20 1.05518E-20 1.22871E-27
 3.12083E-11 1.24415E-08 3.72956E-05 3.40765E-09 2.55223E-09 2.98515E-09 1.33212E-08 2.42856E-10
 1.81270E-05 1.18723E-06 2.44426E-06 2.65156E-12 1.89424E-12 1.17548E-14 3.51208E-11 4.54186E-12
 8.45575E-13 2.54215E-13 7.11393E-15 2.52065E-15 8.03884E-20 7.05613E-20 9.68609E-25 5.64474E-12
 7.10609E-12 1.23939E-12 5.17612E-10 5.37376E-18 4.77516E-28 4.60364E-28 9.48143E-22 9.27102E-21
 8.30519E-21 1.17393E-27 2.78611E-11 1.32851E-08 3.51676E-05 3.93584E-09 2.92646E-09 3.51048E-09
 1.15919E-08 3.40544E-10 2.04053E-05 1.11160E-06 2.66258E-06 2.37081E-12 1.67351E-12 9.02898E-15
 3.43799E-11 4.61383E-12 7.86994E-13 2.42092E-13 6.66889E-15 2.32953E-15 6.45788E-20 4.09599E-20
 4.75987E-25 4.95378E-12 7.26856E-12 1.03993E-12 5.18340E-10 3.76574E-18 5.47891E-28 5.19090E-28
 8.60813E-22 8.66357E-21 7.13591E-21 1.22164E-27 2.52884E-11 1.43520E-08 3.28270E-05 4.54207E-09
 3.34930E-09 4.09120E-09 1.01285E-08 4.81967E-10 2.28791E-05 1.04435E-06 2.93563E-06 2.14630E-12
 1.50598E-12 6.94757E-15 3.37107E-11 4.61716E-12 7.27773E-13 2.25098E-13 6.10804E-15 2.11831E-15
 4.99190E-20 2.37029E-20 2.34781E-25 4.32247E-12 7.42827E-12 8.75053E-13 5.18976E-10 2.58565E-18
 6.81298E-28 6.36453E-28 8.60976E-22 8.89968E-21 6.89964E-21 1.39783E-27 2.31839E-11 1.57212E-08
 3.02822E-05 5.21516E-09 3.80933E-09 4.70570E-09 8.93463E-09 6.83996E-10 2.55424E-05 9.84469E-07
 3.28435E-06 1.95611E-12 1.37004E-12 5.38647E-15 3.31270E-11 4.53241E-12 6.68541E-13 2.03417E-13
 5.44508E-15 1.89116E-15 3.69989E-20 1.38287E-20 1.16168E-25 3.76058E-12 7.59028E-12 7.40921E-13
 5.19510E-10 1.74535E-18 8.40074E-28 7.78422E-28 8.79379E-22 9.28236E-21 6.49856E-21 1.62298E-27
 2.11785E-11 1.74854E-08 2.75524E-05 5.92568E-09 4.28175E-09 5.32626E-09 8.01864E-09 9.63848E-10
 2.83775E-05 9.31141E-07 3.73318E-06 1.77454E-12 1.24053E-12 4.23659E-15 3.26288E-11 4.35284E-12
 6.10855E-13 1.78542E-13 4.72397E-15 1.66166E-15 2.64478E-20 8.21898E-21 5.77145E-26 3.27134E-12
 7.74768E-12 6.31859E-13 5.19951E-10 1.16547E-18 1.00341E-27 9.30679E-28 9.09465E-22 9.70760E-21
 6.04323E-21 1.88558E-27 1.93177E-11 1.97872E-08 2.46685E-05 6.63860E-09 4.74081E-09 5.89649E-09
 7.32669E-09 1.34391E-09 3.13553E-05 8.83503E-07 4.31226E-06 1.60475E-12 1.12069E-12 3.38822E-15
 3.22166E-11 4.07621E-12 5.52468E-13 1.50963E-13 3.96381E-15 1.42724E-15 1.80280E-20 4.95464E-21
 2.88326E-26 2.82976E-12 7.91003E-12 5.42022E-13 5.20320E-10 7.65101E-19 1.15131E-27 1.08166E-27
 9.54770E-22 1.01649E-20 5.54064E-21 2.19023E-27 1.76857E-11 2.28251E-08 2.16629E-05 7.30652E-09
 5.15694E-09 6.34356E-09 6.80852E-09 1.85064E-09 3.44455E-05 8.40516E-07 5.06388E-06 1.45283E-12
 1.01612E-12 2.75534E-15 3.18783E-11 3.70957E-12 4.91217E-13 1.21765E-13 3.19414E-15 1.18872E-15
 1.15521E-20 3.00448E-21 1.44751E-26 2.41550E-12 8.09010E-12 4.66659E-13 5.20630E-10 4.89317E-19
 1.26197E-27 1.21838E-27 1.02132E-21 1.06538E-20 4.98518E-21 2.54639E-27 1.62223E-11 2.68582E-08
 1.85862E-05 7.86430E-09 5.49598E-09 6.60873E-09 6.44382E-09 2.50874E-09 3.75996E-05 8.01306E-07
 6.05404E-06 1.31595E-12 9.22628E-13 2.28192E-15 3.15842E-11 3.27595E-12 4.27276E-13 9.32181E-14
 2.46673E-15 9.59013E-16 6.94392E-21 1.81973E-21 7.30855E-27 2.02290E-12 8.28646E-12 4.01680E-13
 5.20891E-10 3.03437E-19 1.31410E-27 1.32516E-27 1.11617E-21 1.11608E-20 4.38335E-21 2.96290E-27
 1.48443E-11 3.22555E-08 1.55040E-05 8.23327E-09 5.72790E-09 6.66082E-09 6.22579E-09 3.34191E-09
 4.07535E-05 7.65082E-07 7.40887E-06 1.19105E-12 8.34679E-13 1.92914E-15 3.12973E-11 2.80619E-12
 3.61789E-13 6.74824E-14 1.82680E-15 7.51828E-16 3.93247E-21 1.09063E-21 3.71702E-27 1.65268E-12
 8.48406E-12 3.43704E-13 5.21121E-10 1.81688E-19 1.29504E-27 1.38780E-27 1.24924E-21 1.16626E-20
 3.74845E-21 3.45221E-27 1.35382E-11 3.95816E-08 1.24986E-05 8.32683E-09 5.84061E-09 6.50714E-09
 6.14681E-09 4.38868E-09 4.38261E-05 7.31167E-07 9.42523E-06 1.08188E-12 7.51342E-13 1.66782E-15
 3.09856E-11 2.33023E-12 2.95826E-13 4.58605E-14 1.29871E-15 5.74766E-16 2.10408E-21 6.37127E-22
 1.91073E-27 1.30803E-12 8.65107E-12 2.90190E-13 5.21353E-10 1.04179E-19 1.20976E-27 1.40057E-27
 1.43671E-21 1.21303E-20 3.09332E-21 4.04344E-27 1.23127E-11 4.97387E-08 9.65319E-06 8.03594E-09
 5.85134E-09 6.21574E-09 6.20486E-09 5.73547E-09 4.67359E-05 6.98879E-07 1.29296E-05 9.98801E-13
 6.73095E-13 1.47672E-15 3.06215E-11 1.87483E-12 2.30264E-13 2.88593E-14 8.90259E-16 4.30597E-16
 1.06713E-21 3.53825E-22 9.96189E-28 9.94273E-13 8.70650E-12 2.38920E-13 5.21662E-10 5.64258E-20
 1.08327E-27 1.37148E-27 1.70887E-21 1.25220E-20 2.42941E-21 4.81212E-27 1.11490E-11 6.41978E-08
 7.04865E-06 7.24060E-09 5.80381E-09 5.89768E-09 6.40978E-09 7.57725E-09 4.94029E-05 6.67534E-07
 2.02371E-05 9.55591E-13 5.98676E-13 1.34285E-15 3.01827E-11 1.46105E-12 1.66733E-13 1.64430E-14
 5.93508E-16 3.18676E-16 5.16656E-22 1.80455E-22 5.28281E-28 7.18789E-13 8.51853E-12 1.88605E-13
 5.22176E-10 2.83531E-20 9.51283E-28 1.32308E-27 2.12314E-21 1.27604E-20 1.77671E-21 5.92272E-27
 1.00188E-11 8.55487E-08 4.76930E-06 5.94071E-09 5.69692E-09 5.53364E-09 6.79677E-09 1.02529E-08
 5.17441E-05 6.36426E-07 3.69945E-05 9.51986E-13 5.25555E-13 1.26424E-15 2.96599E-11 1.09304E-12
 1.09525E-13 8.20003E-15 3.80217E-16 2.33259E-16 2.36959E-22 8.35320E-23 2.85224E-28 4.90723E-13
 8.09491E-12 1.41911E-13 5.22874E-10 1.30190E-20 8.26925E-28 1.27260E-27 2.77242E-21 1.27081E-20
 1.17977E-21 7.58186E-27 8.98110E-12 1.19761E-07 2.90595E-06 4.40675E-09 5.34616E-09 4.74122E-09
 7.52440E-09 1.40703E-08 5.36706E-05 6.04763E-07 7.38973E-05 9.34466E-13 4.52069E-13 1.26034E-15
 2.90593E-11 7.53682E-13 6.48003E-14 3.40982E-15 2.14622E-16 1.63256E-16 9.55929E-23 3.79763E-23
 1.56201E-28 3.17224E-13 7.88587E-12 1.05888E-13 5.23293E-10 5.45035E-21 6.59906E-28 1.17793E-27
 3.77286E-21 1.21880E-20 6.99417E-22 9.66731E-27 8.47937E-12 1.83826E-07 1.55089E-06 3.03017E-09
 4.46147E-09 3.17607E-09 9.08976E-09 1.90067E-08 5.50914E-05 5.71984E-07 1.44718E-04 8.05754E-13
 3.82207E-13 1.38579E-15 2.83823E-11 4.39185E-13 3.53229E-14 1.10867E-15 8.96741E-17 1.00131E-16
 2.84939E-23 2.04112E-23 8.65002E-29 1.97553E-13 8.77894E-12 8.60703E-14 5.22539E-10 2.08658E-21
 3.98395E-28 9.34078E-28 5.24187E-21 1.10479E-20 3.70504E-22 1.11860E-26 9.90758E-12 3.26233E-07
 7.15457E-07 2.00569E-09 3.08632E-09 1.44316E-09 1.26188E-08 2.48145E-08 5.59953E-05 5.37750E-07
 2.60078E-04 5.60216E-13 3.28672E-13 1.73524E-15 2.75924E-11 1.94265E-13 1.82962E-14 2.61409E-16
 2.30182E-17 4.74749E-17 4.96497E-24 1.59876E-23 4.83485E-29 1.22244E-13 1.22062E-11 8.48877E-14
 5.19189E-10 7.23177E-22 1.46678E-28 5.49048E-28 7.25831E-21 9.22517E-21 1.76801E-22 1.06936E-26
 1.57016E-11 6.77354E-07 2.89183E-07 1.30911E-09 1.73424E-09 4.30020E-10 2.03493E-08 3.12138E-08
 5.64919E-05 5.01942E-07 4.22300E-04 3.18185E-13 3.04603E-13 2.43013E-15 2.66618E-11 6.25761E-14
 9.18330E-15 4.37583E-17 3.41921E-18 1.59951E-17 4.47635E-25 1.98444E-23 2.72811E-29 7.66745E-14
 2.10549E-11 1.06147E-13 5.10364E-10 2.24277E-22 2.99636E-29 2.21352E-28 9.63271E-21 6.95048E-21
 7.70985E-23 7.96413E-27 2.66172E-11 1.54290E-06 1.06640E-07 8.45511E-10 8.35750E-10 9.36638E-11
 3.59203E-08 3.75928E-08 5.67470E-05 4.64539E-07 6.25702E-04 1.59473E-13 3.10949E-13 3.54320E-15
 2.56347E-11 1.74642E-14 4.49866E-15 6.19474E-18 3.69998E-19 4.40039E-18 2.82521E-26 3.12420E-23
 1.55480E-29 4.62498E-14 3.94770E-11 1.50385E-13 4.91928E-10 6.50558E-23 3.80487E-30 6.47798E-29
 1.17477E-20 4.88040E-21 3.21718E-23 4.67775E-27 3.85647E-11 3.36762E-06 3.83332E-08 5.54751E-10
 3.96948E-10 1.91265E-11 6.10641E-08 4.33434E-08 5.68911E-05 4.25429E-07 8.60981E-04 7.52119E-14
 3.20580E-13 4.89976E-15 2.45783E-11 6.62869E-15 2.22498E-15 1.19038E-18 5.21317E-20 1.55861E-18
 2.95647E-27 4.11893E-23 8.92752E-30 2.51933E-14 6.60507E-11 1.95369E-13 4.65331E-10 2.22518E-23
 4.36964E-31 1.75699E-29 1.30097E-20 3.63609E-21 1.44650E-23 2.45977E-27 4.95932E-11 6.13498E-06
 1.49673E-08 4.03835E-10 2.24932E-10 5.22245E-12 8.66472E-08 5.01227E-08 5.69925E-05 3.84731E-07
 1.11841E-03 3.63138E-14 2.97119E-13 5.95001E-15 2.35409E-11 4.08065E-15 1.21832E-15 4.10923E-19
 1.40689E-20 8.68358E-19 7.88357E-28 3.68664E-23 5.15480E-30 1.34443E-14 9.04378E-11 2.08965E-13
 4.40942E-10 9.99639E-24 7.99185E-32 6.47407E-30 1.34708E-20 3.18131E-21 8.22530E-24 1.44309E-27
 6.24268E-11 9.33462E-06 7.21039E-09 3.36488E-10 1.59668E-10 2.22518E-12 1.01967E-07 6.07631E-08
 5.70786E-05 3.42900E-07 1.39117E-03 1.88226E-14 2.41821E-13 6.31454E-15 2.25524E-11 3.13081E-15
 7.65820E-16 2.04599E-19 5.98655E-21 5.96610E-19 3.30309E-28 2.50191E-23 2.99227E-30 7.79190E-15
 1.08310E-10 1.94156E-13 4.23090E-10 5.00685E-24 2.80622E-32 3.64926E-30 1.36136E-20 3.04067E-21
 6.04162E-24 1.03520E-27 7.84315E-11 1.28024E-05 4.54195E-09 3.05520E-10 1.30484E-10 1.29681E-12
 1.08257E-07 7.62682E-08 5.71580E-05 3.00630E-07 1.67566E-03 1.03318E-14 1.80629E-13 6.13343E-15
 2.16269E-11 2.56885E-15 5.30831E-16 1.20457E-19 3.18164E-21 4.39249E-19 1.61036E-28 1.52510E-23
 1.74619E-30 4.94731E-15 1.22474E-10 1.69867E-13 4.08953E-10 2.62986E-24 1.50051E-32 2.69747E-30
 1.36953E-20 2.95990E-21 5.09743E-24 8.51061E-28 9.76572E-11 1.66621E-05 3.52369E-09 2.89017E-10
 1.14083E-10 8.89959E-13 1.10486E-07 9.66833E-08 5.72325E-05 2.58786E-07 1.96980E-03 5.89943E-15
 1.28950E-13 5.70038E-15 2.07677E-11 2.16692E-15 3.90748E-16 7.75285E-20 1.89790E-21 3.35630E-19
 8.54655E-29 9.25586E-24 1.02414E-30 3.38270E-15 1.35836E-10 1.46667E-13 3.95616E-10 1.46213E-24
 9.83528E-33 2.26919E-30 1.37709E-20 2.88492E-21 4.48451E-24 7.48191E-28 1.20160E-10 2.10602E-05
 3.06480E-09 2.78437E-10 1.02904E-10 6.66851E-13 1.11839E-07 1.22003E-07 5.73010E-05 2.18369E-07
 2.27164E-03 3.47811E-15 8.99126E-14 5.22107E-15 1.99749E-11 1.86111E-15 2.99732E-16 5.30164E-20
 1.21846E-21 2.64556E-19 4.88346E-29 5.82973E-24 6.03469E-31 2.45801E-15 1.49551E-10 1.27253E-13
 3.81922E-10 8.69241E-25 7.09027E-33 2.02238E-30 1.38458E-20 2.81053E-21 3.93458E-24 6.78547E-28
 1.47933E-10 2.59942E-05 2.82507E-09 2.71346E-10 9.48182E-11 5.37161E-13 1.14072E-07 1.52282E-07
 5.73619E-05 1.80402E-07 2.57898E-03 2.13617E-15 6.18215E-14 4.80115E-15 1.92474E-11 1.62670E-15
 2.39607E-16 3.85362E-20 8.39626E-22 2.16091E-19 3.04262E-29 3.87682E-24 3.57044E-31 1.90238E-15
 1.62990E-10 1.11390E-13 3.68499E-10 5.61405E-25 5.45430E-33 1.86923E-30 1.39210E-20 2.73595E-21
 3.36839E-24 6.28621E-28 1.85992E-10 3.13228E-05 2.69572E-09 2.67699E-10 8.93229E-11 4.69560E-13
 1.18584E-07 1.87716E-07 5.74131E-05 1.45972E-07 2.88778E-03 1.39451E-15 4.22126E-14 4.48613E-15
 1.85869E-11 1.45021E-15 2.01537E-16 3.01641E-20 6.29221E-22 1.84462E-19 2.11279E-29 2.72109E-24
 2.12520E-31 1.57708E-15 1.73603E-10 9.77683E-14 3.57900E-10 3.99403E-25 4.48340E-33 1.79026E-30
 1.39962E-20 2.66135E-21 2.78186E-24 5.95386E-28 2.37154E-10 3.72189E-05 2.60986E-09 2.66103E-10
 8.51650E-11 4.35055E-13 1.26382E-07 2.29116E-07 5.74525E-05 1.15893E-07 3.19396E-03 9.68742E-16
 2.89866E-14 4.27995E-15 1.79938E-11 1.31391E-15 1.76643E-16 2.50769E-20 5.03103E-22 1.63521E-19
 1.61035E-29 1.95729E-24 1.27733E-31 1.36647E-15 1.79335E-10 8.50276E-14 3.52180E-10 3.05054E-25
 3.81795E-33 1.74459E-30 1.40656E-20 2.59249E-21 2.22687E-24 5.70486E-28 2.89977E-10 4.47531E-05
 2.48443E-09 2.60979E-10 7.94680E-11 3.89596E-13 1.36517E-07 2.77996E-07 5.74790E-05 9.04187E-08
 3.49596E-03 6.80521E-16 2.03112E-14 4.15738E-15 1.74627E-11 1.19043E-15 1.52814E-16 2.05332E-20
 3.93033E-22 1.44863E-19 1.22564E-29 1.36879E-24 7.76987E-32 1.15407E-15 1.83312E-10 7.29594E-14
 3.48216E-10 2.29434E-25 3.05340E-33 1.63604E-30 1.41246E-20 2.53392E-21 1.76073E-24 5.34557E-28
 3.36654E-10 5.47268E-05 2.28733E-09 2.50823E-10 7.19783E-11 3.29249E-13 1.49372E-07 3.34894E-07
 5.74926E-05 6.94153E-08 3.79341E-03 4.78274E-16 1.46256E-14 4.10516E-15 1.69867E-11 1.07579E-15
 1.28751E-16 1.62921E-20 2.94740E-22 1.27446E-19 9.16476E-30 9.52152E-25 4.78621E-32 9.48432E-16
 1.88903E-10 6.27145E-14 3.42635E-10 1.70172E-25 2.23741E-33 1.45497E-30 1.41711E-20 2.48782E-21
 1.38447E-24 4.85766E-28 3.72299E-10 6.78153E-05 2.02061E-09 2.35365E-10 6.32513E-11 2.62107E-13
 1.65104E-07 3.98999E-07 5.74945E-05 5.25192E-08 4.08629E-03 3.36402E-16 1.08428E-14 4.10910E-15
 1.65599E-11 9.69650E-16 1.05200E-16 1.24753E-20 2.11963E-22 1.11320E-19 6.72802E-30 6.71374E-25
 2.98458E-32 7.64896E-16 1.97977E-10 5.45245E-14 3.33570E-10 1.25879E-25 1.50049E-33 1.22655E-30
 1.42105E-20 2.44872E-21 1.07933E-24 4.28053E-28 3.94528E-10 8.45773E-05 1.70587E-09 2.15121E-10
 5.40459E-11 1.97366E-13 1.83241E-07 4.68117E-07 5.74866E-05 3.92601E-08 4.37434E-03 2.37352E-16
 8.27816E-15 4.14933E-15 1.61786E-11 8.71643E-16 8.31303E-17 9.19290E-21 1.46443E-22 9.65075E-20
 4.84587E-30 4.81677E-25 1.88384E-32 6.08040E-16 2.11305E-10 4.80439E-14 3.20249E-10 9.33128E-26
 9.27879E-34 9.85474E-31 1.42535E-20 2.40593E-21 8.27774E-25 3.66860E-28 4.03665E-10 1.05371E-04
 1.37354E-09 1.91274E-10 4.50646E-11 1.41522E-13 2.02682E-07 5.38847E-07 5.74717E-05 2.91305E-08
 4.65690E-03 1.68887E-16 6.52208E-15 4.20341E-15 1.58415E-11 7.81331E-16 6.34360E-17 6.50757E-21
 9.74951E-23 8.30112E-20 3.42156E-30 3.48987E-25 1.20517E-32 4.76465E-16 2.28853E-10 4.27501E-14
 3.02706E-10 6.92425E-26 5.35246E-34 7.60872E-31 1.43125E-20 2.34716E-21 6.18934E-25 3.07158E-28
 4.03034E-10 1.30378E-04 1.05237E-09 1.65254E-10 3.67649E-11 9.71102E-14 2.21945E-07 6.06780E-07
 5.74530E-05 2.16488E-08 4.93250E-03 1.22400E-16 5.34422E-15 4.25212E-15 1.55506E-11 6.98335E-16
 4.66884E-17 4.41811E-21 6.26805E-23 7.08237E-20 2.36670E-30 2.51190E-25 7.86029E-33 3.66119E-16
 2.49695E-10 3.81060E-14 2.81868E-10 5.10857E-26 2.90531E-34 5.68036E-31 1.43970E-20 2.26283E-21
 4.48250E-25 2.52065E-28 3.99509E-10 1.60004E-04 7.61546E-10 1.38351E-10 2.93040E-11 6.35656E-14
 2.39914E-07 6.66744E-07 5.74337E-05 1.63979E-08 5.19868E-03 9.15495E-17 4.62768E-15 4.28581E-15
 1.53118E-11 6.22401E-16 3.30564E-17 2.86807E-21 3.88472E-23 5.99327E-20 1.60327E-30 1.75500E-25
 5.31247E-33 2.72393E-16 2.71737E-10 3.36391E-14 2.59831E-10 3.70160E-26 1.47827E-34 4.09026E-31
 1.45078E-20 2.15218E-21 3.15148E-25 2.02457E-28 4.03027E-10 1.97190E-04 5.04240E-10 1.11274E-10
 2.24765E-11 3.85826E-14 2.58643E-07 7.13085E-07 5.74173E-05 1.30524E-08 5.45215E-03 7.06974E-17
 4.30859E-15 4.30904E-15 1.51350E-11 5.53384E-16 2.23346E-17 1.76502E-21 2.28607E-23 5.03187E-20
 1.06412E-30 1.16014E-25 3.85680E-33 1.91060E-16 2.91813E-10 2.90399E-14 2.39760E-10 2.58725E-26
 6.73571E-35 2.75293E-31 1.46208E-20 2.03924E-21 2.21344E-25 1.56495E-28 4.19796E-10 2.61357E-04
 3.31567E-10 8.31682E-11 1.54387E-11 2.00985E-14 2.96819E-07 7.39919E-07 5.74073E-05 1.14009E-08
 5.68989E-03 5.40070E-17 4.27982E-15 4.33539E-15 1.50344E-11 4.91224E-16 1.41381E-17 1.00240E-21
 1.19758E-23 4.19563E-20 6.95727E-31 7.07410E-26 3.19063E-33 1.20668E-16 3.06151E-10 2.41883E-14
 2.25426E-10 1.69167E-26 2.23748E-35 1.49045E-31 1.46249E-20 2.03524E-21 1.70892E-25 1.07522E-28
 2.85870E+02 2.82666E+02 2.79346E+02 2.75853E+02 2.72247E+02 2.68729E+02 2.64949E+02 2.60874E+02
 2.56475E+02 2.51736E+02 2.46661E+02 2.41277E+02 2.35630E+02 2.30481E+02 2.27386E+02 2.25780E+02
 2.24555E+02 2.23608E+02 2.22907E+02 2.22400E+02 2.22108E+02 2.21979E+02 2.21947E+02 2.21947E+02
 2.21903E+02 2.21799E+02 2.21600E+02 2.21138E+02 2.20367E+02 2.19273E+02 2.17803E+02 2.16319E+02
 2.15805E+02 2.16450E+02 2.17703E+02 2.19327E+02 2.21108E+02 2.22827E+02 2.24389E+02 2.25697E+02
 2.26684E+02 2.27316E+02 2.27588E+02 2.27518E+02 2.27085E+02 2.26256E+02 2.25096E+02 2.23691E+02
 2.22048E+02 2.20217E+02 2.18320E+02 2.16415E+02 2.14489E+02 2.12549E+02 2.10637E+02 2.08736E+02
 2.06824E+02 2.04993E+02 2.03270E+02 2.01625E+02 2.00082E+02 1.98679E+02 1.97432E+02 1.96324E+02
 1.95295E+02 1.94400E+02 1.93780E+02 1.93292E+02 1.92648E+02 1.91905E+02 1.91186E+02 1.90470E+02
 1.89689E+02 1.88845E+02 1.87986E+02 1.87135E+02 1.86291E+02 1.85458E+02 1.84713E+02 1.84265E+02
 1.84257E+02 1.84620E+02 1.85131E+02 1.85632E+02 1.86006E+02 1.85972E+02 1.85221E+02 1.83568E+02
 1.80709E+02 1.76288E+02 1.70522E+02 1.64752E+02 1.59177E+02 1.53790E+02 1.48586E+02 1.43558E+02
 1.38700E+02 1.34007E+02 1.29472E+02 1.25091E+02 1.00000E+05 1.00000E+05 1.00000E+05 1.00000E+05
 1.00000E+05 1.00000E+05 1.00000E+05 1.00000E+05 1.00000E+05 1.00000E+05 1.00000E+05 1.00000E+05
 1.00000E+05 1.00000E+05 1.00000E+05 9.62286E+04 9.01943E+04 6.92150E+04 4.71036E+04 3.20121E+04
 2.02400E+04 1.40000E+04 9.92857E+03 7.15829E+03 5.98850E+03 5.10250E+03 4.60250E+03 4.21714E+03
 4.02286E+03 3.93214E+03 3.90357E+03 3.94950E+03 4.02357E+03 4.22014E+03 4.45036E+03 4.73664E+03
 5.05650E+03 5.39650E+03 5.81300E+03 6.24764E+03 6.73279E+03 7.23914E+03 7.78086E+03 8.34186E+03
 8.91443E+03 9.50800E+03 1.01193E+04 1.08336E+04 1.15393E+04 1.22307E+04 1.28971E+04 1.35486E+04
 1.43800E+04 1.52414E+04 1.61329E+04 1.70093E+04 1.78607E+04 1.88229E+04 1.98514E+04 2.09800E+04
 2.21564E+04 2.35679E+04 2.50950E+04 2.68150E+04 2.85314E+04 3.02457E+04 3.22000E+04 3.42264E+04
 3.65179E+04 3.88071E+04 4.10929E+04 4.35500E+04 4.61100E+04 4.91700E+04 5.23736E+04 5.60821E+04
 5.96964E+04 6.31536E+04 6.69179E+04 7.08664E+04 7.56300E+04 8.04721E+04 8.50493E+04 8.98300E+04
 9.49500E+04 1.00452E+05 1.06184E+05 1.12350E+05 1.18800E+05 1.26800E+05 1.35336E+05 1.44764E+05
 1.54550E+05 1.64550E+05 1.74550E+05 1.84621E+05 1.95193E+05 2.06900E+05 2.20500E+05 2.35100E+05
 2.47152E+19 2.31597E+19 2.16951E+19 2.03198E+19 1.90237E+19 1.77893E+19 1.66364E+19 1.55603E+19
 1.45564E+19 1.36194E+19 1.27434E+19 1.19221E+19 1.11490E+19 1.03879E+19 9.58021E+18 8.77026E+18
 8.01096E+18 7.30524E+18 6.65221E+18 6.05087E+18 5.49775E+18 4.99117E+18 4.52922E+18 4.10948E+18
 3.72941E+18 3.38538E+18 3.07425E+18 2.79468E+18 2.54347E+18 2.31737E+18 2.11389E+18 1.92724E+18
 1.74848E+18 1.57790E+18 1.42065E+18 1.27780E+18 1.14946E+18 1.03519E+18 9.33661E+17 8.43617E+17
 7.63748E+17 6.92778E+17 6.29536E+17 5.72960E+17 5.22260E+17 4.76764E+17 4.35702E+17 3.98417E+17
 3.64494E+17 3.33518E+17 3.05041E+17 2.78793E+17 2.54631E+17 2.32391E+17 2.11894E+17 1.93036E+17
 1.75720E+17 1.59761E+17 1.45057E+17 1.31553E+17 1.19156E+17 1.07774E+17 9.73399E+16 8.78026E+16
 7.91246E+16 7.12205E+16 6.39901E+16 5.74387E+16 5.15841E+16 4.63334E+16 4.15956E+16 3.73275E+16
 3.34955E+16 3.00534E+16 2.69546E+16 2.41629E+16 2.16492E+16 1.93867E+16 1.73447E+16 1.54876E+16
 1.37947E+16 1.22638E+16 1.08975E+16 9.68716E+15 8.61973E+15 7.68778E+15 6.88162E+15 6.18591E+15
 5.59017E+15 5.08586E+15 4.65025E+15 4.23909E+15 3.84724E+15 3.47568E+15 3.12516E+15 2.79626E+15
 2.48933E+15 2.20448E+15 1.94166E+15 1.70060E+15 2.47470E-11 2.73959E-11 3.29738E-11 4.17221E-11
 5.30451E-11 6.67035E-11 8.25493E-11 1.00437E-10 1.20193E-10 1.41595E-10 1.64351E-10 1.88080E-10
 2.12305E-10 2.36512E-10 2.60317E-10 2.83805E-10 3.07249E-10 3.32760E-10 3.64313E-10 4.02407E-10
 4.47527E-10 4.96664E-10 5.42299E-10 5.78079E-10 5.98144E-10 6.02449E-10 5.94776E-10 5.79132E-10
 5.58495E-10 5.34908E-10 5.09472E-10 4.82892E-10 4.55645E-10 4.28315E-10 4.01455E-10 3.75322E-10
 3.50117E-10 3.25906E-10 3.02811E-10 2.80906E-10 2.60177E-10 2.40603E-10 2.22120E-10 2.04664E-10
 1.88165E-10 1.72572E-10 1.57848E-10 1.44010E-10 1.31040E-10 1.18854E-10 1.07150E-10 9.61052E-11
 8.58263E-11 7.62832E-11 6.74447E-11 5.92664E-11 5.17111E-11 4.47973E-11 3.85169E-11 3.28611E-11
 2.77999E-11 2.33371E-11 1.94332E-11 1.60546E-11 1.31412E-11 1.06419E-11 8.52483E-12 6.74665E-12
 5.27669E-12 4.07188E-12 3.09394E-12 2.31249E-12 1.69757E-12 1.22519E-12 8.67834E-13 6.03393E-13
 4.10310E-13 2.71559E-13 1.74578E-13 1.08708E-13 6.56421E-14 3.83569E-14 2.15731E-14 1.16563E-14
 6.04608E-15 3.00749E-15 1.43184E-15 6.51782E-16 2.82749E-16 1.17320E-16 4.63257E-17 1.73208E-17
 6.06708E-18 1.97152E-18 5.82945E-19 1.50860E-19 3.33094E-20 6.11911E-21 9.12055E-22 1.06310E-22
 5.65250E+01 4.94421E+01 4.93238E+01 5.22285E+01 5.63580E+01 6.22317E+01 6.78578E+01 7.38099E+01
 7.93032E+01 8.40521E+01 8.86872E+01 9.25287E+01 9.52970E+01 9.54218E+01 9.62262E+01 9.46783E+01
 9.20858E+01 8.97461E+01 8.66256E+01 8.56450E+01 8.59923E+01 8.64961E+01 8.56824E+01 8.28824E+01
 7.78456E+01 7.11848E+01 6.38249E+01 5.65104E+01 4.96163E+01 4.33359E+01 3.77145E+01 3.26549E+01
 2.79774E+01 2.37243E+01 2.00041E+01 1.67967E+01 1.40772E+01 1.17890E+01 9.86689E+00 8.26351E+00
 6.92562E+00 5.80503E+00 4.85239E+00 4.05191E+00 3.38452E+00 2.83071E+00 2.36811E+00 1.98090E+00
 1.65542E+00 1.37964E+00 1.14163E+00 9.36863E-01 7.64693E-01 6.21112E-01 5.01026E-01 4.01547E-01
 3.19363E-01 2.51688E-01 1.96759E-01 1.52394E-01 1.16840E-01 8.88312E-02 6.68615E-02 4.98379E-02
 3.67599E-02 2.67469E-02 1.91044E-02 1.34207E-02 9.33828E-03 6.42004E-03 4.33516E-03 2.87287E-03
 1.86794E-03 1.19371E-03 7.46821E-04 4.56725E-04 2.72800E-04 1.57748E-04 8.82344E-05 4.76244E-05
 2.48171E-05 1.25774E-05 6.14623E-06 2.89888E-06 1.32117E-06 5.81040E-07 2.46877E-07 1.01315E-07
 4.00404E-08 1.53050E-08 5.62883E-09 1.95883E-09 6.36334E-10 1.92663E-10 5.25695E-11 1.20308E-11
 2.33347E-12 3.74658E-13 4.85238E-14 4.90427E-15 1.00000E-12 1.00000E-12 1.00000E-12 1.00000E-12
 1.00000E-12 1.00000E-12 1.00000E-12 1.00000E-12 1.00000E-12 1.00000E-12 1.00000E-12 1.00000E-12
 1.00000E-12 1.00000E-12 1.00000E-12 1.00000E-12 1.00000E-12 1.00000E-12 1.00000E-12 1.00000E-12
 1.00000E-12 1.00000E-12 1.00000E-12 1.00000E-12 1.00000E-12 1.00000E-12 1.00000E-12 1.00000E-12
 1.00000E-12 1.00000E-12 1.00000E-12 1.00000E-12 1.00000E-12 1.00000E-12 1.00000E-12 1.00000E-12
 1.00000E-12 1.00000E-12 1.00000E-12 1.00000E-12 1.00000E-12 1.00000E-12 1.00000E-12 1.00000E-12
 1.00000E-12 1.00000E-12 1.00000E-12 1.00000E-12 1.00000E-12 1.00000E-12 1.00000E-12 1.00000E-12
 1.00000E-12 1.00000E-12 1.00000E-12 1.00000E-12 1.00000E-12 1.00000E-12 1.00000E-12 1.00000E-12
 1.00000E-12 1.00000E-12 1.00000E-12 1.00000E-12 1.00000E-12 1.00000E-12 1.00000E-12 1.00000E-12
 1.00000E-12 1.00000E-12 1.00000E-12 1.00000E-12 1.00000E-12 1.00000E-12 1.00000E-12 1.00000E-12
 1.00000E-12 1.00000E-12 1.00000E-12 1.00000E-12 1.00000E-12 1.00000E-12 1.00000E-12 1.00000E-12
 1.00000E-12 1.00000E-12 1.00000E-12 1.00000E-12 1.00000E-12 1.00000E-12 1.00000E-12 1.00000E-12
 1.00000E-12 1.00000E-12 1.00000E-12 1.00000E-12 1.00000E-12 1.00000E-12 1.00000E-12 1.00000E-12
 1.00000E-12 1.00000E-12 1.00000E-12 1.00000E-12 1.00000E-12 1.00000E-12 1.00000E-12 1.00000E-12
 1.00000E-12 1.00000E-12 1.00000E-12 1.00000E-12 1.00000E-12 1.00000E-12 1.00000E-12 1.00000E-12
 1.00000E-12 1.00000E-12 1.00000E-12 1.00000E-12 1.00000E-12 1.00000E-12 1.00000E-12 1.00000E-12
 1.00000E-12 1.00000E-12 1.00000E-12 1.00000E-12 1.00000E-12 1.00000E-12 1.00000E-12 1.00000E-12
 1.00000E-12 1.00000E-12 1.00000E-12 1.00000E-12 1.00000E-12 1.00000E-12 1.00000E-12 1.00000E-12
 1.00000E-12 1.00000E-12 1.00000E-12 1.00000E-12 1.00000E-12 1.00000E-12 1.00000E-12 1.00000E-12
 1.00000E-12 1.00000E-12 1.00000E-12 1.00000E-12 1.00000E-12 1.00000E-12 1.00000E-12 1.00000E-12
 1.00000E-12 1.00000E-12 1.00000E-12 1.00000E-12 1.00000E-12 1.00000E-12 1.00000E-12 1.00000E-12
 1.00000E-12 1.00000E-12 1.00000E-12 1.00000E-12 1.00000E-12 1.00000E-12 1.00000E-12 1.00000E-12
 1.00000E-12 1.00000E-12 1.00000E-12 1.00000E-12 1.00000E-12 1.00000E-12 1.00000E-12 1.00000E-12
 1.00000E-12 1.00000E-12 1.00000E-12 1.00000E-12 1.00000E-12 1.00000E-12 1.00000E-12 1.00000E-12
 1.00000E-12 1.00000E-12 1.00000E-12 1.00000E-12 1.00000E-12 1.00000E-12 1.00000E-12 1.00000E-12
 1.00000E-12 1.00000E-12 1.00000E-12 1.00000E-12 2.73451E-04 2.93677E-04 3.14303E-04 3.37196E-04
 3.62086E-04 3.86863E-04 4.14281E-04 4.43332E-04 4.75322E-04 5.10931E-04 5.49335E-04 5.92025E-04
 6.39974E-04 6.96300E-04 7.51965E-04 8.15205E-04 8.86106E-04 9.63921E-04 1.05687E-03 1.15454E-03
 1.25893E-03 1.37230E-03 1.49681E-03 1.63404E-03 1.78543E-03 1.95253E-03 2.13702E-03 2.34066E-03
 2.56578E-03 2.81461E-03 3.08994E-03 3.39550E-03 3.73567E-03 4.11289E-03 4.52865E-03 4.98625E-03
 5.48761E-03 6.03617E-03 6.63709E-03 7.29370E-03 8.01152E-03 8.79839E-03 9.67021E-03 1.06306E-02
 1.16836E-02 1.28342E-02 1.40953E-02 1.54792E-02 1.70037E-02 1.86913E-02 2.05693E-02 2.26758E-02
 2.50251E-02 2.76394E-02 3.05641E-02 3.38262E-02 3.74717E-02 4.15624E-02 4.61322E-02 5.12583E-02
 5.70123E-02 6.34483E-02 7.06749E-02 7.87889E-02 8.78960E-02 9.81631E-02 1.09882E-01 1.23182E-01
 1.38064E-01 1.54748E-01 1.73639E-01 1.95051E-01 2.19286E-01 2.46684E-01 2.77864E-01 3.13571E-01
 3.54188E-01 4.01009E-01 4.54843E-01 5.16464E-01 5.86942E-01 6.65174E-01 7.52992E-01 8.50761E-01
 9.58905E-01 1.07917E+00 1.21237E+00 1.36031E+00 1.52640E+00 1.71600E+00 1.93470E+00 2.19104E+00
 2.49427E+00 2.84563E+00 3.27206E+00 3.83938E+00 4.53602E+00 5.39348E+00 6.45716E+00 7.77400E+00
 1.00000E+00 1.00000E+00 1.00000E+00 1.00000E+00 1.00000E+00 1.00000E+00 1.00000E+00 1.00000E+00
 1.00000E+00 1.00000E+00 1.00000E+00 1.00000E+00 1.00000E+00 1.00000E+00 1.00000E+00 1.00000E+00
 1.00000E+00 1.00000E+00 1.00000E+00 1.00000E+00 1.00000E+00 1.00000E+00 1.00000E+00 1.00000E+00
 1.00000E+00 1.00000E+00 1.00000E+00 1.00000E+00 1.00000E+00 1.00000E+00 1.00000E+00 1.00000E+00
 1.00000E+00 1.00000E+00 1.00000E+00 1.00000E+00 1.00000E+00 1.00000E+00 1.00000E+00 1.00000E+00
 1.00000E+00 1.00000E+00 1.00000E+00 1.00000E+00 1.00000E+00 1.00000E+00 1.00000E+00 1.00000E+00
 1.00000E+00 1.00000E+00 1.00000E+00 1.00000E+00 1.00000E+00 1.00000E+00 1.00000E+00 1.00000E+00
 1.00000E+00 1.00000E+00 1.00000E+00 1.00000E+00 1.00000E+00 1.00000E+00 1.00000E+00 1.00000E+00
 1.00000E+00 1.00000E+00 1.00000E+00 1.00000E+00 1.00000E+00 1.00000E+00 1.00000E+00 1.00000E+00
 1.00000E+00 1.00000E+00 1.00000E+00 1.00000E+00 1.00000E+00 1.00000E+00 1.00000E+00 1.00000E+00
 1.00000E+00 1.00000E+00 1.00000E+00 1.00000E+00 1.00000E+00 1.00000E+00 1.00000E+00 1.00000E+00
 1.00000E+00 1.00000E+00 1.00000E+00 1.00000E+00 1.00000E+00 1.00000E+00 1.00000E+00 1.00000E+00
 1.00000E+00 1.00000E+00 1.00000E+00 1.00000E+00 1.00000E+00 1.00000E+00 1.00000E+00 1.00000E+00
 1.00000E+00 1.00000E+00 1.00000E+00 1.00000E+00 1.00000E+00 1.00000E+00 1.00000E+00 1.00000E+00
 1.00000E+00 1.00000E+00 1.00000E+00 1.00000E+00 1.00000E+00 1.00000E+00 1.00000E+00 1.00000E+00
 1.00000E+00 1.00000E+00 1.00000E+00 1.00000E+00 1.00000E+00 1.00000E+00 1.00000E+00 1.00000E+00
 1.00000E+00 1.00000E+00 1.00000E+00 1.00000E+00 1.00000E+00 1.00000E+00 1.00000E+00 1.00000E+00
 1.00000E+00 1.00000E+00 1.00000E+00 1.00000E+00 1.00000E+00 1.00000E+00 1.00000E+00 1.00000E+00
 1.00000E+00 1.00000E+00 1.00000E+00 1.00000E+00 1.00000E+00 1.00000E+00 1.00000E+00 1.00000E+00
 1.00000E+00 1.00000E+00 1.00000E+00 1.00000E+00 1.00000E+00 1.00000E+00 1.00000E+00 1.00000E+00
 1.00000E+00 1.00000E+00 1.00000E+00 1.00000E+00 1.00000E+00 1.00000E+00 1.00000E+00 1.00000E+00
 1.00000E+00 1.00000E+00 1.00000E+00 1.00000E+00 1.00000E+00 1.00000E+00 1.00000E+00 1.00000E+00
 1.00000E+00 1.00000E+00 1.00000E+00 1.00000E+00 1.00000E+00 1.00000E+00 1.00000E+00 1.00000E+00
 1.00000E+00 1.00000E+00 1.00000E+00 1.00000E+00 1.00000E+00 1.00000E+00 1.00000E+00 1.00000E+00
 1.00000E+00 1.00000E+00 1.00000E+00 1.00000E+00 1.00000E+00 1.00000E+00 1.00000E+00 1.00000E+00
 1.00000E-05 1.00000E-05 1.00000E-05 1.00000E-05 1.00000E-05 1.00000E-05 1.00000E-05 1.00000E-05
 1.00000E-05 1.00000E-05 1.00000E-05 1.00000E-05 1.00000E-05 1.00000E-05 1.00000E-05 1.00000E-05
 1.00000E-05 1.00000E-05 1.00000E-05 1.00000E-05 1.00000E-05 1.00000E-05 1.00000E-05 1.00000E-05
 1.00000E-05 1.00000E-05 1.00000E-05 1.00000E-05 1.00000E-05 1.00000E-05 1.00000E-05 1.00000E-05
 1.00000E-05 1.00000E-05 1.00000E-05 1.00000E-05 1.00000E-05 1.00000E-05 1.00000E-05 1.00000E-05
 1.00000E-05 1.00000E-05 1.00000E-05 1.00000E-05 1.00000E-05 1.00000E-05 1.00000E-05 1.00000E-05
 1.00000E-05 1.00000E-05 1.00000E-05 1.00000E-05 1.00000E-05 1.00000E-05 1.00000E-05 1.00000E-05
 1.00000E-05 1.00000E-05 1.00000E-05 1.00000E-05 1.00000E-05 1.00000E-05 1.00000E-05 1.00000E-05
 1.00000E-05 1.00000E-05 1.00000E-05 1.00000E-05 1.00000E-05 1.00000E-05 1.00000E-05 1.00000E-05
 1.00000E-05 1.00000E-05 1.00000E-05 1.00000E-05 1.00000E-05 1.00000E-05 1.00000E-05 1.00000E-05
 1.00000E-05 1.00000E-05 1.00000E-05 1.00000E-05 1.00000E-05 1.00000E-05 1.00000E-05 1.00000E-05
 1.00000E-05 1.00000E-05 1.00000E-05 1.00000E-05 1.00000E-05 1.00000E-05 1.00000E-05 1.00000E-05
 1.00000E-05 1.00000E-05 1.00000E-05 1.00000E-05 1.00000E-09 1.00000E-09 1.00000E-09 1.00000E-09
 1.00000E-09 1.00000E-09 1.00000E-09 1.00000E-09 1.00000E-09 1.00000E-09 1.00000E-09 1.00000E-09
 1.00000E-09 1.00000E-09 1.00000E-09 1.00000E-09 1.00000E-09 1.00000E-09 1.00000E-09 1.00000E-09
 1.00000E-09 1.00000E-09 1.00000E-09 1.00000E-09 1.00000E-09 1.00000E-09 1.00000E-09 1.00000E-09
 1.00000E-09 1.00000E-09 1.00000E-09 1.00000E-09 1.00000E-09 1.00000E-09 1.00000E-09 1.00000E-09
 1.00000E-09 1.00000E-09 1.00000E-09 1.00000E-09 1.00000E-09 1.00000E-09 1.00000E-09 1.00000E-09
 1.00000E-09 1.00000E-09 1.00000E-09 1.00000E-09 1.00000E-09 1.00000E-09 1.00000E-09 1.00000E-09
 1.00000E-09 1.00000E-09 1.00000E-09 1.00000E-09 1.00000E-09 1.00000E-09 1.00000E-09 1.00000E-09
 1.00000E-09 1.00000E-09 1.00000E-09 1.00000E-09 1.00000E-09 1.00000E-09 1.00000E-09 1.00000E-09
 1.00000E-09 1.00000E-09 1.00000E-09 1.00000E-09 1.00000E-09 1.00000E-09 1.00000E-09 1.00000E-09
 1.00000E-09 1.00000E-09 1.00000E-09 1.00000E-09 1.00000E-09 1.00000E-09 1.00000E-09 1.00000E-09
 1.00000E-09 1.00000E-09 1.00000E-09 1.00000E-09 1.00000E-09 1.00000E-09 1.00000E-09 1.00000E-09
 1.00000E-09 1.00000E-09 1.00000E-09 1.00000E-09 1.00000E-09 1.00000E-09 1.00000E-09 1.00000E-09
 1.00000E-09 1.00000E-09 1.00000E-09 1.00000E-09 1.00000E-09 1.00000E-09 1.00000E-09 1.00000E-09
 1.00000E-09 1.00000E-09 1.00000E-09 1.00000E-09 1.00000E-09 1.00000E-09 1.00000E-09 1.00000E-09
 1.00000E-09 1.00000E-09 1.00000E-09 1.00000E-09 1.00000E-09 1.00000E-09 1.00000E-09 1.00000E-09
 1.00000E-09 1.00000E-09 1.00000E-09 1.00000E-09 1.00000E-09 1.00000E-09 1.00000E-09 1.00000E-09
 1.00000E-09 1.00000E-09 1.00000E-09 1.00000E-09 1.00000E-09 1.00000E-09 1.00000E-09 1.00000E-09
 1.00000E-09 1.00000E-09 1.00000E-09 1.00000E-09 1.00000E-09 1.00000E-09 1.00000E-09 1.00000E-09
 1.00000E-09 1.00000E-09 1.00000E-09 1.00000E-09 1.00000E-09 1.00000E-09 1.00000E-09 1.00000E-09
 1.00000E-09 1.00000E-09 1.00000E-09 1.00000E-09 1.00000E-09 1.00000E-09 1.00000E-09 1.00000E-09
 1.00000E-09 1.00000E-09 1.00000E-09 1.00000E-09 1.00000E-09 1.00000E-09 1.00000E-09 1.00000E-09
 1.00000E-09 1.00000E-09 1.00000E-09 1.00000E-09 1.00000E-09 1.00000E-09 1.00000E-09 1.00000E-09
 1.00000E-09 1.00000E-09 1.00000E-09 1.00000E-09 1.00000E-09 1.00000E-09 1.00000E-09 1.00000E-09
 1.00000E-09 1.00000E-09 1.00000E-09 1.00000E-09 1.00000E-09 1.00000E-09 1.00000E-09 1.00000E-09
 1.00000E-09 1.00000E-09 1.00000E-09 1.00000E-09
