 9.51462E-11 8.62378E-18 2.99568E-02 3.82186E-18 1.85955E-12 1.37419E-10 1.05453E-08 4.07349E-22
 2.70630E-05 4.49212E-04 1.06420E-04 4.82588E-11 3.99711E-13 7.59163E-07 2.58463E-12 1.32442E-10
 6.31256E-19 1.19855E-10 5.55732E-14 5.49473E-14 1.04878E-15-2.85301E-31 4.05991E-07 4.82358E-17
 1.49090E-21 5.66708E-19 4.25358E-12 4.08202E-15 6.85898E-10 9.53055E-20 4.07747E-22 7.04460E-11
 3.98941E-16 9.10503E-14 1.09763E-10 1.04293E-17 2.61695E-02 4.75133E-18 2.03207E-12 1.60540E-10
 1.12813E-08 5.18773E-22 2.70631E-05 4.49208E-04 1.06414E-04 5.56033E-11 4.10994E-13 7.59144E-07
 3.11627E-12 1.49162E-10 8.67615E-19 1.59316E-10 8.48787E-14 5.61127E-14 1.41665E-15 5.13736E-32
 4.05981E-07 6.29630E-17 1.86622E-21 6.74389E-19 6.05017E-12 5.37836E-15 6.94474E-10 1.16520E-19
 5.33835E-22 1.14625E-10 7.16954E-16 1.51929E-13 1.28142E-10 1.26286E-17 2.25772E-02 5.75903E-18
 2.15784E-12 1.91675E-10 1.20893E-08 6.45072E-22 2.70632E-05 4.49204E-04 1.06407E-04 6.49429E-11
 4.09413E-13 7.59123E-07 3.72158E-12 1.66476E-10 1.15166E-18 2.03784E-10 1.26081E-13 5.68705E-14
 1.90190E-15 8.28409E-32 4.05971E-07 7.74240E-17 2.27809E-21 7.90220E-19 8.52846E-12 6.68557E-15
 7.02954E-10 1.38712E-19 6.82872E-22 1.60966E-10 1.12909E-15 2.19249E-13 1.50154E-10 1.53047E-17
 1.95447E-02 6.96003E-18 2.28511E-12 2.31664E-10 1.29675E-08 8.00906E-22 2.70633E-05 4.49200E-04
 1.06400E-04 7.65079E-11 4.07544E-13 7.59101E-07 4.40579E-12 1.84582E-10 1.51014E-18 2.54428E-10
 1.86994E-13 5.72873E-14 2.51680E-15 1.35402E-31 4.05961E-07 9.19553E-17 2.77322E-21 9.29469E-19
 1.18769E-11 8.00231E-15 7.11288E-10 1.64400E-19 8.72382E-22 2.10428E-10 1.65520E-15 2.94330E-13
 1.73443E-10 1.85441E-17 1.66722E-02 8.32930E-18 2.39942E-12 2.76388E-10 1.39129E-08 9.85717E-22
 2.70634E-05 4.49195E-04 1.06392E-04 8.89472E-11 4.02689E-13 7.59077E-07 5.18455E-12 2.03498E-10
 1.94842E-18 3.06327E-10 2.76697E-13 5.73325E-14 3.33199E-15-1.93288E-30 4.05950E-07 1.06801E-16
 3.34393E-21 1.08776E-18 1.60400E-11 9.32269E-15 7.19423E-10 1.92693E-19 1.10686E-21 2.62543E-10
 2.26658E-15 3.76689E-13 1.96603E-10 2.24563E-17 1.42640E-02 9.94156E-18 2.51320E-12 3.24040E-10
 1.49209E-08 1.21125E-21 2.70635E-05 4.49191E-04 1.06384E-04 1.01676E-10 3.97216E-13 7.59052E-07
 6.06308E-12 2.22989E-10 2.48982E-18 3.56613E-10 4.09935E-13 5.69403E-14 4.34484E-15 3.65051E-31
 4.05938E-07 1.22226E-16 4.02238E-21 1.27520E-18 2.10427E-11 1.06372E-14 7.27292E-10 2.25012E-19
 1.40438E-21 3.16677E-10 2.96451E-15 4.65549E-13 2.18603E-10 2.71489E-17 1.20117E-02 1.17460E-17
 2.61095E-12 3.73629E-10 1.59854E-08 1.47455E-21 2.70637E-05 4.49186E-04 1.06376E-04 1.14391E-10
 3.88695E-13 7.59025E-07 7.04910E-12 2.42519E-10 3.13082E-18 4.03188E-10 6.06692E-13 5.59914E-14
 5.64644E-15 5.45820E-30 4.05925E-07 1.38407E-16 4.79139E-21 1.48661E-18 2.69450E-11 1.19300E-14
 7.34826E-10 2.59929E-19 1.77164E-21 3.72045E-10 3.73994E-15 5.59806E-13 2.38655E-10 3.27572E-17
 1.01153E-02 1.38034E-17 2.70477E-12 4.24704E-10 1.70987E-08 1.78707E-21 2.70638E-05 4.49180E-04
 1.06367E-04 1.26972E-10 3.79406E-13 7.58996E-07 8.12707E-12 2.61093E-10 3.88082E-18 4.44478E-10
 8.97524E-13 5.43769E-14 7.18048E-15 1.00703E-30 4.05912E-07 1.55586E-16 5.67870E-21 1.73486E-18
 3.38299E-11 1.31806E-14 7.41941E-10 2.98615E-19 2.23262E-21 4.27688E-10 4.56896E-15 6.58093E-13
 2.56083E-10 3.94012E-17 8.39143E-03 1.60180E-17 2.78235E-12 4.77067E-10 1.82518E-08 2.14005E-21
 2.70639E-05 4.49174E-04 1.06358E-04 1.39387E-10 3.67712E-13 7.58965E-07 9.26915E-12 2.77131E-10
 4.69900E-18 4.79365E-10 1.32415E-12 5.19253E-14 8.97659E-15 1.69458E-30 4.05897E-07 1.73935E-16
 6.64938E-21 2.01742E-18 4.17984E-11 1.43625E-14 7.48544E-10 3.38986E-19 2.79678E-21 4.82453E-10
 5.41585E-15 7.58734E-13 2.70380E-10 4.72330E-17 6.90908E-03 1.83298E-17 2.85109E-12 5.30792E-10
 1.94349E-08 2.52925E-21 2.70641E-05 4.49168E-04 1.06348E-04 1.51685E-10 3.55263E-13 7.58932E-07
 1.03868E-11 2.88277E-10 5.51143E-18 5.07310E-10 1.93939E-12 4.85431E-14 1.08460E-14 1.32115E-30
 4.05882E-07 1.93701E-16 7.68174E-21 2.34740E-18 5.09678E-11 1.54468E-14 7.54531E-10 3.80106E-19
 3.48022E-21 5.34974E-10 6.24034E-15 8.59871E-13 2.81233E-10 5.63759E-17 5.63306E-03 2.06174E-17
 2.91012E-12 5.86092E-10 2.06374E-08 2.93967E-21 2.70642E-05 4.49161E-04 1.06338E-04 1.63954E-10
 3.41809E-13 7.58896E-07 1.13973E-11 2.92951E-10 6.22485E-18 5.28451E-10 2.82987E-12 4.42486E-14
 1.26100E-14 1.49698E-29 4.05866E-07 2.15114E-16 8.72889E-21 2.72997E-18 6.14702E-11 1.64048E-14
 7.59781E-10 4.19893E-19 4.29770E-21 5.83658E-10 6.99291E-15 9.59567E-13 2.88590E-10 6.70037E-17
 4.47726E-03 2.28325E-17 2.94655E-12 6.43252E-10 2.18462E-08 3.36576E-21 2.70644E-05 4.49154E-04
 1.06327E-04 1.76296E-10 3.25695E-13 7.58858E-07 1.23782E-11 2.92900E-10 6.85177E-18 5.43553E-10
 4.12656E-12 3.94968E-14 1.44594E-14 8.80716E-30 4.05850E-07 2.38404E-16 9.77291E-21 3.15203E-18
 7.34477E-11 1.72135E-14 7.64160E-10 4.57395E-19 5.27322E-21 6.26696E-10 7.64293E-15 1.05598E-12
 2.92585E-10 7.96717E-17 3.52020E-03 2.51925E-17 3.00141E-12 7.02706E-10 2.30505E-08 3.85154E-21
 2.70645E-05 4.49146E-04 1.06316E-04 1.88853E-10 3.12949E-13 7.58817E-07 1.32834E-11 2.89151E-10
 7.39965E-18 5.53666E-10 5.85870E-12 3.49561E-14 1.63059E-14 1.51532E-29 4.05831E-07 2.64137E-16
 1.08980E-20 3.65721E-18 8.70531E-11 1.78574E-14 7.67516E-10 4.96914E-19 6.43635E-21 6.62089E-10
 8.17779E-15 1.14752E-12 2.93322E-10 9.42926E-17 2.72672E-03 2.77300E-17 3.06871E-12 7.64739E-10
 2.42408E-08 4.39707E-21 2.70647E-05 4.49138E-04 1.06304E-04 2.01711E-10 3.00296E-13 7.58773E-07
 1.41390E-11 2.81668E-10 7.90973E-18 5.59868E-10 8.48576E-12 3.02927E-14 1.80487E-14 2.69110E-29
 4.05812E-07 2.92694E-16 1.21339E-20 4.24989E-18 1.02440E-10 1.83230E-14 7.69677E-10 5.39021E-19
 7.90194E-21 6.87640E-10 8.57468E-15 1.23268E-12 2.90957E-10 1.10967E-16 2.06355E-03 3.05365E-17
 3.16561E-12 8.29528E-10 2.54074E-08 5.01901E-21 2.70649E-05 4.49129E-04 1.06292E-04 2.14939E-10
 2.88365E-13 7.58726E-07 1.48847E-11 2.69858E-10 8.37323E-18 5.63280E-10 1.27193E-11 2.55675E-14
 1.96064E-14 3.44713E-29 4.05792E-07 3.24199E-16 1.35313E-20 4.96810E-18 1.19764E-10 1.85969E-14
 7.70448E-10 5.85502E-19 9.80150E-21 7.00949E-10 8.81550E-15 1.31004E-12 2.85653E-10 1.29770E-16
 1.51858E-03 3.34879E-17 3.30692E-12 8.96682E-10 2.65402E-08 5.70008E-21 2.70650E-05 4.49120E-04
 1.06279E-04 2.28501E-10 2.77761E-13 7.58675E-07 1.53225E-11 2.52421E-10 8.64887E-18 5.64761E-10
 1.98474E-11 2.08627E-14 2.07026E-14 9.77903E-29 4.05770E-07 3.57932E-16 1.50477E-20 5.85920E-18
 1.39127E-10 1.86643E-14 7.69607E-10 6.34221E-19 1.22541E-20 6.99426E-10 8.86883E-15 1.37826E-12
 2.77727E-10 1.50750E-16 1.08050E-03 3.63902E-17 3.40693E-12 9.65263E-10 2.76244E-08 6.40676E-21
 2.70652E-05 4.49110E-04 1.06265E-04 2.42275E-10 2.61960E-13 7.58621E-07 1.58490E-11 2.33803E-10
 8.90293E-18 5.64994E-10 3.20358E-11 1.65614E-14 2.17976E-14 1.11736E-28 4.05746E-07 3.91412E-16
 1.66103E-20 6.80304E-18 1.60590E-10 1.85127E-14 7.68747E-10 6.82106E-19 1.54129E-20 6.98660E-10
 8.73816E-15 1.43628E-12 2.67597E-10 1.73780E-16 7.38350E-04 3.73475E-17 3.31814E-12 1.03450E-09
 2.86529E-08 6.79428E-21 2.70654E-05 4.49099E-04 1.06250E-04 2.56223E-10 2.34841E-13 7.58562E-07
 1.62837E-11 2.11560E-10 8.62606E-18 5.64435E-10 5.08053E-11 1.26135E-14 2.24320E-14 3.69360E-28
 4.05721E-07 4.22066E-16 1.73587E-20 7.50457E-18 1.84183E-10 1.81391E-14 7.67867E-10 6.95299E-19
 1.88415E-20 6.98411E-10 8.34865E-15 1.48331E-12 2.56186E-10 1.99844E-16 4.83448E-04 3.59078E-17
 3.04290E-12 1.10491E-09 2.96274E-08 6.76422E-21 2.70656E-05 4.49088E-04 1.06234E-04 2.70572E-10
 2.01901E-13 7.58499E-07 1.65230E-11 1.86525E-10 7.73448E-18 5.63443E-10 7.45127E-11 9.28464E-15
 2.25714E-14 6.44367E-28 4.05694E-07 4.52112E-16 1.70226E-20 7.85311E-18 2.09952E-10 1.75895E-14
 7.66962E-10 6.66135E-19 2.21369E-20 6.98508E-10 7.75724E-15 1.51991E-12 2.44716E-10 2.33415E-16
 3.50257E-04 3.56751E-17 2.95095E-12 1.17843E-09 3.05608E-08 7.03235E-21 2.70658E-05 4.49075E-04
 1.06217E-04 2.85781E-10 1.86406E-13 7.58432E-07 1.63250E-11 1.62892E-10 6.87722E-18 5.62279E-10
 9.85116E-11 6.96925E-15 2.06105E-14 1.10101E-27 4.05666E-07 4.90545E-16 1.71928E-20 8.62986E-18
 2.38029E-10 1.69554E-14 7.66024E-10 6.59645E-19 2.60485E-20 6.98839E-10 7.19571E-15 1.54808E-12
 2.33903E-10 2.77398E-16 2.89993E-04 3.75218E-17 3.09674E-12 1.25639E-09 3.14669E-08 7.82277E-21
 2.70660E-05 4.49062E-04 1.06200E-04 3.02165E-10 1.87767E-13 7.58358E-07 1.57855E-11 1.42536E-10
 6.23678E-18 5.61054E-10 1.20391E-10 5.41673E-15 1.70912E-14 1.87048E-27 4.05635E-07 5.43195E-16
 1.83042E-20 1.01292E-17 2.68644E-10 1.63010E-14 7.65042E-10 6.90720E-19 3.09898E-20 6.99333E-10
 6.75603E-15 1.56933E-12 2.23661E-10 3.31171E-16 2.35151E-04 3.92930E-17 3.25169E-12 1.34218E-09
 3.23861E-08 8.69529E-21 2.70663E-05 4.49046E-04 1.06180E-04 3.20493E-10 1.90864E-13 7.58276E-07
 1.51571E-11 1.24270E-10 5.57113E-18 5.59749E-10 1.40875E-10 4.21206E-15 1.42669E-14 3.07838E-27
 4.05600E-07 6.12789E-16 1.93975E-20 1.18609E-17 3.03237E-10 1.56351E-14 7.63971E-10 7.19888E-19
 3.66681E-20 6.99967E-10 6.36988E-15 1.58498E-12 2.14106E-10 3.96832E-16 1.91336E-04 4.09989E-17
 3.40842E-12 1.43911E-09 3.33499E-08 9.65405E-21 2.70666E-05 4.49029E-04 1.06157E-04 3.41555E-10
 1.94818E-13 7.58181E-07 1.44833E-11 1.08062E-10 4.91997E-18 5.58348E-10 1.59862E-10 3.27087E-15
 1.18077E-14 4.96780E-27 4.05559E-07 7.04565E-16 2.04877E-20 1.38449E-17 3.43275E-10 1.49798E-14
 7.62768E-10 7.47505E-19 4.34049E-20 7.00741E-10 6.02479E-15 1.59580E-12 2.04892E-10 4.80166E-16
 1.63534E-04 4.35224E-17 3.66551E-12 1.55922E-09 3.44645E-08 1.09463E-20 2.70669E-05 4.49007E-04
 1.06128E-04 3.68091E-10 2.04330E-13 7.58061E-07 1.36595E-11 9.38444E-11 4.33780E-18 5.56722E-10
 1.77683E-10 2.56738E-15 9.37522E-15 8.09642E-27 4.05509E-07 8.37201E-16 2.20062E-20 1.65735E-17
 3.93898E-10 1.43275E-14 7.61286E-10 7.89146E-19 5.18695E-20 7.01735E-10 5.73300E-15 1.60301E-12
 1.95568E-10 5.89614E-16 1.62817E-04 4.71590E-17 4.06278E-12 1.72706E-09 3.59299E-08 1.27131E-20
 2.70674E-05 4.48975E-04 1.06087E-04 4.05807E-10 2.21202E-13 7.57889E-07 1.26237E-11 8.12811E-11
 3.80382E-18 5.54612E-10 1.95243E-10 2.04610E-15 6.59063E-15 1.36859E-26 4.05437E-07 1.05187E-15
 2.41364E-20 2.06267E-17 4.66005E-10 1.36625E-14 7.59225E-10 8.49359E-19 6.28937E-20 7.03148E-10
 5.49666E-15 1.60712E-12 1.86298E-10 7.39552E-16 1.61713E-04 5.21772E-17 4.62408E-12 1.97982E-09
 3.80341E-08 1.51287E-20 2.70681E-05 4.48927E-04 1.06025E-04 4.63656E-10 2.46651E-13 7.57626E-07
 1.14128E-11 7.04905E-11 3.31246E-18 5.51537E-10 2.13162E-10 1.67395E-15 4.63864E-15 2.42968E-26
 4.05326E-07 1.42510E-15 2.70796E-20 2.68886E-17 5.76983E-10 1.30228E-14 7.56117E-10 9.31935E-19
 7.77384E-20 7.05272E-10 5.33861E-15 1.60755E-12 1.78712E-10 9.43820E-16 1.60081E-04 5.81371E-17
 5.25709E-12 2.34325E-09 4.09626E-08 1.81361E-20 2.70691E-05 4.48855E-04 1.05933E-04 5.48584E-10
 2.76432E-13 7.57236E-07 1.01727E-11 6.11609E-11 2.86102E-18 5.47329E-10 2.32132E-10 1.38904E-15
 3.32432E-15 4.60305E-26 4.05162E-07 2.05215E-15 3.07513E-20 3.61056E-17 7.40776E-10 1.25649E-14
 7.51620E-10 1.03264E-18 9.90164E-20 7.08332E-10 5.25724E-15 1.60363E-12 1.74301E-10 1.23460E-15
 1.57547E-04 6.57260E-17 6.03247E-12 2.89139E-09 4.52999E-08 2.20386E-20 2.70707E-05 4.48743E-04
 1.05791E-04 6.79689E-10 3.14191E-13 7.56630E-07 8.72823E-12 5.21999E-11 2.41454E-18 5.41358E-10
 2.55009E-10 1.15656E-15 2.36969E-15 1.01177E-25 4.04908E-07 3.21461E-15 3.57518E-20 5.16522E-17
 9.94920E-10 1.24807E-14 7.44777E-10 1.16354E-18 1.31993E-19 7.12960E-10 5.27626E-15 1.59578E-12
 1.75870E-10 1.65926E-15 1.53818E-04 7.65303E-17 7.02139E-12 3.67370E-09 5.14789E-08 2.75777E-20
 2.70731E-05 4.48580E-04 1.05583E-04 8.71821E-10 3.62805E-13 7.55740E-07 7.20654E-12 4.39185E-11
 2.01775E-18 5.33411E-10 2.82309E-10 9.71655E-16 1.69342E-15 2.59559E-25 4.04534E-07 5.41509E-15
 4.32861E-20 7.94841E-17 1.36853E-09 1.30925E-14 7.34915E-10 1.35181E-18 1.85168E-19 7.19583E-10
 5.45985E-15 1.58753E-12 1.85887E-10 2.27621E-15 1.48731E-04 9.20007E-17 8.21692E-12 4.70685E-09
 5.97774E-08 3.56021E-20 2.70762E-05 4.48356E-04 1.05300E-04 1.13365E-09 4.20439E-13 7.54525E-07
 5.77886E-12 3.64826E-11 1.69067E-18 5.23681E-10 3.13912E-10 8.18032E-16 1.21191E-15 7.57378E-25
 4.04025E-07 9.55688E-15 5.47989E-20 1.29277E-16 1.87773E-09 1.47336E-14 7.21755E-10 1.62031E-18
 2.72774E-19 7.28343E-10 5.85411E-15 1.58465E-12 2.08290E-10 3.21983E-15 1.42163E-04 1.16204E-16
 9.72433E-12 6.12241E-09 7.15661E-08 4.82638E-20 2.70806E-05 4.48039E-04 1.04901E-04 1.50657E-09
 4.92896E-13 7.52801E-07 4.48698E-12 3.00906E-11 1.43964E-18 5.11372E-10 3.52342E-10 7.02126E-16
 8.86455E-16 2.57996E-24 4.03303E-07 1.81068E-14 7.41763E-20 2.26210E-16 2.59971E-09 1.81221E-14
 7.03537E-10 1.98858E-18 4.20234E-19 7.40348E-10 6.60515E-15 1.59146E-12 2.46741E-10 4.68050E-15
 1.37289E-04 1.54395E-16 1.15596E-11 7.95862E-09 8.77688E-08 6.88880E-20 2.70865E-05 4.47611E-04
 1.04364E-04 2.01521E-09 5.84171E-13 7.50474E-07 3.50591E-12 2.54990E-11 1.29294E-18 4.96640E-10
 3.97505E-10 6.35748E-16 6.94177E-16 9.35749E-24 4.02329E-07 3.56485E-14 1.07421E-19 4.12155E-16
 3.57373E-09 2.42891E-14 6.79647E-10 2.46241E-18 6.63456E-19 7.55899E-10 7.84624E-15 1.60597E-12
 3.12096E-10 7.13428E-15 1.35597E-04 2.19698E-16 1.39172E-11 1.05251E-08 1.12323E-07 1.05383E-19
 2.70950E-05 4.46983E-04 1.03580E-04 2.77455E-09 7.16902E-13 7.47063E-07 2.76678E-12 2.26768E-11
 1.24951E-18 4.77600E-10 4.56494E-10 6.34925E-16 6.11966E-16 3.84922E-23 4.00902E-07 7.61539E-14
 1.70860E-19 8.13673E-16 5.00056E-09 3.64458E-14 6.45850E-10 2.99010E-18 1.06418E-18 7.77571E-10
 9.99548E-15 1.61333E-12 4.02216E-10 1.09906E-14 1.36546E-04 3.17968E-16 1.65856E-11 1.35552E-08
 1.44711E-07 1.64089E-19 2.71055E-05 4.46197E-04 1.02602E-04 3.75282E-09 8.88002E-13 7.42789E-07
 2.29310E-12 2.12951E-11 1.28407E-18 4.56666E-10 5.24820E-10 6.78079E-16 5.97219E-16 1.51412E-22
 3.99115E-07 1.59050E-13 2.79880E-19 1.59322E-15 6.78758E-09 5.72583E-14 6.05350E-10 3.52392E-18
 1.68439E-18 8.03033E-10 1.29804E-14 1.58914E-12 5.12158E-10 1.67711E-14 1.37625E-04 4.53431E-16
 1.94052E-11 1.67468E-08 1.84071E-07 2.51985E-19 2.71173E-05 4.45303E-04 1.01499E-04 4.90521E-09
 1.09604E-12 7.37936E-07 2.01096E-12 2.09204E-11 1.37026E-18 4.35927E-10 5.97835E-10 7.51988E-16
 6.31659E-16 5.29652E-22 3.97087E-07 3.13190E-13 4.52692E-19 2.97704E-15 8.81539E-09 9.05066E-14
 5.61875E-10 4.04156E-18 2.59266E-18 8.29634E-10 1.66108E-14 1.52329E-12 6.53104E-10 2.58047E-14
 1.38924E-04 6.48610E-16 2.25010E-11 2.02443E-08 2.35397E-07 3.88075E-19 2.71311E-05 4.44227E-04
 1.00181E-04 6.35518E-09 1.37275E-12 7.32098E-07 1.82744E-12 2.14075E-11 1.51416E-18 4.14324E-10
 6.81134E-10 8.78132E-16 7.29776E-16 1.82946E-21 3.94648E-07 6.15225E-13 7.40440E-19 5.58946E-15
 1.12539E-08 1.48863E-13 5.13060E-10 4.46000E-18 3.89328E-18 8.58410E-10 2.13164E-14 1.40541E-12
 8.29055E-10 3.98832E-14 1.40450E-04 9.25607E-16 2.58262E-11 2.38958E-08 3.01462E-07 5.96096E-19
 2.71470E-05 4.42963E-04 9.86462E-05 8.14612E-09 1.74407E-12 7.25246E-07 1.72418E-12 2.28051E-11
 1.72616E-18 3.92593E-10 7.74182E-10 1.07592E-15 9.17091E-16 6.15299E-21 3.91787E-07 1.19447E-12
 1.21303E-18 1.04843E-14 1.41141E-08 2.52391E-13 4.60397E-10 4.73840E-18 5.68313E-18 8.87885E-10
 2.72325E-14 1.24422E-12 1.04681E-09 6.19065E-14 1.42228E-04 1.31717E-15 2.93415E-11 2.75612E-08
 3.86664E-07 9.12336E-19 2.71649E-05 4.41491E-04 9.68772E-05 1.03473E-08 2.25096E-12 7.17276E-07
 1.68208E-12 2.51999E-11 2.02152E-18 3.71212E-10 8.77456E-10 1.37816E-15 1.24429E-15 2.03085E-20
 3.88461E-07 2.29658E-12 1.98608E-18 1.97035E-14 1.74392E-08 4.39916E-13 4.05022E-10 4.84222E-18
 8.07252E-18 9.16701E-10 3.45650E-14 1.05589E-12 1.30998E-09 9.61171E-14 1.44250E-04 1.86115E-15
 3.29527E-11 3.10125E-08 4.95020E-07 1.38496E-18 2.71846E-05 4.39817E-04 9.48889E-05 1.29918E-08
 2.94201E-12 7.08224E-07 1.69182E-12 2.87137E-11 2.41586E-18 3.51034E-10 9.89480E-10 1.82702E-15
 1.79462E-15 6.51557E-20 3.84684E-07 4.33822E-12 3.22632E-18 3.68443E-14 2.12133E-08 7.79336E-13
 3.49203E-10 4.77552E-18 1.11868E-17 9.42873E-10 4.33348E-14 8.62290E-13 1.62889E-09 1.49647E-13
 1.46559E-04 2.61905E-15 3.65897E-11 3.40979E-08 6.34365E-07 2.08997E-18 2.72062E-05 4.37905E-04
 9.26504E-05 1.61722E-08 3.90576E-12 6.97908E-07 1.74693E-12 3.36789E-11 2.94354E-18 3.32391E-10
 1.11130E-09 2.50891E-15 2.74861E-15 2.06620E-19 3.80382E-07 8.10178E-12 5.21553E-18 6.90419E-14
 2.55108E-08 1.40572E-12 2.93855E-10 4.53276E-18 1.51730E-17 9.65101E-10 5.37602E-14 6.76501E-13
 2.00465E-09 2.32514E-13 1.49127E-04 3.65188E-15 4.01069E-11 3.65736E-08 8.09930E-07 3.11963E-18
 2.72290E-05 4.35780E-04 9.02005E-05 1.98749E-08 5.24146E-12 6.86463E-07 1.85471E-12 4.05604E-11
 3.64407E-18 3.16187E-10 1.23981E-09 3.54290E-15 4.42657E-15 6.32555E-19 3.75611E-07 1.47588E-11
 8.31570E-18 1.28096E-13 3.02743E-08 2.54148E-12 2.41522E-10 4.16485E-18 2.02043E-17 9.81514E-10
 6.55658E-14 5.13010E-13 2.43956E-09 3.59713E-13 1.51938E-04 5.03426E-15 4.33683E-11 3.82811E-08
 1.02832E-06 4.59512E-18 2.72525E-05 4.33453E-04 8.75664E-05 2.40758E-08 7.08497E-12 6.73964E-07
 2.02200E-12 4.99817E-11 4.56944E-18 3.03021E-10 1.37248E-09 5.11297E-15 7.42554E-15 1.85391E-18
 3.70403E-07 2.60747E-11 1.30264E-17 2.33965E-13 3.54693E-08 4.56413E-12 1.93879E-10 3.71874E-18
 2.65290E-17 9.90944E-10 7.83908E-14 3.77689E-13 2.94205E-09 5.54454E-13 1.55017E-04 6.86875E-15
 4.62518E-11 3.91576E-08 1.29988E-06 6.68171E-18 2.72765E-05 4.30905E-04 8.47391E-05 2.87772E-08
 9.63840E-12 6.60314E-07 2.25696E-12 6.28491E-11 5.79642E-18 2.93192E-10 1.50831E-09 7.51968E-15
 1.29045E-14 5.23684E-18 3.64717E-07 4.47308E-11 2.00731E-17 4.21153E-13 4.11328E-08 8.12119E-12
 1.51493E-10 3.22317E-18 3.45003E-17 9.92808E-10 9.19738E-14 2.69786E-13 3.51779E-09 8.49821E-13
 1.58362E-04 9.26555E-15 4.86583E-11 3.92036E-08 1.63348E-06 9.57724E-18 2.73006E-05 4.28137E-04
 8.17353E-05 3.39036E-08 1.31427E-11 6.45534E-07 2.57520E-12 8.03227E-11 7.42212E-18 2.87014E-10
 1.64444E-09 1.11927E-14 2.29791E-14 1.41467E-17 3.58562E-07 7.41467E-11 3.03707E-17 7.42797E-13
 4.72515E-08 1.41881E-11 1.14996E-10 2.71676E-18 4.46343E-17 9.86833E-10 1.05795E-13 1.87359E-13
 4.17236E-09 1.29137E-12 1.61958E-04 1.23464E-14 5.05672E-11 3.85138E-08 2.03628E-06 1.35131E-17
 2.73240E-05 4.25161E-04 7.85829E-05 3.93205E-08 1.78551E-11 6.29702E-07 2.99430E-12 1.03636E-10
 9.56377E-18 2.84623E-10 1.77711E-09 1.66737E-14 4.12219E-14 3.62941E-17 3.51970E-07 1.18241E-10
 4.50823E-17 1.27445E-12 5.37888E-08 2.40981E-11 8.46741E-11 2.23300E-18 5.77433E-17 9.73230E-10
 1.19288E-13 1.26900E-13 4.91128E-09 1.93993E-12 1.65776E-04 1.62592E-14 5.20835E-11 3.72664E-08
 2.51179E-06 1.87758E-17 2.73461E-05 4.22001E-04 7.53215E-05 4.48422E-08 2.40258E-11 6.12965E-07
 3.54047E-12 1.34213E-10 1.23869E-17 2.85905E-10 1.90166E-09 2.46184E-14 7.33810E-14 8.74856E-17
 3.45000E-07 1.80896E-10 6.57257E-17 2.11192E-12 6.06803E-08 3.94296E-11 6.04551E-11 1.79742E-18
 7.49821E-17 9.52705E-10 1.31994E-13 8.41974E-14 5.75177E-09 2.88105E-12 1.69835E-04 2.12541E-14
 5.33935E-11 3.56631E-08 3.06667E-06 2.57877E-17 2.73665E-05 4.18641E-04 7.19494E-05 5.03371E-08
 3.19602E-11 5.95268E-07 4.24796E-12 1.73884E-10 1.61670E-17 2.90520E-10 2.01500E-09 3.58831E-14
 1.28668E-13 1.98726E-16 3.37624E-07 2.66863E-10 9.47176E-17 3.38133E-12 6.79462E-08 6.20562E-11
 4.16446E-11 1.41366E-18 9.78982E-17 9.25985E-10 1.43970E-13 5.46052E-14 6.70245E-09 4.21681E-12
 1.74098E-04 2.76532E-14 5.47901E-11 3.39240E-08 3.69772E-06 3.50877E-17 2.73843E-05 4.15111E-04
 6.85080E-05 5.55977E-08 4.17838E-11 5.76791E-07 5.15841E-12 2.23857E-10 2.12868E-17 2.97851E-10
 2.11297E-09 5.10569E-14 2.18686E-13 4.25563E-16 3.29911E-07 3.80440E-10 1.35476E-16 5.20848E-12
 7.55123E-08 9.33815E-11 2.76462E-11 1.08901E-18 1.28895E-16 8.94256E-10 1.55330E-13 3.47135E-14
 7.77634E-09 6.07638E-12 1.78548E-04 3.59591E-14 5.65773E-11 3.22270E-08 4.40007E-06 4.74791E-17
 2.73989E-05 4.11424E-04 6.50220E-05 6.04596E-08 5.35708E-11 5.57646E-07 6.34415E-12 2.86003E-10
 2.84233E-17 3.07150E-10 2.19206E-09 7.07157E-14 3.59079E-13 8.62555E-16 3.21898E-07 5.27082E-10
 1.93303E-16 7.72221E-12 8.33353E-08 1.34362E-10 1.76450E-11 8.21138E-19 1.71180E-16 8.58667E-10
 1.66464E-13 2.16189E-14 8.99549E-09 8.62934E-12 1.83198E-04 4.69582E-14 5.90200E-11 3.06868E-08
 5.16988E-06 6.41831E-17 2.74098E-05 4.07570E-04 6.14917E-05 6.48128E-08 6.74434E-11 5.37821E-07
 7.92277E-12 3.63621E-10 3.87579E-17 3.17739E-10 2.24876E-09 9.57142E-14 5.73010E-13 1.66362E-15
 3.13566E-07 7.14994E-10 2.76520E-16 1.10674E-11 9.14251E-08 1.85663E-10 1.07674E-11 6.02527E-19
 2.28737E-16 8.20080E-10 1.77920E-13 1.31101E-14 1.03800E-08 1.20869E-11 1.88047E-04 6.17866E-14
 6.23740E-11 2.93767E-08 5.99726E-06 8.69782E-17 2.74162E-05 4.03550E-04 5.79300E-05 6.85455E-08
 8.35022E-11 5.17381E-07 1.00615E-11 4.60881E-10 5.41888E-17 3.28937E-10 2.27874E-09 1.27014E-13
 8.92109E-13 3.05463E-15 3.04924E-07 9.54756E-10 3.97518E-16 1.53889E-11 9.97613E-08 2.47105E-10
 6.25456E-12 4.28031E-19 3.06435E-16 7.79394E-10 1.90201E-13 7.69799E-15 1.19570E-08 1.67355E-11
 1.93117E-04 8.21912E-14 6.68716E-11 2.83246E-08 6.87327E-06 1.18582E-16 2.74176E-05 3.99343E-04
 5.43310E-05 7.15779E-08 1.02063E-10 4.96293E-07 1.29844E-11 5.83123E-10 7.77706E-17 3.40114E-10
 2.27796E-09 1.66104E-13 1.36004E-12 5.33300E-15 2.95936E-07 1.26238E-09 5.75555E-16 2.08862E-11
 1.08366E-07 3.17943E-10 3.43072E-12 2.91464E-19 4.09219E-16 7.37177E-10 2.03845E-13 4.32981E-15
 1.37279E-08 2.29000E-11 1.98372E-04 1.10559E-13 7.27719E-11 2.75448E-08 7.77552E-06 1.62742E-16
 2.74130E-05 3.94978E-04 5.07338E-05 7.37991E-08 1.23225E-10 4.74792E-07 1.69599E-11 7.33736E-10
 1.14074E-16 3.50309E-10 2.24418E-09 2.13440E-13 2.01420E-12 8.85088E-15 2.86673E-07 1.65621E-09
 8.38255E-16 2.77389E-11 1.17150E-07 3.95301E-10 1.77360E-12 1.89620E-19 5.43122E-16 6.94389E-10
 2.19137E-13 2.32445E-15 1.56843E-08 3.09388E-11 2.03802E-04 1.50258E-13 8.02958E-11 2.70226E-08
 8.68388E-06 2.24438E-16 2.74019E-05 3.90465E-04 4.71587E-05 7.51314E-08 1.46869E-10 4.53012E-07
 2.23317E-11 9.14319E-10 1.70382E-16 3.58533E-10 2.17850E-09 2.68003E-13 2.87212E-12 1.41956E-14
 2.77162E-07 2.16240E-09 1.22686E-15 3.61779E-11 1.26066E-07 4.75817E-10 8.61351E-13 1.17188E-19
 7.16582E-16 6.51635E-10 2.36362E-13 1.18488E-15 1.78125E-08 4.12710E-11 2.09425E-04 2.06202E-13
 8.96533E-11 2.67237E-08 9.58117E-06 3.10518E-16 2.73832E-05 3.85784E-04 4.36081E-05 7.55277E-08
 1.72921E-10 4.30984E-07 2.95484E-11 1.12571E-09 2.58354E-16 3.64043E-10 2.08349E-09 3.28012E-13
 3.92457E-12 2.23214E-14 2.67381E-07 2.81669E-09 1.80366E-15 4.65273E-11 1.35103E-07 5.56204E-10
 3.90575E-13 6.82068E-20 9.39258E-16 6.09166E-10 2.55804E-13 5.68729E-16 2.00798E-08 5.43941E-11
 2.15240E-04 2.85495E-13 1.01088E-10 2.66046E-08 1.04453E-05 4.30585E-16 2.73564E-05 3.80937E-04
 4.00988E-05 7.49733E-08 2.01450E-10 4.08828E-07 3.91566E-11 1.36725E-09 3.95891E-16 3.66492E-10
 1.96269E-09 3.91243E-13 5.12353E-12 3.44608E-14 2.57340E-07 3.66035E-09 2.66036E-15 5.91548E-11
 1.44211E-07 6.32443E-10 1.64757E-13 3.71860E-20 1.22020E-15 5.67290E-10 2.77622E-13 2.55589E-16
 2.24419E-08 7.08921E-11 2.21254E-04 3.98510E-13 1.14858E-10 2.66140E-08 1.12543E-05 5.97883E-16
 2.73204E-05 3.75914E-04 3.66440E-05 7.34983E-08 2.32666E-10 3.86643E-07 5.18147E-11 1.63674E-09
 6.10493E-16 3.66138E-10 1.82072E-09 4.55128E-13 6.38059E-12 5.22200E-14 2.47038E-07 4.74343E-09
 3.93389E-15 7.45177E-11 1.53346E-07 7.00643E-10 6.43905E-14 1.88854E-20 1.56715E-15 5.26181E-10
 3.01925E-13 1.06905E-16 2.48372E-08 9.13858E-11 2.27467E-04 5.60092E-13 1.31223E-10 2.66985E-08
 1.19847E-05 8.29988E-16 2.72744E-05 3.70711E-04 3.32633E-05 7.11828E-08 2.66722E-10 3.64562E-07
 6.82919E-11 1.92939E-09 9.43733E-16 3.63829E-10 1.66337E-09 5.16183E-13 7.56635E-12 7.77919E-14
 2.36488E-07 6.12309E-09 5.82587E-15 9.31229E-11 1.62441E-07 7.57305E-10 2.32644E-14 8.90555E-21
 1.98742E-15 4.86021E-10 3.28705E-13 4.14745E-17 2.72044E-08 1.16578E-10 2.33900E-04 7.92119E-13
 1.50465E-10 2.68064E-08 1.26153E-05 1.15059E-15 2.72175E-05 3.65307E-04 2.99665E-05 6.81510E-08
 3.04049E-10 3.42652E-07 8.94727E-11 2.23938E-09 1.45834E-15 3.60961E-10 1.49641E-09 5.71237E-13
 8.54305E-12 1.14039E-13 2.25669E-07 7.87007E-09 8.64052E-15 1.15640E-10 1.71448E-07 8.00018E-10
 7.73732E-15 3.87994E-21 2.48453E-15 4.46829E-10 3.57936E-13 1.48452E-17 2.94792E-08 1.47234E-10
 2.40550E-04 1.12655E-12 1.72944E-10 2.68931E-08 1.31220E-05 1.59171E-15 2.71489E-05 3.59699E-04
 2.67775E-05 6.45870E-08 3.45431E-10 3.21061E-07 1.16294E-10 2.55898E-09 2.24581E-15 3.59226E-10
 1.32587E-09 6.17422E-13 9.18529E-12 1.64014E-13 2.14603E-07 1.00603E-08 1.28280E-14 1.42789E-10
 1.80270E-07 8.26732E-10 2.36601E-15 1.56002E-21 3.05679E-15 4.08760E-10 3.89477E-13 4.89406E-18
 3.16130E-08 1.84143E-10 2.47420E-04 1.61083E-12 1.99155E-10 2.69281E-08 1.34822E-05 2.19641E-15
 2.70678E-05 3.53878E-04 2.37180E-05 6.07080E-08 3.92046E-10 2.99912E-07 1.49745E-10 2.87965E-09
 3.44042E-15 3.60392E-10 1.15739E-09 6.52212E-13 9.41115E-12 2.31171E-13 2.03302E-07 1.27822E-08
 1.90617E-14 1.75391E-10 1.88806E-07 8.36473E-10 6.64383E-16 5.78544E-22 3.69738E-15 3.71925E-10
 4.23248E-13 1.48430E-18 3.35789E-08 2.28122E-10 2.54515E-04 2.31668E-12 2.29855E-10 2.68974E-08
 1.36742E-05 3.02363E-15 2.69734E-05 3.47830E-04 2.08081E-05 5.67392E-08 4.45684E-10 2.79306E-07
 1.90826E-10 3.19274E-09 5.23943E-15 3.66131E-10 9.95859E-10 6.73787E-13 9.20018E-12 3.18869E-13
 1.91775E-07 1.61365E-08 2.83522E-14 2.14331E-10 1.96947E-07 8.29053E-10 1.70995E-16 1.97956E-22
 4.39278E-15 3.36403E-10 4.59335E-13 4.13860E-19 3.53692E-08 2.80082E-10 2.61832E-04 3.35398E-12
 2.66205E-10 2.68031E-08 1.36771E-05 4.15619E-15 2.68649E-05 3.41547E-04 1.80713E-05 5.28864E-08
 5.08893E-10 2.59352E-07 2.40509E-10 3.49010E-09 7.93159E-15 3.77840E-10 8.45089E-10 6.81298E-13
 8.59443E-12 4.28657E-13 1.80049E-07 2.02225E-08 4.22113E-14 2.60380E-10 2.04566E-07 8.04460E-10
 4.02624E-17 6.27788E-23 5.12115E-15 3.02318E-10 4.97928E-13 1.06412E-19 3.69802E-08 3.41184E-10
 2.69333E-04 4.88951E-12 3.09805E-10 2.66543E-08 1.34744E-05 5.71201E-15 2.67423E-05 3.35047E-04
 1.55407E-05 4.92982E-08 5.84659E-10 2.40219E-07 2.99733E-10 3.76390E-09 1.19327E-14 3.96398E-10
 7.07770E-10 6.74701E-13 7.68376E-12 5.57552E-13 1.68201E-07 2.50960E-08 6.28668E-14 3.13844E-10
 2.11528E-07 7.62731E-10 8.68027E-18 1.89115E-23 5.85469E-15 2.69923E-10 5.39130E-13 2.58028E-20
 3.83901E-08 4.12968E-10 2.76972E-04 7.17121E-12 3.62456E-10 2.64502E-08 1.30582E-05 7.85336E-15
 2.66055E-05 3.28351E-04 1.32447E-05 4.60044E-08 6.75316E-10 2.22037E-07 3.69556E-10 4.00676E-09
 1.78360E-14 4.21967E-10 5.85115E-10 6.54398E-13 6.58314E-12 6.97920E-13 1.56320E-07 3.07283E-08
 9.36260E-14 3.74428E-10 2.17774E-07 7.04949E-10 1.71472E-18 5.98225E-24 6.56529E-15 2.39448E-10
 5.82583E-13 6.50995E-21 3.95425E-08 4.97533E-10 2.84730E-04 1.05553E-11 4.25634E-10 2.61594E-08
 1.24306E-05 1.07908E-14 2.64541E-05 3.21450E-04 1.11966E-05 4.28971E-08 7.81249E-10 2.04822E-07
 4.51344E-10 4.21163E-09 2.64667E-14 4.53813E-10 4.76939E-10 6.21337E-13 5.40868E-12 8.38622E-13
 1.44444E-07 3.69611E-08 1.39520E-13 4.41333E-10 2.23421E-07 6.33701E-10 3.09297E-19 2.69649E-24
 7.22525E-15 2.10973E-10 6.26839E-13 2.31519E-21 4.03552E-08 5.97979E-10 2.92572E-04 1.55235E-11
 4.99879E-10 2.57127E-08 1.16079E-05 1.47920E-14 2.62879E-05 3.14343E-04 9.40663E-06 3.97988E-08
 9.00009E-10 1.88578E-07 5.46800E-10 4.37086E-09 3.88867E-14 4.89777E-10 3.82551E-10 5.77346E-13
 4.26275E-12 9.63419E-13 1.32631E-07 4.34151E-08 2.08175E-13 5.12938E-10 2.28788E-07 5.52652E-10
 5.09532E-20 2.26397E-24 7.80843E-15 1.84593E-10 6.68931E-13 1.50743E-21 4.07513E-08 7.18520E-10
 3.00435E-04 2.26700E-11 5.83969E-10 2.50137E-08 1.06256E-05 2.01859E-14 2.61069E-05 3.07042E-04
 7.88041E-06 3.65432E-08 1.02567E-09 1.73307E-07 6.57866E-10 4.47613E-09 5.63038E-14 5.25897E-10
 3.01281E-10 5.25033E-13 3.22408E-12 1.05334E-12 1.20971E-07 4.94626E-08 3.10932E-13 5.86668E-10
 2.34414E-07 4.66554E-10 7.92475E-21 2.71050E-24 8.29523E-15 1.60430E-10 7.04326E-13 1.36777E-21
 4.06894E-08 8.63945E-10 3.08235E-04 3.26145E-11 6.74108E-10 2.39701E-08 9.54011E-06 2.73497E-14
 2.59116E-05 2.99569E-04 6.61408E-06 3.30554E-08 1.14932E-09 1.58997E-07 7.86117E-10 4.51980E-09
 7.97424E-14 5.56480E-10 2.32645E-10 4.67626E-13 2.34268E-12 1.09188E-12 1.09564E-07 5.43138E-08
 4.63754E-13 6.59019E-10 2.40982E-07 3.80909E-10 1.47499E-21 3.51847E-24 8.67478E-15 1.38581E-10
 7.27240E-13 1.31711E-21 4.01819E-08 1.03823E-09 3.15860E-04 4.58247E-11 7.63980E-10 2.25411E-08
 8.42496E-06 3.66797E-14 2.57029E-05 2.91956E-04 5.59276E-06 2.93993E-08 1.26090E-09 1.45624E-07
 9.31614E-10 4.49689E-09 1.09427E-13 5.75086E-10 1.76219E-10 4.08535E-13 1.63923E-12 1.07208E-12
 9.85276E-08 5.72374E-08 6.86604E-13 7.25701E-10 2.49108E-07 3.01053E-10 6.23597E-22 4.55833E-24
 8.95006E-15 1.19099E-10 7.32096E-13 1.24591E-21 3.93084E-08 1.24487E-09 3.23123E-04 6.24835E-11
 8.46861E-10 2.07850E-08 7.36368E-06 4.86689E-14 2.54842E-05 2.84304E-04 4.79674E-06 2.57678E-08
 1.35342E-09 1.33255E-07 1.09202E-09 4.40658E-09 1.44307E-13 5.76638E-10 1.31336E-10 3.51177E-13
 1.11064E-12 1.00021E-12 8.80621E-08 5.78512E-08 1.00034E-12 7.82530E-10 2.58973E-07 2.31162E-10
 5.35714E-22 5.77780E-24 9.14798E-15 1.02099E-10 7.16717E-13 1.14489E-21 3.81954E-08 1.48807E-09
 3.29852E-04 8.25486E-11 9.18154E-10 1.88325E-08 6.41832E-06 6.40262E-14 2.52586E-05 2.76701E-04
 4.19272E-06 2.23689E-08 1.42591E-09 1.21903E-07 1.26268E-09 4.25303E-09 1.82113E-13 5.59503E-10
 9.66306E-11 2.98216E-13 7.33153E-13 8.91974E-13 7.83160E-08 5.63063E-08 1.42407E-12 8.27327E-10
 2.70277E-07 1.73226E-10 5.32283E-22 7.12333E-24 9.29291E-15 8.75299E-11 6.83268E-13 1.02534E-21
 3.69625E-08 1.77365E-09 3.35929E-04 1.05927E-10 9.76254E-10 1.68248E-08 5.61489E-06 8.37834E-14
 2.50284E-05 2.69180E-04 3.74005E-06 1.93325E-08 1.48197E-09 1.11492E-07 1.43728E-09 4.04344E-09
 2.19949E-13 5.25543E-10 7.03197E-11 2.50960E-13 4.73495E-13 7.66846E-13 6.93341E-08 5.31397E-08
 1.97470E-12 8.60432E-10 2.82438E-07 1.27203E-10 5.27858E-22 8.53023E-24 9.39670E-15 7.51488E-11
 6.36488E-13 8.99779E-22 3.56971E-08 2.11032E-09 3.41233E-04 1.32674E-10 1.02199E-09 1.48811E-08
 4.95359E-06 1.09480E-13 2.47960E-05 2.61788E-04 3.40250E-06 1.67024E-08 1.52675E-09 1.01966E-07
 1.60897E-09 3.78685E-09 2.55144E-13 4.79061E-10 5.06611E-11 2.09763E-13 3.00180E-13 6.42460E-13
 6.11498E-08 4.90197E-08 2.66884E-12 8.84092E-10 2.94753E-07 9.18960E-11 5.13864E-22 9.93793E-24
 9.47582E-15 6.47079E-11 5.83277E-13 7.77942E-22 3.44618E-08 2.50958E-09 3.45660E-04 1.63032E-10
 1.05743E-09 1.30762E-08 4.41672E-06 1.43295E-13 2.45635E-05 2.54556E-04 3.14919E-06 1.44647E-08
 1.56551E-09 9.32607E-08 1.77100E-09 3.49366E-09 2.85486E-13 4.25019E-10 3.61306E-11 1.74310E-13
 1.87053E-13 5.28733E-13 5.37586E-08 4.45106E-08 3.52515E-12 9.00733E-10 3.06663E-07 6.54597E-11
 4.91623E-22 1.13029E-23 9.53781E-15 5.59375E-11 5.29948E-13 6.65759E-22 3.32843E-08 2.98406E-09
 3.49124E-04 1.97367E-10 1.08477E-09 1.14451E-08 3.98022E-06 1.88152E-13 2.43322E-05 2.47489E-04
 2.95514E-06 1.25739E-08 1.60185E-09 8.52890E-08 1.91667E-09 3.17491E-09 3.09271E-13 3.67930E-10
 2.54954E-11 1.43956E-13 1.14500E-13 4.29992E-13 4.71154E-08 3.99977E-08 4.56581E-12 9.12191E-10
 3.17826E-07 4.60193E-11 4.63559E-22 1.25965E-23 9.58560E-15 4.85592E-11 4.80688E-13 5.65925E-22
 3.21330E-08 3.54430E-09 3.51536E-04 2.36125E-10 1.10542E-09 9.99816E-09 3.62248E-06 2.47756E-13
 2.41036E-05 2.40601E-04 2.80143E-06 1.09655E-08 1.63535E-09 7.79813E-08 2.03915E-09 2.84255E-09
 3.25656E-13 3.11685E-10 1.78032E-11 1.18109E-13 6.88686E-14 3.48647E-13 4.11731E-08 3.57410E-08
 5.82123E-12 9.20599E-10 3.28030E-07 3.20156E-11 4.31536E-22 1.37968E-23 9.64580E-15 4.23357E-11
 4.36855E-13 4.79206E-22 3.09764E-08 4.20080E-09 3.52801E-04 2.79874E-10 1.12071E-09 8.73500E-09
 3.32610E-06 3.27034E-13 2.38802E-05 2.33936E-04 2.67477E-06 9.58435E-09 1.66433E-09 7.13094E-08
 2.13336E-09 2.50913E-09 3.34601E-13 2.59223E-10 1.23141E-11 9.62954E-14 4.07800E-14 2.83671E-13
 3.59057E-08 3.18849E-08 7.33177E-12 9.27621E-10 3.37154E-07 2.21109E-11 3.97464E-22 1.49001E-23
 9.75063E-15 3.70911E-11 3.97873E-13 4.05459E-22 2.98212E-08 4.96694E-09 3.52842E-04 3.29276E-10
 1.13235E-09 7.64572E-09 3.07622E-06 4.32871E-13 2.36641E-05 2.27526E-04 2.56581E-06 8.39438E-09
 1.68868E-09 6.52351E-08 2.19683E-09 2.18538E-09 3.36354E-13 2.12139E-10 8.44363E-12 7.80002E-14
 2.37895E-14 2.31534E-13 3.12690E-08 2.84558E-08 9.14352E-12 9.33370E-10 3.45220E-07 1.51657E-11
 3.63331E-22 1.59200E-23 9.90773E-15 3.26661E-11 3.62993E-13 3.43744E-22 2.86733E-08 5.85600E-09
 3.51590E-04 3.85047E-10 1.14198E-09 6.71525E-09 2.86089E-06 5.74662E-13 2.34560E-05 2.21371E-04
 2.46780E-06 7.36646E-09 1.70792E-09 5.96963E-08 2.22834E-09 1.87950E-09 3.31429E-13 1.71058E-10
 5.74385E-12 6.27270E-14 1.36627E-14 1.89303E-13 2.71951E-08 2.54298E-08 1.13107E-11 9.37571E-10
 3.52318E-07 1.03247E-11 3.30514E-22 1.68709E-23 1.01166E-14 2.89089E-11 3.31231E-13 2.92645E-22
 2.75307E-08 6.88022E-09 3.48988E-04 4.48093E-10 1.15125E-09 5.93072E-09 2.67160E-06 7.65384E-13
 2.32576E-05 2.15494E-04 2.37643E-06 6.47572E-09 1.72078E-09 5.46578E-08 2.22876E-09 1.59820E-09
 3.20885E-13 1.36206E-10 3.88335E-12 5.00961E-14 7.73644E-15 1.55042E-13 2.36334E-08 2.27885E-08
 1.39019E-11 9.40286E-10 3.58519E-07 6.98381E-12 3.00010E-22 1.77771E-23 1.03869E-14 2.57085E-11
 3.01425E-13 2.50888E-22 2.63921E-08 8.04988E-09 3.44982E-04 5.19560E-10 1.16212E-09 5.27925E-09
 2.50135E-06 1.02314E-12 2.30697E-05 2.09904E-04 2.28855E-06 5.70263E-09 1.72617E-09 5.00768E-08
 2.20015E-09 1.34573E-09 3.05918E-13 1.07331E-10 2.61483E-12 3.97539E-14 4.32583E-15 1.27212E-13
 2.05272E-08 2.05114E-08 1.70037E-11 9.41700E-10 3.63900E-07 4.69943E-12 2.72500E-22 1.86705E-23
 1.07235E-14 2.29669E-11 2.72572E-13 2.17254E-22 2.52530E-08 9.37043E-09 3.39539E-04 6.01050E-10
 1.17701E-09 4.75125E-09 2.34462E-06 1.37346E-12 2.28935E-05 2.04618E-04 2.20203E-06 5.03132E-09
 1.72281E-09 4.59240E-08 2.14601E-09 1.12460E-09 2.87948E-13 8.39805E-11 1.75917E-12 3.13981E-14
 2.39740E-15 1.04724E-13 1.78295E-08 1.85920E-08 2.07328E-11 9.42506E-10 3.68515E-07 3.15500E-12
 2.48545E-22 1.96019E-23 1.11374E-14 2.06097E-11 2.43737E-13 1.90793E-22 2.40990E-08 1.08366E-08
 3.32636E-04 6.94858E-10 1.19891E-09 4.33995E-09 2.19676E-06 1.85217E-12 2.27300E-05 1.99650E-04
 2.11521E-06 4.44783E-09 1.70890E-09 4.21689E-08 2.07037E-09 9.35589E-10 2.68437E-13 6.55341E-11
 1.18762E-12 2.47528E-14 1.32443E-15 8.68259E-14 1.54939E-08 1.70377E-08 2.52583E-11 9.44274E-10
 3.72399E-07 2.12372E-12 2.28574E-22 2.06423E-23 1.16467E-14 1.85735E-11 2.13496E-13 1.70791E-22
 2.29121E-08 1.24283E-08 3.24253E-04 8.04388E-10 1.23173E-09 4.04179E-09 2.05380E-06 2.51023E-12
 2.25794E-05 1.95001E-04 2.02678E-06 3.94010E-09 1.68250E-09 3.87773E-08 1.97737E-09 7.77899E-10
 2.48744E-13 5.12834E-11 8.08878E-13 1.95599E-14 7.34958E-16 7.29174E-14 1.34745E-08 1.58660E-08
 3.08336E-11 9.49407E-10 3.75580E-07 1.44298E-12 2.12996E-22 2.18924E-23 1.22736E-14 1.68043E-11
 1.82941E-13 1.56783E-22 2.16748E-08 1.41080E-08 3.14387E-04 9.34788E-10 1.28052E-09 3.85696E-09
 1.91283E-06 3.42128E-12 2.24422E-05 1.90677E-04 1.93615E-06 3.49755E-09 1.64178E-09 3.57225E-08
 1.87172E-09 6.49659E-10 2.30138E-13 4.05269E-11 5.59495E-13 1.55886E-14 4.14222E-16 6.24910E-14
 1.17328E-08 1.51020E-08 3.78447E-11 9.61137E-10 3.78068E-07 9.98310E-13 2.02297E-22 2.34963E-23
 1.30486E-14 1.52610E-11 1.53671E-13 1.48625E-22 2.03857E-08 1.58298E-08 3.02987E-04 1.09352E-09
 1.35152E-09 3.78697E-09 1.77197E-06 4.69489E-12 2.23180E-05 1.86664E-04 1.84319E-06 3.11146E-09
 1.58655E-09 3.29661E-08 1.75767E-09 5.47651E-10 2.13444E-13 3.25422E-11 3.95298E-13 1.26124E-14
 2.39619E-16 5.49719E-14 1.02278E-08 1.47598E-08 4.68549E-11 9.82591E-10 3.79885E-07 7.08161E-13
 1.96949E-22 2.56334E-23 1.39839E-14 1.39046E-11 1.27910E-13 1.46319E-22 1.90714E-08 1.75638E-08
 2.89994E-04 1.29089E-09 1.45171E-09 3.83248E-09 1.63147E-06 6.50031E-12 2.22066E-05 1.82951E-04
 1.74870E-06 2.77476E-09 1.51928E-09 3.04763E-08 1.63996E-09 4.67816E-10 1.99099E-13 2.66680E-11
 2.86296E-13 1.04235E-14 1.43601E-16 4.97016E-14 8.92614E-09 1.48305E-08 5.86337E-11 1.01568E-09
 3.81071E-07 5.16560E-13 1.97309E-22 2.85061E-23 1.50587E-14 1.27064E-11 1.07259E-13 1.49940E-22
 1.77747E-08 1.93233E-08 2.75328E-04 1.53951E-09 1.58687E-09 3.98813E-09 1.49434E-06 9.09886E-12
 2.21078E-05 1.79531E-04 1.65411E-06 2.48020E-09 1.44421E-09 2.82262E-08 1.52352E-09 4.05478E-10
 1.87123E-13 2.23124E-11 2.12380E-13 8.83309E-15 8.95537E-17 4.59953E-14 7.80110E-09 1.52688E-08
 7.41555E-11 1.06038E-09 3.81698E-07 3.86218E-13 2.03164E-22 3.22707E-23 1.62144E-14 1.16450E-11
 9.24537E-14 1.59405E-22 1.65422E-08 2.11957E-08 2.58963E-04 1.85280E-09 1.75910E-09 4.23609E-09
 1.36637E-06 1.28907E-11 2.20217E-05 1.76418E-04 1.56138E-06 2.22024E-09 1.36628E-09 2.62018E-08
 1.41362E-09 3.55781E-10 1.77256E-13 1.89761E-11 1.60399E-13 7.67345E-15 5.79942E-17 4.31703E-14
 6.83580E-09 1.59793E-08 9.45357E-11 1.11413E-09 3.81879E-07 2.93277E-13 2.13206E-22 3.69350E-23
 1.73682E-14 1.07087E-11 8.24762E-14 1.74256E-22 1.54068E-08 2.33540E-08 2.40838E-04 2.24195E-09
 1.96412E-09 4.54227E-09 1.25439E-06 1.84702E-11 2.19486E-05 1.73621E-04 1.47175E-06 1.98756E-09
 1.28964E-09 2.43872E-08 1.31439E-09 3.13975E-10 1.68940E-13 1.62484E-11 1.21969E-13 6.79084E-15
 3.85563E-17 4.06145E-14 6.01483E-09 1.68254E-08 1.20906E-10 1.17204E-09 3.81769E-07 2.23091E-13
 2.24547E-22 4.22112E-23 1.84346E-14 9.88700E-12 7.56002E-14 1.93404E-22 1.43656E-08 2.60498E-08
 2.20863E-04 2.71229E-09 2.18941E-09 4.85883E-09 1.16502E-06 2.66775E-11 2.18885E-05 1.71147E-04
 1.38514E-06 1.77508E-09 1.21561E-09 2.27667E-08 1.22827E-09 2.76235E-10 1.61592E-13 1.38446E-11
 9.21991E-14 6.05936E-15 2.58909E-17 3.79992E-14 5.32469E-09 1.76795E-08 1.54356E-10 1.22928E-09
 3.81515E-07 1.67889E-13 2.32755E-22 4.74237E-23 1.93855E-14 9.17043E-12 7.06461E-14 2.15394E-22
 1.33598E-08 2.96115E-08 1.98969E-04 3.25917E-09 2.41335E-09 5.13408E-09 1.10509E-06 3.86090E-11
 2.18415E-05 1.69011E-04 1.29992E-06 1.57511E-09 1.14059E-09 2.13295E-08 1.15599E-09 2.40301E-10
 1.54933E-13 1.16277E-11 6.85910E-14 5.40176E-15 1.73512E-17 3.55172E-14 4.75501E-09 1.85100E-08
 1.96149E-10 1.28527E-09 3.81156E-07 1.24514E-13 2.32641E-22 5.15302E-23 2.03150E-14 8.55161E-12
 6.68222E-14 2.39202E-22 1.22380E-08 3.44544E-08 1.75048E-04 3.86062E-09 2.60265E-09 5.32873E-09
 1.08519E-06 5.54108E-11 2.18071E-05 1.67216E-04 1.21323E-06 1.37719E-09 1.05246E-09 2.00648E-08
 1.09629E-09 2.05661E-10 1.49323E-13 9.58327E-12 5.00446E-14 4.80688E-15 1.16147E-17 3.41595E-14
 4.29533E-09 1.94718E-08 2.48723E-10 1.35117E-09 3.80536E-07 9.21495E-14 2.19485E-22 5.32153E-23
 2.15087E-14 8.02267E-12 6.39142E-14 2.65321E-22 1.08234E-08 4.12312E-08 1.49068E-04 4.46851E-09
 2.71607E-09 5.42642E-09 1.12446E-06 7.79343E-11 2.17846E-05 1.65766E-04 1.12443E-06 1.17437E-09
 9.36198E-10 1.89682E-08 1.04751E-09 1.72808E-10 1.45602E-13 7.73324E-12 3.59050E-14 4.29846E-15
 7.84516E-18 3.54108E-14 3.93635E-09 2.08211E-08 3.16743E-10 1.44975E-09 3.79379E-07 6.96418E-14
 1.91420E-22 5.12634E-23 2.33677E-14 7.57867E-12 6.19716E-14 2.95393E-22 9.17249E-09 5.15163E-08
 1.21090E-04 5.00736E-09 2.72322E-09 5.40993E-09 1.25369E-06 1.07682E-10 2.17721E-05 1.64649E-04
 1.04020E-06 9.77975E-10 7.97643E-10 1.80403E-08 1.01018E-09 1.40792E-10 1.43226E-13 6.00753E-12
 2.50906E-14 3.81231E-15 5.24849E-18 3.95968E-14 3.66756E-09 2.24786E-08 4.03800E-10 1.58637E-09
 3.77766E-07 5.32141E-14 1.51610E-22 4.51838E-23 2.60336E-14 7.21793E-12 6.04917E-14 3.27595E-22
 7.65990E-09 6.95266E-08 9.12602E-05 5.38722E-09 2.61475E-09 5.20365E-09 1.52762E-06 1.50660E-10
 2.17666E-05 1.63833E-04 9.75519E-07 8.13719E-10 6.70796E-10 1.72847E-08 9.87571E-10 1.06474E-10
 1.38694E-13 4.28021E-12 1.62565E-14 3.15176E-15 3.20171E-18 4.35786E-14 3.47633E-09 2.35898E-08
 5.02939E-10 1.70969E-09 3.76624E-07 3.78203E-14 1.06628E-22 3.55298E-23 2.93763E-14 6.94062E-12
 5.81756E-14 3.55041E-22 6.55851E-09 1.06147E-07 5.95879E-05 5.44929E-09 2.34751E-09 4.68112E-09
 2.09424E-06 2.19257E-10 2.17656E-05 1.63273E-04 9.46071E-07 6.93313E-10 5.79625E-10 1.67028E-08
 9.80412E-10 6.92294E-11 1.27307E-13 2.61036E-12 8.95258E-15 2.23918E-15 1.60913E-18 4.25379E-14
 3.34862E-09 2.30424E-08 5.92101E-10 1.73704E-09 3.77182E-07 2.22783E-14 6.27576E-23 2.34628E-23
 3.41900E-14 6.74244E-12 5.40325E-14 3.72186E-22 5.98460E-09 1.89721E-07 3.17868E-05 5.17772E-09
 1.93446E-09 3.91788E-09 3.33108E-06 3.41641E-10 2.17667E-05 1.62920E-04 9.61397E-07 6.13281E-10
 5.31999E-10 1.62976E-08 9.81883E-10 3.65972E-11 1.10023E-13 1.32562E-12 3.91350E-15 1.35529E-15
 6.60278E-19 3.59866E-14 3.27105E-09 2.09427E-08 6.55485E-10 1.64049E-09 3.79393E-07 1.01108E-14
 2.94336E-23 1.23893E-23 4.16210E-14 6.61343E-12 4.92342E-14 3.75066E-22 5.91774E-09 4.20205E-07
 1.81864E-05 5.65475E-09 1.71765E-09 3.39006E-09 6.11752E-06 7.22627E-10 2.17682E-05 1.62741E-04
 1.02099E-06 5.40994E-10 5.12685E-10 1.60830E-08 9.86653E-10 1.63130E-11 1.08557E-13 6.59426E-13
 1.40815E-15 8.21473E-16 2.79891E-19 3.07061E-14 3.23351E-09 1.93298E-08 7.94727E-10 1.56743E-09
 3.80977E-07 3.70423E-15 1.27138E-23 5.92516E-24 4.50053E-14 6.54973E-12 4.76563E-14 3.62574E-22
 3.02288E+02 2.99937E+02 2.97539E+02 2.95113E+02 2.92630E+02 2.90110E+02 2.87518E+02 2.84876E+02
 2.82144E+02 2.79340E+02 2.76426E+02 2.73404E+02 2.70580E+02 2.67622E+02 2.64468E+02 2.61083E+02
 2.57426E+02 2.53442E+02 2.49416E+02 2.46333E+02 2.44259E+02 2.42396E+02 2.40645E+02 2.39182E+02
 2.38001E+02 2.37112E+02 2.36190E+02 2.35135E+02 2.34029E+02 2.32816E+02 2.31560E+02 2.30423E+02
 2.29504E+02 2.28760E+02 2.28161E+02 2.27696E+02 2.27379E+02 2.27197E+02 2.27125E+02 2.27147E+02
 2.27261E+02 2.27449E+02 2.27684E+02 2.27943E+02 2.28182E+02 2.28377E+02 2.28514E+02 2.28539E+02
 2.28430E+02 2.28206E+02 2.27908E+02 2.27618E+02 2.27368E+02 2.27099E+02 2.26770E+02 2.26403E+02
 2.26023E+02 2.25635E+02 2.25248E+02 2.24889E+02 2.24567E+02 2.24288E+02 2.24068E+02 2.23924E+02
 2.23856E+02 2.23846E+02 2.23878E+02 2.23937E+02 2.24005E+02 2.24051E+02 2.24035E+02 2.23949E+02
 2.23811E+02 2.23635E+02 2.23452E+02 2.23283E+02 2.23078E+02 2.22783E+02 2.22403E+02 2.21945E+02
 2.21402E+02 2.20770E+02 2.20036E+02 2.19172E+02 2.18140E+02 2.16895E+02 2.15418E+02 2.13736E+02
 2.11912E+02 2.10022E+02 2.08128E+02 2.06222E+02 2.04152E+02 2.01469E+02 1.97482E+02 1.91998E+02
 1.85924E+02 1.80042E+02 1.74346E+02 1.68830E+02 1.00000E+05 1.00000E+05 1.00000E+05 1.00000E+05
 1.00000E+05 1.00000E+05 1.00000E+05 1.00000E+05 1.00000E+05 1.00000E+05 1.00000E+05 1.00000E+05
 1.00000E+05 1.00000E+05 1.00000E+05 1.00000E+05 1.00000E+05 1.00000E+05 1.00000E+05 1.00000E+05
 1.00000E+05 9.31472E+04 8.86536E+04 6.92150E+04 5.20022E+04 3.47895E+04 2.84801E+04 1.72418E+04
 1.57260E+04 1.10791E+04 9.33915E+03 7.27617E+03 5.21319E+03 5.56799E+03 4.86714E+03 4.63441E+03
 4.26207E+03 4.13447E+03 3.98979E+03 3.84511E+03 3.91330E+03 3.89202E+03 3.95793E+03 4.00005E+03
 4.14904E+03 4.29543E+03 4.44181E+03 4.70010E+03 4.91329E+03 5.17948E+03 5.43267E+03 5.68586E+03
 6.06764E+03 6.38594E+03 6.77407E+03 7.13535E+03 7.55034E+03 7.95374E+03 8.35715E+03 8.80479E+03
 9.23117E+03 9.68570E+03 1.01300E+04 1.06816E+04 1.12135E+04 1.17454E+04 1.22454E+04 1.27603E+04
 1.32298E+04 1.37149E+04 1.43800E+04 1.50183E+04 1.56566E+04 1.63415E+04 1.70053E+04 1.76252E+04
 1.82593E+04 1.90417E+04 1.98077E+04 2.05736E+04 2.14906E+04 2.23417E+04 2.34778E+04 2.45288E+04
 2.58269E+04 2.71078E+04 2.83886E+04 2.96621E+04 3.09387E+04 3.24962E+04 3.39770E+04 3.56890E+04
 3.73954E+04 3.91018E+04 4.08011E+04 4.25032E+04 4.44760E+04 4.63823E+04 4.82887E+04 5.10355E+04
 2.34001E+19 2.19073E+19 2.05024E+19 1.91795E+19 1.79356E+19 1.67652E+19 1.56659E+19 1.46324E+19
 1.36629E+19 1.27523E+19 1.18990E+19 1.10990E+19 1.03377E+19 9.62624E+18 8.96313E+18 8.34578E+18
 7.77169E+18 7.23878E+18 6.73604E+18 6.23806E+18 5.74868E+18 5.28967E+18 4.86213E+18 4.46135E+18
 4.08689E+18 3.73791E+18 3.41810E+18 3.12631E+18 2.85893E+18 2.61450E+18 2.39032E+18 2.18326E+18
 1.99149E+18 1.81461E+18 1.65197E+18 1.50272E+18 1.36587E+18 1.24063E+18 1.12630E+18 1.02210E+18
 9.27198E+17 8.40909E+17 7.62576E+17 6.91553E+17 6.27282E+17 5.69156E+17 5.16594E+17 4.69143E+17
 4.26300E+17 3.87544E+17 3.52395E+17 3.20390E+17 2.91213E+17 2.64692E+17 2.40623E+17 2.18753E+17
 1.98854E+17 1.80747E+17 1.64263E+17 1.49243E+17 1.35558E+17 1.23090E+17 1.11730E+17 1.01378E+17
 9.19516E+16 8.33804E+16 7.55958E+16 6.85323E+16 6.21293E+16 5.63325E+16 5.10921E+16 4.63536E+16
 4.20631E+16 3.81744E+16 3.46443E+16 3.14368E+16 2.85292E+16 2.58986E+16 2.35167E+16 2.13577E+16
 1.94006E+16 1.76258E+16 1.60164E+16 1.45577E+16 1.32368E+16 1.20418E+16 1.09602E+16 9.97852E+15
 9.08399E+15 8.26560E+15 7.51483E+15 6.82683E+15 6.20110E+15 5.64356E+15 5.16183E+15 4.74743E+15
 4.36888E+15 4.00549E+15 3.65818E+15 3.32768E+15 6.65081E-14 7.35939E-14 8.85137E-14 1.11956E-13
 1.42435E-13 1.79455E-13 2.22860E-13 2.72643E-13 3.28851E-13 3.91573E-13 4.60932E-13 5.37064E-13
 6.20139E-13 7.10343E-13 8.07873E-13 9.12615E-13 1.02423E-12 1.14229E-12 1.26659E-12 1.39749E-12
 1.53585E-12 1.68781E-12 1.85916E-12 2.07073E-12 2.36558E-12 2.81001E-12 3.45287E-12 4.43026E-12
 5.83625E-12 7.70688E-12 1.02857E-11 1.36479E-11 1.83610E-11 2.39374E-11 2.98411E-11 3.63697E-11
 4.32768E-11 5.03486E-11 5.72078E-11 6.36200E-11 6.91322E-11 7.34025E-11 7.62062E-11 7.73350E-11
 7.66692E-11 7.42043E-11 7.00033E-11 6.42423E-11 5.71367E-11 4.88766E-11 3.95044E-11 3.15759E-11
 2.50566E-11 1.96692E-11 1.52967E-11 1.17595E-11 8.94256E-12 6.71496E-12 4.97187E-12 3.63018E-12
 2.60766E-12 1.84160E-12 1.27592E-12 8.68940E-13 5.80118E-13 3.78890E-13 2.41287E-13 1.49557E-13
 8.98484E-14 5.22093E-14 2.94748E-14 1.61052E-14 8.49298E-15 4.31716E-15 2.10622E-15 9.80650E-16
 4.34246E-16 1.83339E-16 7.34284E-17 2.77661E-17 9.93452E-18 3.33498E-18 1.05916E-18 3.15118E-19
 8.83615E-20 2.31840E-20 5.65269E-21 1.27076E-21 2.61184E-22 4.93102E-23 8.43457E-24 1.30815E-24
 1.81778E-25 2.24009E-26 2.43046E-27 2.31188E-28 1.93737E-29 1.38997E-30 8.23856E-32 4.20610E-33
 1.30274E-01 1.16725E-01 1.15038E-01 1.22778E-01 1.38980E-01 1.56711E-01 1.74012E-01 1.91987E-01
 2.09745E-01 2.26338E-01 2.42097E-01 2.56065E-01 2.68154E-01 2.79008E-01 2.88223E-01 2.96874E-01
 3.04631E-01 3.10850E-01 3.13851E-01 3.15841E-01 3.17064E-01 3.16367E-01 3.15836E-01 3.19229E-01
 3.35398E-01 3.64303E-01 4.09246E-01 4.80634E-01 5.79612E-01 7.00900E-01 8.55671E-01 1.03706E+00
 1.27269E+00 1.51194E+00 1.71262E+00 1.89185E+00 2.03490E+00 2.13671E+00 2.18824E+00 2.19057E+00
 2.14013E+00 2.04117E+00 1.90277E+00 1.73545E+00 1.54757E+00 1.34842E+00 1.14640E+00 9.49783E-01
 7.64109E-01 5.92467E-01 4.34479E-01 3.15042E-01 2.26659E-01 1.61342E-01 1.13855E-01 7.94514E-02
 5.48450E-02 3.73827E-02 2.51205E-02 1.66392E-02 1.08376E-02 6.93538E-03 4.35044E-03 2.67967E-03
 1.61642E-03 9.53353E-04 5.48019E-04 3.06519E-04 1.66153E-04 8.71378E-05 4.44302E-05 2.19425E-05
 1.04691E-05 4.81709E-06 2.12707E-06 8.96070E-07 3.59084E-07 1.37296E-07 4.98286E-08 1.70824E-08
 5.54412E-09 1.68909E-09 4.87140E-10 1.31749E-10 3.36225E-11 8.04112E-12 1.78996E-12 3.67937E-13
 6.91833E-14 1.19424E-14 1.86783E-15 2.64633E-16 3.36111E-17 3.81022E-18 3.86736E-19 3.52632E-20
 2.87909E-21 2.00725E-22 1.14396E-23 5.76084E-25 1.00000E-12 1.00000E-12 1.00000E-12 1.00000E-12
 1.00000E-12 1.00000E-12 1.00000E-12 1.00000E-12 1.00000E-12 1.00000E-12 1.00000E-12 1.00000E-12
 1.00000E-12 1.00000E-12 1.00000E-12 1.00000E-12 1.00000E-12 1.00000E-12 1.00000E-12 1.00000E-12
 1.00000E-12 1.00000E-12 1.00000E-12 1.00000E-12 1.00000E-12 1.00000E-12 1.00000E-12 1.00000E-12
 1.00000E-12 1.00000E-12 1.00000E-12 1.00000E-12 1.00000E-12 1.00000E-12 1.00000E-12 1.00000E-12
 1.00000E-12 1.00000E-12 1.00000E-12 1.00000E-12 1.00000E-12 1.00000E-12 1.00000E-12 1.00000E-12
 1.00000E-12 1.00000E-12 1.00000E-12 1.00000E-12 1.00000E-12 1.00000E-12 1.00000E-12 1.00000E-12
 1.00000E-12 1.00000E-12 1.00000E-12 1.00000E-12 1.00000E-12 1.00000E-12 1.00000E-12 1.00000E-12
 1.00000E-12 1.00000E-12 1.00000E-12 1.00000E-12 1.00000E-12 1.00000E-12 1.00000E-12 1.00000E-12
 1.00000E-12 1.00000E-12 1.00000E-12 1.00000E-12 1.00000E-12 1.00000E-12 1.00000E-12 1.00000E-12
 1.00000E-12 1.00000E-12 1.00000E-12 1.00000E-12 1.00000E-12 1.00000E-12 1.00000E-12 1.00000E-12
 1.00000E-12 1.00000E-12 1.00000E-12 1.00000E-12 1.00000E-12 1.00000E-12 1.00000E-12 1.00000E-12
 1.00000E-12 1.00000E-12 1.00000E-12 1.00000E-12 1.00000E-12 1.00000E-12 1.00000E-12 1.00000E-12
 1.00000E-12 1.00000E-12 1.00000E-12 1.00000E-12 1.00000E-12 1.00000E-12 1.00000E-12 1.00000E-12
 1.00000E-12 1.00000E-12 1.00000E-12 1.00000E-12 1.00000E-12 1.00000E-12 1.00000E-12 1.00000E-12
 1.00000E-12 1.00000E-12 1.00000E-12 1.00000E-12 1.00000E-12 1.00000E-12 1.00000E-12 1.00000E-12
 1.00000E-12 1.00000E-12 1.00000E-12 1.00000E-12 1.00000E-12 1.00000E-12 1.00000E-12 1.00000E-12
 1.00000E-12 1.00000E-12 1.00000E-12 1.00000E-12 1.00000E-12 1.00000E-12 1.00000E-12 1.00000E-12
 1.00000E-12 1.00000E-12 1.00000E-12 1.00000E-12 1.00000E-12 1.00000E-12 1.00000E-12 1.00000E-12
 1.00000E-12 1.00000E-12 1.00000E-12 1.00000E-12 1.00000E-12 1.00000E-12 1.00000E-12 1.00000E-12
 1.00000E-12 1.00000E-12 1.00000E-12 1.00000E-12 1.00000E-12 1.00000E-12 1.00000E-12 1.00000E-12
 1.00000E-12 1.00000E-12 1.00000E-12 1.00000E-12 1.00000E-12 1.00000E-12 1.00000E-12 1.00000E-12
 1.00000E-12 1.00000E-12 1.00000E-12 1.00000E-12 1.00000E-12 1.00000E-12 1.00000E-12 1.00000E-12
 1.00000E-12 1.00000E-12 1.00000E-12 1.00000E-12 1.00000E-12 1.00000E-12 1.00000E-12 1.00000E-12
 1.00000E-12 1.00000E-12 1.00000E-12 1.00000E-12 1.00000E-12 1.00000E-12 1.00000E-12 1.00000E-12
 1.00000E-12 1.00000E-12 1.00000E-12 1.00000E-12 2.74846E-04 2.94041E-04 3.15348E-04 3.37453E-04
 3.57719E-04 3.79484E-04 4.03542E-04 4.29068E-04 4.56616E-04 4.86825E-04 5.19695E-04 5.56047E-04
 5.96070E-04 6.39947E-04 6.88473E-04 7.41372E-04 7.99383E-04 8.63714E-04 9.36505E-04 1.01549E-03
 1.10084E-03 1.19705E-03 1.30402E-03 1.42116E-03 1.54304E-03 1.67964E-03 1.83020E-03 1.99554E-03
 2.17775E-03 2.37861E-03 2.60120E-03 2.84773E-03 3.12029E-03 3.42143E-03 3.75651E-03 4.12906E-03
 4.54360E-03 5.00319E-03 5.51259E-03 6.07724E-03 6.70302E-03 7.39598E-03 8.16230E-03 9.00567E-03
 9.93444E-03 1.09571E-02 1.20823E-02 1.33177E-02 1.46731E-02 1.61590E-02 1.77930E-02 1.95959E-02
 2.15875E-02 2.37835E-02 2.62019E-02 2.88677E-02 3.18092E-02 3.50558E-02 3.86411E-02 4.26034E-02
 4.69836E-02 5.18285E-02 5.71904E-02 6.31282E-02 6.97035E-02 7.69750E-02 8.50134E-02 9.38980E-02
 1.03712E-01 1.14543E-01 1.26483E-01 1.39645E-01 1.54134E-01 1.70113E-01 1.87766E-01 2.07281E-01
 2.28832E-01 2.52603E-01 2.78839E-01 3.07812E-01 3.39816E-01 3.75186E-01 4.14287E-01 4.57478E-01
 5.05218E-01 5.57992E-01 6.16396E-01 6.81097E-01 7.53068E-01 8.33449E-01 9.23021E-01 1.02330E+00
 1.13543E+00 1.25949E+00 1.39415E+00 1.53836E+00 1.69646E+00 1.88001E+00 2.09917E+00 2.33576E+00
 1.00000E+00 1.00000E+00 1.00000E+00 1.00000E+00 1.00000E+00 1.00000E+00 1.00000E+00 1.00000E+00
 1.00000E+00 1.00000E+00 1.00000E+00 1.00000E+00 1.00000E+00 1.00000E+00 1.00000E+00 1.00000E+00
 1.00000E+00 1.00000E+00 1.00000E+00 1.00000E+00 1.00000E+00 1.00000E+00 1.00000E+00 1.00000E+00
 1.00000E+00 1.00000E+00 1.00000E+00 1.00000E+00 1.00000E+00 1.00000E+00 1.00000E+00 1.00000E+00
 1.00000E+00 1.00000E+00 1.00000E+00 1.00000E+00 1.00000E+00 1.00000E+00 1.00000E+00 1.00000E+00
 1.00000E+00 1.00000E+00 1.00000E+00 1.00000E+00 1.00000E+00 1.00000E+00 1.00000E+00 1.00000E+00
 1.00000E+00 1.00000E+00 1.00000E+00 1.00000E+00 1.00000E+00 1.00000E+00 1.00000E+00 1.00000E+00
 1.00000E+00 1.00000E+00 1.00000E+00 1.00000E+00 1.00000E+00 1.00000E+00 1.00000E+00 1.00000E+00
 1.00000E+00 1.00000E+00 1.00000E+00 1.00000E+00 1.00000E+00 1.00000E+00 1.00000E+00 1.00000E+00
 1.00000E+00 1.00000E+00 1.00000E+00 1.00000E+00 1.00000E+00 1.00000E+00 1.00000E+00 1.00000E+00
 1.00000E+00 1.00000E+00 1.00000E+00 1.00000E+00 1.00000E+00 1.00000E+00 1.00000E+00 1.00000E+00
 1.00000E+00 1.00000E+00 1.00000E+00 1.00000E+00 1.00000E+00 1.00000E+00 1.00000E+00 1.00000E+00
 1.00000E+00 1.00000E+00 1.00000E+00 1.00000E+00 1.00000E+00 1.00000E+00 1.00000E+00 1.00000E+00
 1.00000E+00 1.00000E+00 1.00000E+00 1.00000E+00 1.00000E+00 1.00000E+00 1.00000E+00 1.00000E+00
 1.00000E+00 1.00000E+00 1.00000E+00 1.00000E+00 1.00000E+00 1.00000E+00 1.00000E+00 1.00000E+00
 1.00000E+00 1.00000E+00 1.00000E+00 1.00000E+00 1.00000E+00 1.00000E+00 1.00000E+00 1.00000E+00
 1.00000E+00 1.00000E+00 1.00000E+00 1.00000E+00 1.00000E+00 1.00000E+00 1.00000E+00 1.00000E+00
 1.00000E+00 1.00000E+00 1.00000E+00 1.00000E+00 1.00000E+00 1.00000E+00 1.00000E+00 1.00000E+00
 1.00000E+00 1.00000E+00 1.00000E+00 1.00000E+00 1.00000E+00 1.00000E+00 1.00000E+00 1.00000E+00
 1.00000E+00 1.00000E+00 1.00000E+00 1.00000E+00 1.00000E+00 1.00000E+00 1.00000E+00 1.00000E+00
 1.00000E+00 1.00000E+00 1.00000E+00 1.00000E+00 1.00000E+00 1.00000E+00 1.00000E+00 1.00000E+00
 1.00000E+00 1.00000E+00 1.00000E+00 1.00000E+00 1.00000E+00 1.00000E+00 1.00000E+00 1.00000E+00
 1.00000E+00 1.00000E+00 1.00000E+00 1.00000E+00 1.00000E+00 1.00000E+00 1.00000E+00 1.00000E+00
 1.00000E+00 1.00000E+00 1.00000E+00 1.00000E+00 1.00000E+00 1.00000E+00 1.00000E+00 1.00000E+00
 1.00000E+00 1.00000E+00 1.00000E+00 1.00000E+00 1.00000E+00 1.00000E+00 1.00000E+00 1.00000E+00
 1.00000E-05 1.00000E-05 1.00000E-05 1.00000E-05 1.00000E-05 1.00000E-05 1.00000E-05 1.00000E-05
 1.00000E-05 1.00000E-05 1.00000E-05 1.00000E-05 1.00000E-05 1.00000E-05 1.00000E-05 1.00000E-05
 1.00000E-05 1.00000E-05 1.00000E-05 1.00000E-05 1.00000E-05 1.00000E-05 1.00000E-05 1.00000E-05
 1.00000E-05 1.00000E-05 1.00000E-05 1.00000E-05 1.00000E-05 1.00000E-05 1.00000E-05 1.00000E-05
 1.00000E-05 1.00000E-05 1.00000E-05 1.00000E-05 1.00000E-05 1.00000E-05 1.00000E-05 1.00000E-05
 1.00000E-05 1.00000E-05 1.00000E-05 1.00000E-05 1.00000E-05 1.00000E-05 1.00000E-05 1.00000E-05
 1.00000E-05 1.00000E-05 1.00000E-05 1.00000E-05 1.00000E-05 1.00000E-05 1.00000E-05 1.00000E-05
 1.00000E-05 1.00000E-05 1.00000E-05 1.00000E-05 1.00000E-05 1.00000E-05 1.00000E-05 1.00000E-05
 1.00000E-05 1.00000E-05 1.00000E-05 1.00000E-05 1.00000E-05 1.00000E-05 1.00000E-05 1.00000E-05
 1.00000E-05 1.00000E-05 1.00000E-05 1.00000E-05 1.00000E-05 1.00000E-05 1.00000E-05 1.00000E-05
 1.00000E-05 1.00000E-05 1.00000E-05 1.00000E-05 1.00000E-05 1.00000E-05 1.00000E-05 1.00000E-05
 1.00000E-05 1.00000E-05 1.00000E-05 1.00000E-05 1.00000E-05 1.00000E-05 1.00000E-05 1.00000E-05
 1.00000E-05 1.00000E-05 1.00000E-05 1.00000E-05 1.00000E-09 1.00000E-09 1.00000E-09 1.00000E-09
 1.00000E-09 1.00000E-09 1.00000E-09 1.00000E-09 1.00000E-09 1.00000E-09 1.00000E-09 1.00000E-09
 1.00000E-09 1.00000E-09 1.00000E-09 1.00000E-09 1.00000E-09 1.00000E-09 1.00000E-09 1.00000E-09
 1.00000E-09 1.00000E-09 1.00000E-09 1.00000E-09 1.00000E-09 1.00000E-09 1.00000E-09 1.00000E-09
 1.00000E-09 1.00000E-09 1.00000E-09 1.00000E-09 1.00000E-09 1.00000E-09 1.00000E-09 1.00000E-09
 1.00000E-09 1.00000E-09 1.00000E-09 1.00000E-09 1.00000E-09 1.00000E-09 1.00000E-09 1.00000E-09
 1.00000E-09 1.00000E-09 1.00000E-09 1.00000E-09 1.00000E-09 1.00000E-09 1.00000E-09 1.00000E-09
 1.00000E-09 1.00000E-09 1.00000E-09 1.00000E-09 1.00000E-09 1.00000E-09 1.00000E-09 1.00000E-09
 1.00000E-09 1.00000E-09 1.00000E-09 1.00000E-09 1.00000E-09 1.00000E-09 1.00000E-09 1.00000E-09
 1.00000E-09 1.00000E-09 1.00000E-09 1.00000E-09 1.00000E-09 1.00000E-09 1.00000E-09 1.00000E-09
 1.00000E-09 1.00000E-09 1.00000E-09 1.00000E-09 1.00000E-09 1.00000E-09 1.00000E-09 1.00000E-09
 1.00000E-09 1.00000E-09 1.00000E-09 1.00000E-09 1.00000E-09 1.00000E-09 1.00000E-09 1.00000E-09
 1.00000E-09 1.00000E-09 1.00000E-09 1.00000E-09 1.00000E-09 1.00000E-09 1.00000E-09 1.00000E-09
 1.00000E-09 1.00000E-09 1.00000E-09 1.00000E-09 1.00000E-09 1.00000E-09 1.00000E-09 1.00000E-09
 1.00000E-09 1.00000E-09 1.00000E-09 1.00000E-09 1.00000E-09 1.00000E-09 1.00000E-09 1.00000E-09
 1.00000E-09 1.00000E-09 1.00000E-09 1.00000E-09 1.00000E-09 1.00000E-09 1.00000E-09 1.00000E-09
 1.00000E-09 1.00000E-09 1.00000E-09 1.00000E-09 1.00000E-09 1.00000E-09 1.00000E-09 1.00000E-09
 1.00000E-09 1.00000E-09 1.00000E-09 1.00000E-09 1.00000E-09 1.00000E-09 1.00000E-09 1.00000E-09
 1.00000E-09 1.00000E-09 1.00000E-09 1.00000E-09 1.00000E-09 1.00000E-09 1.00000E-09 1.00000E-09
 1.00000E-09 1.00000E-09 1.00000E-09 1.00000E-09 1.00000E-09 1.00000E-09 1.00000E-09 1.00000E-09
 1.00000E-09 1.00000E-09 1.00000E-09 1.00000E-09 1.00000E-09 1.00000E-09 1.00000E-09 1.00000E-09
 1.00000E-09 1.00000E-09 1.00000E-09 1.00000E-09 1.00000E-09 1.00000E-09 1.00000E-09 1.00000E-09
 1.00000E-09 1.00000E-09 1.00000E-09 1.00000E-09 1.00000E-09 1.00000E-09 1.00000E-09 1.00000E-09
 1.00000E-09 1.00000E-09 1.00000E-09 1.00000E-09 1.00000E-09 1.00000E-09 1.00000E-09 1.00000E-09
 1.00000E-09 1.00000E-09 1.00000E-09 1.00000E-09 1.00000E-09 1.00000E-09 1.00000E-09 1.00000E-09
 1.00000E-09 1.00000E-09 1.00000E-09 1.00000E-09
