 2.54971E-09 9.02570E-16 1.75548E-02 1.52151E-15 2.37218E-11 8.43061E-09 3.44531E-08 1.85949E-19
 1.43616E-04 5.64713E-04 6.55232E-06 1.63443E-08 2.59105E-11 1.09560E-07 4.87829E-12 2.51902E-11
 5.22739E-16 3.71964E-11 4.27832E-13 2.62380E-14 1.94516E-16-4.36366E-31 7.81814E-10 3.76098E-17
 9.24683E-22 1.41450E-18 9.32220E-13 7.76984E-17 4.11742E-11 2.19568E-18 8.79236E-20 6.00199E-11
 1.42158E-13 5.26567E-13 2.83845E-09 1.10065E-15 1.50813E-02 1.94860E-15 2.67901E-11 9.66664E-09
 3.72640E-08 2.41369E-19 1.43637E-04 5.64554E-04 6.55189E-06 1.84923E-08 2.76753E-11 1.09515E-07
 5.63790E-12 2.80185E-11 7.16908E-16 4.82806E-11 6.98944E-13 2.66738E-14 2.62184E-16 8.63324E-31
 7.80392E-10 4.78828E-17 1.20211E-21 1.72554E-18 1.25834E-12 9.84513E-17 4.14015E-11 2.63812E-18
 1.61503E-19 9.41162E-11 2.52461E-13 7.39840E-13 3.16234E-09 1.35594E-15 1.27061E-02 2.50337E-15
 3.01516E-11 1.12235E-08 4.07842E-08 3.13458E-19 1.43657E-04 5.64390E-04 6.55032E-06 2.10422E-08
 2.96402E-11 1.09467E-07 6.42049E-12 3.10162E-11 9.71937E-16 6.03651E-11 1.15063E-12 2.72850E-14
 3.60081E-16 1.64699E-30 7.78932E-10 6.14120E-17 1.57162E-21 2.15311E-18 1.66646E-12 1.22069E-16
 4.13811E-11 3.12724E-18 2.61496E-19 1.28716E-10 4.02823E-13 8.86855E-13 3.54250E-09 1.67826E-15
 1.06786E-02 3.23758E-15 3.39576E-11 1.31798E-08 4.49002E-08 4.09020E-19 1.43678E-04 5.64222E-04
 6.54730E-06 2.41321E-08 3.19390E-11 1.09416E-07 7.23814E-12 3.42465E-11 1.31330E-15 7.41317E-11
 1.91838E-12 2.79626E-14 4.95647E-16 3.29340E-30 7.77442E-10 8.00782E-17 2.07552E-21 2.73522E-18
 2.18792E-12 1.51030E-16 4.11254E-11 3.69033E-18 4.00088E-19 1.64604E-10 6.09311E-13 9.85732E-13
 3.92132E-09 2.07614E-15 8.87922E-03 4.14364E-15 3.78884E-11 1.52348E-08 4.94763E-08 5.27012E-19
 1.43699E-04 5.64050E-04 6.54251E-06 2.72250E-08 3.42092E-11 1.09362E-07 8.13941E-12 3.76856E-11
 1.75164E-15 8.79166E-11 3.21921E-12 2.85164E-14 6.83657E-16 6.65416E-30 7.75928E-10 1.03859E-16
 2.72086E-21 3.46683E-18 2.79132E-12 1.85620E-16 4.06584E-11 4.28541E-18 5.84656E-19 2.01356E-10
 8.72319E-13 1.04500E-12 4.26344E-09 2.55586E-15 7.26057E-03 5.21775E-15 4.17707E-11 1.72233E-08
 5.43227E-08 6.66717E-19 1.43719E-04 5.63875E-04 6.53562E-06 3.00293E-08 3.62523E-11 1.09305E-07
 9.14896E-12 4.12234E-11 2.29777E-15 1.00599E-10 5.41468E-12 2.87288E-14 9.40556E-16 1.33420E-29
 7.74401E-10 1.32361E-16 3.51952E-21 4.34317E-18 3.45979E-12 2.24648E-16 4.00105E-11 4.89293E-18
 8.22917E-19 2.38460E-10 1.19103E-12 1.07282E-12 4.54432E-09 3.11711E-15 5.90631E-03 6.46218E-15
 4.55057E-11 1.90390E-08 5.91695E-08 8.27577E-19 1.43738E-04 5.63698E-04 6.52631E-06 3.23714E-08
 3.79862E-11 1.09244E-07 1.02455E-11 4.45485E-11 2.95376E-15 1.11256E-10 9.09252E-12 2.82981E-14
 1.25686E-15 2.64470E-29 7.72869E-10 1.65084E-16 4.49046E-21 5.36300E-18 4.18162E-12 2.65269E-16
 3.92137E-11 5.51766E-18 1.12528E-18 2.75337E-10 1.56034E-12 1.07691E-12 4.74319E-09 3.75210E-15
 4.70471E-03 7.85054E-15 4.90026E-11 2.06101E-08 6.36698E-08 1.00622E-18 1.43756E-04 5.63518E-04
 6.51431E-06 3.41495E-08 3.93116E-11 1.09179E-07 1.13477E-11 4.70998E-11 3.68308E-15 1.19114E-10
 1.50506E-11 2.69405E-14 1.61869E-15 5.14049E-29 7.71343E-10 2.00914E-16 5.63509E-21 6.50859E-18
 4.94775E-12 3.02312E-16 3.82987E-11 6.15730E-18 1.49963E-18 3.11348E-10 1.96812E-12 1.06385E-12
 4.84427E-09 4.44001E-15 3.65981E-03 9.34096E-15 5.22141E-11 2.18941E-08 6.74120E-08 1.19853E-18
 1.43773E-04 5.63337E-04 6.49943E-06 3.53253E-08 4.02399E-11 1.09110E-07 1.23126E-11 4.82054E-11
 4.40173E-15 1.23628E-10 2.40384E-11 2.45404E-14 1.97067E-15 9.69190E-29 7.69830E-10 2.38464E-16
 6.94207E-21 7.75697E-18 5.75135E-12 3.28815E-16 3.72882E-11 6.81773E-18 1.94904E-18 3.45787E-10
 2.39556E-12 1.03886E-12 4.83369E-09 5.14409E-15 2.81083E-03 1.08917E-14 5.50851E-11 2.28771E-08
 6.99705E-08 1.39748E-18 1.43787E-04 5.63154E-04 6.48156E-06 3.59078E-08 4.07738E-11 1.09037E-07
 1.28914E-11 4.69744E-11 4.97206E-15 1.24565E-10 3.67919E-11 2.09890E-14 2.17020E-15 1.79741E-28
 7.68339E-10 2.77156E-16 8.40327E-21 9.10856E-18 6.58782E-12 3.37458E-16 3.61904E-11 7.52415E-18
 2.48584E-18 3.77857E-10 2.82014E-12 1.00560E-12 4.70091E-09 5.80537E-15 2.10651E-03 1.24314E-14
 5.75226E-11 2.35706E-08 7.10134E-08 1.58924E-18 1.43800E-04 5.62970E-04 6.46067E-06 3.59345E-08
 4.08244E-11 1.08959E-07 1.26993E-11 4.24246E-11 5.18126E-15 1.22105E-10 5.38199E-11 1.63608E-14
 2.06989E-15 3.38572E-28 7.66874E-10 3.17590E-16 9.99440E-21 1.06011E-17 7.45453E-12 3.22519E-16
 3.49948E-11 8.29024E-18 3.13521E-18 4.06641E-10 3.21754E-12 9.66056E-13 4.45690E-09 6.37794E-15
 1.53391E-03 1.39063E-14 5.95273E-11 2.40103E-08 7.04584E-08 1.76412E-18 1.43810E-04 5.62783E-04
 6.43691E-06 3.54680E-08 4.03920E-11 1.08876E-07 1.15457E-11 3.48747E-11 4.89439E-15 1.16905E-10
 7.44142E-11 1.14156E-14 1.65645E-15 6.56265E-28 7.65439E-10 3.60648E-16 1.17003E-20 1.22734E-17
 8.35130E-12 2.83943E-16 3.36660E-11 9.12228E-18 3.93180E-18 4.31095E-10 3.56680E-12 9.20858E-13
 4.13478E-09 6.84127E-15 1.08016E-03 1.53240E-14 6.11715E-11 2.42515E-08 6.85535E-08 1.92038E-18
 1.43817E-04 5.62595E-04 6.41052E-06 3.45834E-08 3.94706E-11 1.08787E-07 9.54888E-12 2.57988E-11
 4.15369E-15 1.09918E-10 9.67590E-11 7.05383E-15 1.09357E-15 1.32213E-27 7.64035E-10 4.07497E-16
 1.35596E-20 1.41606E-17 9.28025E-12 2.28659E-16 3.21401E-11 1.00204E-17 4.94407E-18 4.50050E-10
 3.85625E-12 8.69534E-13 3.78038E-09 7.21187E-15 7.31932E-04 1.67725E-14 6.25867E-11 2.43574E-08
 6.58315E-08 2.06671E-18 1.43822E-04 5.62403E-04 6.38186E-06 3.33614E-08 3.80508E-11 1.08693E-07
 7.11972E-12 1.70994E-11 3.16592E-15 1.02117E-10 1.18151E-10 3.86366E-15 5.97244E-16 2.78203E-27
 7.62661E-10 4.59007E-16 1.56969E-20 1.62681E-17 1.02448E-11 1.68150E-16 3.03237E-11 1.09639E-17
 6.29445E-18 4.62205E-10 4.08453E-12 8.10749E-13 3.43884E-09 7.54385E-15 4.75028E-04 1.84096E-14
 6.39319E-11 2.43831E-08 6.29556E-08 2.22142E-18 1.43825E-04 5.62207E-04 6.35137E-06 3.18929E-08
 3.61533E-11 1.08593E-07 4.83815E-12 1.03198E-11 2.21177E-15 9.42877E-11 1.36126E-10 1.94254E-15
 2.85646E-16 6.07271E-27 7.61313E-10 5.14395E-16 1.83365E-20 1.85205E-17 1.12489E-11 1.14183E-16
 2.80973E-11 1.18821E-17 8.17158E-18 4.66151E-10 4.25515E-12 7.42769E-13 3.14210E-09 7.93977E-15
 2.99590E-04 2.03850E-14 6.53755E-11 2.43604E-08 6.05187E-08 2.41078E-18 1.43825E-04 5.62006E-04
 6.31957E-06 3.02916E-08 3.40215E-11 1.08487E-07 3.20528E-12 6.10365E-12 1.51819E-15 8.69480E-11
 1.49367E-10 1.00589E-15 1.41185E-16 1.31774E-26 7.59985E-10 5.70191E-16 2.17171E-20 2.07673E-17
 1.22980E-11 7.45027E-17 2.53152E-11 1.25797E-17 1.07381E-17 4.60377E-10 4.36715E-12 6.64480E-13
 2.89961E-09 8.54386E-15 1.95293E-04 2.27215E-14 6.70428E-11 2.42850E-08 5.88943E-08 2.66025E-18
 1.43822E-04 5.61799E-04 6.28693E-06 2.86776E-08 3.21353E-11 1.08374E-07 2.32439E-12 3.99471E-12
 1.13793E-15 8.03233E-11 1.58164E-10 6.21915E-16 8.69198E-17 2.65245E-26 7.58674E-10 6.23385E-16
 2.59064E-20 2.29885E-17 1.33945E-11 5.00618E-17 2.17969E-11 1.26566E-17 1.39313E-17 4.43209E-10
 4.41406E-12 5.78039E-13 2.70322E-09 9.47540E-15 1.37201E-04 2.53510E-14 6.89687E-11 2.41420E-08
 5.82383E-08 2.98160E-18 1.43816E-04 5.61583E-04 6.25390E-06 2.71466E-08 3.07423E-11 1.08253E-07
 1.91536E-12 3.01277E-12 9.60225E-16 7.44479E-11 1.63775E-10 4.64114E-16 6.78973E-17 4.85884E-26
 7.57370E-10 6.76744E-16 3.08509E-20 2.54303E-17 1.45382E-11 3.67706E-17 1.87634E-11 1.25433E-17
 1.79857E-17 4.27289E-10 4.41500E-12 4.97202E-13 2.54362E-09 1.08322E-14 1.02190E-04 2.82667E-14
 7.11324E-11 2.39255E-08 5.85988E-08 3.38444E-18 1.43808E-04 5.61357E-04 6.22080E-06 2.57547E-08
 2.98234E-11 1.08124E-07 1.83020E-12 2.65651E-12 9.29226E-16 6.92829E-11 1.68543E-10 3.98130E-16
 6.58207E-17 8.22980E-26 7.56067E-10 7.34618E-16 3.65876E-20 2.83208E-17 1.57273E-11 3.06280E-17
 1.61643E-11 1.22303E-17 2.32260E-17 4.12529E-10 4.37875E-12 4.26286E-13 2.41287E-09 1.27220E-14
 7.97767E-05 3.14676E-14 7.35245E-11 2.36425E-08 5.99661E-08 3.87689E-18 1.43796E-04 5.61119E-04
 6.18796E-06 2.45298E-08 2.92766E-11 1.07985E-07 1.90738E-12 2.57511E-12 9.72252E-16 6.47692E-11
 1.72839E-10 3.65886E-16 7.11550E-17 1.32367E-25 7.54758E-10 8.02132E-16 4.31882E-20 3.19061E-17
 1.69588E-11 2.84941E-17 1.39576E-11 1.17582E-17 3.01657E-17 3.98887E-10 4.31186E-12 3.66010E-13
 2.30336E-09 1.53148E-14 6.47555E-05 3.49668E-14 7.61038E-11 2.32940E-08 6.23904E-08 4.47084E-18
 1.43781E-04 5.60859E-04 6.15454E-06 2.34512E-08 2.90330E-11 1.07830E-07 2.09317E-12 2.64545E-12
 1.06254E-15 6.07240E-11 1.76872E-10 3.48751E-16 8.06364E-17 2.05889E-25 7.53393E-10 8.84604E-16
 5.08005E-20 3.64703E-17 1.82729E-11 2.87110E-17 1.20463E-11 1.11269E-17 3.94051E-17 3.85917E-10
 4.21743E-12 3.14203E-13 2.21191E-09 1.88662E-14 5.42949E-05 3.87931E-14 7.88539E-11 2.28837E-08
 6.59884E-08 5.18386E-18 1.43761E-04 5.60566E-04 6.11991E-06 2.25132E-08 2.90529E-11 1.07654E-07
 2.36664E-12 2.81574E-12 1.18791E-15 5.70522E-11 1.80731E-10 3.39968E-16 9.29100E-17 3.13845E-25
 7.51928E-10 9.87772E-16 5.96296E-20 4.23741E-17 1.97080E-11 3.06038E-17 1.03802E-11 1.03670E-17
 5.17471E-17 3.73360E-10 4.09854E-12 2.69470E-13 2.13250E-09 2.38711E-14 4.68004E-05 4.29615E-14
 8.16693E-11 2.23829E-08 7.12900E-08 6.03221E-18 1.43733E-04 5.60203E-04 6.08092E-06 2.16654E-08
 2.93139E-11 1.07433E-07 2.72868E-12 3.07281E-12 1.34538E-15 5.34751E-11 1.84752E-10 3.37416E-16
 1.07916E-16 4.81591E-25 7.50197E-10 1.12716E-15 7.01168E-20 5.05264E-17 2.14232E-11 3.43224E-17
 8.83336E-12 9.37296E-18 6.79601E-17 3.60163E-10 3.94892E-12 2.28183E-13 2.06039E-09 3.13698E-14
 4.19884E-05 4.74873E-14 8.43698E-11 2.17271E-08 7.96157E-08 7.03170E-18 1.43690E-04 5.59691E-04
 6.03156E-06 2.08600E-08 2.98295E-11 1.07121E-07 3.19588E-12 3.42985E-12 1.53833E-15 4.96496E-11
 1.89494E-10 3.42528E-16 1.26498E-16 7.79698E-25 7.47876E-10 1.33965E-15 8.31949E-20 6.31084E-17
 2.37443E-11 4.11383E-17 7.27096E-12 7.97170E-18 8.85616E-17 3.44638E-10 3.75287E-12 1.86335E-13
 1.99542E-09 4.34532E-14 3.97524E-05 5.24131E-14 8.67356E-11 2.08279E-08 9.33480E-08 8.20094E-18
 1.43617E-04 5.58901E-04 5.96367E-06 2.00874E-08 3.06596E-11 1.06635E-07 3.79029E-12 3.91698E-12
 1.77163E-15 4.53189E-11 1.95447E-10 3.61026E-16 1.51423E-16 1.41185E-24 7.44454E-10 1.69969E-15
 1.00581E-19 8.47838E-17 2.71657E-11 5.41011E-17 5.63143E-12 6.12109E-18 1.13526E-16 3.24854E-10
 3.49190E-12 1.41828E-13 1.94846E-09 6.31026E-14 3.94032E-05 5.79771E-14 8.88359E-11 1.97372E-08
 1.14363E-07 9.59887E-18 1.43500E-04 5.57732E-04 5.87519E-06 1.94600E-08 3.19259E-11 1.05917E-07
 4.51252E-12 4.55215E-12 2.04511E-15 4.09039E-11 2.02515E-10 4.01831E-16 1.88175E-16 2.87080E-24
 7.39622E-10 2.30345E-15 1.24581E-19 1.22421E-16 3.19968E-11 7.76651E-17 4.08778E-12 4.25968E-18
 1.43099E-16 3.01142E-10 3.18687E-12 9.95510E-14 1.92620E-09 9.71420E-14 4.02765E-05 6.45769E-14
 9.04443E-11 1.84099E-08 1.48136E-07 1.13001E-17 1.43302E-04 5.55873E-04 5.75253E-06 1.90284E-08
 3.38930E-11 1.04781E-07 5.38065E-12 5.41512E-12 2.37341E-15 3.64847E-11 2.11573E-10 4.87592E-16
 2.54966E-16 7.00654E-24 7.32290E-10 3.43197E-15 1.60941E-19 1.95877E-16 3.93276E-11 1.25905E-16
 2.65207E-12 2.54185E-18 1.74905E-16 2.71198E-10 2.83145E-12 6.06187E-14 1.94052E-09 1.54257E-13
 4.17830E-05 7.28720E-14 9.17839E-11 1.70013E-08 1.97540E-07 1.34549E-17 1.42996E-04 5.53158E-04
 5.59773E-06 1.89043E-08 3.68155E-11 1.03135E-07 6.37989E-12 6.55506E-12 2.76734E-15 3.29308E-11
 2.22253E-10 6.43954E-16 3.77638E-16 1.94118E-23 7.22062E-10 5.46856E-15 2.16612E-19 3.36793E-16
 4.95540E-11 2.22206E-16 1.52918E-12 1.33190E-18 2.07443E-16 2.37131E-10 2.46642E-12 3.17944E-14
 1.99624E-09 2.45915E-13 4.37605E-05 8.35518E-14 9.31196E-11 1.56564E-08 2.63985E-07 1.62598E-17
 1.42563E-04 5.49512E-04 5.41972E-06 1.91214E-08 4.09054E-11 1.00956E-07 7.50752E-12 8.02724E-12
 3.24520E-15 3.09344E-11 2.33985E-10 9.00961E-16 5.94333E-16 5.64106E-23 7.08937E-10 8.97634E-15
 3.00421E-19 5.97407E-16 6.26745E-11 4.08197E-16 7.94571E-13 6.38519E-19 2.39753E-16 2.02231E-10
 2.12529E-12 1.47146E-14 2.10245E-09 3.98110E-13 4.64740E-05 9.77481E-14 9.41952E-11 1.43078E-08
 3.57606E-07 1.99866E-17 1.41927E-04 5.44396E-04 5.20790E-06 1.97101E-08 4.67789E-11 9.79544E-08
 8.78959E-12 1.00334E-11 3.85341E-15 3.07727E-11 2.47931E-10 1.34449E-15 1.00805E-15 1.80419E-22
 6.91342E-10 1.54996E-14 4.34193E-19 1.11947E-15 8.02627E-11 8.05608E-16 3.51938E-13 2.62333E-19
 2.65236E-16 1.65764E-10 1.79297E-12 5.67010E-15 2.26187E-09 6.44438E-13 4.99875E-05 1.16566E-13
 9.50901E-11 1.30029E-08 4.83561E-07 2.49803E-17 1.41044E-04 5.37617E-04 4.97247E-06 2.06349E-08
 5.48414E-11 9.40760E-08 1.02696E-11 1.27671E-11 4.64278E-15 3.27247E-11 2.63924E-10 2.08507E-15
 1.79163E-15 5.97220E-22 6.69092E-10 2.73073E-14 6.45055E-19 2.14729E-15 1.02499E-10 1.65124E-15
 1.32477E-13 9.33009E-20 2.80984E-16 1.30706E-10 1.48191E-12 1.83663E-15 2.48033E-09 1.04252E-12
 5.44548E-05 1.41655E-13 9.57253E-11 1.17320E-08 6.52481E-07 3.17278E-17 1.39844E-04 5.28788E-04
 4.71810E-06 2.18472E-08 6.57471E-11 8.91816E-08 1.20139E-11 1.65670E-11 5.69441E-15 3.68876E-11
 2.82255E-10 3.33682E-15 3.31898E-15 2.02396E-21 6.41479E-10 4.87410E-14 9.81085E-19 4.18884E-15
 1.30087E-10 3.49681E-15 4.11130E-14 2.78481E-20 2.82944E-16 9.84741E-11 1.19172E-12 4.88016E-16
 2.75156E-09 1.66041E-12 5.97045E-05 1.74382E-13 9.64341E-11 1.05780E-08 8.65522E-07 4.08094E-17
 1.38334E-04 5.18145E-04 4.46632E-06 2.32014E-08 7.96139E-11 8.35052E-08 1.41019E-11 2.17078E-11
 7.08317E-15 4.29139E-11 3.01514E-10 5.35011E-15 6.17907E-15 6.48265E-21 6.09822E-10 8.49330E-14
 1.49609E-18 7.97869E-15 1.61699E-10 7.28039E-15 1.08358E-14 7.26681E-21 2.74670E-16 7.17787E-11
 9.38771E-13 1.11218E-16 3.09391E-09 2.63967E-12 6.60507E-05 2.18389E-13 9.71470E-11 9.50693E-09
 1.14444E-06 5.32921E-17 1.36374E-04 5.04918E-04 4.21182E-06 2.46835E-08 9.76088E-11 7.67737E-08
 1.65971E-11 2.88594E-11 8.96865E-15 5.10635E-11 3.22134E-10 8.72847E-15 1.17801E-14 2.06337E-20
 5.72505E-10 1.47964E-13 2.31813E-18 1.52071E-14 1.98938E-10 1.53291E-14 2.28931E-15 1.54722E-21
 2.52017E-16 4.96734E-11 7.13692E-13 2.04244E-17 3.50568E-09 4.14469E-12 7.32840E-05 2.77139E-13
 9.83810E-11 8.59751E-09 1.49256E-06 7.04932E-17 1.33966E-04 4.89370E-04 3.96989E-06 2.61563E-08
 1.19837E-10 6.92928E-08 1.95743E-11 3.84922E-11 1.15091E-14 6.09016E-11 3.41993E-10 1.41560E-14
 2.22677E-14 6.17101E-20 5.31034E-10 2.51750E-13 3.60393E-18 2.81811E-14 2.40276E-10 3.13559E-14
 3.92885E-16 2.74947E-22 2.20885E-16 3.28693E-11 5.25457E-13 3.09754E-18 3.99045E-09 6.41322E-12
 8.12551E-05 3.55958E-13 1.00537E-10 7.87588E-09 1.91578E-06 9.43754E-17 1.31094E-04 4.71634E-04
 3.74656E-06 2.75283E-08 1.46495E-10 6.13078E-08 2.31056E-11 5.11626E-11 1.49361E-14 7.19745E-11
 3.59163E-10 2.25957E-14 4.10824E-14 1.70726E-19 4.86469E-10 4.16417E-13 5.60604E-18 5.03483E-14
 2.84625E-10 6.13495E-14 5.47150E-17 4.08786E-23 1.85909E-16 2.08405E-11 3.74982E-13 3.89879E-19
 4.55829E-09 9.79726E-12 9.02293E-05 4.63376E-13 1.03921E-10 7.33351E-09 2.42445E-06 1.27933E-16
 1.27699E-04 4.51615E-04 3.54071E-06 2.87406E-08 1.78053E-10 5.29771E-08 2.72675E-11 6.75659E-11
 1.96117E-14 8.39085E-11 3.71914E-10 3.54311E-14 7.34523E-14 4.40520E-19 4.39282E-10 6.73646E-13
 8.75671E-18 8.70340E-14 3.31464E-10 1.14759E-13 6.07045E-18 5.01813E-24 1.49811E-16 1.25911E-11
 2.58294E-13 4.02652E-20 5.21244E-09 1.47454E-11 1.00305E-04 6.11109E-13 1.08938E-10 6.96476E-09
 3.01823E-06 1.75426E-16 1.23792E-04 4.29644E-04 3.35233E-06 2.97221E-08 2.14599E-10 4.46479E-08
 3.21573E-11 8.82195E-11 2.60361E-14 9.59089E-11 3.78053E-10 5.41634E-14 1.25481E-13 1.05274E-18
 3.90944E-10 1.06447E-12 1.37151E-17 1.45008E-13 3.79265E-10 2.03188E-13 5.36420E-19 5.31011E-25
 1.16362E-16 7.27002E-12 1.72161E-13 3.56670E-21 5.96462E-09 2.19252E-11 1.11579E-04 8.18786E-13
 1.15931E-10 6.74331E-09 3.70563E-06 2.43495E-16 1.19313E-04 4.05657E-04 3.17497E-06 3.04214E-08
 2.56839E-10 3.65070E-08 3.78547E-11 1.13753E-10 3.50104E-14 1.07478E-10 3.75922E-10 8.08217E-14
 2.04375E-13 2.37405E-18 3.41964E-10 1.65962E-12 2.16591E-17 2.35004E-13 4.27421E-10 3.42551E-13
 3.69289E-20 6.31895E-26 8.65964E-17 3.97970E-12 1.10455E-13 3.54426E-22 6.82003E-09 3.22139E-11
 1.24135E-04 1.11648E-12 1.25429E-10 6.65243E-09 4.48583E-06 3.42093E-16 1.14261E-04 3.79938E-04
 3.00351E-06 3.07780E-08 3.05327E-10 2.88567E-08 4.44192E-11 1.44401E-10 4.77082E-14 1.17887E-10
 3.64041E-10 1.17336E-13 3.14342E-13 5.09197E-18 2.93552E-10 2.56637E-12 3.45553E-17 3.71899E-13
 4.74583E-10 5.48879E-13 1.96654E-21 1.86809E-26 6.17579E-17 2.06055E-12 6.81684E-14 8.73401E-23
 7.78294E-09 4.68846E-11 1.38101E-04 1.55529E-12 1.38126E-10 6.67183E-09 5.36429E-06 4.86925E-16
 1.08586E-04 3.52516E-04 2.83030E-06 3.07259E-08 3.61083E-10 2.18926E-08 5.18200E-11 1.80031E-10
 6.59651E-14 1.26704E-10 3.41806E-10 1.65720E-13 4.53473E-13 1.05901E-17 2.46360E-10 3.97829E-12
 5.60092E-17 5.80336E-13 5.19864E-10 8.39130E-13 8.22711E-23 1.11646E-26 4.18100E-17 9.98459E-13
 4.01953E-14 4.31766E-23 8.84143E-09 6.76849E-11 1.53592E-04 2.22129E-12 1.55089E-10 6.78716E-09
 6.34031E-06 7.02659E-16 1.02272E-04 3.23605E-04 2.64897E-06 3.01888E-08 4.24896E-10 1.58228E-08
 5.99227E-11 2.19611E-10 9.26070E-14 1.33509E-10 3.09775E-10 2.27104E-13 6.06424E-13 2.16520E-17
 2.01332E-10 6.23470E-12 9.26176E-17 8.99276E-13 5.61933E-10 1.22267E-12 4.24381E-24 7.35531E-27
 2.66345E-17 4.48256E-13 2.25015E-14 2.33679E-23 9.95739E-09 9.71663E-11 1.70794E-04 3.26986E-12
 1.77942E-10 6.98632E-09 7.41704E-06 1.02942E-15 9.52500E-05 2.93198E-04 2.45236E-06 2.90659E-08
 4.97136E-10 1.07512E-08 6.84428E-11 2.61128E-10 1.32247E-13 1.38266E-10 2.69927E-10 3.01526E-13
 7.43054E-13 4.43297E-17 1.59012E-10 9.99075E-12 1.57335E-16 1.39705E-12 5.99523E-10 1.69852E-12
 9.36473E-25 4.65489E-27 1.56161E-17 1.82313E-13 1.17623E-14 1.20627E-23 1.10481E-08 1.38548E-10
 1.89906E-04 4.97383E-12 2.09362E-10 7.27560E-09 8.56366E-06 1.53291E-15 8.76529E-05 2.62132E-04
 2.24019E-06 2.73021E-08 5.75887E-10 6.82641E-09 7.71331E-11 3.01251E-10 1.92393E-13 1.40796E-10
 2.25894E-10 3.85396E-13 8.19830E-13 9.05723E-17 1.20985E-10 1.63978E-11 2.74522E-16 2.17334E-12
 6.29841E-10 2.22406E-12 3.83435E-25 2.79148E-27 8.36435E-18 6.65576E-14 5.70857E-15 5.84714E-24
 1.19755E-08 1.96153E-10 2.11380E-04 7.84609E-12 2.53441E-10 7.66506E-09 9.73293E-06 2.32588E-15
 7.95717E-05 2.30963E-04 2.01265E-06 2.48325E-08 6.55895E-10 4.01275E-09 8.58351E-11 3.36299E-10
 2.86353E-13 1.41613E-10 1.81833E-10 4.72406E-13 8.05133E-13 1.84423E-16 8.81180E-11 2.76389E-11
 4.92796E-16 3.38659E-12 6.49754E-10 2.72378E-12 1.52328E-25 1.56211E-27 4.01979E-18 2.14167E-14
 2.54062E-15 2.61303E-24 1.25329E-08 2.75525E-10 2.36232E-04 1.28862E-11 3.16311E-10 8.15990E-09
 1.08446E-05 3.60824E-15 7.10351E-05 1.99927E-04 1.77022E-06 2.15809E-08 7.25802E-10 2.14951E-09
 9.46338E-11 3.62915E-10 4.39056E-13 1.41774E-10 1.41183E-10 5.53853E-13 6.99957E-13 3.72456E-16
 6.06935E-11 4.78291E-11 9.11655E-16 5.28183E-12 6.54713E-10 3.10246E-12 5.43882E-26 7.90557E-28
 1.67499E-18 5.87581E-15 1.01314E-15 1.03872E-24 1.24988E-08 3.82923E-10 2.66007E-04 2.20186E-11
 4.05819E-10 8.72063E-09 1.17649E-05 5.74079E-15 6.21726E-05 1.69545E-04 1.51878E-06 1.75859E-08
 7.67211E-10 1.03641E-09 1.04050E-10 3.78889E-10 6.97196E-13 1.42241E-10 1.06022E-10 6.19498E-13
 5.39961E-13 7.27234E-16 3.90181E-11 8.36289E-11 1.72455E-15 8.15581E-12 6.37562E-10 3.25413E-12
 1.69469E-26 3.49647E-28 5.85278E-19 1.33207E-15 3.57541E-16 3.52878E-25 1.17330E-08 5.25661E-10
 3.02395E-04 3.87956E-11 5.27232E-10 9.15188E-09 1.23532E-05 9.35565E-15 5.31181E-05 1.40231E-04
 1.26731E-06 1.31001E-08 7.59579E-10 4.44028E-10 1.14958E-10 3.83698E-10 1.14479E-12 1.43418E-10
 7.67605E-11 6.61967E-13 3.75163E-13 1.31918E-15 2.29737E-11 1.42536E-10 3.27628E-15 1.22374E-11
 5.90757E-10 3.11088E-12 4.41510E-27 1.28753E-28 1.65577E-19 2.42151E-16 1.15835E-16 9.70128E-26
 1.03130E-08 7.14124E-10 3.46691E-04 6.90443E-11 6.73676E-10 9.06280E-09 1.25285E-05 1.55047E-14
 4.41102E-05 1.12616E-04 1.02922E-06 8.73096E-09 6.95153E-10 1.68862E-10 1.28453E-10 3.78372E-10
 1.91657E-12 1.44429E-10 5.30246E-11 6.80785E-13 2.41100E-13 2.12662E-15 1.21463E-11 2.24634E-10
 6.09750E-15 1.74546E-11 5.14686E-10 2.69050E-12 9.55370E-28 3.92923E-29 3.88576E-20 3.64790E-17
 4.46047E-17 2.13955E-26 8.51247E-09 9.66185E-10 3.98914E-04 1.21288E-10 8.21352E-10 8.14895E-09
 1.23063E-05 2.59514E-14 3.54638E-05 8.74409E-05 8.16475E-07 5.17482E-09 5.88366E-10 5.86572E-11
 1.45597E-10 3.64163E-10 3.20850E-12 1.43673E-10 3.45259E-11 6.81243E-13 1.47452E-13 3.01723E-15
 5.66235E-12 3.15515E-10 1.10192E-14 2.35376E-11 4.24765E-10 2.12455E-12 2.44918E-28 1.43496E-29
 1.12736E-20 6.85883E-18 3.14376E-17 5.46361E-27 6.64083E-09 1.31253E-09 4.50902E-04 2.06409E-10
 9.37264E-10 6.53094E-09 1.17582E-05 4.36788E-14 2.75228E-05 6.54220E-05 6.35639E-07 2.75580E-09
 4.65044E-10 2.06658E-11 1.67592E-10 3.41856E-10 5.28149E-12 1.39438E-10 2.10502E-11 6.68686E-13
 8.75283E-14 3.90709E-15 2.29859E-12 3.94036E-10 1.96860E-14 3.05295E-11 3.43157E-10 1.57408E-12
 1.74671E-28 1.48692E-29 9.78780E-21 3.93185E-18 3.43660E-17 3.84405E-27 4.90976E-09 1.79344E-09
 4.94820E-04 3.38453E-10 1.00248E-09 4.73061E-09 1.08955E-05 7.44092E-14 2.05410E-05 4.69569E-05
 4.86369E-07 1.33994E-09 3.45871E-10 9.18338E-12 1.95637E-10 3.11207E-10 8.49620E-12 1.31064E-10
 1.20320E-11 6.41231E-13 5.02961E-14 4.86019E-15 8.02458E-13 4.49218E-10 3.59396E-14 3.90463E-11
 2.81386E-10 1.12411E-12 1.81636E-28 2.27989E-29 1.32000E-20 3.58277E-18 3.47117E-17 3.89933E-27
 3.45022E-09 2.44874E-09 5.29928E-04 5.34697E-10 1.02080E-09 3.22032E-09 9.68000E-06 1.29963E-13
 1.47368E-05 3.23074E-05 3.67436E-07 6.08959E-10 2.43656E-10 6.00002E-12 2.30354E-10 2.72322E-10
 1.32892E-11 1.18543E-10 6.50284E-12 5.92732E-13 2.74908E-14 5.94969E-15 2.40483E-13 4.80758E-10
 6.85540E-14 4.98198E-11 2.39942E-10 7.80933E-13 1.87714E-28 3.49383E-29 1.82002E-20 3.42537E-18
 3.48641E-17 3.86430E-27 2.31468E-09 3.31131E-09 5.56423E-04 8.08661E-10 1.00759E-09 2.16649E-09
 8.14465E-06 2.32609E-13 1.01814E-05 2.13387E-05 2.77339E-07 2.66957E-10 1.63699E-10 5.04148E-12
 2.70836E-10 2.27181E-10 1.98771E-11 1.01823E-10 3.37237E-12 5.19795E-13 1.40080E-14 7.12750E-15
 6.22428E-14 4.91935E-10 1.36997E-13 6.32398E-11 2.15708E-10 5.25212E-13 1.93428E-28 5.27144E-29
 2.44595E-20 3.29787E-18 3.49854E-17 3.72113E-27 1.49523E-09 4.39687E-09 5.75271E-04 1.15652E-09
 9.84218E-10 1.52735E-09 6.42122E-06 4.18610E-13 6.81046E-06 1.36011E-05 2.13812E-07 1.17791E-10
 1.05947E-10 4.59380E-12 3.13733E-10 1.79954E-10 2.76951E-11 8.16950E-11 1.72028E-12 4.25852E-13
 6.54523E-15 8.07990E-15 1.41707E-14 4.86539E-10 2.82373E-13 7.85906E-11 2.05842E-10 3.37442E-13
 2.11339E-28 8.12106E-29 3.20426E-20 3.22634E-18 3.50493E-17 3.66414E-27 9.42341E-10 5.69181E-09
 5.87912E-04 1.54247E-09 9.71975E-10 1.18512E-09 4.72188E-06 7.32487E-13 4.45813E-06 8.45731E-06
 1.73520E-07 5.49324E-11 6.69816E-11 4.22397E-12 3.53503E-10 1.36251E-10 3.49929E-11 6.06645E-11
 8.96201E-13 3.23887E-13 2.80933E-15 8.25601E-15 2.93843E-15 4.68411E-10 5.82906E-13 9.33886E-11
 2.09014E-10 2.05248E-13 2.61372E-28 1.32715E-28 4.13342E-20 3.25775E-18 3.50086E-17 3.87660E-27
 5.87264E-10 7.12637E-09 5.95992E-04 1.90042E-09 9.85371E-10 1.02629E-09 3.31369E-06 1.19901E-12
 2.89406E-06 5.19955E-06 1.52572E-07 2.81373E-11 4.19336E-11 3.81696E-12 3.83687E-10 1.01755E-10
 3.93622E-11 4.24470E-11 5.02721E-13 2.33796E-13 1.16712E-15 7.40389E-15 5.80051E-16 4.43345E-10
 1.14853E-12 1.04519E-10 2.22473E-10 1.20842E-13 3.73925E-28 2.30936E-28 5.32418E-20 3.44086E-18
 3.48136E-17 4.49044E-27 3.66022E-10 8.60421E-09 6.00992E-04 2.18487E-09 1.02522E-09 9.64992E-10
 2.33722E-06 1.80791E-12 1.88845E-06 3.20260E-06 1.46553E-07 1.58550E-11 2.62833E-11 3.35997E-12
 4.01426E-10 7.83367E-11 3.98917E-11 2.93406E-11 3.14842E-13 1.68255E-13 5.12982E-16 6.00906E-15
 1.13754E-16 4.17575E-10 2.06236E-12 1.11081E-10 2.40819E-10 7.25120E-14 5.82657E-28 4.06481E-28
 6.88110E-20 3.78856E-18 3.44503E-17 5.54912E-27 2.29538E-10 1.00815E-08 6.04048E-04 2.40437E-09
 1.08340E-09 9.50054E-10 1.71557E-06 2.55376E-12 1.25127E-06 1.99309E-06 1.50899E-07 9.54712E-12
 1.65811E-11 2.89246E-12 4.09093E-10 6.32725E-11 3.78014E-11 2.07625E-11 2.17743E-13 1.24832E-13
 2.49637E-16 4.63645E-15 2.27724E-17 3.93024E-10 3.34126E-12 1.14029E-10 2.61172E-10 4.56153E-14
 9.12815E-28 6.86504E-28 8.87386E-20 4.27016E-18 3.39488E-17 7.04339E-27 1.45302E-10 1.15605E-08
 6.05918E-04 2.58660E-09 1.15323E-09 9.58419E-10 1.31757E-06 3.45835E-12 8.49062E-07 1.25909E-06
 1.62225E-07 5.98689E-12 1.05553E-11 2.45348E-12 4.10254E-10 5.32644E-11 3.45740E-11 1.51749E-11
 1.61394E-13 9.59974E-14 1.33640E-16 3.47651E-15 4.72152E-18 3.68052E-10 4.94217E-12 1.13967E-10
 2.84623E-10 2.98982E-14 1.38146E-27 1.09272E-27 1.13513E-19 4.85037E-18 3.33438E-17 8.99270E-27
 9.29778E-11 1.30547E-08 6.07073E-04 2.75337E-09 1.23169E-09 9.80799E-10 1.05112E-06 4.56374E-12
 5.95412E-07 8.08518E-07 1.78459E-07 3.85243E-12 6.78738E-12 2.06128E-12 4.07454E-10 4.62014E-11
 3.10767E-11 1.14160E-11 1.25119E-13 7.60385E-14 7.69698E-17 2.53605E-15 1.01878E-18 3.40802E-10
 6.77226E-12 1.11031E-10 3.12992E-10 2.00769E-14 2.00352E-27 1.64568E-27 1.43594E-19 5.50666E-18
 3.26574E-17 1.14664E-26 6.03889E-11 1.45755E-08 6.07788E-04 2.91851E-09 1.31807E-09 1.01349E-09
 8.63233E-07 5.92738E-12 4.38445E-07 5.29549E-07 1.98401E-07 2.53323E-12 4.42580E-12 1.72064E-12
 4.02349E-10 4.09490E-11 2.77094E-11 8.79600E-12 9.99462E-14 6.16041E-14 4.68006E-17 1.79124E-15
 2.30463E-19 3.10614E-10 8.70250E-12 1.05391E-10 3.46897E-10 1.36208E-14 2.79662E-27 2.36889E-27
 1.79403E-19 6.22584E-18 3.19024E-17 1.45727E-26 3.98957E-11 1.61274E-08 6.08231E-04 3.09092E-09
 1.41277E-09 1.05515E-09 7.24225E-07 7.62130E-12 3.45861E-07 3.54279E-07 2.21319E-07 1.69867E-12
 2.93214E-12 1.42902E-12 3.95909E-10 3.69039E-11 2.46271E-11 6.91655E-12 8.15915E-14 5.08001E-14
 2.96714E-17 1.22343E-15 5.48161E-20 2.78368E-10 1.06020E-11 9.75949E-11 3.85045E-10 9.26786E-15
 3.78422E-27 3.29170E-27 2.21280E-19 6.99917E-18 3.10872E-17 1.84496E-26 2.67610E-11 1.77091E-08
 6.08504E-04 3.27678E-09 1.51672E-09 1.10549E-09 6.17025E-07 9.73507E-12 2.98283E-07 2.41513E-07
 2.46768E-07 1.15696E-12 1.97001E-12 1.18087E-12 3.88632E-10 3.37259E-11 2.18677E-11 5.53774E-12
 6.77666E-14 4.25043E-14 1.94618E-17 8.10311E-16 1.36278E-20 2.45695E-10 1.23692E-11 8.84368E-11
 4.25113E-10 6.30945E-15 4.99888E-27 4.45234E-27 2.69471E-19 7.82062E-18 3.02176E-17 2.32625E-26
 1.82202E-11 1.93173E-08 6.08664E-04 3.48096E-09 1.63124E-09 1.16471E-09 5.31406E-07 1.23827E-11
 2.85681E-07 1.67551E-07 2.74456E-07 7.99252E-13 1.34200E-12 9.70969E-13 3.80891E-10 3.12136E-11
 1.94238E-11 4.50789E-12 5.71251E-14 3.60120E-14 1.31412E-17 5.22611E-16 3.53014E-21 2.14092E-10
 1.39414E-11 7.86967E-11 4.64887E-10 4.29758E-15 6.48467E-27 5.90046E-27 3.24056E-19 8.68532E-18
 2.92983E-17 2.92001E-26 1.25814E-11 2.09475E-08 6.08745E-04 3.70758E-09 1.75778E-09 1.23329E-09
 4.61089E-07 1.57081E-11 3.03711E-07 1.18096E-07 3.04179E-07 5.59271E-13 9.26304E-13 7.94391E-13
 3.72940E-10 2.92317E-11 1.72709E-11 3.72681E-12 4.88007E-14 3.08535E-14 9.10325E-18 3.29840E-16
 9.49182E-22 1.84681E-10 1.52935E-11 6.90177E-11 5.02626E-10 2.93194E-15 8.29822E-27 7.69870E-27
 3.84952E-19 9.58866E-18 2.83341E-17 3.64735E-26 8.79855E-12 2.25953E-08 6.08763E-04 3.96032E-09
 1.89780E-09 1.31192E-09 4.02132E-07 1.98912E-11 3.52108E-07 8.44026E-08 3.35783E-07 3.95756E-13
 6.47002E-13 6.46671E-13 3.64962E-10 2.76800E-11 1.53807E-11 3.12618E-12 4.22015E-14 2.67025E-14
 6.45246E-18 2.04722E-16 2.63621E-22 1.58127E-10 1.64269E-11 5.98479E-11 5.37217E-10 2.00631E-15
 1.05086E-26 9.92335E-27 4.51932E-19 1.05256E-17 2.73302E-17 4.53155E-26 6.23776E-12 2.42589E-08
 6.08728E-04 4.24256E-09 2.05272E-09 1.40131E-09 3.51945E-07 2.51592E-11 4.33243E-07 6.11976E-08
 3.69126E-07 2.83477E-13 4.57829E-13 5.24112E-13 3.57173E-10 2.64843E-11 1.37261E-11 2.65833E-12
 3.69082E-14 2.33250E-14 4.66974E-18 1.25476E-16 7.57186E-23 1.34673E-10 1.73587E-11 5.14498E-11
 5.68139E-10 1.37873E-15 1.31972E-26 1.26648E-26 5.24594E-19 1.14899E-17 2.62932E-17 5.59754E-26
 4.48829E-12 2.59410E-08 6.08642E-04 4.55767E-09 2.22413E-09 1.50195E-09 3.08680E-07 3.18074E-11
 5.51745E-07 4.50247E-08 4.04110E-07 2.05770E-13 3.28664E-13 4.23065E-13 3.49726E-10 2.55808E-11
 1.22751E-11 2.28791E-12 3.25987E-14 2.05373E-14 3.44006E-18 7.61612E-17 2.25088E-23 1.14244E-10
 1.81182E-11 4.39436E-11 5.95314E-10 9.51654E-16 1.64633E-26 1.60344E-26 6.02466E-19 1.24784E-17
 2.52268E-17 6.87303E-26 3.27597E-12 2.76483E-08 6.08501E-04 4.90910E-09 2.41374E-09 1.61412E-09
 2.71003E-07 4.02210E-11 7.15303E-07 3.35544E-08 4.40688E-07 1.51278E-13 2.39302E-13 3.40056E-13
 3.42677E-10 2.49118E-11 1.09955E-11 1.98888E-12 2.90247E-14 1.81958E-14 2.56964E-18 4.58625E-17
 6.89530E-24 9.66012E-11 1.87376E-11 3.73500E-11 6.18932E-10 6.59302E-16 2.04285E-26 2.01691E-26
 6.85074E-19 1.34902E-17 2.41324E-17 8.38947E-26 2.42425E-12 2.93870E-08 6.08298E-04 5.30024E-09
 2.62314E-09 1.73830E-09 2.38027E-07 5.08831E-11 9.34105E-07 2.53058E-08 4.78792E-07 1.12590E-13
 1.76650E-13 2.72319E-13 3.36069E-10 2.44317E-11 9.86446E-12 1.74364E-12 2.60152E-14 1.62030E-14
 1.94102E-18 2.74479E-17 2.17171E-24 8.14784E-11 1.92431E-11 3.16302E-11 6.39269E-10 4.58298E-16
 2.52255E-26 2.52223E-26 7.71812E-19 1.45204E-17 2.30155E-17 1.01794E-25 1.81569E-12 3.11599E-08
 6.08022E-04 5.73422E-09 2.85359E-09 1.87556E-09 2.09180E-07 6.43775E-11 1.22152E-06 1.92961E-08
 5.18341E-07 8.47046E-14 1.31964E-13 2.17494E-13 3.29914E-10 2.41051E-11 8.86744E-12 1.54056E-12
 2.34562E-14 1.44957E-14 1.48099E-18 1.63650E-17 7.01884E-25 6.86259E-11 1.96504E-11 2.67154E-11
 6.56630E-10 3.19800E-16 3.09899E-26 3.13552E-26 8.61938E-19 1.55582E-17 2.18875E-17 1.22748E-25
 1.37224E-12 3.29682E-08 6.07657E-04 6.21418E-09 3.10625E-09 2.02750E-09 1.84013E-07 8.14123E-11
 1.59550E-06 1.48533E-08 5.59271E-07 6.42448E-14 9.94418E-14 1.73420E-13 3.24189E-10 2.39036E-11
 7.99212E-12 1.37138E-12 2.12669E-14 1.30281E-14 1.14112E-18 9.74381E-18 2.31956E-25 5.77883E-11
 1.99693E-11 2.25223E-11 6.71342E-10 2.24193E-16 3.78628E-26 3.87395E-26 9.54624E-19 1.65911E-17
 2.07620E-17 1.47068E-25 1.04449E-12 3.48153E-08 6.07180E-04 6.74437E-09 3.38287E-09 2.19581E-09
 1.62046E-07 1.02899E-10 2.07825E-06 1.15270E-08 6.01541E-07 4.90398E-14 7.54385E-14 1.38126E-13
 3.18884E-10 2.38056E-11 7.22400E-12 1.22929E-12 1.93789E-14 1.17591E-14 8.87097E-19 5.80087E-18
 7.81461E-26 4.86827E-11 2.02112E-11 1.89624E-11 6.83765E-10 1.57908E-16 4.60145E-26 4.75804E-26
 1.04898E-18 1.76101E-17 1.96486E-17 1.75088E-25 8.01450E-13 3.67091E-08 6.06569E-04 7.33103E-09
 3.68631E-09 2.38194E-09 1.42774E-07 1.30068E-10 2.69351E-06 9.02078E-09 6.45086E-07 3.77081E-14
 5.76770E-14 1.09921E-13 3.14020E-10 2.37956E-11 6.54692E-12 1.10844E-12 1.77312E-14 1.06496E-14
 6.94375E-19 3.45222E-18 2.68804E-26 4.10248E-11 2.03934E-11 1.59494E-11 6.94254E-10 1.11637E-16
 5.56698E-26 5.81412E-26 1.14401E-18 1.86109E-17 1.85528E-17 2.07179E-25 6.20639E-13 3.86601E-08
 6.05795E-04 7.98246E-09 4.02050E-09 2.58716E-09 1.25744E-07 1.64593E-10 3.47015E-06 7.11585E-09
 6.89860E-07 2.92353E-14 4.45046E-14 8.73535E-14 3.09599E-10 2.38597E-11 5.94521E-12 1.00396E-12
 1.62710E-14 9.66475E-15 5.45693E-19 2.05148E-18 9.44131E-27 3.45637E-11 2.05340E-11 1.34039E-11
 7.03120E-10 7.90888E-17 6.71271E-26 7.07641E-26 1.23872E-18 1.95942E-17 1.74747E-17 2.43784E-25
 4.85226E-13 4.06795E-08 6.04823E-04 8.70862E-09 4.39011E-09 2.81287E-09 1.10614E-07 2.08714E-10
 4.44466E-06 5.65153E-09 7.35825E-07 2.28572E-14 3.46783E-14 6.92682E-14 3.05600E-10 2.39842E-11
 5.40638E-12 9.12208E-13 1.49572E-14 8.77830E-15 4.29353E-19 1.21609E-18 3.37889E-27 2.90987E-11
 2.06480E-11 1.12569E-11 7.10618E-10 5.60595E-17 8.07592E-26 8.58713E-26 1.33216E-18 2.05612E-17
 1.64144E-17 2.85404E-25 3.82986E-13 4.27783E-08 6.03609E-04 9.52080E-09 4.80017E-09 3.06074E-09
 9.71442E-08 2.65384E-10 5.66009E-06 4.51482E-09 7.82915E-07 1.80177E-14 2.72902E-14 5.47904E-14
 3.02003E-10 2.41560E-11 4.92180E-12 8.30672E-13 1.37611E-14 7.97246E-15 3.37505E-19 7.18881E-19
 1.23041E-27 2.44760E-11 2.07459E-11 9.44952E-12 7.16950E-10 3.97169E-17 9.70006E-26 1.03954E-25
 1.42326E-18 2.15100E-17 1.53744E-17 3.32551E-25 3.04838E-13 4.49679E-08 6.02098E-04 1.04316E-08
 5.25602E-09 3.33271E-09 8.51596E-08 3.38501E-10 7.17186E-06 3.62210E-09 8.31121E-07 1.43022E-14
 2.16664E-14 4.32110E-14 2.98778E-10 2.43605E-11 4.48507E-12 7.57508E-13 1.26614E-14 7.23483E-15
 2.64623E-19 4.23896E-19 4.54017E-28 2.05713E-11 2.08343E-11 7.93117E-12 7.22285E-10 2.81079E-17
 1.16361E-25 1.25589E-25 1.51109E-18 2.24388E-17 1.43577E-17 3.85769E-25 2.44842E-13 4.72612E-08
 6.00238E-04 1.14559E-08 5.76360E-09 3.63080E-09 7.45126E-08 4.33263E-10 9.03267E-06 2.91925E-09
 8.80340E-07 1.14380E-14 1.73653E-14 3.39959E-14 2.95923E-10 2.45839E-11 4.09146E-12 6.91355E-13
 1.16423E-14 6.55651E-15 2.06666E-19 2.49515E-19 1.70087E-28 1.72820E-11 2.09195E-11 6.65905E-12
 7.26761E-10 1.98653E-17 1.39421E-25 1.51431E-25 1.59449E-18 2.33424E-17 1.33708E-17 4.45554E-25
 1.98381E-13 4.96712E-08 5.97960E-04 1.26113E-08 6.32957E-09 3.95735E-09 6.50751E-08 5.56624E-10
 1.13102E-05 2.36263E-09 9.30505E-07 9.21192E-15 1.40461E-14 2.66836E-14 2.93423E-10 2.48102E-11
 3.73692E-12 6.31148E-13 1.06912E-14 5.93054E-15 1.60567E-19 1.46767E-19 6.46488E-29 1.45196E-11
 2.10060E-11 5.59597E-12 7.30500E-10 1.40191E-17 1.66870E-25 1.82254E-25 1.67236E-18 2.42164E-17
 1.24190E-17 5.12412E-25 1.61993E-13 5.22083E-08 5.95184E-04 1.39188E-08 6.96127E-09 4.31560E-09
 5.67415E-08 7.17821E-10 1.40860E-05 1.91924E-09 9.81487E-07 7.46363E-15 1.14533E-14 2.09030E-14
 2.91256E-10 2.50238E-11 3.41891E-12 5.76265E-13 9.80096E-15 5.35324E-15 1.24045E-19 8.64309E-20
 2.49019E-29 1.22114E-11 2.10955E-11 4.71030E-12 7.33605E-10 9.88387E-18 1.99499E-25 2.18940E-25
 1.74345E-18 2.50544E-17 1.15098E-17 5.86744E-25 1.33090E-13 5.48751E-08 5.91815E-04 1.54040E-08
 7.66657E-09 4.71082E-09 4.94285E-08 9.28945E-10 1.74532E-05 1.56472E-09 1.03302E-06 6.07361E-15
 9.39620E-15 1.63609E-14 2.89398E-10 2.52118E-11 3.13673E-12 5.26590E-13 8.97128E-15 4.82477E-15
 9.53888E-20 5.11242E-20 9.72551E-30 1.02991E-11 2.11872E-11 3.97537E-12 7.36160E-10 6.97326E-18
 2.38195E-25 2.62458E-25 1.80618E-18 2.58462E-17 1.06553E-17 6.68712E-25 1.09540E-13 5.76651E-08
 5.87718E-04 1.70979E-08 8.45384E-09 5.15141E-09 4.30661E-08 1.20563E-09 2.15495E-05 1.27834E-09
 1.08484E-06 4.94378E-15 7.71864E-15 1.28045E-14 2.87813E-10 2.53650E-11 2.89082E-12 4.82345E-13
 8.20637E-15 4.34773E-15 7.32183E-20 3.05103E-20 3.83475E-30 8.73268E-12 2.12766E-11 3.36818E-12
 7.38244E-10 4.93682E-18 2.83979E-25 3.13894E-25 1.85892E-18 2.65824E-17 9.86634E-18 7.58229E-25
 9.00545E-14 6.05695E-08 5.82737E-04 1.90446E-08 9.33497E-09 5.64774E-09 3.75513E-08 1.56930E-09
 2.65292E-05 1.04550E-09 1.13652E-06 4.01342E-15 6.32818E-15 1.00270E-14 2.86475E-10 2.54753E-11
 2.68033E-12 4.43467E-13 7.50578E-15 3.92123E-15 5.62091E-20 1.84436E-20 1.52249E-30 7.46166E-12
 2.13666E-11 2.86858E-12 7.39925E-10 3.51513E-18 3.38215E-25 3.74651E-25 1.89970E-18 2.72566E-17
 9.15142E-18 8.54987E-25 7.38472E-14 6.35746E-08 5.76711E-04 2.13075E-08 1.03268E-08 6.21255E-09
 3.27678E-08 2.05020E-09 3.25526E-05 8.55718E-10 1.18745E-06 3.24398E-15 5.16962E-15 7.85955E-15
 2.85368E-10 2.55344E-11 2.50387E-12 4.09707E-13 6.86534E-15 3.54206E-15 4.32051E-20 1.13347E-20
 6.08518E-31 6.43944E-12 2.14695E-11 2.45947E-12 7.41253E-10 2.52170E-18 4.02816E-25 4.46640E-25
 1.92618E-18 2.78659E-17 8.51564E-18 9.58439E-25 6.03553E-14 6.66613E-08 5.69458E-04 2.39789E-08
 1.14530E-08 6.86083E-09 2.85980E-08 2.69236E-09 3.98032E-05 7.00474E-10 1.23688E-06 2.60692E-15
 4.20428E-15 6.16336E-15 2.84484E-10 2.55287E-11 2.35987E-12 3.80639E-13 6.27684E-15 3.20519E-15
 3.32447E-20 7.10548E-21 2.44701E-31 5.62484E-12 2.16055E-11 2.12639E-12 7.42265E-10 1.82471E-18
 4.80523E-25 5.32567E-25 1.93574E-18 2.84117E-17 7.96025E-18 1.06773E-24 4.91216E-14 6.98076E-08
 5.60737E-04 2.71933E-08 1.27452E-08 7.60857E-09 2.49308E-08 3.56217E-09 4.85208E-05 5.72484E-10
 1.28398E-06 2.07871E-15 3.40101E-15 4.82650E-15 2.83824E-10 2.54318E-11 2.24687E-12 3.55608E-13
 5.72719E-15 2.90400E-15 2.55539E-20 4.55769E-21 9.85596E-32 4.98250E-12 2.18029E-11 1.85744E-12
 7.42979E-10 1.33199E-18 5.75217E-25 6.36276E-25 1.92565E-18 2.88993E-17 7.48278E-18 1.18156E-24
 3.98553E-14 7.29910E-08 5.50330E-04 3.11517E-08 1.42455E-08 8.46988E-09 2.16669E-08 4.76343E-09
 5.89236E-05 4.66782E-10 1.32775E-06 1.64342E-15 2.73990E-15 3.76748E-15 2.83419E-10 2.51968E-11
 2.16423E-12 3.33761E-13 5.19856E-15 2.63081E-15 1.95346E-20 3.00275E-21 3.97164E-32 4.48474E-12
 2.21062E-11 1.64358E-12 7.43387E-10 9.80220E-19 6.92198E-25 7.63144E-25 1.89284E-18 2.93339E-17
 7.08094E-18 1.29777E-24 3.22858E-14 7.62070E-08 5.37961E-04 3.61584E-08 1.60063E-08 9.44941E-09
 1.87221E-08 6.46508E-09 7.12878E-05 3.79083E-10 1.36728E-06 1.28642E-15 2.20198E-15 2.92320E-15
 2.83332E-10 2.47404E-11 2.11211E-12 3.13836E-13 4.66663E-15 2.37628E-15 1.47273E-20 2.04078E-21
 1.59529E-32 4.10892E-12 2.25782E-11 1.47816E-12 7.43456E-10 7.25428E-19 8.38239E-25 9.20470E-25
 1.83449E-18 2.97221E-17 6.75105E-18 1.41288E-24 2.60848E-14 7.94775E-08 5.23213E-04 4.26747E-08
 1.80849E-08 1.05354E-08 1.60470E-08 8.94484E-09 8.60298E-05 3.05618E-10 1.40208E-06 9.92031E-16
 1.76346E-15 2.24682E-15 2.83657E-10 2.39459E-11 2.09396E-12 2.94574E-13 4.10873E-15 2.13386E-15
 1.08445E-20 1.44034E-21 6.32551E-33 3.84010E-12 2.33035E-11 1.35672E-12 7.43121E-10 5.38344E-19
 1.02052E-24 1.11714E-24 1.74815E-18 3.00669E-17 6.49265E-18 1.52090E-24 2.09800E-14 8.28637E-08
 5.05600E-04 5.14419E-08 2.05409E-08 1.16849E-08 1.36118E-08 1.26792E-08 1.03634E-04 2.43800E-10
 1.43236E-06 7.48108E-16 1.40418E-15 1.70544E-15 2.84509E-10 2.26723E-11 2.11785E-12 2.74750E-13
 3.50734E-15 1.89991E-15 7.71298E-21 1.06496E-21 2.44968E-33 3.66876E-12 2.44155E-11 1.27703E-12
 7.42260E-10 3.99042E-19 1.24463E-24 1.36320E-24 1.63164E-18 3.03652E-17 6.31085E-18 1.61193E-24
 1.67767E-14 8.65144E-08 4.84570E-04 6.37114E-08 2.34266E-08 1.27939E-08 1.13916E-08 1.85313E-08
 1.24653E-04 1.91898E-10 1.46004E-06 5.46466E-16 1.10947E-15 1.27418E-15 2.86017E-10 2.07676E-11
 2.19749E-12 2.52884E-13 2.85331E-15 1.67163E-15 5.21781E-21 8.32143E-22 9.15850E-34 3.58427E-12
 2.61370E-11 1.23872E-12 7.40662E-10 2.93206E-19 1.50941E-24 1.66822E-24 1.48375E-18 3.06114E-17
 6.21256E-18 1.67124E-24 1.33159E-14 9.08176E-08 4.59377E-04 8.15707E-08 2.67481E-08 1.36634E-08
 9.37655E-09 2.81110E-08 1.49830E-04 1.48595E-10 1.49144E-06 3.81742E-16 8.67190E-16 9.33675E-16
 2.88256E-10 1.81251E-11 2.35258E-12 2.27142E-13 2.15928E-15 1.44645E-15 3.28819E-21 6.89917E-22
 3.25122E-34 3.56278E-12 2.88194E-11 1.24124E-12 7.37998E-10 2.10528E-19 1.79373E-24 2.03360E-24
 1.30736E-18 3.08027E-17 6.19759E-18 1.68064E-24 1.04861E-14 9.67837E-08 4.29045E-04 1.08192E-07
 3.04044E-08 1.40201E-08 7.58715E-09 4.44121E-08 1.80138E-04 1.13053E-10 1.54158E-06 2.52072E-16
 6.68515E-16 6.70308E-16 2.91131E-10 1.48133E-11 2.60180E-12 1.95655E-13 1.47837E-15 1.21982E-15
 1.87898E-21 6.00149E-22 1.07536E-34 3.54695E-12 3.29327E-11 1.27809E-12 7.33864E-10 1.44188E-19
 2.03760E-24 2.43448E-24 1.11445E-18 3.09559E-17 6.23736E-18 1.62760E-24 8.23722E-15 1.06891E-07
 3.92168E-04 1.47255E-07 3.41913E-08 1.37013E-08 6.07795E-09 7.28004E-08 2.16980E-04 8.47354E-11
 1.64081E-06 1.57718E-16 5.08962E-16 4.74490E-16 2.94274E-10 1.12021E-11 2.93535E-12 1.57658E-13
 8.99871E-16 9.81636E-16 9.40125E-22 5.25623E-22 3.25412E-35 3.43504E-12 3.88113E-11 1.32619E-12
 7.28049E-10 9.10147E-20 2.14731E-24 2.79759E-24 9.28995E-19 3.11391E-17 6.23956E-18 1.52485E-24
 6.51287E-15 1.26900E-07 3.46391E-04 1.99349E-07 3.79710E-08 1.29914E-08 4.96092E-09 1.21743E-07
 2.62705E-04 6.31940E-11 1.85536E-06 9.65002E-17 3.83970E-16 3.39501E-16 2.97134E-10 7.91323E-12
 3.26958E-12 1.16338E-13 4.99889E-16 7.32481E-16 4.04157E-22 4.29875E-22 8.89550E-36 3.13629E-12
 4.57837E-11 1.33521E-12 7.21366E-10 5.15089E-20 2.06300E-24 3.00100E-24 7.82619E-19 3.14927E-17
 6.03238E-18 1.42603E-24 5.30114E-15 1.71762E-07 2.88899E-04 2.54017E-07 4.19600E-08 1.26409E-08
 4.39554E-09 2.03203E-07 3.20127E-04 4.82273E-11 2.46099E-06 6.25436E-17 2.91898E-16 2.60920E-16
 2.99453E-10 5.39003E-12 3.40949E-12 7.72683E-14 2.74851E-16 4.91182E-16 1.49839E-22 2.93847E-22
 2.24431E-36 2.64115E-12 5.10211E-11 1.23177E-12 7.16728E-10 2.56450E-20 1.82673E-24 2.92109E-24
 7.05508E-19 3.21972E-17 5.40496E-18 1.42063E-24 4.59988E-15 2.99200E-07 2.17617E-04 2.79941E-07
 4.72385E-08 1.40148E-08 4.71108E-09 3.47556E-07 3.91320E-04 3.93433E-11 6.93870E-06 4.87206E-17
 2.27613E-16 2.36447E-16 3.01581E-10 3.55543E-12 3.07541E-12 4.30527E-14 1.64151E-16 2.78502E-16
 4.55008E-23 1.30062E-22 5.63174E-37 1.93582E-12 4.90985E-11 9.13961E-13 7.19673E-10 9.99559E-21
 1.53968E-24 2.47766E-24 7.38625E-19 3.33433E-17 4.22580E-18 1.67553E-24 4.29504E-15 1.13800E-06
 1.39511E-04 2.34422E-07 5.50195E-08 1.99910E-08 7.22673E-09 9.58274E-07 4.69134E-04 3.56106E-11
 7.75248E-05 4.10155E-17 1.41973E-16 2.64056E-16 3.04584E-10 1.47544E-12 2.13894E-12 1.15793E-14
 7.59054E-17 1.00796E-16 5.67609E-24 1.07929E-23 1.81616E-37 7.29031E-13 3.66345E-11 2.91012E-13
 7.33967E-10 1.03430E-21 1.07020E-24 1.56489E-24 1.00003E-18 3.45646E-17 2.74309E-18 2.64447E-24
 2.93146E+02 2.90615E+02 2.88005E+02 2.85330E+02 2.82562E+02 2.79699E+02 2.76732E+02 2.73692E+02
 2.70660E+02 2.67579E+02 2.64291E+02 2.60766E+02 2.56978E+02 2.52900E+02 2.48541E+02 2.44136E+02
 2.40179E+02 2.36913E+02 2.34279E+02 2.32133E+02 2.30375E+02 2.28934E+02 2.27756E+02 2.26805E+02
 2.26049E+02 2.25457E+02 2.24996E+02 2.24631E+02 2.24348E+02 2.24148E+02 2.24023E+02 2.23962E+02
 2.23957E+02 2.24000E+02 2.24082E+02 2.24191E+02 2.24320E+02 2.24459E+02 2.24604E+02 2.24752E+02
 2.24899E+02 2.25045E+02 2.25189E+02 2.25333E+02 2.25485E+02 2.25670E+02 2.25919E+02 2.26250E+02
 2.26658E+02 2.27117E+02 2.27589E+02 2.28039E+02 2.28450E+02 2.28827E+02 2.29204E+02 2.29587E+02
 2.29944E+02 2.30210E+02 2.30316E+02 2.30233E+02 2.29979E+02 2.29601E+02 2.29137E+02 2.28620E+02
 2.28083E+02 2.27551E+02 2.27032E+02 2.26531E+02 2.26067E+02 2.25668E+02 2.25336E+02 2.25038E+02
 2.24726E+02 2.24378E+02 2.24013E+02 2.23676E+02 2.23409E+02 2.23237E+02 2.23171E+02 2.23218E+02
 2.23381E+02 2.23644E+02 2.23964E+02 2.24260E+02 2.24480E+02 2.24592E+02 2.24592E+02 2.24506E+02
 2.24384E+02 2.24316E+02 2.24363E+02 2.24564E+02 2.24964E+02 2.25601E+02 2.26509E+02 2.27787E+02
 2.29432E+02 2.31320E+02 2.33262E+02 2.35039E+02 1.00000E+05 1.00000E+05 1.00000E+05 1.00000E+05
 1.00000E+05 1.00000E+05 1.00000E+05 1.00000E+05 1.00000E+05 1.00000E+05 1.00000E+05 1.00000E+05
 1.00000E+05 1.00000E+05 1.00000E+05 1.00000E+05 1.00000E+05 1.00000E+05 1.00000E+05 1.00000E+05
 9.35467E+04 8.88533E+04 6.92150E+04 5.12372E+04 3.32594E+04 2.69817E+04 1.52439E+04 1.46933E+04
 9.84000E+03 8.69733E+03 6.54267E+03 5.98850E+03 5.25650E+03 4.52450E+03 4.43583E+03 4.04694E+03
 4.04444E+03 3.89333E+03 3.91944E+03 3.89722E+03 3.94950E+03 3.99350E+03 4.03750E+03 4.28567E+03
 4.43856E+03 4.70483E+03 4.92750E+03 5.20761E+03 5.47206E+03 5.81300E+03 6.14544E+03 6.47789E+03
 6.89450E+03 7.27183E+03 7.72067E+03 8.14200E+03 8.59633E+03 9.04167E+03 9.50800E+03 9.97200E+03
 1.04360E+04 1.10717E+04 1.16272E+04 1.21539E+04 1.26917E+04 1.31867E+04 1.36933E+04 1.43800E+04
 1.50467E+04 1.57133E+04 1.64300E+04 1.71233E+04 1.77661E+04 1.84283E+04 1.92800E+04 2.00800E+04
 2.09800E+04 2.18689E+04 2.27578E+04 2.40383E+04 2.51361E+04 2.66239E+04 2.79617E+04 2.92933E+04
 3.06267E+04 3.22000E+04 3.37467E+04 3.52933E+04 3.72817E+04 3.90639E+04 4.08389E+04 4.26167E+04
 4.46878E+04 4.66789E+04 4.91700E+04 5.16056E+04 5.40411E+04 5.73183E+04 6.02028E+04 6.27694E+04
 2.41902E+19 2.27796E+19 2.14459E+19 2.01839E+19 1.89916E+19 1.78652E+19 1.68012E+19 1.57945E+19
 1.48376E+19 1.39316E+19 1.30814E+19 1.22842E+19 1.15374E+19 1.08378E+19 1.01816E+19 9.55645E+18
 8.94343E+18 8.33728E+18 7.74470E+18 7.17391E+18 6.62985E+18 6.11535E+18 5.63175E+18 5.17931E+18
 4.75770E+18 4.36620E+18 4.00385E+18 3.66949E+18 3.36144E+18 3.07789E+18 2.81716E+18 2.57774E+18
 2.35809E+18 2.15674E+18 1.97233E+18 1.80356E+18 1.64919E+18 1.50807E+18 1.37910E+18 1.26123E+18
 1.15353E+18 1.05511E+18 9.65162E+17 8.82952E+17 8.07774E+17 7.38952E+17 6.75870E+17 6.18030E+17
 5.65039E+17 5.16573E+17 4.72333E+17 4.32005E+17 3.95264E+17 3.61761E+17 3.31154E+17 3.03175E+17
 2.77637E+17 2.54385E+17 2.33261E+17 2.14073E+17 1.96600E+17 1.80632E+17 1.66000E+17 1.52564E+17
 1.40202E+17 1.28816E+17 1.18326E+17 1.08663E+17 9.97563E+16 9.15401E+16 8.39650E+16 7.69970E+16
 7.06047E+16 6.47465E+16 5.93715E+16 5.44293E+16 4.98780E+16 4.56846E+16 4.18226E+16 3.82682E+16
 3.49997E+16 3.19993E+16 2.92527E+16 2.67483E+16 2.44696E+16 2.23976E+16 2.05120E+16 1.87925E+16
 1.72193E+16 1.57738E+16 1.44424E+16 1.32151E+16 1.20831E+16 1.10389E+16 1.00761E+16 9.18654E+15
 8.36710E+15 7.61832E+15 6.94042E+15 6.33206E+15 2.06596E-11 2.25225E-11 2.63798E-11 3.25802E-11
 4.05874E-11 5.01544E-11 6.11141E-11 7.33163E-11 8.66099E-11 1.00838E-10 1.15834E-10 1.31427E-10
 1.47449E-10 1.63726E-10 1.80090E-10 1.96401E-10 2.12493E-10 2.28198E-10 2.43338E-10 2.57738E-10
 2.71694E-10 2.85359E-10 2.99783E-10 3.16721E-10 3.37808E-10 3.62384E-10 3.92386E-10 4.25150E-10
 4.57031E-10 4.88065E-10 5.14866E-10 5.35419E-10 5.47313E-10 5.50508E-10 5.44872E-10 5.31452E-10
 5.11521E-10 4.86841E-10 4.58650E-10 4.28374E-10 3.96892E-10 3.65070E-10 3.33329E-10 3.02756E-10
 2.73861E-10 2.46681E-10 2.21371E-10 1.97863E-10 1.76155E-10 1.56238E-10 1.37829E-10 1.21036E-10
 1.05916E-10 9.22349E-11 7.99878E-11 6.89986E-11 5.92016E-11 5.04880E-11 4.27907E-11 3.60216E-11
 3.01008E-11 2.50260E-11 2.06590E-11 1.69124E-11 1.37222E-11 1.10175E-11 8.74743E-12 6.88191E-12
 5.35778E-12 4.12325E-12 3.13582E-12 2.35325E-12 1.73907E-12 1.26446E-12 9.06331E-13 6.38945E-13
 4.43128E-13 3.01782E-13 2.01466E-13 1.32517E-13 8.54509E-14 5.42788E-14 3.38097E-14 2.06103E-14
 1.22765E-14 7.16044E-15 4.07942E-15 2.26524E-15 1.23208E-15 6.52477E-16 3.35449E-16 1.66932E-16
 8.05360E-17 3.75067E-17 1.69402E-17 7.38795E-18 3.09963E-18 1.26325E-18 4.94815E-19 1.84596E-19
 4.41416E+01 3.98888E+01 3.86865E+01 4.03916E+01 4.37524E+01 4.85992E+01 5.36528E+01 5.80195E+01
 6.15991E+01 6.48686E+01 6.74438E+01 6.95369E+01 7.15243E+01 7.28622E+01 7.35477E+01 7.35684E+01
 7.31620E+01 7.22013E+01 7.04664E+01 6.81579E+01 6.55010E+01 6.27426E+01 6.00146E+01 5.77481E+01
 5.62359E+01 5.51965E+01 5.47357E+01 5.43167E+01 5.34459E+01 5.22395E+01 5.04375E+01 4.80170E+01
 4.49199E+01 4.13549E+01 3.74513E+01 3.34047E+01 2.93988E+01 2.55842E+01 2.20399E+01 1.88242E+01
 1.59501E+01 1.34188E+01 1.12081E+01 9.31332E+00 7.70759E+00 6.35159E+00 5.21364E+00 4.26133E+00
 3.46838E+00 2.81147E+00 2.26203E+00 1.80656E+00 1.43561E+00 1.13485E+00 8.92260E-01 6.97112E-01
 5.41705E-01 4.19037E-01 3.23162E-01 2.48173E-01 1.89616E-01 1.44395E-01 1.09292E-01 8.20830E-02
 6.11044E-02 4.50010E-02 3.27596E-02 2.36210E-02 1.68422E-02 1.18581E-02 8.24363E-03 5.65403E-03
 3.81955E-03 2.53961E-03 1.66475E-03 1.07279E-03 6.79408E-04 4.21970E-04 2.56550E-04 1.53461E-04
 8.99004E-05 5.18210E-05 2.92755E-05 1.61922E-05 8.77291E-06 4.65995E-06 2.42049E-06 1.22641E-06
 6.08789E-07 2.94023E-07 1.37666E-07 6.22802E-08 2.72543E-08 1.15005E-08 4.69463E-09 1.84633E-09
 6.96641E-10 2.54912E-10 8.94308E-11 2.98691E-11 1.00000E-12 1.00000E-12 1.00000E-12 1.00000E-12
 1.00000E-12 1.00000E-12 1.00000E-12 1.00000E-12 1.00000E-12 1.00000E-12 1.00000E-12 1.00000E-12
 1.00000E-12 1.00000E-12 1.00000E-12 1.00000E-12 1.00000E-12 1.00000E-12 1.00000E-12 1.00000E-12
 1.00000E-12 1.00000E-12 1.00000E-12 1.00000E-12 1.00000E-12 1.00000E-12 1.00000E-12 1.00000E-12
 1.00000E-12 1.00000E-12 1.00000E-12 1.00000E-12 1.00000E-12 1.00000E-12 1.00000E-12 1.00000E-12
 1.00000E-12 1.00000E-12 1.00000E-12 1.00000E-12 1.00000E-12 1.00000E-12 1.00000E-12 1.00000E-12
 1.00000E-12 1.00000E-12 1.00000E-12 1.00000E-12 1.00000E-12 1.00000E-12 1.00000E-12 1.00000E-12
 1.00000E-12 1.00000E-12 1.00000E-12 1.00000E-12 1.00000E-12 1.00000E-12 1.00000E-12 1.00000E-12
 1.00000E-12 1.00000E-12 1.00000E-12 1.00000E-12 1.00000E-12 1.00000E-12 1.00000E-12 1.00000E-12
 1.00000E-12 1.00000E-12 1.00000E-12 1.00000E-12 1.00000E-12 1.00000E-12 1.00000E-12 1.00000E-12
 1.00000E-12 1.00000E-12 1.00000E-12 1.00000E-12 1.00000E-12 1.00000E-12 1.00000E-12 1.00000E-12
 1.00000E-12 1.00000E-12 1.00000E-12 1.00000E-12 1.00000E-12 1.00000E-12 1.00000E-12 1.00000E-12
 1.00000E-12 1.00000E-12 1.00000E-12 1.00000E-12 1.00000E-12 1.00000E-12 1.00000E-12 1.00000E-12
 1.00000E-12 1.00000E-12 1.00000E-12 1.00000E-12 1.00000E-12 1.00000E-12 1.00000E-12 1.00000E-12
 1.00000E-12 1.00000E-12 1.00000E-12 1.00000E-12 1.00000E-12 1.00000E-12 1.00000E-12 1.00000E-12
 1.00000E-12 1.00000E-12 1.00000E-12 1.00000E-12 1.00000E-12 1.00000E-12 1.00000E-12 1.00000E-12
 1.00000E-12 1.00000E-12 1.00000E-12 1.00000E-12 1.00000E-12 1.00000E-12 1.00000E-12 1.00000E-12
 1.00000E-12 1.00000E-12 1.00000E-12 1.00000E-12 1.00000E-12 1.00000E-12 1.00000E-12 1.00000E-12
 1.00000E-12 1.00000E-12 1.00000E-12 1.00000E-12 1.00000E-12 1.00000E-12 1.00000E-12 1.00000E-12
 1.00000E-12 1.00000E-12 1.00000E-12 1.00000E-12 1.00000E-12 1.00000E-12 1.00000E-12 1.00000E-12
 1.00000E-12 1.00000E-12 1.00000E-12 1.00000E-12 1.00000E-12 1.00000E-12 1.00000E-12 1.00000E-12
 1.00000E-12 1.00000E-12 1.00000E-12 1.00000E-12 1.00000E-12 1.00000E-12 1.00000E-12 1.00000E-12
 1.00000E-12 1.00000E-12 1.00000E-12 1.00000E-12 1.00000E-12 1.00000E-12 1.00000E-12 1.00000E-12
 1.00000E-12 1.00000E-12 1.00000E-12 1.00000E-12 1.00000E-12 1.00000E-12 1.00000E-12 1.00000E-12
 1.00000E-12 1.00000E-12 1.00000E-12 1.00000E-12 1.00000E-12 1.00000E-12 1.00000E-12 1.00000E-12
 1.00000E-12 1.00000E-12 1.00000E-12 1.00000E-12 2.73489E-04 2.90437E-04 3.09740E-04 3.30206E-04
 3.50952E-04 3.70999E-04 3.92234E-04 4.16037E-04 4.42481E-04 4.70752E-04 5.01840E-04 5.35589E-04
 5.71444E-04 6.10998E-04 6.54803E-04 7.03336E-04 7.55929E-04 8.13093E-04 8.76269E-04 9.45764E-04
 1.02218E-03 1.10557E-03 1.19741E-03 1.29779E-03 1.40650E-03 1.52432E-03 1.65259E-03 1.79279E-03
 1.94643E-03 2.11441E-03 2.29798E-03 2.49838E-03 2.71760E-03 2.95694E-03 3.21874E-03 3.50535E-03
 3.81862E-03 4.16089E-03 4.53474E-03 4.94306E-03 5.38895E-03 5.87577E-03 6.40710E-03 6.98714E-03
 7.62028E-03 8.31128E-03 9.06535E-03 9.88805E-03 1.07853E-02 1.17643E-02 1.28404E-02 1.40280E-02
 1.53332E-02 1.67624E-02 1.83321E-02 2.00549E-02 2.19403E-02 2.39924E-02 2.62127E-02 2.86202E-02
 3.12325E-02 3.40708E-02 3.71618E-02 4.05332E-02 4.42168E-02 4.82466E-02 5.26575E-02 5.74873E-02
 6.27812E-02 6.85909E-02 7.49621E-02 8.19331E-02 8.95553E-02 9.78868E-02 1.07003E-01 1.16995E-01
 1.27964E-01 1.40017E-01 1.53267E-01 1.67832E-01 1.83816E-01 2.01368E-01 2.20611E-01 2.41650E-01
 2.64461E-01 2.89327E-01 3.16441E-01 3.46035E-01 3.78395E-01 4.13871E-01 4.52839E-01 4.95689E-01
 5.42870E-01 5.94523E-01 6.51363E-01 7.13737E-01 7.82308E-01 8.57477E-01 9.40426E-01 1.03153E+00
 1.00000E+00 1.00000E+00 1.00000E+00 1.00000E+00 1.00000E+00 1.00000E+00 1.00000E+00 1.00000E+00
 1.00000E+00 1.00000E+00 1.00000E+00 1.00000E+00 1.00000E+00 1.00000E+00 1.00000E+00 1.00000E+00
 1.00000E+00 1.00000E+00 1.00000E+00 1.00000E+00 1.00000E+00 1.00000E+00 1.00000E+00 1.00000E+00
 1.00000E+00 1.00000E+00 1.00000E+00 1.00000E+00 1.00000E+00 1.00000E+00 1.00000E+00 1.00000E+00
 1.00000E+00 1.00000E+00 1.00000E+00 1.00000E+00 1.00000E+00 1.00000E+00 1.00000E+00 1.00000E+00
 1.00000E+00 1.00000E+00 1.00000E+00 1.00000E+00 1.00000E+00 1.00000E+00 1.00000E+00 1.00000E+00
 1.00000E+00 1.00000E+00 1.00000E+00 1.00000E+00 1.00000E+00 1.00000E+00 1.00000E+00 1.00000E+00
 1.00000E+00 1.00000E+00 1.00000E+00 1.00000E+00 1.00000E+00 1.00000E+00 1.00000E+00 1.00000E+00
 1.00000E+00 1.00000E+00 1.00000E+00 1.00000E+00 1.00000E+00 1.00000E+00 1.00000E+00 1.00000E+00
 1.00000E+00 1.00000E+00 1.00000E+00 1.00000E+00 1.00000E+00 1.00000E+00 1.00000E+00 1.00000E+00
 1.00000E+00 1.00000E+00 1.00000E+00 1.00000E+00 1.00000E+00 1.00000E+00 1.00000E+00 1.00000E+00
 1.00000E+00 1.00000E+00 1.00000E+00 1.00000E+00 1.00000E+00 1.00000E+00 1.00000E+00 1.00000E+00
 1.00000E+00 1.00000E+00 1.00000E+00 1.00000E+00 1.00000E+00 1.00000E+00 1.00000E+00 1.00000E+00
 1.00000E+00 1.00000E+00 1.00000E+00 1.00000E+00 1.00000E+00 1.00000E+00 1.00000E+00 1.00000E+00
 1.00000E+00 1.00000E+00 1.00000E+00 1.00000E+00 1.00000E+00 1.00000E+00 1.00000E+00 1.00000E+00
 1.00000E+00 1.00000E+00 1.00000E+00 1.00000E+00 1.00000E+00 1.00000E+00 1.00000E+00 1.00000E+00
 1.00000E+00 1.00000E+00 1.00000E+00 1.00000E+00 1.00000E+00 1.00000E+00 1.00000E+00 1.00000E+00
 1.00000E+00 1.00000E+00 1.00000E+00 1.00000E+00 1.00000E+00 1.00000E+00 1.00000E+00 1.00000E+00
 1.00000E+00 1.00000E+00 1.00000E+00 1.00000E+00 1.00000E+00 1.00000E+00 1.00000E+00 1.00000E+00
 1.00000E+00 1.00000E+00 1.00000E+00 1.00000E+00 1.00000E+00 1.00000E+00 1.00000E+00 1.00000E+00
 1.00000E+00 1.00000E+00 1.00000E+00 1.00000E+00 1.00000E+00 1.00000E+00 1.00000E+00 1.00000E+00
 1.00000E+00 1.00000E+00 1.00000E+00 1.00000E+00 1.00000E+00 1.00000E+00 1.00000E+00 1.00000E+00
 1.00000E+00 1.00000E+00 1.00000E+00 1.00000E+00 1.00000E+00 1.00000E+00 1.00000E+00 1.00000E+00
 1.00000E+00 1.00000E+00 1.00000E+00 1.00000E+00 1.00000E+00 1.00000E+00 1.00000E+00 1.00000E+00
 1.00000E+00 1.00000E+00 1.00000E+00 1.00000E+00 1.00000E+00 1.00000E+00 1.00000E+00 1.00000E+00
 1.00000E-05 1.00000E-05 1.00000E-05 1.00000E-05 1.00000E-05 1.00000E-05 1.00000E-05 1.00000E-05
 1.00000E-05 1.00000E-05 1.00000E-05 1.00000E-05 1.00000E-05 1.00000E-05 1.00000E-05 1.00000E-05
 1.00000E-05 1.00000E-05 1.00000E-05 1.00000E-05 1.00000E-05 1.00000E-05 1.00000E-05 1.00000E-05
 1.00000E-05 1.00000E-05 1.00000E-05 1.00000E-05 1.00000E-05 1.00000E-05 1.00000E-05 1.00000E-05
 1.00000E-05 1.00000E-05 1.00000E-05 1.00000E-05 1.00000E-05 1.00000E-05 1.00000E-05 1.00000E-05
 1.00000E-05 1.00000E-05 1.00000E-05 1.00000E-05 1.00000E-05 1.00000E-05 1.00000E-05 1.00000E-05
 1.00000E-05 1.00000E-05 1.00000E-05 1.00000E-05 1.00000E-05 1.00000E-05 1.00000E-05 1.00000E-05
 1.00000E-05 1.00000E-05 1.00000E-05 1.00000E-05 1.00000E-05 1.00000E-05 1.00000E-05 1.00000E-05
 1.00000E-05 1.00000E-05 1.00000E-05 1.00000E-05 1.00000E-05 1.00000E-05 1.00000E-05 1.00000E-05
 1.00000E-05 1.00000E-05 1.00000E-05 1.00000E-05 1.00000E-05 1.00000E-05 1.00000E-05 1.00000E-05
 1.00000E-05 1.00000E-05 1.00000E-05 1.00000E-05 1.00000E-05 1.00000E-05 1.00000E-05 1.00000E-05
 1.00000E-05 1.00000E-05 1.00000E-05 1.00000E-05 1.00000E-05 1.00000E-05 1.00000E-05 1.00000E-05
 1.00000E-05 1.00000E-05 1.00000E-05 1.00000E-05 1.00000E-09 1.00000E-09 1.00000E-09 1.00000E-09
 1.00000E-09 1.00000E-09 1.00000E-09 1.00000E-09 1.00000E-09 1.00000E-09 1.00000E-09 1.00000E-09
 1.00000E-09 1.00000E-09 1.00000E-09 1.00000E-09 1.00000E-09 1.00000E-09 1.00000E-09 1.00000E-09
 1.00000E-09 1.00000E-09 1.00000E-09 1.00000E-09 1.00000E-09 1.00000E-09 1.00000E-09 1.00000E-09
 1.00000E-09 1.00000E-09 1.00000E-09 1.00000E-09 1.00000E-09 1.00000E-09 1.00000E-09 1.00000E-09
 1.00000E-09 1.00000E-09 1.00000E-09 1.00000E-09 1.00000E-09 1.00000E-09 1.00000E-09 1.00000E-09
 1.00000E-09 1.00000E-09 1.00000E-09 1.00000E-09 1.00000E-09 1.00000E-09 1.00000E-09 1.00000E-09
 1.00000E-09 1.00000E-09 1.00000E-09 1.00000E-09 1.00000E-09 1.00000E-09 1.00000E-09 1.00000E-09
 1.00000E-09 1.00000E-09 1.00000E-09 1.00000E-09 1.00000E-09 1.00000E-09 1.00000E-09 1.00000E-09
 1.00000E-09 1.00000E-09 1.00000E-09 1.00000E-09 1.00000E-09 1.00000E-09 1.00000E-09 1.00000E-09
 1.00000E-09 1.00000E-09 1.00000E-09 1.00000E-09 1.00000E-09 1.00000E-09 1.00000E-09 1.00000E-09
 1.00000E-09 1.00000E-09 1.00000E-09 1.00000E-09 1.00000E-09 1.00000E-09 1.00000E-09 1.00000E-09
 1.00000E-09 1.00000E-09 1.00000E-09 1.00000E-09 1.00000E-09 1.00000E-09 1.00000E-09 1.00000E-09
 1.00000E-09 1.00000E-09 1.00000E-09 1.00000E-09 1.00000E-09 1.00000E-09 1.00000E-09 1.00000E-09
 1.00000E-09 1.00000E-09 1.00000E-09 1.00000E-09 1.00000E-09 1.00000E-09 1.00000E-09 1.00000E-09
 1.00000E-09 1.00000E-09 1.00000E-09 1.00000E-09 1.00000E-09 1.00000E-09 1.00000E-09 1.00000E-09
 1.00000E-09 1.00000E-09 1.00000E-09 1.00000E-09 1.00000E-09 1.00000E-09 1.00000E-09 1.00000E-09
 1.00000E-09 1.00000E-09 1.00000E-09 1.00000E-09 1.00000E-09 1.00000E-09 1.00000E-09 1.00000E-09
 1.00000E-09 1.00000E-09 1.00000E-09 1.00000E-09 1.00000E-09 1.00000E-09 1.00000E-09 1.00000E-09
 1.00000E-09 1.00000E-09 1.00000E-09 1.00000E-09 1.00000E-09 1.00000E-09 1.00000E-09 1.00000E-09
 1.00000E-09 1.00000E-09 1.00000E-09 1.00000E-09 1.00000E-09 1.00000E-09 1.00000E-09 1.00000E-09
 1.00000E-09 1.00000E-09 1.00000E-09 1.00000E-09 1.00000E-09 1.00000E-09 1.00000E-09 1.00000E-09
 1.00000E-09 1.00000E-09 1.00000E-09 1.00000E-09 1.00000E-09 1.00000E-09 1.00000E-09 1.00000E-09
 1.00000E-09 1.00000E-09 1.00000E-09 1.00000E-09 1.00000E-09 1.00000E-09 1.00000E-09 1.00000E-09
 1.00000E-09 1.00000E-09 1.00000E-09 1.00000E-09 1.00000E-09 1.00000E-09 1.00000E-09 1.00000E-09
 1.00000E-09 1.00000E-09 1.00000E-09 1.00000E-09
