 4.98704E-10 8.29499E-18 7.33691E-03 2.46141E-19 3.09942E-13 2.49906E-10 2.46683E-09 6.41589E-22
 7.61905E-06 4.00000E-03 2.51758E-05 7.35614E-10 8.64549E-13 3.20326E-07 2.49585E-13 7.02619E-11
 4.93992E-21 7.53200E-12 1.00177E-13 4.33592E-15 2.55805E-16 4.08947E-37 8.46469E-08 3.69624E-17
 4.61412E-24 6.31451E-22 1.37482E-12 6.26864E-17 3.02155E-10 7.80997E-18 2.77002E-19 7.78439E-11
 4.72018E-17 2.28736E-12 6.17027E-10 1.02926E-17 5.80637E-03 3.20721E-19 3.72640E-13 3.15722E-10
 2.64417E-09 8.95664E-22 7.62038E-06 3.99999E-03 2.51780E-05 9.25896E-10 9.56008E-13 3.20250E-07
 3.00589E-13 7.92972E-11 7.08388E-21 1.02112E-11 1.97614E-13 4.28220E-15 3.66249E-16 1.16154E-36
 8.46450E-08 5.05143E-17 7.14573E-24 9.27401E-22 2.03857E-12 8.54140E-17 3.05972E-10 1.17631E-17
 7.45741E-19 1.31458E-10 8.97444E-17 3.93703E-12 8.04817E-10 1.28392E-17 4.76375E-03 4.21088E-19
 4.39915E-13 4.24799E-10 2.83052E-09 1.27430E-21 7.62181E-06 3.99999E-03 2.51803E-05 1.23914E-09
 1.01369E-12 3.20168E-07 3.56806E-13 8.77879E-11 1.00243E-20 1.33399E-11 3.53597E-13 4.20674E-15
 4.91273E-16 3.05790E-36 8.46429E-08 6.53078E-17 1.06383E-23 1.34302E-21 3.00300E-12 1.09866E-16
 3.09525E-10 1.60968E-17 1.61694E-18 1.89336E-10 1.50703E-16 5.74255E-12 1.07018E-09 1.60718E-17
 3.91729E-03 5.56347E-19 5.23670E-13 5.82892E-10 3.02403E-09 1.84058E-21 7.62335E-06 3.99998E-03
 2.51829E-05 1.69136E-09 1.08474E-12 3.20080E-07 4.14009E-13 9.55483E-11 1.38855E-20 1.69731E-11
 5.97066E-13 4.10951E-15 6.39438E-16 7.79256E-36 8.46407E-08 8.15531E-17 1.55566E-23 1.95100E-21
 4.33257E-12 1.36238E-16 3.12815E-10 2.10301E-17 3.12081E-18 2.52695E-10 2.39476E-16 7.69539E-12
 1.41198E-09 2.01521E-17 3.28552E-03 7.43853E-19 6.26746E-13 7.88366E-10 3.22224E-09 2.69993E-21
 7.62501E-06 3.99997E-03 2.51857E-05 2.27814E-09 1.17915E-12 3.19986E-07 4.69678E-13 1.02311E-10
 1.89446E-20 2.09027E-11 9.59788E-13 3.98143E-15 7.94169E-16 1.98183E-35 8.46383E-08 9.94901E-17
 2.26478E-23 2.87383E-21 6.02910E-12 1.64730E-16 3.15838E-10 2.68079E-17 5.58361E-18 3.21311E-10
 3.67579E-16 9.73977E-12 1.83471E-09 2.53135E-17 2.82408E-03 1.00085E-18 7.47988E-13 1.04426E-09
 3.42203E-09 4.00271E-21 7.62682E-06 3.99997E-03 2.51887E-05 3.00778E-09 1.29962E-12 3.19885E-07
 5.21317E-13 1.07765E-10 2.53027E-20 2.50804E-11 1.44527E-12 3.82745E-15 9.37389E-16 5.03092E-35
 8.46357E-08 1.19396E-16 3.29265E-23 4.30415E-21 8.12377E-12 1.95541E-16 3.18590E-10 3.37263E-17
 9.43978E-18 3.94737E-10 5.57178E-16 1.18024E-11 2.44929E-09 3.22560E-17 1.91936E-03 1.28299E-18
 8.84885E-13 1.41894E-09 3.65937E-09 5.64948E-21 7.62916E-06 3.99996E-03 2.51926E-05 4.07444E-09
 1.41532E-12 3.19755E-07 5.68304E-13 1.12472E-10 3.14633E-20 3.04383E-11 2.00117E-12 3.73491E-15
 1.37622E-15 1.22290E-34 8.46323E-08 1.46084E-16 4.69500E-23 6.47387E-21 1.11769E-11 2.35592E-16
 3.21561E-10 4.17497E-17 1.56731E-17 4.87994E-10 9.11350E-16 1.41937E-11 4.01439E-09 4.39274E-17
 1.02252E-03 1.78407E-18 1.13641E-12 2.38083E-09 4.14473E-09 8.66500E-21 7.63458E-06 3.99993E-03
 2.52016E-05 6.80814E-09 1.67841E-12 3.19459E-07 5.41568E-13 1.17878E-10 3.68267E-20 4.28077E-11
 2.69198E-12 3.99228E-15 2.69791E-15 3.15759E-34 8.46244E-08 2.09723E-16 6.73805E-23 1.05115E-20
 1.89932E-11 3.27662E-16 3.27141E-10 4.90326E-17 2.89136E-17 6.95229E-10 2.24428E-15 1.88253E-11
 8.75015E-09 6.89483E-17 7.23311E-04 3.43804E-18 1.72635E-12 5.30230E-09 5.39841E-09 1.85263E-20
 7.65107E-06 3.99986E-03 2.52291E-05 1.50933E-08 2.40609E-12 3.18568E-07 4.80767E-13 1.27855E-10
 5.50999E-20 7.48668E-11 4.00195E-12 5.16767E-15 4.94506E-15 1.11309E-33 8.46007E-08 4.11886E-16
 1.04859E-22 2.07474E-20 4.27391E-11 6.06897E-16 3.40476E-10 5.08642E-17 6.46855E-17 1.23821E-09
 7.75851E-15 2.83216E-11 1.94986E-08 1.18212E-16 7.23543E-04 7.58427E-18 2.72438E-12 1.19398E-08
 7.72240E-09 4.50100E-20 7.68861E-06 3.99970E-03 2.52918E-05 3.38488E-08 3.70374E-12 3.16565E-07
 3.78990E-13 1.35522E-10 8.38964E-20 1.34514E-10 6.13743E-12 7.13609E-15 7.06328E-15 5.78601E-33
 8.45467E-08 9.07979E-16 1.76708E-22 4.94097E-20 9.67394E-11 1.24510E-15 3.62375E-10 4.79792E-17
 1.49144E-16 2.27519E-09 1.85729E-14 4.02549E-11 3.67424E-08 1.95872E-16 7.23916E-04 1.52336E-17
 4.02019E-12 2.25383E-08 1.06583E-08 9.81856E-20 7.74866E-06 3.99944E-03 2.53924E-05 6.35724E-08
 5.31427E-12 3.13395E-07 3.01610E-13 1.37336E-10 1.17642E-19 2.05559E-10 8.70016E-12 9.05022E-15
 8.91323E-15 3.07310E-32 8.44602E-08 1.81884E-15 2.98926E-22 1.17395E-19 1.83187E-10 2.28184E-15
 3.82576E-10 4.44039E-17 2.97650E-16 3.61598E-09 4.13946E-14 4.73483E-11 5.81139E-08 2.99379E-16
 7.24376E-04 2.64862E-17 5.49673E-12 3.55047E-08 1.34936E-08 1.84655E-19 7.82221E-06 3.99912E-03
 2.55163E-05 9.94665E-08 6.98106E-12 3.09540E-07 2.57635E-13 1.36913E-10 1.53318E-19 2.62976E-10
 1.13992E-11 1.03293E-14 9.98284E-15 1.25876E-31 8.43540E-08 3.19578E-15 4.78874E-22 2.43612E-19
 2.89441E-10 3.57424E-15 3.87044E-10 4.14323E-17 5.00859E-16 4.86635E-09 7.72050E-14 4.67610E-11
 8.10016E-08 4.28337E-16 7.24861E-04 4.11051E-17 7.09133E-12 4.90833E-08 1.59124E-08 3.09494E-19
 7.89923E-06 3.99878E-03 2.56470E-05 1.36383E-07 8.59728E-12 3.05512E-07 2.36523E-13 1.37311E-10
 1.91650E-19 2.96365E-10 1.42850E-11 1.10188E-14 1.05259E-14 3.87299E-31 8.42419E-08 5.07050E-15
 7.20412E-22 4.36847E-19 4.01502E-10 4.93856E-15 3.67913E-10 3.85486E-17 7.37788E-16 5.75846E-09
 1.19895E-13 4.09817E-11 1.03262E-07 5.86463E-16 7.25324E-04 5.88861E-17 8.75708E-12 6.18747E-08
 1.78887E-08 4.77633E-19 7.97174E-06 3.99846E-03 2.57709E-05 1.70426E-07 1.01440E-11 3.01713E-07
 2.28640E-13 1.38810E-10 2.32754E-19 3.07643E-10 1.73796E-11 1.12736E-14 1.07405E-14 9.55415E-31
 8.41353E-08 7.41964E-15 1.02715E-21 6.99732E-19 5.08106E-10 6.21631E-15 3.24339E-10 3.50958E-17
 9.84377E-16 6.19285E-09 1.60296E-13 3.32734E-11 1.23833E-07 7.82127E-16 7.25741E-04 8.00254E-17
 1.04749E-11 7.32323E-08 1.95412E-08 6.96616E-19 8.03604E-06 3.99818E-03 2.58818E-05 1.99971E-07
 1.16473E-11 2.98322E-07 2.23114E-13 1.40253E-10 2.70702E-19 3.04020E-10 2.07099E-11 1.11774E-14
 1.06412E-14 2.05933E-30 8.40395E-08 1.01976E-14 1.40772E-21 1.04299E-18 6.03949E-10 7.33298E-15
 2.59254E-10 3.02907E-17 1.22092E-15 6.20134E-09 1.92281E-13 2.57530E-11 1.42534E-07 1.03015E-15
 7.26109E-04 1.05298E-16 1.22565E-11 8.30977E-08 2.10137E-08 9.79945E-19 8.09180E-06 3.99793E-03
 2.59789E-05 2.25039E-07 1.31424E-11 2.95353E-07 2.35960E-13 1.47950E-10 3.30306E-19 2.92515E-10
 2.55097E-11 1.13379E-14 1.12893E-14 3.83549E-30 8.39550E-08 1.33723E-14 1.87886E-21 1.43825E-18
 6.88430E-10 8.28457E-15 2.09563E-10 2.69255E-17 1.50730E-15 6.20162E-09 2.22711E-13 1.96973E-11
 1.59537E-07 1.34859E-15 7.26432E-04 1.35538E-16 1.41182E-11 9.16443E-08 2.23863E-08 1.34524E-18
 8.14000E-06 3.99771E-03 2.60636E-05 2.46247E-07 1.46755E-11 2.92755E-07 2.56065E-13 1.58583E-10
 4.04301E-19 2.76639E-10 3.16130E-11 1.15599E-14 1.22438E-14 6.61281E-30 8.38806E-08 1.69397E-14
 2.45922E-21 1.90393E-18 7.62815E-10 9.07914E-15 1.71240E-10 2.45247E-17 1.85273E-15 6.19668E-09
 2.52354E-13 1.51030E-11 1.75133E-07 1.75986E-15 7.26720E-04 1.71834E-16 1.60822E-11 9.91148E-08
 2.36978E-08 1.81590E-18 8.18199E-06 3.99751E-03 2.61382E-05 2.64339E-07 1.62746E-11 2.90460E-07
 2.80374E-13 1.70395E-10 4.91354E-19 2.58201E-10 3.89940E-11 1.17353E-14 1.32596E-14 1.09306E-29
 8.38145E-08 2.09222E-14 3.17270E-21 2.46397E-18 8.28942E-10 9.72420E-15 1.41171E-10 2.27505E-17
 2.26819E-15 6.18859E-09 2.81614E-13 1.16547E-11 1.89540E-07 2.29126E-15 7.26978E-04 2.15465E-16
 1.81677E-11 1.05704E-07 2.49596E-08 2.42114E-18 8.21886E-06 3.99734E-03 2.62044E-05 2.79897E-07
 1.79512E-11 2.88413E-07 3.07052E-13 1.82206E-10 5.90271E-19 2.38290E-10 4.77639E-11 1.17895E-14
 1.41545E-14 1.76635E-29 8.37551E-08 2.53369E-14 4.04831E-21 3.14531E-18 8.88252E-10 1.02195E-14
 1.17234E-10 2.14033E-17 2.76782E-15 6.17868E-09 3.10620E-13 9.05618E-12 2.02983E-07 2.97788E-15
 7.27212E-04 2.67950E-16 2.03954E-11 1.11597E-07 2.61761E-08 3.19854E-18 8.25160E-06 3.99718E-03
 2.62637E-05 2.93439E-07 1.97146E-11 2.86565E-07 3.34867E-13 1.93248E-10 6.99786E-19 2.17558E-10
 5.80572E-11 1.16904E-14 1.48054E-14 2.81622E-29 8.37013E-08 3.02175E-14 5.12078E-21 3.97763E-18
 9.42131E-10 1.05625E-14 9.78437E-11 2.03290E-17 3.36774E-15 6.16775E-09 3.39532E-13 7.07011E-12
 2.15535E-07 3.86324E-15 7.27425E-04 3.30956E-16 2.27798E-11 1.16896E-07 2.73377E-08 4.19425E-18
 8.28078E-06 3.99704E-03 2.63172E-05 3.05268E-07 2.15692E-11 2.84889E-07 3.62737E-13 2.02838E-10
 8.17716E-19 1.96625E-10 6.99431E-11 1.14186E-14 1.51075E-14 4.44544E-29 8.36521E-08 3.55555E-14
 6.42932E-21 4.99226E-18 9.91270E-10 1.07450E-14 8.20092E-11 1.94571E-17 4.08679E-15 6.15642E-09
 3.68315E-13 5.53977E-12 2.27232E-07 5.00111E-15 7.27619E-04 4.06395E-16 2.53336E-11 1.21678E-07
 2.84318E-08 5.46545E-18 8.30679E-06 3.99691E-03 2.63654E-05 3.15614E-07 2.35142E-11 2.83367E-07
 3.89585E-13 2.10365E-10 9.41079E-19 1.76024E-10 8.35086E-11 1.09671E-14 1.49885E-14 6.96095E-29
 8.36072E-08 4.13209E-14 8.01991E-21 6.22275E-18 1.03615E-09 1.07609E-14 6.90034E-11 1.87448E-17
 4.94813E-15 6.14511E-09 3.96740E-13 4.35263E-12 2.38100E-07 6.45725E-15 7.27796E-04 4.96492E-16
 2.80704E-11 1.26008E-07 2.94473E-08 7.08294E-18 8.32999E-06 3.99679E-03 2.64089E-05 3.24668E-07
 2.55412E-11 2.81984E-07 4.14191E-13 2.15233E-10 1.06587E-18 1.56188E-10 9.89210E-11 1.03379E-14
 1.44101E-14 1.08322E-28 8.35662E-08 4.74677E-14 9.94731E-21 7.70494E-18 1.07718E-09 1.06087E-14
 5.82658E-11 1.81621E-17 5.98090E-15 6.13413E-09 4.24849E-13 3.42582E-12 2.47974E-07 8.29902E-15
 7.27955E-04 6.03838E-16 3.09844E-11 1.29867E-07 3.03576E-08 9.12555E-18 8.35030E-06 3.99669E-03
 2.64474E-05 3.32450E-07 2.76058E-11 2.80751E-07 4.33874E-13 2.16048E-10 1.18430E-18 1.37803E-10
 1.16889E-10 9.48508E-15 1.32703E-14 1.69342E-28 8.35294E-08 5.38126E-14 1.22820E-20 9.48511E-18
 1.11398E-09 1.02991E-14 4.95232E-11 1.77684E-17 7.23569E-15 6.12387E-09 4.52359E-13 2.71081E-12
 2.56818E-07 1.06134E-14 7.28096E-04 7.31210E-16 3.40663E-11 1.33278E-07 3.11501E-08 1.16940E-17
 8.36787E-06 3.99660E-03 2.64811E-05 3.39076E-07 2.97012E-11 2.79663E-07 4.47302E-13 2.12519E-10
 1.28963E-18 1.21261E-10 1.37311E-10 8.46119E-15 1.16747E-14 2.65324E-28 8.34967E-08 6.01999E-14
 1.51000E-20 1.15973E-17 1.14665E-09 9.85656E-15 4.24452E-11 1.75807E-17 8.76361E-15 6.11455E-09
 4.79346E-13 2.16073E-12 2.64709E-07 1.35690E-14 7.28220E-04 8.80012E-16 3.73537E-11 1.36298E-07
 3.18235E-08 1.49446E-17 8.38307E-06 3.99652E-03 2.65106E-05 3.44731E-07 3.19825E-11 2.78704E-07
 4.60944E-13 2.08648E-10 1.38961E-18 1.06659E-10 1.56086E-10 7.54486E-15 1.01739E-14 3.94720E-28
 8.34677E-08 6.65268E-14 1.84203E-20 1.39708E-17 1.17563E-09 9.31234E-15 3.66910E-11 1.75423E-17
 1.05284E-14 6.10619E-09 5.05815E-13 1.73422E-12 2.71738E-07 1.73644E-14 7.28330E-04 1.05219E-15
 4.08819E-11 1.38988E-07 3.23815E-08 1.90671E-17 8.39624E-06 3.99645E-03 2.65365E-05 3.49581E-07
 3.45263E-11 2.77857E-07 4.79141E-13 2.06562E-10 1.49246E-18 9.38976E-11 1.71190E-10 6.81835E-15
 8.96796E-15 5.47217E-28 8.34419E-08 7.27228E-14 2.22738E-20 1.65374E-17 1.20141E-09 8.69657E-15
 3.19786E-11 1.76166E-17 1.25023E-14 6.09876E-09 5.31231E-13 1.40056E-12 2.77978E-07 2.21324E-14
 7.28428E-04 1.25254E-15 4.46183E-11 1.41399E-07 3.28291E-08 2.42422E-17 8.40769E-06 3.99638E-03
 2.65592E-05 3.53750E-07 3.71845E-11 2.77107E-07 4.95933E-13 2.03069E-10 1.58688E-18 8.27965E-11
 1.86005E-10 6.09861E-15 7.76354E-15 7.42429E-28 8.34190E-08 7.87310E-14 2.68034E-20 1.93583E-17
 1.22438E-09 8.03463E-15 2.80953E-11 1.78327E-17 1.48038E-14 6.09218E-09 5.55174E-13 1.13822E-12
 2.83434E-07 2.80354E-14 7.28514E-04 1.48585E-15 4.85455E-11 1.43548E-07 3.31685E-08 3.06940E-17
 8.41754E-06 3.99633E-03 2.65791E-05 3.57304E-07 3.98666E-11 2.76450E-07 5.07609E-13 1.96686E-10
 1.66323E-18 7.32771E-11 2.02097E-10 5.33788E-15 6.50060E-15 1.00571E-27 8.33987E-08 8.44387E-14
 3.21556E-20 2.24599E-17 1.24464E-09 7.35708E-15 2.49118E-11 1.82358E-17 1.75482E-14 6.08647E-09
 5.77324E-13 9.33047E-13 2.88199E-07 3.53395E-14 7.28590E-04 1.75594E-15 5.26902E-11 1.45477E-07
 3.34081E-08 3.87383E-17 8.42605E-06 3.99628E-03 2.65965E-05 3.60351E-07 4.26067E-11 2.75873E-07
 5.16038E-13 1.88680E-10 1.72347E-18 6.51222E-11 2.18421E-10 4.60897E-15 5.31910E-15 1.34253E-27
 8.33808E-08 8.98197E-14 3.84319E-20 2.57903E-17 1.26258E-09 6.68451E-15 2.22821E-11 1.88113E-17
 2.07742E-14 6.08152E-09 5.97606E-13 7.71167E-13 2.92350E-07 4.43650E-14 7.28657E-04 2.06692E-15
 5.70686E-11 1.47219E-07 3.35556E-08 4.87648E-17 8.43342E-06 3.99624E-03 2.66117E-05 3.62980E-07
 4.54365E-11 2.75365E-07 5.23122E-13 1.80082E-10 1.77097E-18 5.81424E-11 2.34136E-10 3.95153E-15
 4.29257E-15 1.75236E-27 8.33648E-08 9.48514E-14 4.57421E-20 2.92953E-17 1.27851E-09 6.03424E-15
 2.00957E-11 1.95531E-17 2.45208E-14 6.07724E-09 6.15843E-13 6.42416E-13 2.95956E-07 5.54621E-14
 7.28717E-04 2.42379E-15 6.16838E-11 1.48800E-07 3.36184E-08 6.12381E-17 8.43982E-06 3.99620E-03
 2.66251E-05 3.65262E-07 4.83510E-11 2.74916E-07 5.29198E-13 1.71142E-10 1.80642E-18 5.21684E-11
 2.49165E-10 3.36744E-15 3.42394E-15 2.24104E-27 8.33507E-08 9.95205E-14 5.42316E-20 3.29423E-17
 1.29267E-09 5.41903E-15 1.82675E-11 2.04675E-17 2.88625E-14 6.07356E-09 6.31853E-13 5.39245E-13
 2.99092E-07 6.90283E-14 7.28770E-04 2.83230E-15 6.65421E-11 1.50246E-07 3.36038E-08 7.67235E-17
 8.44542E-06 3.99617E-03 2.66370E-05 3.67266E-07 5.13334E-11 2.74518E-07 5.33980E-13 1.61877E-10
 1.82915E-18 4.70301E-11 2.63664E-10 2.85074E-15 2.69759E-15 2.81918E-27 8.33380E-08 1.03840E-13
 6.40751E-20 3.67078E-17 1.30535E-09 4.84491E-15 1.67245E-11 2.15583E-17 3.38960E-14 6.07038E-09
 6.45545E-13 4.55608E-13 3.01781E-07 8.55287E-14 7.28816E-04 3.29862E-15 7.16437E-11 1.51559E-07
 3.35189E-08 9.59077E-17 8.45027E-06 3.99614E-03 2.66474E-05 3.69019E-07 5.43714E-11 2.74169E-07
 5.37542E-13 1.52424E-10 1.83964E-18 4.26535E-11 2.77572E-10 2.39822E-15 2.10138E-15 3.49810E-27
 8.33267E-08 1.07766E-13 7.54659E-20 4.05683E-17 1.31658E-09 4.32276E-15 1.54304E-11 2.28633E-17
 3.97294E-14 6.06768E-09 6.56683E-13 3.87937E-13 3.04043E-07 1.05527E-13 7.28857E-04 3.82942E-15
 7.69882E-11 1.52735E-07 3.33736E-08 1.19637E-16 8.45441E-06 3.99611E-03 2.66565E-05 3.70543E-07
 5.74645E-11 2.73866E-07 5.40627E-13 1.43097E-10 1.84046E-18 3.89787E-11 2.90636E-10 2.00908E-15
 1.62494E-15 4.28614E-27 8.33169E-08 1.11256E-13 8.86138E-20 4.45022E-17 1.32640E-09 3.86113E-15
 1.43577E-11 2.44316E-17 4.64721E-14 6.06542E-09 6.65060E-13 3.33495E-13 3.05941E-07 1.29695E-13
 7.28893E-04 4.43220E-15 8.25867E-11 1.53791E-07 3.31765E-08 1.48966E-16 8.45796E-06 3.99609E-03
 2.66643E-05 3.71880E-07 6.06190E-11 2.73604E-07 5.44073E-13 1.34176E-10 1.83462E-18 3.58843E-11
 3.02698E-10 1.68005E-15 1.25211E-15 5.18886E-27 8.33083E-08 1.14344E-13 1.03755E-19 4.84945E-17
 1.33501E-09 3.45687E-15 1.34640E-11 2.62826E-17 5.42369E-14 6.06355E-09 6.70768E-13 2.89229E-13
 3.07543E-07 1.58819E-13 7.28924E-04 5.11543E-15 8.84536E-11 1.54748E-07 3.29334E-08 1.85197E-16
 8.46103E-06 3.99607E-03 2.66713E-05 3.73076E-07 6.38424E-11 2.73375E-07 5.48697E-13 1.25863E-10
 1.82520E-18 3.32530E-11 3.13677E-10 1.40537E-15 9.64584E-16 6.21219E-27 8.33007E-08 1.17082E-13
 1.21158E-19 5.25373E-17 1.34262E-09 3.10316E-15 1.27109E-11 2.84286E-17 6.31483E-14 6.06197E-09
 6.73913E-13 2.52638E-13 3.08880E-07 1.93850E-13 7.28951E-04 5.88843E-15 9.45940E-11 1.55610E-07
 3.26530E-08 2.29934E-16 8.46368E-06 3.99605E-03 2.66773E-05 3.74150E-07 6.71468E-11 2.73175E-07
 5.55850E-13 1.18412E-10 1.81674E-18 3.10272E-11 3.23375E-10 1.17971E-15 7.47281E-16 7.35941E-27
 8.32940E-08 1.19482E-13 1.41122E-19 5.66276E-17 1.34931E-09 2.79803E-15 1.20788E-11 3.09101E-17
 7.33344E-14 6.06067E-09 6.74571E-13 2.22325E-13 3.09996E-07 2.35917E-13 7.28975E-04 6.76172E-15
 1.01022E-10 1.56389E-07 3.23412E-08 2.85174E-16 8.46597E-06 3.99604E-03 2.66826E-05 3.75127E-07
 7.05504E-11 2.73002E-07 5.66748E-13 1.11966E-10 1.81301E-18 2.91375E-11 3.31720E-10 9.96429E-16
 5.84701E-16 8.63068E-27 8.32881E-08 1.21576E-13 1.63980E-19 6.07705E-17 1.35523E-09 2.53578E-15
 1.15458E-11 3.37572E-17 8.49266E-14 6.05959E-09 6.72900E-13 1.96945E-13 3.10925E-07 2.86380E-13
 7.28997E-04 7.74715E-15 1.07752E-10 1.57092E-07 3.20041E-08 3.53395E-16 8.46796E-06 3.99602E-03
 2.66873E-05 3.76025E-07 7.40751E-11 2.72850E-07 5.82675E-13 1.06615E-10 1.81755E-18 2.75304E-11
 3.38675E-10 8.48992E-16 4.63861E-16 1.00233E-26 8.32829E-08 1.23396E-13 1.90109E-19 6.49773E-17
 1.36046E-09 2.31131E-15 1.10952E-11 3.70068E-17 9.80589E-14 6.05869E-09 6.69112E-13 1.75515E-13
 3.11691E-07 3.46872E-13 7.29015E-04 8.85832E-15 1.14793E-10 1.57722E-07 3.16495E-08 4.37670E-16
 8.46968E-06 3.99601E-03 2.66914E-05 3.76852E-07 7.77400E-11 2.72718E-07 6.05009E-13 1.02404E-10
 1.83372E-18 2.61704E-11 3.44230E-10 7.31294E-16 3.74615E-16 1.15375E-26 8.32782E-08 1.24959E-13
 2.19938E-19 6.92656E-17 1.36506E-09 2.12104E-15 1.07160E-11 4.07107E-17 1.12879E-13 6.05795E-09
 6.63515E-13 1.57392E-13 3.12320E-07 4.19290E-13 7.29031E-04 1.01113E-14 1.22155E-10 1.58286E-07
 3.12835E-08 5.41793E-16 8.47117E-06 3.99600E-03 2.66950E-05 3.77620E-07 8.15514E-11 2.72604E-07
 6.34921E-13 9.92943E-11 1.86394E-18 2.50201E-11 3.48462E-10 6.37416E-16 3.08641E-16 1.31881E-26
 8.32742E-08 1.26290E-13 2.53988E-19 7.36547E-17 1.36912E-09 1.96044E-15 1.03970E-11 4.49217E-17
 1.29577E-13 6.05735E-09 6.56494E-13 1.41996E-13 3.12841E-07 5.05769E-13 7.29046E-04 1.15250E-14
 1.29850E-10 1.58795E-07 3.09079E-08 6.70449E-16 8.47247E-06 3.99599E-03 2.66982E-05 3.78345E-07
 8.55045E-11 2.72505E-07 6.73444E-13 9.71939E-11 1.91001E-18 2.40380E-11 3.51504E-10 5.62122E-16
 2.59376E-16 1.50107E-26 8.32706E-08 1.27427E-13 2.92891E-19 7.81629E-17 1.37272E-09 1.82399E-15
 1.01261E-11 4.96889E-17 1.48398E-13 6.05685E-09 6.48405E-13 1.28759E-13 3.13274E-07 6.08767E-13
 7.29059E-04 1.31215E-14 1.37898E-10 1.59258E-07 3.05235E-08 8.29454E-16 8.47362E-06 3.99598E-03
 2.67011E-05 3.79039E-07 8.95946E-11 2.72417E-07 7.21823E-13 9.60239E-11 1.97384E-18 2.31910E-11
 3.53467E-10 5.01368E-16 2.22183E-16 1.70574E-26 8.32673E-08 1.28400E-13 3.37397E-19 8.28102E-17
 1.37596E-09 1.70719E-15 9.89367E-12 5.50694E-17 1.69634E-13 6.05643E-09 6.39580E-13 1.17251E-13
 3.13635E-07 7.31216E-13 7.29071E-04 1.49265E-14 1.46304E-10 1.59678E-07 3.01346E-08 1.02606E-15
 8.47463E-06 3.99598E-03 2.67036E-05 3.79707E-07 9.38207E-11 2.72339E-07 7.81545E-13 9.57229E-11
 2.05726E-18 2.24610E-11 3.54430E-10 4.52163E-16 1.94054E-16 1.93934E-26 8.32644E-08 1.29225E-13
 3.88390E-19 8.76188E-17 1.37888E-09 1.60746E-15 9.69443E-12 6.11414E-17 1.93618E-13 6.05608E-09
 6.30431E-13 1.07250E-13 3.13935E-07 8.76787E-13 7.29081E-04 1.69688E-14 1.55083E-10 1.60058E-07
 2.97451E-08 1.26951E-15 8.47553E-06 3.99597E-03 2.67060E-05 3.80352E-07 9.82120E-11 2.72271E-07
 8.54099E-13 9.62151E-11 2.16083E-18 2.18326E-11 3.54484E-10 4.12254E-16 1.72804E-16 2.20499E-26
 8.32618E-08 1.29915E-13 4.46829E-19 9.26085E-17 1.38150E-09 1.52254E-15 9.52388E-12 6.79870E-17
 2.20633E-13 6.05579E-09 6.21361E-13 9.85821E-14 3.14186E-07 1.04991E-12 7.29090E-04 1.92815E-14
 1.64201E-10 1.60401E-07 2.93580E-08 1.57149E-15 8.47634E-06 3.99596E-03 2.67081E-05 3.80978E-07
 1.02788E-10 2.72211E-07 9.40482E-13 9.74015E-11 2.28293E-18 2.12912E-11 3.53740E-10 3.79764E-16
 1.56867E-16 2.50134E-26 8.32594E-08 1.30485E-13 5.13801E-19 9.77541E-17 1.38386E-09 1.45032E-15
 9.37788E-12 7.56942E-17 2.50945E-13 6.05554E-09 6.12756E-13 9.11105E-14 3.14411E-07 1.25501E-12
 7.29099E-04 2.19013E-14 1.73730E-10 1.60732E-07 2.89506E-08 1.94695E-15 8.47710E-06 3.99596E-03
 2.67101E-05 3.81627E-07 1.07623E-10 2.72154E-07 1.04312E-12 9.92833E-11 2.42538E-18 2.07937E-11
 3.52239E-10 3.53269E-16 1.44434E-16 2.82373E-26 8.32572E-08 1.30979E-13 5.90506E-19 1.03035E-16
 1.38614E-09 1.38491E-15 9.24465E-12 8.42928E-17 2.84779E-13 6.05532E-09 6.04473E-13 8.43321E-14
 3.14629E-07 1.49708E-12 7.29109E-04 2.48679E-14 1.83787E-10 1.61072E-07 2.84948E-08 2.41531E-15
 8.47788E-06 3.99595E-03 2.67122E-05 3.82351E-07 1.12860E-10 2.72097E-07 1.16638E-12 1.01985E-10
 2.59251E-18 2.03046E-11 3.49885E-10 3.32060E-16 1.34374E-16 3.15624E-26 8.32548E-08 1.31426E-13
 6.78124E-19 1.08421E-16 1.38849E-09 1.32163E-15 9.11464E-12 9.37965E-17 3.22160E-13 6.05511E-09
 5.96459E-13 7.78547E-14 3.14844E-07 1.78303E-12 7.29118E-04 2.82252E-14 1.94377E-10 1.61424E-07
 2.79853E-08 3.00193E-15 8.47868E-06 3.99594E-03 2.67144E-05 3.83163E-07 1.18647E-10 2.72039E-07
 1.31369E-12 1.05548E-10 2.78327E-18 1.98213E-11 3.46637E-10 3.15541E-16 1.26368E-16 3.46463E-26
 8.32524E-08 1.31823E-13 7.77774E-19 1.13834E-16 1.39094E-09 1.26019E-15 8.98728E-12 1.04265E-16
 3.62849E-13 6.05491E-09 5.89332E-13 7.17051E-14 3.15058E-07 2.12194E-12 7.29128E-04 3.20212E-14
 2.05560E-10 1.61788E-07 2.74192E-08 3.74055E-15 8.47950E-06 3.99594E-03 2.67166E-05 3.84074E-07
 1.25205E-10 2.71980E-07 1.48884E-12 1.09979E-10 2.99495E-18 1.93439E-11 3.42482E-10 3.03169E-16
 1.20071E-16 3.70070E-26 8.32498E-08 1.32160E-13 8.90344E-19 1.19223E-16 1.39349E-09 1.20065E-15
 8.86271E-12 1.15745E-16 4.06227E-13 6.05472E-09 5.83968E-13 6.59163E-14 3.15275E-07 2.52370E-12
 7.29139E-04 3.63121E-14 2.17387E-10 1.62163E-07 2.67944E-08 4.67428E-15 8.48036E-06 3.99593E-03
 2.67190E-05 3.85096E-07 1.32724E-10 2.71920E-07 1.69581E-12 1.15257E-10 3.22506E-18 1.88726E-11
 3.37437E-10 2.94172E-16 1.15109E-16 3.83003E-26 8.32472E-08 1.32431E-13 1.01690E-18 1.24536E-16
 1.39615E-09 1.14301E-15 8.74104E-12 1.28295E-16 4.51780E-13 6.05454E-09 5.81553E-13 6.05047E-14
 3.15499E-07 2.99710E-12 7.29150E-04 4.11666E-14 2.29868E-10 1.62550E-07 2.61088E-08 5.85591E-15
 8.48124E-06 3.99592E-03 2.67215E-05 3.86239E-07 1.41283E-10 2.71860E-07 1.93845E-12 1.21339E-10
 3.47274E-18 1.84074E-11 3.31541E-10 2.87525E-16 1.11114E-16 3.85216E-26 8.32444E-08 1.32627E-13
 1.15924E-18 1.29708E-16 1.39893E-09 1.08729E-15 8.62237E-12 1.42023E-16 4.99596E-13 6.05437E-09
 5.83672E-13 5.54808E-14 3.15734E-07 3.55184E-12 7.29161E-04 4.66605E-14 2.43027E-10 1.62951E-07
 2.53617E-08 7.35323E-15 8.48217E-06 3.99592E-03 2.67241E-05 3.87517E-07 1.50986E-10 2.71799E-07
 2.22053E-12 1.28171E-10 3.73559E-18 1.79482E-11 3.24845E-10 2.82438E-16 1.07751E-16 3.77112E-26
 8.32415E-08 1.32745E-13 1.31919E-18 1.34667E-16 1.40184E-09 1.03349E-15 8.50677E-12 1.57038E-16
 5.49674E-13 6.05420E-09 5.92425E-13 5.08462E-14 3.15986E-07 4.19922E-12 7.29174E-04 5.28753E-14
 2.56908E-10 1.63365E-07 2.45529E-08 9.25448E-15 8.48313E-06 3.99591E-03 2.67269E-05 3.88940E-07
 1.61996E-10 2.71737E-07 2.54560E-12 1.35694E-10 4.00884E-18 1.74952E-11 3.17403E-10 2.78348E-16
 1.04728E-16 3.58993E-26 8.32384E-08 1.32778E-13 1.49841E-18 1.39328E-16 1.40488E-09 9.81587E-16
 8.39431E-12 1.73437E-16 6.01724E-13 6.05405E-09 6.10527E-13 4.65931E-14 3.16261E-07 4.95023E-12
 7.29186E-04 5.99012E-14 2.71551E-10 1.63796E-07 2.36833E-08 1.16716E-14 8.48414E-06 3.99590E-03
 2.67298E-05 3.90523E-07 1.74470E-10 2.71674E-07 2.91671E-12 1.43844E-10 4.28707E-18 1.70481E-11
 3.09274E-10 2.74709E-16 1.01795E-16 3.32382E-26 8.32352E-08 1.32723E-13 1.69875E-18 1.43599E-16
 1.40807E-09 9.31578E-16 8.28502E-12 1.91329E-16 6.55597E-13 6.05391E-09 6.41400E-13 4.27088E-14
 3.16564E-07 5.81498E-12 7.29200E-04 6.78366E-14 2.86986E-10 1.64246E-07 2.27550E-08 1.47462E-14
 8.48519E-06 3.99589E-03 2.67328E-05 3.92276E-07 1.88562E-10 2.71610E-07 3.33613E-12 1.52553E-10
 4.56418E-18 1.66072E-11 3.00524E-10 2.71024E-16 9.87501E-17 2.99595E-26 8.32319E-08 1.32579E-13
 1.92232E-18 1.47383E-16 1.41143E-09 8.83447E-16 8.17890E-12 2.10838E-16 7.11262E-13 6.05377E-09
 6.89166E-13 3.91771E-14 3.16904E-07 6.80312E-12 7.29214E-04 7.67852E-14 3.03261E-10 1.64716E-07
 2.17715E-08 1.86594E-14 8.48630E-06 3.99588E-03 2.67361E-05 3.94214E-07 2.04457E-10 2.71546E-07
 3.80514E-12 1.61755E-10 4.83265E-18 1.61722E-11 2.91218E-10 2.66904E-16 9.54401E-17 2.62926E-26
 8.32284E-08 1.32344E-13 2.17116E-18 1.50580E-16 1.41495E-09 8.37178E-16 8.07595E-12 2.32085E-16
 7.68591E-13 6.05364E-09 7.58392E-13 3.59784E-14 3.17287E-07 7.92379E-12 7.29229E-04 8.68540E-14
 3.20437E-10 1.65212E-07 2.07375E-08 2.36428E-14 8.48747E-06 3.99587E-03 2.67395E-05 3.96348E-07
 2.22384E-10 2.71480E-07 4.32383E-12 1.71381E-10 5.08340E-18 1.57432E-11 2.81423E-10 2.62059E-16
 9.17577E-17 2.24450E-26 8.32247E-08 1.32019E-13 2.44704E-18 1.53092E-16 1.41865E-09 7.92751E-16
 7.97612E-12 2.55172E-16 8.27270E-13 6.05352E-09 8.53280E-13 3.30907E-14 3.17722E-07 9.18417E-12
 7.29244E-04 9.81506E-14 3.38589E-10 1.65736E-07 1.96592E-08 2.99909E-14 8.48871E-06 3.99586E-03
 2.67431E-05 3.98694E-07 2.42593E-10 2.71414E-07 4.89074E-12 1.81362E-10 5.30674E-18 1.53202E-11
 2.71209E-10 2.56258E-16 8.76427E-17 1.86196E-26 8.32208E-08 1.31608E-13 2.75159E-18 1.54829E-16
 1.42255E-09 7.50145E-16 7.87933E-12 2.80194E-16 8.86947E-13 6.05340E-09 9.75012E-13 3.04916E-14
 3.18218E-07 1.05877E-11 7.29261E-04 1.10782E-13 3.57797E-10 1.66293E-07 1.85440E-08 3.80742E-14
 8.49002E-06 3.99585E-03 2.67469E-05 4.01264E-07 2.65310E-10 2.71347E-07 5.50267E-12 1.91629E-10
 5.49343E-18 1.49032E-11 2.60648E-10 2.49310E-16 8.30810E-17 1.50073E-26 8.32166E-08 1.31113E-13
 3.08636E-18 1.55710E-16 1.42666E-09 7.09336E-16 7.78548E-12 3.07244E-16 9.47354E-13 6.05329E-09
 1.11593E-12 2.81603E-14 3.18785E-07 1.21326E-11 7.29279E-04 1.24850E-13 3.78152E-10 1.66888E-07
 1.74011E-08 4.83558E-14 8.49142E-06 3.99583E-03 2.67509E-05 4.04073E-07 2.90706E-10 2.71279E-07
 6.15458E-12 2.02108E-10 5.63563E-18 1.44921E-11 2.49816E-10 2.41080E-16 7.81012E-17 1.17634E-26
 8.32123E-08 1.30542E-13 3.45298E-18 1.55679E-16 1.43100E-09 6.70298E-16 7.69441E-12 3.36414E-16
 1.00838E-12 6.05319E-09 1.25079E-12 2.60786E-14 3.19433E-07 1.38092E-11 7.29298E-04 1.40459E-13
 3.99737E-10 1.67529E-07 1.62408E-08 6.14040E-14 8.49291E-06 3.99582E-03 2.67552E-05 4.07134E-07
 3.18825E-10 2.71210E-07 6.83966E-12 2.12724E-10 5.72865E-18 1.40870E-11 2.38795E-10 2.31477E-16
 7.27706E-17 8.99678E-27 8.32077E-08 1.29902E-13 3.85366E-18 1.54708E-16 1.43558E-09 6.33002E-16
 7.60596E-12 3.67825E-16 1.07034E-12 6.05309E-09 1.37695E-12 2.42309E-14 3.20171E-07 1.55979E-11
 7.29317E-04 1.57714E-13 4.22623E-10 1.68221E-07 1.50745E-08 7.79074E-14 8.49449E-06 3.99580E-03
 2.67598E-05 4.10462E-07 3.49545E-10 2.71140E-07 7.54965E-12 2.23399E-10 5.77183E-18 1.36880E-11
 2.27671E-10 2.20475E-16 6.71879E-17 6.75299E-27 8.32029E-08 1.29203E-13 4.29178E-18 1.52811E-16
 1.44042E-09 5.97423E-16 7.51993E-12 4.01643E-16 1.13412E-12 6.05300E-09 1.49528E-12 2.26037E-14
 3.21010E-07 1.74724E-11 7.29339E-04 1.76738E-13 4.46891E-10 1.68971E-07 1.39144E-08 9.87080E-14
 8.49619E-06 3.99579E-03 2.67646E-05 4.14072E-07 3.82638E-10 2.71069E-07 8.27571E-12 2.34053E-10
 5.76760E-18 1.32952E-11 2.16530E-10 2.08166E-16 6.14713E-17 5.00744E-27 8.31978E-08 1.28456E-13
 4.77171E-18 1.50037E-16 1.44553E-09 5.63532E-16 7.43611E-12 4.38065E-16 1.20085E-12 6.05291E-09
 1.60664E-12 2.11831E-14 3.21959E-07 1.94043E-11 7.29361E-04 1.97676E-13 4.72653E-10 1.69787E-07
 1.27726E-08 1.24852E-13 8.49801E-06 3.99577E-03 2.67697E-05 4.17977E-07 4.17848E-10 2.70998E-07
 9.00943E-12 2.44609E-10 5.72032E-18 1.29090E-11 2.05456E-10 1.94763E-16 5.57453E-17 3.68888E-27
 8.31924E-08 1.27672E-13 5.29852E-18 1.46473E-16 1.45094E-09 5.31299E-16 7.35429E-12 4.77283E-16
 1.27157E-12 6.05281E-09 1.71186E-12 1.99538E-14 3.23027E-07 2.13654E-11 7.29385E-04 2.20708E-13
 5.00056E-10 1.70676E-07 1.16607E-08 1.57658E-13 8.49996E-06 3.99575E-03 2.67751E-05 4.22195E-07
 4.54953E-10 2.70925E-07 9.74354E-12 2.54993E-10 5.63585E-18 1.25295E-11 1.94529E-10 1.80567E-16
 5.01285E-17 2.71151E-27 8.31866E-08 1.26865E-13 5.87811E-18 1.42231E-16 1.45666E-09 5.00691E-16
 7.27423E-12 5.19484E-16 1.34721E-12 6.05272E-09 1.81174E-12 1.88984E-14 3.24223E-07 2.33301E-11
 7.29411E-04 2.46076E-13 5.29286E-10 1.71647E-07 1.05893E-08 1.98810E-13 8.50205E-06 3.99573E-03
 2.67809E-05 4.26742E-07 4.93796E-10 2.70852E-07 1.04725E-11 2.65141E-10 5.52139E-18 1.21570E-11
 1.83817E-10 1.65925E-16 4.47234E-17 1.99526E-27 8.31806E-08 1.26048E-13 6.51766E-18 1.37439E-16
 1.46272E-09 4.71669E-16 7.19569E-12 5.64857E-16 1.42860E-12 6.05262E-09 1.90705E-12 1.79987E-14
 3.25555E-07 2.52802E-11 7.29438E-04 2.74088E-13 5.60590E-10 1.72708E-07 9.56714E-09 2.50505E-13
 8.50430E-06 3.99571E-03 2.67871E-05 4.31638E-07 5.34395E-10 2.70779E-07 1.11930E-11 2.74999E-10
 5.38409E-18 1.17918E-11 1.73375E-10 1.51202E-16 3.96101E-17 1.47178E-27 8.31742E-08 1.25236E-13
 7.22519E-18 1.32232E-16 1.46913E-09 4.44188E-16 7.11842E-12 6.13554E-16 1.51617E-12 6.05252E-09
 1.99854E-12 1.72349E-14 3.27032E-07 2.72081E-11 7.29468E-04 3.05123E-13 5.94306E-10 1.73867E-07
 8.60135E-09 3.15689E-13 8.50672E-06 3.99569E-03 2.67936E-05 4.36904E-07 5.77022E-10 2.70704E-07
 1.19049E-11 2.84523E-10 5.22987E-18 1.14342E-11 1.63244E-10 1.36739E-16 3.48434E-17 1.08670E-27
 8.31674E-08 1.24442E-13 8.00844E-18 1.26744E-16 1.47593E-09 4.18197E-16 7.04217E-12 6.65641E-16
 1.60960E-12 6.05242E-09 2.08692E-12 1.65868E-14 3.28662E-07 2.91134E-11 7.29499E-04 3.39651E-13
 6.30824E-10 1.75133E-07 7.69699E-09 3.98288E-13 8.50933E-06 3.99567E-03 2.68006E-05 4.42563E-07
 6.22124E-10 2.70629E-07 1.26109E-11 2.93678E-10 5.06482E-18 1.10844E-11 1.53455E-10 1.22822E-16
 3.04556E-17 8.01580E-28 8.31602E-08 1.23682E-13 8.87620E-18 1.21105E-16 1.48313E-09 3.93637E-16
 6.96664E-12 7.21143E-16 1.70831E-12 6.05231E-09 2.17289E-12 1.60348E-14 3.30453E-07 3.10004E-11
 7.29532E-04 3.78271E-13 6.70548E-10 1.76515E-07 6.85736E-09 5.03497E-13 8.51214E-06 3.99564E-03
 2.68080E-05 4.48643E-07 6.70259E-10 2.70554E-07 1.33171E-11 3.02435E-10 4.89608E-18 1.07424E-11
 1.44030E-10 1.09662E-16 2.64612E-17 5.90266E-28 8.31525E-08 1.22971E-13 9.83993E-18 1.15440E-16
 1.49077E-09 3.70448E-16 6.89153E-12 7.80110E-16 1.81191E-12 6.05219E-09 2.25715E-12 1.55600E-14
 3.32413E-07 3.28813E-11 7.29568E-04 4.21713E-13 7.13924E-10 1.78023E-07 6.08406E-09 6.38233E-13
 8.51517E-06 3.99561E-03 2.68159E-05 4.55169E-07 7.22172E-10 2.70478E-07 1.40336E-11 3.10765E-10
 4.73026E-18 1.04085E-11 1.34984E-10 9.74124E-17 2.28602E-17 4.33579E-28 8.31444E-08 1.22325E-13
 1.09128E-17 1.09866E-16 1.49888E-09 3.48567E-16 6.81655E-12 8.42558E-16 1.91976E-12 6.05208E-09
 2.34037E-12 1.51445E-14 3.34551E-07 3.47825E-11 7.29606E-04 4.70759E-13 7.61511E-10 1.79664E-07
 5.37717E-09 8.11930E-13 8.51844E-06 3.99558E-03 2.68244E-05 4.62171E-07 7.78924E-10 2.70402E-07
 1.47759E-11 3.18638E-10 4.57096E-18 1.00827E-11 1.26328E-10 8.61637E-17 1.96422E-17 3.16434E-28
 8.31358E-08 1.21759E-13 1.21045E-17 1.04491E-16 1.50750E-09 3.27926E-16 6.74135E-12 9.08296E-16
 2.02991E-12 6.05196E-09 2.42322E-12 1.47704E-14 3.36877E-07 3.67321E-11 7.29648E-04 5.26335E-13
 8.13828E-10 1.81450E-07 4.73558E-09 1.03704E-12 8.52198E-06 3.99555E-03 2.68335E-05 4.69682E-07
 8.41460E-10 2.70326E-07 1.55652E-11 3.26020E-10 4.42342E-18 9.76501E-12 1.18074E-10 7.59495E-17
 1.67924E-17 2.29134E-28 8.31266E-08 1.21291E-13 1.34271E-17 9.94168E-17 1.51667E-09 3.08458E-16
 6.66557E-12 9.77165E-16 2.14097E-12 6.05184E-09 2.50639E-12 1.44222E-14 3.39402E-07 3.87509E-11
 7.29692E-04 5.89786E-13 8.71142E-10 1.83390E-07 4.15742E-09 1.32909E-12 8.52581E-06 3.99552E-03
 2.68432E-05 4.77732E-07 9.10057E-10 2.70249E-07 1.64269E-11 3.32861E-10 4.29946E-18 9.45554E-12
 1.10242E-10 6.67722E-17 1.42967E-17 1.66068E-28 8.31169E-08 1.20938E-13 1.49095E-17 9.47515E-17
 1.52643E-09 2.90098E-16 6.58885E-12 1.04949E-15 2.25493E-12 6.05172E-09 2.59053E-12 1.40874E-14
 3.42136E-07 4.08627E-11 7.29739E-04 6.63078E-13 9.33461E-10 1.85493E-07 3.64020E-09 1.70709E-12
 8.52995E-06 3.99548E-03 2.68537E-05 4.86351E-07 9.84429E-10 2.70172E-07 1.73900E-11 3.39106E-10
 4.21477E-18 9.15439E-12 1.02853E-10 5.86245E-17 1.21392E-17 1.22523E-28 8.31065E-08 1.20718E-13
 1.66025E-17 9.06003E-17 1.53683E-09 2.72788E-16 6.51080E-12 1.12612E-15 2.37674E-12 6.05159E-09
 2.67631E-12 1.37558E-14 3.45089E-07 4.31137E-11 7.29791E-04 7.48561E-13 1.00087E-09 1.87768E-07
 3.18066E-09 2.19560E-12 8.53443E-06 3.99544E-03 2.68649E-05 4.95566E-07 1.06466E-09 2.70095E-07
 1.84876E-11 3.44701E-10 4.17937E-18 8.86184E-12 9.59267E-11 5.14739E-17 1.02975E-17 9.30982E-29
 8.30954E-08 1.20652E-13 1.85612E-17 8.70522E-17 1.54791E-09 2.56480E-16 6.43108E-12 1.20778E-15
 2.50983E-12 6.05145E-09 2.76433E-12 1.34161E-14 3.48272E-07 4.55696E-11 7.29846E-04 8.48757E-13
 1.07369E-09 1.90222E-07 2.77470E-09 2.82771E-12 8.53928E-06 3.99540E-03 2.68769E-05 5.05403E-07
 1.15162E-09 2.70017E-07 1.97575E-11 3.49603E-10 4.19606E-18 8.57814E-12 8.94632E-11 4.52511E-17
 8.74116E-18 7.29822E-29 8.30836E-08 1.20759E-13 2.08328E-17 8.41785E-17 1.55970E-09 2.41127E-16
 6.34935E-12 1.29473E-15 2.65446E-12 6.05130E-09 2.85513E-12 1.30563E-14 3.51699E-07 4.82967E-11
 7.29905E-04 9.66837E-13 1.15218E-09 1.92863E-07 2.41777E-09 3.64600E-12 8.54452E-06 3.99535E-03
 2.68898E-05 5.15889E-07 1.24641E-09 2.69941E-07 2.12390E-11 3.53778E-10 4.26887E-18 8.30353E-12
 8.34534E-11 3.98735E-17 7.43668E-18 5.91597E-29 8.30710E-08 1.21061E-13 2.34790E-17 8.20415E-17
 1.57227E-09 2.26682E-16 6.26522E-12 1.38738E-15 2.81138E-12 6.05113E-09 2.94930E-12 1.26660E-14
 3.55385E-07 5.13618E-11 7.29969E-04 1.10697E-12 1.23651E-09 1.95697E-07 2.10509E-09 4.70497E-12
 8.55020E-06 3.99530E-03 2.69037E-05 5.27049E-07 1.35019E-09 2.69864E-07 2.29731E-11 3.57199E-10
 4.40505E-18 8.03826E-12 7.78780E-11 3.52572E-17 6.35029E-18 4.98311E-29 8.30577E-08 1.21580E-13
 2.65854E-17 8.07029E-17 1.58565E-09 2.13101E-16 6.17833E-12 1.48638E-15 2.98250E-12 6.05095E-09
 3.04737E-12 1.22365E-14 3.59348E-07 5.48401E-11 7.30037E-04 1.27434E-12 1.32699E-09 1.98731E-07
 1.83187E-09 6.07694E-12 8.55633E-06 3.99525E-03 2.69185E-05 5.38908E-07 1.46466E-09 2.69788E-07
 2.50047E-11 3.59846E-10 4.61228E-18 7.78257E-12 7.27090E-11 3.13130E-17 5.44902E-18 4.37282E-29
 8.30434E-08 1.22342E-13 3.02537E-17 8.02294E-17 1.59990E-09 2.00344E-16 6.08830E-12 1.59234E-15
 3.16883E-12 6.05075E-09 3.14989E-12 1.17614E-14 3.63608E-07 5.88153E-11 7.30111E-04 1.47554E-12
 1.42415E-09 2.01973E-07 1.59339E-09 7.86019E-12 8.56296E-06 3.99519E-03 2.69345E-05 5.51491E-07
 1.59241E-09 2.69712E-07 2.73852E-11 3.61697E-10 4.89947E-18 7.53674E-12 6.79111E-11 2.79499E-17
 4.70204E-18 3.99679E-29 8.30282E-08 1.23371E-13 3.46052E-17 8.07032E-17 1.61508E-09 1.88370E-16
 5.99471E-12 1.70574E-15 3.37010E-12 6.05054E-09 3.25740E-12 1.12357E-14 3.68190E-07 6.33793E-11
 7.30190E-04 1.71926E-12 1.52888E-09 2.05427E-07 1.38511E-09 1.01915E-11 8.57012E-06 3.99513E-03
 2.69517E-05 5.64820E-07 1.73716E-09 2.69637E-07 3.01759E-11 3.62724E-10 5.27895E-18 7.30101E-12
 6.34452E-11 2.50807E-17 4.08185E-18 3.79823E-29 8.30121E-08 1.24695E-13 3.97919E-17 8.22399E-17
 1.63124E-09 1.77144E-16 5.89713E-12 1.82706E-15 3.58488E-12 6.05031E-09 3.37046E-12 1.06564E-14
 3.73121E-07 6.86330E-11 7.30276E-04 2.01752E-12 1.64250E-09 2.09100E-07 1.20281E-09 1.32662E-11
 8.57786E-06 3.99507E-03 2.69702E-05 5.78918E-07 1.90419E-09 2.69563E-07 3.34521E-11 3.62887E-10
 5.77015E-18 7.07560E-12 5.92717E-11 2.26266E-17 3.56502E-18 3.74713E-29 8.29949E-08 1.26344E-13
 4.60170E-17 8.50148E-17 1.64845E-09 1.66626E-16 5.79509E-12 1.95691E-15 3.81094E-12 6.05006E-09
 3.48965E-12 1.00221E-14 3.78435E-07 7.46895E-11 7.30368E-04 2.38787E-12 1.76703E-09 2.12999E-07
 1.04265E-09 1.73724E-11 8.58622E-06 3.99500E-03 2.69901E-05 5.93802E-07 2.10101E-09 2.69491E-07
 3.73106E-11 3.62121E-10 6.40482E-18 6.86077E-12 5.53527E-11 2.05206E-17 3.13225E-18 3.83624E-29
 8.29765E-08 1.28351E-13 5.35714E-17 8.93072E-17 1.66678E-09 1.56784E-16 5.68808E-12 2.09626E-15
 4.04507E-12 6.04981E-09 3.61560E-12 9.33316E-15 3.84171E-07 8.16891E-11 7.30466E-04 2.85651E-12
 1.90576E-09 2.17130E-07 9.01170E-10 2.29601E-11 8.59525E-06 3.99492E-03 2.70114E-05 6.09480E-07
 2.33904E-09 2.69420E-07 4.18870E-11 3.60319E-10 7.23161E-18 6.65677E-12 5.16534E-11 1.87012E-17
 2.76792E-18 4.07013E-29 8.29570E-08 1.30751E-13 6.28610E-17 9.55724E-17 1.68630E-09 1.47582E-16
 5.57553E-12 2.24647E-15 4.28116E-12 6.04956E-09 3.74895E-12 8.59080E-15 3.90371E-07 8.98181E-11
 7.30573E-04 3.46535E-12 2.06359E-09 2.21497E-07 7.75403E-10 3.07515E-11 8.60501E-06 3.99484E-03
 2.70344E-05 6.25950E-07 2.63503E-09 2.69350E-07 4.73699E-11 3.57318E-10 8.33443E-18 6.46384E-12
 4.81429E-11 1.71240E-17 2.45989E-18 4.48567E-29 8.29362E-08 1.33584E-13 7.45266E-17 1.04560E-16
 1.70709E-09 1.38990E-16 5.45681E-12 2.41017E-15 4.51146E-12 6.04930E-09 3.89040E-12 7.79787E-15
 3.97087E-07 9.93614E-11 7.30688E-04 4.28436E-12 2.24767E-09 2.26104E-07 6.62924E-10 4.19482E-11
 8.61554E-06 3.99476E-03 2.70591E-05 6.43183E-07 3.01348E-09 2.69282E-07 5.40213E-11 3.52875E-10
 9.85914E-18 6.28229E-12 4.47951E-11 1.57652E-17 2.19903E-18 5.17851E-29 8.29141E-08 1.36890E-13
 8.96260E-17 1.17505E-16 1.72924E-09 1.30979E-16 5.33122E-12 2.59239E-15 4.72659E-12 6.04906E-09
 4.04069E-12 6.95965E-15 4.04374E-07 1.10803E-10 7.30811E-04 5.43412E-12 2.46784E-09 2.30949E-07
 5.61928E-10 5.85928E-11 8.62691E-06 3.99466E-03 2.70857E-05 6.61111E-07 3.50934E-09 2.69216E-07
 6.21885E-11 3.46659E-10 1.20634E-17 6.11247E-12 4.15883E-11 1.46298E-17 1.97864E-18 6.38748E-29
 8.28905E-08 1.40716E-13 1.09985E-16 1.36432E-16 1.75282E-09 1.23521E-16 5.19801E-12 2.80253E-15
 4.91682E-12 6.04885E-09 4.20056E-12 6.08593E-15 4.12291E-07 1.25005E-10 7.30945E-04 7.12645E-12
 2.73663E-09 2.36022E-07 4.71315E-10 8.41753E-11 8.63917E-06 3.99457E-03 2.71144E-05 6.79599E-07
 4.16991E-09 2.69152E-07 7.22799E-11 3.38273E-10 1.54082E-17 5.95480E-12 3.85057E-11 1.37611E-17
 1.79402E-18 8.76850E-29 8.28654E-08 1.45106E-13 1.38835E-16 1.64617E-16 1.77790E-09 1.16595E-16
 5.05638E-12 3.05721E-15 5.07481E-12 6.04866E-09 4.37070E-12 5.19399E-15 4.20899E-07 1.43452E-10
 7.31088E-04 9.74715E-12 3.06775E-09 2.41298E-07 3.90765E-10 1.24434E-10 8.65236E-06 3.99446E-03
 2.71452E-05 6.98405E-07 5.05225E-09 2.69092E-07 8.46260E-11 3.27398E-10 2.07750E-17 5.80989E-12
 3.55359E-11 1.32867E-17 1.64194E-18 1.43837E-28 8.28388E-08 1.50105E-13 1.82368E-16 2.07268E-16
 1.80451E-09 1.10190E-16 4.90562E-12 3.38534E-15 5.20370E-12 6.04850E-09 4.55156E-12 4.31195E-15
 4.30250E-07 1.68711E-10 7.31241E-04 1.39959E-11 3.47650E-09 2.46726E-07 3.20526E-10 1.88724E-10
 8.66647E-06 3.99435E-03 2.71781E-05 7.17125E-07 6.22655E-09 2.69034E-07 9.93819E-11 3.13891E-10
 2.97904E-17 5.67855E-12 3.26714E-11 1.34070E-17 1.51939E-18 2.94920E-28 8.28107E-08 1.55740E-13
 2.52096E-16 2.72609E-16 1.83259E-09 1.04305E-16 4.74529E-12 3.82956E-15 5.30665E-12 6.04837E-09
 4.74312E-12 3.47564E-15 4.40391E-07 2.05234E-10 7.31404E-04 2.11095E-11 3.98353E-09 2.52223E-07
 2.60923E-10 2.92775E-10 8.68145E-06 3.99423E-03 2.72132E-05 7.35150E-07 7.79354E-09 2.68980E-07
 1.16608E-10 2.97712E-10 4.52255E-17 5.56168E-12 2.99056E-11 1.43437E-17 1.42242E-18 7.15706E-28
 8.27813E-08 1.62019E-13 3.67988E-16 3.73755E-16 1.86198E-09 9.89491E-17 4.57531E-12 4.44514E-15
 5.36763E-12 6.04828E-09 4.94463E-12 2.71910E-15 4.51370E-07 2.60441E-10 7.31576E-04 3.32855E-11
 4.61751E-09 2.57674E-07 2.12123E-10 4.62815E-10 8.69721E-06 3.99411E-03 2.72504E-05 7.51630E-07
 9.89258E-09 2.68930E-07 1.36249E-10 2.78946E-10 7.17444E-17 5.46008E-12 2.72363E-11 1.63951E-17
 1.34678E-18 1.84573E-27 8.27509E-08 1.68919E-13 5.65028E-16 5.31606E-16 1.89240E-09 9.41356E-17
 4.39597E-12 5.30315E-15 5.35985E-12 6.04825E-09 5.15459E-12 2.06763E-15 4.63194E-07 3.46393E-10
 7.31755E-04 5.45138E-11 5.41959E-09 2.62926E-07 1.74226E-10 7.41724E-10 8.71355E-06 3.99399E-03
 2.72895E-05 7.65427E-07 1.26851E-08 2.68885E-07 1.58076E-10 2.57863E-10 1.17451E-16 5.37436E-12
 2.46734E-11 2.00495E-17 1.28894E-18 4.65723E-27 8.27199E-08 1.76364E-13 9.06479E-16 7.78921E-16
 1.92338E-09 8.98818E-17 4.20822E-12 6.49254E-15 5.26150E-12 6.04832E-09 5.37038E-12 1.53344E-15
 4.75721E-07 4.83368E-10 7.31937E-04 9.23889E-11 6.45212E-09 2.67785E-07 1.47731E-10 1.19872E-09
 8.73007E-06 3.99387E-03 2.73299E-05 7.75083E-07 1.62848E-08 2.68846E-07 1.81698E-10 2.34894E-10
 1.98339E-16 5.30513E-12 2.22496E-11 2.62596E-17 1.24645E-18 1.10421E-26 8.26891E-08 1.84173E-13
 1.51377E-15 1.16446E-15 1.95412E-09 8.62181E-17 4.01449E-12 8.11934E-15 5.06242E-12 6.04850E-09
 5.58745E-12 1.11385E-15 4.88431E-07 7.11450E-10 7.32115E-04 1.63612E-10 7.80262E-09 2.71978E-07
 1.34898E-10 1.93865E-09 8.74602E-06 3.99376E-03 2.73707E-05 7.78933E-07 2.05170E-08 2.68814E-07
 2.06036E-10 2.11164E-10 3.56400E-16 5.25319E-12 2.00389E-11 3.82012E-17 1.21777E-18 2.40497E-26
 8.26601E-08 1.91934E-13 2.68151E-15 1.74707E-15 1.98313E-09 8.32077E-17 3.82091E-12 1.02964E-14
 4.76686E-12 6.04878E-09 5.79717E-12 7.95012E-16 5.00258E-07 1.17643E-09 7.32274E-04 3.08199E-10
 9.59099E-09 2.75104E-07 1.40058E-10 3.18840E-09 8.75996E-06 3.99366E-03 2.74096E-05 7.75665E-07
 2.52160E-08 2.68791E-07 2.32072E-10 1.85727E-10 6.89765E-16 5.21918E-12 1.81847E-11 6.38823E-17
 1.20091E-18 4.40728E-26 8.26354E-08 1.98798E-13 5.13150E-15 2.55525E-15 2.00783E-09 8.09561E-17
 3.64073E-12 1.30628E-14 4.36624E-12 6.04917E-09 5.98263E-12 5.38719E-16 5.09173E-07 3.01357E-09
 7.32385E-04 6.35731E-10 1.15599E-08 2.76622E-07 1.71193E-10 5.53852E-09 8.76941E-06 3.99360E-03
 2.74428E-05 7.66524E-07 3.03838E-08 2.68778E-07 2.63474E-10 1.54856E-10 1.33592E-15 5.20263E-12
 1.69589E-11 1.27823E-16 1.19367E-18 6.17960E-26 8.26191E-08 2.03201E-13 1.07881E-14 3.33600E-15
 2.02409E-09 7.96240E-17 3.50341E-12 1.52651E-14 3.97256E-12 6.04957E-09 6.11068E-12 3.00583E-16
 2.79439E+02 2.76262E+02 2.73557E+02 2.71224E+02 2.69171E+02 2.67431E+02 2.66131E+02 2.65589E+02
 2.65688E+02 2.65683E+02 2.65466E+02 2.65161E+02 2.64808E+02 2.64417E+02 2.63954E+02 2.63415E+02
 2.62841E+02 2.62244E+02 2.61611E+02 2.60937E+02 2.60225E+02 2.59471E+02 2.58665E+02 2.57738E+02
 2.56695E+02 2.55824E+02 2.55222E+02 2.54616E+02 2.53892E+02 2.53124E+02 2.52366E+02 2.51611E+02
 2.50847E+02 2.50066E+02 2.49271E+02 2.48470E+02 2.47669E+02 2.46872E+02 2.46089E+02 2.45325E+02
 2.44583E+02 2.43858E+02 2.43137E+02 2.42407E+02 2.41658E+02 2.40897E+02 2.40133E+02 2.39379E+02
 2.38671E+02 2.38051E+02 2.37579E+02 2.37286E+02 2.37141E+02 2.37130E+02 2.37261E+02 2.37527E+02
 2.37917E+02 2.38428E+02 2.39064E+02 2.39829E+02 2.40723E+02 2.41737E+02 2.42846E+02 2.44008E+02
 2.45178E+02 2.46320E+02 2.47413E+02 2.48437E+02 2.49390E+02 2.50294E+02 2.51171E+02 2.52035E+02
 2.52901E+02 2.53818E+02 2.54817E+02 2.55843E+02 2.56779E+02 2.57560E+02 2.58209E+02 2.58731E+02
 2.59101E+02 2.59318E+02 2.59405E+02 2.59394E+02 2.59321E+02 2.59211E+02 2.59124E+02 2.59107E+02
 2.59199E+02 2.59410E+02 2.59703E+02 2.59784E+02 2.59266E+02 2.58158E+02 2.56754E+02 2.55338E+02
 2.53936E+02 2.50812E+02 2.45586E+02 2.39980E+02 1.00000E+05 1.00000E+05 1.00000E+05 1.00000E+05
 1.00000E+05 1.00000E+05 6.92150E+04 2.21600E+04 8.86308E+03 5.06404E+03 4.06769E+03 3.91904E+03
 4.25038E+03 5.00419E+03 6.04315E+03 7.36415E+03 8.87038E+03 1.05588E+04 1.24435E+04 1.43800E+04
 1.67473E+04 1.92185E+04 2.22650E+04 2.64181E+04 3.11292E+04 3.68704E+04 4.31562E+04 5.08562E+04
 6.04942E+04 7.05627E+04 8.32888E+04 9.65254E+04 1.12350E+05 1.32435E+05 1.58396E+05 1.85435E+05
 2.17362E+05 2.57008E+05 2.98977E+05 3.52169E+05 4.13746E+05 4.87519E+05 5.61631E+05 6.47869E+05
 7.46158E+05 8.60950E+05 9.88365E+05 1.00000E+06 1.00000E+06 1.00000E+06 1.00000E+06 1.00000E+06
 1.00000E+06 1.00000E+06 1.00000E+06 1.00000E+06 1.00000E+06 1.00000E+06 1.00000E+06 1.00000E+06
 1.00000E+06 1.00000E+06 1.00000E+06 1.00000E+06 1.00000E+06 1.00000E+06 1.00000E+06 1.00000E+06
 1.00000E+06 1.00000E+06 1.00000E+06 1.00000E+06 1.00000E+06 1.00000E+06 1.00000E+06 1.00000E+06
 1.00000E+06 1.00000E+06 1.00000E+06 1.00000E+06 1.00000E+06 1.00000E+06 1.00000E+06 1.00000E+06
 1.00000E+06 1.00000E+06 1.00000E+06 1.00000E+06 1.00000E+06 1.00000E+06 1.00000E+06 1.00000E+06
 1.00000E+06 1.00000E+06 1.00000E+06 1.00000E+06 1.00000E+06 1.00000E+06 1.00000E+06 1.00000E+06
 2.51869E+19 2.34231E+19 2.17290E+19 2.01163E+19 1.85927E+19 1.71552E+19 1.57959E+19 1.44990E+19
 1.32758E+19 1.21610E+19 1.11485E+19 1.02230E+19 9.37519E+18 8.59809E+18 7.88658E+18 7.23498E+18
 6.63700E+18 6.08795E+18 5.58408E+18 5.12168E+18 4.69727E+18 4.30777E+18 3.95040E+18 3.62340E+18
 3.32393E+18 3.04624E+18 2.78817E+18 2.55152E+18 2.33555E+18 2.13771E+18 1.95607E+18 1.78940E+18
 1.63658E+18 1.49654E+18 1.36820E+18 1.25055E+18 1.14272E+18 1.04388E+18 9.53287E+17 8.70253E+17
 7.94174E+17 7.24512E+17 6.60784E+17 6.02530E+17 5.49311E+17 5.00684E+17 4.56243E+17 4.15614E+17
 3.78432E+17 3.44366E+17 3.13110E+17 2.84440E+17 2.58215E+17 2.34274E+17 2.12435E+17 1.92542E+17
 1.74448E+17 1.58008E+17 1.43079E+17 1.29530E+17 1.17245E+17 1.06116E+17 9.60496E+16 8.69616E+16
 7.87700E+16 7.13923E+16 6.47491E+16 5.87658E+16 5.33723E+16 4.85017E+16 4.40961E+16 4.01068E+16
 3.64907E+16 3.32057E+16 3.02180E+16 2.75070E+16 2.50575E+16 2.28475E+16 2.08488E+16 1.90386E+16
 1.73988E+16 1.59116E+16 1.45599E+16 1.33284E+16 1.22041E+16 1.11761E+16 1.02336E+16 9.36808E+15
 8.57245E+15 7.84135E+15 7.17109E+15 6.56402E+15 6.02190E+15 5.53577E+15 5.09274E+15 4.68332E+15
 4.30467E+15 3.98081E+15 3.70780E+15 3.45352E+15 1.84884E-12 2.08573E-12 2.59864E-12 3.40449E-12
 4.48206E-12 5.84364E-12 7.85520E-12 1.30491E-11 2.88463E-11 6.47442E-11 1.21940E-10 1.91502E-10
 2.63588E-10 3.30524E-10 3.88989E-10 4.38944E-10 4.81503E-10 5.18044E-10 5.49637E-10 5.77246E-10
 6.01411E-10 6.22538E-10 6.40967E-10 6.56690E-10 6.69909E-10 6.80963E-10 6.90183E-10 6.97844E-10
 7.04106E-10 7.09204E-10 7.13323E-10 7.16619E-10 7.19234E-10 7.21249E-10 7.22739E-10 7.23804E-10
 7.24530E-10 7.24974E-10 7.25191E-10 7.25227E-10 7.25117E-10 7.24896E-10 7.24585E-10 7.24202E-10
 7.23763E-10 7.23281E-10 7.22765E-10 7.22190E-10 7.21511E-10 7.20717E-10 7.19749E-10 7.18682E-10
 7.17507E-10 7.16211E-10 7.14783E-10 7.13207E-10 7.11470E-10 7.09554E-10 7.07441E-10 7.05113E-10
 7.02551E-10 6.99730E-10 6.96628E-10 6.93219E-10 6.89477E-10 6.85374E-10 6.80883E-10 6.75972E-10
 6.70610E-10 6.64763E-10 6.58395E-10 6.51469E-10 6.43945E-10 6.35782E-10 6.26938E-10 6.17372E-10
 6.07048E-10 5.95929E-10 5.83980E-10 5.71170E-10 5.57470E-10 5.42856E-10 5.27311E-10 5.10822E-10
 4.93382E-10 4.74997E-10 4.55679E-10 4.35453E-10 4.14358E-10 3.92449E-10 3.69807E-10 3.46541E-10
 3.22802E-10 2.98755E-10 2.74563E-10 2.50393E-10 2.26426E-10 2.02932E-10 1.80168E-10 1.58286E-10
 4.39934E+00 3.81979E+00 3.81395E+00 3.95693E+00 4.50566E+00 5.11996E+00 5.42463E+00 7.09508E+00
 1.34408E+01 2.73171E+01 4.67422E+01 6.68534E+01 8.38663E+01 9.58961E+01 1.03003E+02 1.06174E+02
 1.06425E+02 1.04643E+02 1.01496E+02 9.74790E+01 9.29018E+01 8.80144E+01 8.29842E+01 7.79607E+01
 7.30164E+01 6.79605E+01 6.28340E+01 5.79715E+01 5.34461E+01 4.92031E+01 4.52160E+01 4.14899E+01
 3.80288E+01 3.48250E+01 3.18730E+01 2.91486E+01 2.66371E+01 2.43238E+01 2.21944E+01 2.02356E+01
 1.84386E+01 1.67925E+01 1.52867E+01 1.39124E+01 1.26603E+01 1.15188E+01 1.04771E+01 9.52712E+00
 8.65479E+00 7.84976E+00 7.10223E+00 6.40893E+00 5.77651E+00 5.19766E+00 4.66855E+00 4.18636E+00
 3.74882E+00 3.35396E+00 2.99660E+00 2.67527E+00 2.39006E+00 2.13304E+00 1.90206E+00 1.69535E+00
 1.51238E+00 1.35072E+00 1.20704E+00 1.07977E+00 9.66135E-01 8.64951E-01 7.74242E-01 6.92681E-01
 6.19258E-01 5.52951E-01 4.92989E-01 4.39104E-01 3.91125E-01 3.48314E-01 3.10019E-01 2.75716E-01
 2.45002E-01 2.17481E-01 1.92772E-01 1.70534E-01 1.50486E-01 1.32400E-01 1.16055E-01 1.01282E-01
 8.79473E-02 7.59520E-02 6.52260E-02 5.57971E-02 4.76555E-02 4.06066E-02 3.44188E-02 2.89382E-02
 2.41150E-02 2.01601E-02 1.69397E-02 1.40921E-02 1.00000E-12 1.00000E-12 1.00000E-12 1.00000E-12
 1.00000E-12 1.00000E-12 1.00000E-12 1.00000E-12 1.00000E-12 1.00000E-12 1.00000E-12 1.00000E-12
 1.00000E-12 1.00000E-12 1.00000E-12 1.00000E-12 1.00000E-12 1.00000E-12 1.00000E-12 1.00000E-12
 1.00000E-12 1.00000E-12 1.00000E-12 1.00000E-12 1.00000E-12 1.00000E-12 1.00000E-12 1.00000E-12
 1.00000E-12 1.00000E-12 1.00000E-12 1.00000E-12 1.00000E-12 1.00000E-12 1.00000E-12 1.00000E-12
 1.00000E-12 1.00000E-12 1.00000E-12 1.00000E-12 1.00000E-12 1.00000E-12 1.00000E-12 1.00000E-12
 1.00000E-12 1.00000E-12 1.00000E-12 1.00000E-12 1.00000E-12 1.00000E-12 1.00000E-12 1.00000E-12
 1.00000E-12 1.00000E-12 1.00000E-12 1.00000E-12 1.00000E-12 1.00000E-12 1.00000E-12 1.00000E-12
 1.00000E-12 1.00000E-12 1.00000E-12 1.00000E-12 1.00000E-12 1.00000E-12 1.00000E-12 1.00000E-12
 1.00000E-12 1.00000E-12 1.00000E-12 1.00000E-12 1.00000E-12 1.00000E-12 1.00000E-12 1.00000E-12
 1.00000E-12 1.00000E-12 1.00000E-12 1.00000E-12 1.00000E-12 1.00000E-12 1.00000E-12 1.00000E-12
 1.00000E-12 1.00000E-12 1.00000E-12 1.00000E-12 1.00000E-12 1.00000E-12 1.00000E-12 1.00000E-12
 1.00000E-12 1.00000E-12 1.00000E-12 1.00000E-12 1.00000E-12 1.00000E-12 1.00000E-12 1.00000E-12
 1.00000E-12 1.00000E-12 1.00000E-12 1.00000E-12 1.00000E-12 1.00000E-12 1.00000E-12 1.00000E-12
 1.00000E-12 1.00000E-12 1.00000E-12 1.00000E-12 1.00000E-12 1.00000E-12 1.00000E-12 1.00000E-12
 1.00000E-12 1.00000E-12 1.00000E-12 1.00000E-12 1.00000E-12 1.00000E-12 1.00000E-12 1.00000E-12
 1.00000E-12 1.00000E-12 1.00000E-12 1.00000E-12 1.00000E-12 1.00000E-12 1.00000E-12 1.00000E-12
 1.00000E-12 1.00000E-12 1.00000E-12 1.00000E-12 1.00000E-12 1.00000E-12 1.00000E-12 1.00000E-12
 1.00000E-12 1.00000E-12 1.00000E-12 1.00000E-12 1.00000E-12 1.00000E-12 1.00000E-12 1.00000E-12
 1.00000E-12 1.00000E-12 1.00000E-12 1.00000E-12 1.00000E-12 1.00000E-12 1.00000E-12 1.00000E-12
 1.00000E-12 1.00000E-12 1.00000E-12 1.00000E-12 1.00000E-12 1.00000E-12 1.00000E-12 1.00000E-12
 1.00000E-12 1.00000E-12 1.00000E-12 1.00000E-12 1.00000E-12 1.00000E-12 1.00000E-12 1.00000E-12
 1.00000E-12 1.00000E-12 1.00000E-12 1.00000E-12 1.00000E-12 1.00000E-12 1.00000E-12 1.00000E-12
 1.00000E-12 1.00000E-12 1.00000E-12 1.00000E-12 1.00000E-12 1.00000E-12 1.00000E-12 1.00000E-12
 1.00000E-12 1.00000E-12 1.00000E-12 1.00000E-12 1.00000E-12 1.00000E-12 1.00000E-12 1.00000E-12
 1.00000E-12 1.00000E-12 1.00000E-12 1.00000E-12 2.74535E-04 2.96858E-04 3.20464E-04 3.48667E-04
 3.73292E-04 3.99888E-04 4.41308E-04 4.90007E-04 5.31823E-04 5.68306E-04 6.08021E-04 6.51269E-04
 6.98678E-04 7.50673E-04 8.07613E-04 8.69940E-04 9.38282E-04 1.01324E-03 1.09542E-03 1.18548E-03
 1.28419E-03 1.39228E-03 1.51064E-03 1.63992E-03 1.78120E-03 1.93764E-03 2.11149E-03 2.30216E-03
 2.51065E-03 2.73944E-03 2.99108E-03 3.26787E-03 3.57222E-03 3.90688E-03 4.27461E-03 4.67929E-03
 5.12489E-03 5.61579E-03 6.15693E-03 6.75375E-03 7.41180E-03 8.13748E-03 8.93791E-03 9.82062E-03
 1.07940E-02 1.18678E-02 1.30534E-02 1.43622E-02 1.58102E-02 1.74157E-02 1.91999E-02 2.11851E-02
 2.33827E-02 2.58205E-02 2.85249E-02 3.15243E-02 3.48473E-02 3.85221E-02 4.25914E-02 4.70856E-02
 5.20185E-02 5.74642E-02 6.34704E-02 7.00848E-02 7.73304E-02 8.52522E-02 9.39269E-02 1.03401E-01
 1.13774E-01 1.25105E-01 1.37504E-01 1.51082E-01 1.65952E-01 1.82249E-01 2.00116E-01 2.19651E-01
 2.40920E-01 2.64092E-01 2.89343E-01 3.16862E-01 3.46836E-01 3.79481E-01 4.15057E-01 4.53861E-01
 4.96225E-01 5.42508E-01 5.93145E-01 6.48605E-01 7.09392E-01 7.76020E-01 8.48969E-01 9.28275E-01
 1.01373E+00 1.10594E+00 1.20632E+00 1.31644E+00 1.43731E+00 1.56500E+00 1.69973E+00 1.84977E+00
 1.00000E+00 1.00000E+00 1.00000E+00 1.00000E+00 1.00000E+00 1.00000E+00 1.00000E+00 1.00000E+00
 1.00000E+00 1.00000E+00 1.00000E+00 1.00000E+00 1.00000E+00 1.00000E+00 1.00000E+00 1.00000E+00
 1.00000E+00 1.00000E+00 1.00000E+00 1.00000E+00 1.00000E+00 1.00000E+00 1.00000E+00 1.00000E+00
 1.00000E+00 1.00000E+00 1.00000E+00 1.00000E+00 1.00000E+00 1.00000E+00 1.00000E+00 1.00000E+00
 1.00000E+00 1.00000E+00 1.00000E+00 1.00000E+00 1.00000E+00 1.00000E+00 1.00000E+00 1.00000E+00
 1.00000E+00 1.00000E+00 1.00000E+00 1.00000E+00 1.00000E+00 1.00000E+00 1.00000E+00 1.00000E+00
 1.00000E+00 1.00000E+00 1.00000E+00 1.00000E+00 1.00000E+00 1.00000E+00 1.00000E+00 1.00000E+00
 1.00000E+00 1.00000E+00 1.00000E+00 1.00000E+00 1.00000E+00 1.00000E+00 1.00000E+00 1.00000E+00
 1.00000E+00 1.00000E+00 1.00000E+00 1.00000E+00 1.00000E+00 1.00000E+00 1.00000E+00 1.00000E+00
 1.00000E+00 1.00000E+00 1.00000E+00 1.00000E+00 1.00000E+00 1.00000E+00 1.00000E+00 1.00000E+00
 1.00000E+00 1.00000E+00 1.00000E+00 1.00000E+00 1.00000E+00 1.00000E+00 1.00000E+00 1.00000E+00
 1.00000E+00 1.00000E+00 1.00000E+00 1.00000E+00 1.00000E+00 1.00000E+00 1.00000E+00 1.00000E+00
 1.00000E+00 1.00000E+00 1.00000E+00 1.00000E+00 1.00000E+00 1.00000E+00 1.00000E+00 1.00000E+00
 1.00000E+00 1.00000E+00 1.00000E+00 1.00000E+00 1.00000E+00 1.00000E+00 1.00000E+00 1.00000E+00
 1.00000E+00 1.00000E+00 1.00000E+00 1.00000E+00 1.00000E+00 1.00000E+00 1.00000E+00 1.00000E+00
 1.00000E+00 1.00000E+00 1.00000E+00 1.00000E+00 1.00000E+00 1.00000E+00 1.00000E+00 1.00000E+00
 1.00000E+00 1.00000E+00 1.00000E+00 1.00000E+00 1.00000E+00 1.00000E+00 1.00000E+00 1.00000E+00
 1.00000E+00 1.00000E+00 1.00000E+00 1.00000E+00 1.00000E+00 1.00000E+00 1.00000E+00 1.00000E+00
 1.00000E+00 1.00000E+00 1.00000E+00 1.00000E+00 1.00000E+00 1.00000E+00 1.00000E+00 1.00000E+00
 1.00000E+00 1.00000E+00 1.00000E+00 1.00000E+00 1.00000E+00 1.00000E+00 1.00000E+00 1.00000E+00
 1.00000E+00 1.00000E+00 1.00000E+00 1.00000E+00 1.00000E+00 1.00000E+00 1.00000E+00 1.00000E+00
 1.00000E+00 1.00000E+00 1.00000E+00 1.00000E+00 1.00000E+00 1.00000E+00 1.00000E+00 1.00000E+00
 1.00000E+00 1.00000E+00 1.00000E+00 1.00000E+00 1.00000E+00 1.00000E+00 1.00000E+00 1.00000E+00
 1.00000E+00 1.00000E+00 1.00000E+00 1.00000E+00 1.00000E+00 1.00000E+00 1.00000E+00 1.00000E+00
 1.00000E+00 1.00000E+00 1.00000E+00 1.00000E+00 1.00000E+00 1.00000E+00 1.00000E+00 1.00000E+00
 1.00000E-05 1.00000E-05 1.00000E-05 1.00000E-05 1.00000E-05 1.00000E-05 1.00000E-05 1.00000E-05
 1.00000E-05 1.00000E-05 1.00000E-05 1.00000E-05 1.00000E-05 1.00000E-05 1.00000E-05 1.00000E-05
 1.00000E-05 1.00000E-05 1.00000E-05 1.00000E-05 1.00000E-05 1.00000E-05 1.00000E-05 1.00000E-05
 1.00000E-05 1.00000E-05 1.00000E-05 1.00000E-05 1.00000E-05 1.00000E-05 1.00000E-05 1.00000E-05
 1.00000E-05 1.00000E-05 1.00000E-05 1.00000E-05 1.00000E-05 1.00000E-05 1.00000E-05 1.00000E-05
 1.00000E-05 1.00000E-05 1.00000E-05 1.00000E-05 1.00000E-05 1.00000E-05 1.00000E-05 1.00000E-05
 1.00000E-05 1.00000E-05 1.00000E-05 1.00000E-05 1.00000E-05 1.00000E-05 1.00000E-05 1.00000E-05
 1.00000E-05 1.00000E-05 1.00000E-05 1.00000E-05 1.00000E-05 1.00000E-05 1.00000E-05 1.00000E-05
 1.00000E-05 1.00000E-05 1.00000E-05 1.00000E-05 1.00000E-05 1.00000E-05 1.00000E-05 1.00000E-05
 1.00000E-05 1.00000E-05 1.00000E-05 1.00000E-05 1.00000E-05 1.00000E-05 1.00000E-05 1.00000E-05
 1.00000E-05 1.00000E-05 1.00000E-05 1.00000E-05 1.00000E-05 1.00000E-05 1.00000E-05 1.00000E-05
 1.00000E-05 1.00000E-05 1.00000E-05 1.00000E-05 1.00000E-05 1.00000E-05 1.00000E-05 1.00000E-05
 1.00000E-05 1.00000E-05 1.00000E-05 1.00000E-05 1.00000E-09 1.00000E-09 1.00000E-09 1.00000E-09
 1.00000E-09 1.00000E-09 1.00000E-09 1.00000E-09 1.00000E-09 1.00000E-09 1.00000E-09 1.00000E-09
 1.00000E-09 1.00000E-09 1.00000E-09 1.00000E-09 1.00000E-09 1.00000E-09 1.00000E-09 1.00000E-09
 1.00000E-09 1.00000E-09 1.00000E-09 1.00000E-09 1.00000E-09 1.00000E-09 1.00000E-09 1.00000E-09
 1.00000E-09 1.00000E-09 1.00000E-09 1.00000E-09 1.00000E-09 1.00000E-09 1.00000E-09 1.00000E-09
 1.00000E-09 1.00000E-09 1.00000E-09 1.00000E-09 1.00000E-09 1.00000E-09 1.00000E-09 1.00000E-09
 1.00000E-09 1.00000E-09 1.00000E-09 1.00000E-09 1.00000E-09 1.00000E-09 1.00000E-09 1.00000E-09
 1.00000E-09 1.00000E-09 1.00000E-09 1.00000E-09 1.00000E-09 1.00000E-09 1.00000E-09 1.00000E-09
 1.00000E-09 1.00000E-09 1.00000E-09 1.00000E-09 1.00000E-09 1.00000E-09 1.00000E-09 1.00000E-09
 1.00000E-09 1.00000E-09 1.00000E-09 1.00000E-09 1.00000E-09 1.00000E-09 1.00000E-09 1.00000E-09
 1.00000E-09 1.00000E-09 1.00000E-09 1.00000E-09 1.00000E-09 1.00000E-09 1.00000E-09 1.00000E-09
 1.00000E-09 1.00000E-09 1.00000E-09 1.00000E-09 1.00000E-09 1.00000E-09 1.00000E-09 1.00000E-09
 1.00000E-09 1.00000E-09 1.00000E-09 1.00000E-09 1.00000E-09 1.00000E-09 1.00000E-09 1.00000E-09
 1.00000E-09 1.00000E-09 1.00000E-09 1.00000E-09 1.00000E-09 1.00000E-09 1.00000E-09 1.00000E-09
 1.00000E-09 1.00000E-09 1.00000E-09 1.00000E-09 1.00000E-09 1.00000E-09 1.00000E-09 1.00000E-09
 1.00000E-09 1.00000E-09 1.00000E-09 1.00000E-09 1.00000E-09 1.00000E-09 1.00000E-09 1.00000E-09
 1.00000E-09 1.00000E-09 1.00000E-09 1.00000E-09 1.00000E-09 1.00000E-09 1.00000E-09 1.00000E-09
 1.00000E-09 1.00000E-09 1.00000E-09 1.00000E-09 1.00000E-09 1.00000E-09 1.00000E-09 1.00000E-09
 1.00000E-09 1.00000E-09 1.00000E-09 1.00000E-09 1.00000E-09 1.00000E-09 1.00000E-09 1.00000E-09
 1.00000E-09 1.00000E-09 1.00000E-09 1.00000E-09 1.00000E-09 1.00000E-09 1.00000E-09 1.00000E-09
 1.00000E-09 1.00000E-09 1.00000E-09 1.00000E-09 1.00000E-09 1.00000E-09 1.00000E-09 1.00000E-09
 1.00000E-09 1.00000E-09 1.00000E-09 1.00000E-09 1.00000E-09 1.00000E-09 1.00000E-09 1.00000E-09
 1.00000E-09 1.00000E-09 1.00000E-09 1.00000E-09 1.00000E-09 1.00000E-09 1.00000E-09 1.00000E-09
 1.00000E-09 1.00000E-09 1.00000E-09 1.00000E-09 1.00000E-09 1.00000E-09 1.00000E-09 1.00000E-09
 1.00000E-09 1.00000E-09 1.00000E-09 1.00000E-09 1.00000E-09 1.00000E-09 1.00000E-09 1.00000E-09
 1.00000E-09 1.00000E-09 1.00000E-09 1.00000E-09
