 1.81987E-08 1.09747E-16 5.28593E-03 4.30547E-18 8.58730E-12 1.44877E-08 1.83023E-09 2.21424E-19
 7.27292E-03 2.43993E-02 3.50603E-04 2.30974E-08 7.89368E-12 4.76786E-08 6.52672E-13 5.36114E-11
 2.36368E-19 2.40803E-12 4.09492E-12 2.04861E-15 1.33210E-16 1.68354E-38 6.89117E-09 3.47801E-19
 1.07938E-24 9.89794E-23 7.63303E-13 1.58533E-19 1.86382E-10 8.19130E-17 4.95665E-18 6.81698E-11
 8.92706E-16 3.25060E-12 2.29994E-08 1.53453E-16 4.59572E-03 7.03012E-18 1.09887E-11 1.84875E-08
 1.98130E-09 3.69889E-19 7.27292E-03 2.43987E-02 3.50603E-04 2.92605E-08 9.53467E-12 4.75912E-08
 6.79027E-13 5.97929E-11 3.57916E-19 3.16268E-12 6.88087E-12 2.09023E-15 1.74594E-16 5.05230E-38
 6.88934E-09 5.04633E-19 1.85691E-24 1.62400E-22 1.15910E-12 2.14856E-19 1.89488E-10 1.15651E-16
 1.36247E-17 1.16896E-10 1.94935E-15 5.06541E-12 3.08366E-08 2.11474E-16 4.01680E-03 1.16502E-17
 1.43047E-11 2.51320E-08 2.13053E-09 6.31525E-19 7.27292E-03 2.43980E-02 3.50603E-04 3.93210E-08
 1.13539E-11 4.74977E-08 6.75677E-13 6.45370E-11 5.25047E-19 3.88971E-12 1.12115E-11 2.06342E-15
 2.12858E-16 1.36483E-37 6.88736E-09 7.09790E-19 3.02873E-24 2.54350E-22 1.74634E-12 2.70143E-19
 1.93256E-10 1.40803E-16 2.92784E-17 1.68817E-10 3.79482E-15 6.30989E-12 4.19803E-08 2.86962E-16
 3.54331E-03 1.92668E-17 1.86475E-11 3.45457E-08 2.26567E-09 1.08031E-18 7.27292E-03 2.43973E-02
 3.50604E-04 5.33903E-08 1.34409E-11 4.73979E-08 6.47302E-13 6.74839E-11 7.38285E-19 4.53992E-12
 1.74384E-11 1.96417E-15 2.39949E-16 3.43850E-37 6.88521E-09 9.82027E-19 4.80939E-24 3.87144E-22
 2.55580E-12 3.22504E-19 1.97703E-10 1.58691E-16 5.54073E-17 2.24519E-10 6.88606E-15 6.96036E-12
 5.64399E-08 3.84003E-16 3.15015E-03 3.12419E-17 2.40257E-11 4.65186E-08 2.38218E-09 1.81846E-18
 7.27292E-03 2.43965E-02 3.50604E-04 7.10886E-08 1.58270E-11 4.72918E-08 6.01772E-13 6.83630E-11
 9.85556E-19 5.03276E-12 2.55667E-11 1.80204E-15 2.50313E-16 8.12830E-37 6.88287E-09 1.34353E-18
 7.47484E-24 5.74291E-22 3.59125E-12 3.69000E-19 2.02693E-10 1.72220E-16 9.65649E-17 2.83297E-10
 1.17488E-14 7.07783E-12 7.44135E-08 5.08199E-16 2.82701E-03 4.94600E-17 3.05087E-11 6.10530E-08
 2.48050E-09 2.99978E-18 7.27292E-03 2.43956E-02 3.50606E-04 9.23697E-08 1.85617E-11 4.71792E-08
 5.45903E-13 6.72822E-11 1.25050E-18 5.35368E-12 3.52392E-11 1.60046E-15 2.42979E-16 1.79780E-36
 6.88033E-09 1.81916E-18 1.14073E-23 8.29939E-22 4.87249E-12 4.06177E-19 2.08002E-10 1.83212E-16
 1.58409E-16 3.44147E-10 1.90366E-14 6.78745E-12 9.61706E-08 6.67278E-16 2.56620E-03 7.64275E-17
 3.81960E-11 7.82122E-08 2.56397E-09 4.85057E-18 7.27292E-03 2.43946E-02 3.50608E-04 1.17305E-07
 2.17061E-11 4.70604E-08 4.86143E-13 6.46601E-11 1.51650E-18 5.52010E-12 4.57464E-11 1.38618E-15
 2.21709E-16 3.69791E-36 6.87757E-09 2.43493E-18 1.71205E-23 1.16659E-21 6.42750E-12 4.30987E-19
 2.13369E-10 1.92777E-16 2.47518E-16 4.05759E-10 2.94675E-14 6.23268E-12 1.21988E-07 8.71523E-16
 2.35715E-03 1.15394E-16 4.71994E-11 9.80674E-08 2.63710E-09 7.69681E-18 7.27292E-03 2.43936E-02
 3.50611E-04 1.46002E-07 2.53212E-11 4.69352E-08 4.27302E-13 6.09816E-11 1.76914E-18 5.56323E-12
 5.62462E-11 1.17897E-15 1.92354E-16 7.06617E-36 6.87458E-09 3.21589E-18 2.52940E-23 1.59440E-21
 8.29016E-12 4.41741E-19 2.18526E-10 2.01661E-16 3.71102E-16 4.66479E-10 4.37281E-14 5.54388E-12
 1.52091E-07 1.13472E-15 2.19261E-03 1.70438E-16 5.76381E-11 1.20670E-07 2.70429E-09 1.20007E-17
 7.27292E-03 2.43925E-02 3.50617E-04 1.78559E-07 2.94755E-11 4.68039E-08 3.71867E-13 5.67208E-11
 1.99393E-18 5.51782E-12 6.58220E-11 9.91587E-16 1.60438E-16 1.25610E-35 6.87134E-09 4.18379E-18
 3.67999E-23 2.12135E-21 1.04991E-11 4.38729E-19 2.23208E-10 2.10375E-16 5.36095E-16 5.24257E-10
 6.23265E-14 4.82227E-12 1.86594E-07 1.47499E-15 2.06572E-03 2.46542E-16 6.96269E-11 1.46023E-07
 2.76919E-09 1.84056E-17 7.27292E-03 2.43913E-02 3.50624E-04 2.15013E-07 3.42394E-11 4.66667E-08
 3.22286E-13 5.23863E-11 2.18630E-18 5.41679E-12 7.38710E-11 8.31590E-16 1.30565E-16 2.08604E-35
 6.86782E-09 5.35440E-18 5.27364E-23 2.75386E-21 1.30967E-11 4.24332E-19 2.27160E-10 2.19273E-16
 7.47929E-16 5.76622E-10 8.54017E-14 4.13623E-12 2.25428E-07 1.91572E-15 1.97039E-03 3.49603E-16
 8.32647E-11 1.74058E-07 2.83419E-09 2.77883E-17 7.27292E-03 2.43899E-02 3.50635E-04 2.55275E-07
 3.96820E-11 4.65239E-08 2.81595E-13 4.84810E-11 2.36303E-18 5.28845E-12 8.03331E-11 7.02362E-16
 1.05688E-16 3.25730E-35 6.86402E-09 6.73476E-18 7.44560E-23 3.49833E-21 1.61265E-11 4.02427E-19
 2.30119E-10 2.28606E-16 1.00874E-15 6.20665E-10 1.12509E-13 3.52470E-12 2.68317E-07 2.48641E-15
 1.90337E-03 4.86333E-16 9.86328E-11 2.04619E-07 2.89969E-09 4.13241E-17 7.27292E-03 2.43885E-02
 3.50650E-04 2.99105E-07 4.58759E-11 4.63760E-08 2.49723E-13 4.52591E-11 2.53629E-18 5.15504E-12
 8.52636E-11 6.01747E-16 8.62461E-17 4.81532E-35 6.85991E-09 8.32100E-18 1.03577E-22 4.36408E-21
 1.96331E-11 3.77215E-19 2.31816E-10 2.38501E-16 1.31469E-15 6.53071E-10 1.42459E-13 3.00329E-12
 3.16633E-07 3.22328E-15 1.85483E-03 6.67812E-16 1.16115E-10 2.38849E-07 2.96605E-09 6.08672E-17
 7.27291E-03 2.43869E-02 3.50671E-04 3.48025E-07 5.29785E-11 4.62173E-08 2.24152E-13 4.26108E-11
 2.71362E-18 5.03130E-12 8.90458E-11 5.22411E-16 7.11588E-17 6.84190E-35 6.85528E-09 1.01635E-17
 1.42636E-22 5.37563E-21 2.38284E-11 3.51611E-19 2.31951E-10 2.47579E-16 1.65567E-15 6.70757E-10
 1.74601E-13 2.55718E-12 3.77815E-07 4.18251E-15 1.67852E-03 9.20462E-16 1.37176E-10 2.82277E-07
 3.03880E-09 9.03256E-17 7.27291E-03 2.43848E-02 3.50706E-04 4.09664E-07 6.15636E-11 4.60223E-08
 2.01338E-13 4.03461E-11 2.90911E-18 4.92030E-12 9.20354E-11 4.58718E-16 6.36366E-17 9.51082E-35
 6.84929E-09 1.25412E-17 1.97026E-22 6.60001E-21 2.95525E-11 3.26204E-19 2.29716E-10 2.50133E-16
 1.99850E-15 6.67364E-10 2.11492E-13 2.13787E-12 4.69942E-07 5.44245E-15 1.22401E-03 1.30784E-15
 1.65123E-10 3.48335E-07 3.12174E-09 1.38787E-16 7.27290E-03 2.43815E-02 3.50772E-04 5.02356E-07
 7.29444E-11 4.57314E-08 1.75880E-13 3.80956E-11 3.11863E-18 4.83112E-12 9.44511E-11 4.03702E-16
 6.81189E-17 1.32370E-34 6.83984E-09 1.61437E-17 2.79491E-22 8.18323E-21 3.90013E-11 3.00751E-19
 2.26757E-10 2.40289E-16 2.37882E-15 6.63548E-10 2.63487E-13 1.69835E-12 6.23471E-07 6.99181E-15
 1.11784E-03 1.95390E-15 2.04878E-10 4.58283E-07 3.17176E-09 2.25406E-16 7.27289E-03 2.43753E-02
 3.50923E-04 6.54453E-07 8.89101E-11 4.52236E-08 1.48604E-13 3.55896E-11 3.39156E-18 4.73346E-12
 9.71667E-11 3.46711E-16 5.72887E-17 1.86829E-34 6.82231E-09 2.22958E-17 4.18388E-22 1.02851E-20
 5.65291E-11 2.76031E-19 2.22199E-10 2.13859E-16 2.77449E-15 6.55634E-10 3.42061E-13 1.22495E-12
 8.62711E-07 8.81691E-15 1.13835E-03 3.01305E-15 2.59318E-10 6.31496E-07 3.17189E-09 3.78828E-16
 7.27286E-03 2.43640E-02 3.51249E-04 8.88895E-07 1.10493E-10 4.43596E-08 1.20561E-13 3.25942E-11
 3.65299E-18 4.65850E-12 1.00402E-10 2.85717E-16 4.12350E-17 2.77055E-34 6.79051E-09 3.24605E-17
 6.64198E-22 1.32261E-20 8.83273E-11 2.55616E-19 2.15335E-10 1.79943E-16 3.16663E-15 6.40403E-10
 4.50912E-13 8.08927E-13 1.18093E-06 1.09566E-14 1.17266E-03 4.58123E-15 3.26365E-10 8.67135E-07
 3.13934E-09 6.27753E-16 7.27282E-03 2.43452E-02 3.51880E-04 1.19860E-06 1.36836E-10 4.30218E-08
 9.69177E-14 2.94766E-11 3.84513E-18 4.60880E-12 1.03794E-10 2.29439E-16 2.83454E-17 4.40161E-34
 6.73795E-09 4.81150E-17 1.09046E-21 1.74719E-20 1.40897E-10 2.42504E-19 2.05808E-10 1.50532E-16
 3.53307E-15 6.15029E-10 5.75730E-13 5.22301E-13 1.55042E-06 1.34784E-14 1.22728E-03 6.68387E-15
 4.02219E-10 1.14983E-06 3.09042E-09 9.97599E-16 7.27275E-03 2.43155E-02 3.52991E-04 1.55663E-06
 1.66322E-10 4.10477E-08 7.93086E-14 2.66297E-11 3.95438E-18 4.53462E-12 1.07013E-10 1.83376E-16
 1.91819E-17 7.51855E-34 6.65519E-09 7.17520E-17 1.81737E-21 2.37463E-20 2.23653E-10 2.38154E-19
 1.92973E-10 1.28398E-16 3.83370E-15 5.76572E-10 6.89058E-13 3.45367E-13 1.89232E-06 1.65330E-14
 1.30353E-03 9.11759E-15 4.77428E-10 1.42044E-06 3.04909E-09 1.47944E-15 7.27262E-03 2.42742E-02
 3.54604E-04 1.88475E-06 1.94974E-10 3.84834E-08 6.80625E-14 2.43506E-11 3.98907E-18 4.36215E-12
 1.09820E-10 1.49786E-16 1.33154E-17 1.33202E-33 6.54076E-09 1.04113E-16 2.95131E-21 3.25914E-20
 3.38082E-10 2.40746E-19 1.77404E-10 1.14997E-16 4.06004E-15 5.27364E-10 7.52982E-13 2.45175E-13
 2.14606E-06 2.03171E-14 1.39698E-03 1.16481E-14 5.44981E-10 1.62629E-06 3.03069E-09 2.04786E-15
 7.27243E-03 2.42237E-02 3.56506E-04 2.12101E-06 2.19628E-10 3.55432E-08 6.12508E-14 2.24937E-11
 3.95486E-18 4.06082E-12 1.12355E-10 1.25579E-16 9.55620E-18 2.36368E-33 6.40143E-09 1.44209E-16
 4.55752E-21 4.42950E-20 4.77416E-10 2.45158E-19 1.60416E-10 1.08536E-16 4.23693E-15 4.73548E-10
 7.56837E-13 1.88418E-13 2.30645E-06 2.50233E-14 1.50403E-03 1.41958E-14 6.03937E-10 1.75789E-06
 3.03533E-09 2.69420E-15 7.27214E-03 2.41659E-02 3.58443E-04 2.25914E-06 2.39669E-10 3.23785E-08
 5.67711E-14 2.08046E-11 3.85577E-18 3.65907E-12 1.14822E-10 1.06907E-16 6.97455E-18 4.16197E-33
 6.24230E-09 1.91658E-16 6.71896E-21 5.92913E-20 6.36538E-10 2.47669E-19 1.42792E-10 1.06024E-16
 4.37953E-15 4.19412E-10 7.15829E-13 1.53041E-13 2.39257E-06 3.08726E-14 1.62022E-03 1.67661E-14
 6.55903E-10 1.82741E-06 3.05715E-09 3.42631E-15 7.27177E-03 2.41029E-02 3.60166E-04 2.31910E-06
 2.55878E-10 2.91417E-08 5.36978E-14 1.92620E-11 3.71790E-18 3.22168E-12 1.17158E-10 9.21463E-17
 5.16364E-18 7.16861E-33 6.06957E-09 2.45681E-16 9.51732E-21 7.78927E-20 8.09275E-10 2.46841E-19
 1.25293E-10 1.05445E-16 4.49736E-15 3.68218E-10 6.50301E-13 1.28432E-13 2.43088E-06 3.81240E-14
 1.74026E-03 1.94103E-14 7.03610E-10 1.85433E-06 3.08759E-09 4.26949E-15 7.27131E-03 2.40376E-02
 3.61493E-04 2.32920E-06 2.69750E-10 2.59853E-08 5.18469E-14 1.79870E-11 3.58210E-18 2.81621E-12
 1.19156E-10 8.08402E-17 3.92628E-18 1.18373E-32 5.89059E-09 3.04586E-16 1.30158E-20 1.00093E-19
 9.88257E-10 2.43199E-19 1.08673E-10 1.05500E-16 4.59817E-15 3.22215E-10 5.76867E-13 1.09504E-13
 2.44574E-06 4.71102E-14 1.85988E-03 2.21762E-14 7.50152E-10 1.85598E-06 3.11525E-09 5.26883E-15
 7.27077E-03 2.39720E-02 3.62341E-04 2.31541E-06 2.83341E-10 2.30133E-08 5.19676E-14 1.73191E-11
 3.52090E-18 2.49641E-12 1.20412E-10 7.37386E-17 3.19184E-18 1.81535E-32 5.71129E-09 3.65606E-16
 1.72344E-20 1.25435E-19 1.16755E-09 2.40269E-19 9.34141E-11 1.05188E-16 4.67518E-15 2.82237E-10
 5.05007E-13 9.37137E-14 2.45083E-06 5.81863E-14 1.98049E-03 2.51108E-14 7.97421E-10 1.84378E-06
 3.13299E-09 6.47496E-15 7.27018E-03 2.39078E-02 3.62685E-04 2.29262E-06 2.97893E-10 2.02872E-08
 5.42730E-14 1.73094E-11 3.55543E-18 2.26166E-12 1.20872E-10 7.02572E-17 2.79968E-18 2.56384E-32
 5.53616E-09 4.26307E-16 2.21808E-20 1.53340E-19 1.34268E-09 2.39212E-19 7.97644E-11 1.04118E-16
 4.73252E-15 2.48210E-10 4.39575E-13 7.99823E-14 2.44740E-06 7.16535E-14 2.09479E-03 2.83107E-14
 8.45125E-10 1.82451E-06 3.14657E-09 7.91921E-15 7.26957E-03 2.38467E-02 3.62528E-04 2.26314E-06
 3.12481E-10 1.78471E-08 5.69620E-14 1.73384E-11 3.58768E-18 2.05486E-12 1.21215E-10 6.72406E-17
 2.48410E-18 3.49582E-32 5.36922E-09 4.87321E-16 2.79897E-20 1.84080E-19 1.50962E-09 2.34850E-19
 6.78436E-11 1.02780E-16 4.81062E-15 2.19730E-10 3.83663E-13 6.81163E-14 2.43442E-06 8.79016E-14
 2.20080E-03 3.18574E-14 8.92743E-10 1.80129E-06 3.16103E-09 9.63340E-15 7.26896E-03 2.37897E-02
 3.61909E-04 2.22680E-06 3.26336E-10 1.57055E-08 5.88763E-14 1.70637E-11 3.56184E-18 1.84643E-12
 1.21818E-10 6.32779E-17 2.14772E-18 4.74654E-32 5.21319E-09 5.49765E-16 3.48404E-20 2.18170E-19
 1.66565E-09 2.24813E-19 5.76287E-11 1.01638E-16 4.93677E-15 1.96165E-10 3.37109E-13 5.80418E-14
 2.41340E-06 1.07484E-13 2.29789E-03 3.57896E-14 9.40481E-10 1.77536E-06 3.17517E-09 1.16695E-14
 7.26836E-03 2.37370E-02 3.60897E-04 2.18546E-06 3.39697E-10 1.38454E-08 6.02886E-14 1.66030E-11
 3.49864E-18 1.64403E-12 1.22562E-10 5.89591E-17 1.83007E-18 6.40372E-32 5.06896E-09 6.13310E-16
 4.28620E-20 2.55717E-19 1.80988E-09 2.11145E-19 4.89662E-11 1.00771E-16 5.11291E-15 1.76735E-10
 2.98322E-13 4.95379E-14 2.38644E-06 1.31047E-13 2.38625E-03 4.01440E-14 9.88689E-10 1.74763E-06
 3.18694E-09 1.40931E-14 7.26780E-03 2.36888E-02 3.59566E-04 2.14115E-06 3.52853E-10 1.22369E-08
 6.15634E-14 1.60816E-11 3.42031E-18 1.45748E-12 1.23317E-10 5.47850E-17 1.55556E-18 8.55010E-32
 4.93626E-09 6.77370E-16 5.21944E-20 2.96748E-19 1.94258E-09 1.95875E-19 4.16545E-11 1.00149E-16
 5.33780E-15 1.60684E-10 2.65831E-13 4.23485E-14 2.35522E-06 1.59316E-13 2.46623E-03 4.49704E-14
 1.03765E-09 1.71900E-06 3.19505E-09 1.69821E-14 7.26727E-03 2.36446E-02 3.57997E-04 2.09527E-06
 3.65915E-10 1.08504E-08 6.28644E-14 1.55531E-11 3.33732E-18 1.29077E-12 1.24031E-10 5.09185E-17
 1.32544E-18 1.12990E-31 4.81466E-09 7.41546E-16 6.30146E-20 3.41336E-19 2.06418E-09 1.80169E-19
 3.55074E-11 9.97889E-17 5.61369E-15 1.47401E-10 2.38498E-13 3.62654E-14 2.32106E-06 1.93126E-13
 2.53841E-03 5.03250E-14 1.08763E-09 1.69021E-06 3.19829E-09 2.04310E-14 7.26679E-03 2.36044E-02
 3.56259E-04 2.04894E-06 3.78990E-10 9.65704E-09 6.43586E-14 1.50613E-11 3.25869E-18 1.14524E-12
 1.24664E-10 4.74619E-17 1.13723E-18 1.47796E-31 4.70343E-09 8.05475E-16 7.55280E-20 3.89542E-19
 2.17541E-09 1.64873E-19 3.03518E-11 9.97050E-17 5.94291E-15 1.36375E-10 2.15381E-13 3.11131E-14
 2.28509E-06 2.33430E-13 2.60348E-03 5.62693E-14 1.13894E-09 1.66182E-06 3.19542E-09 2.45560E-14
 7.26634E-03 2.35678E-02 3.54417E-04 2.00300E-06 3.92197E-10 8.62911E-09 6.62402E-14 1.46465E-11
 3.19296E-18 1.02079E-12 1.25180E-10 4.44880E-17 9.87227E-19 1.91273E-31 4.60168E-09 8.68764E-16
 8.99687E-20 4.41386E-19 2.27716E-09 1.50591E-19 2.60296E-11 9.98962E-17 6.32721E-15 1.27185E-10
 1.95689E-13 2.67401E-14 2.24819E-06 2.81306E-13 2.66227E-03 6.28714E-14 1.19183E-09 1.63424E-06
 3.18528E-09 2.94988E-14 7.26593E-03 2.35342E-02 3.52520E-04 1.95809E-06 4.05648E-10 7.74052E-09
 6.87119E-14 1.43407E-11 3.14715E-18 9.16270E-13 1.25550E-10 4.20318E-17 8.70735E-19 2.44824E-31
 4.50829E-09 9.31048E-16 1.06609E-19 4.96880E-19 2.37055E-09 1.37686E-19 2.23981E-11 1.00334E-16
 6.76777E-15 1.19475E-10 1.78698E-13 2.30144E-14 2.21106E-06 3.37951E-13 2.71824E-03 7.02072E-14
 1.24660E-09 1.60774E-06 3.16673E-09 3.54325E-14 7.26557E-03 2.35033E-02 3.50605E-04 1.91467E-06
 4.19448E-10 6.96812E-09 7.19854E-14 1.41685E-11 3.12695E-18 8.29918E-13 1.25755E-10 4.00989E-17
 7.82244E-19 3.09812E-31 4.42213E-09 9.91942E-16 1.25764E-19 5.55996E-19 2.45671E-09 1.26320E-19
 1.93348E-11 1.00973E-16 7.26542E-15 1.12958E-10 1.63898E-13 1.98249E-14 2.17436E-06 4.04690E-13
 2.77586E-03 7.83589E-14 1.30355E-09 1.58251E-06 3.13855E-09 4.25719E-14 7.26524E-03 2.34748E-02
 3.48704E-04 1.87314E-06 4.33747E-10 6.29309E-09 7.63229E-14 1.41557E-11 3.13799E-18 7.59873E-13
 1.25772E-10 3.86940E-17 7.17295E-19 3.87111E-31 4.34224E-09 1.05093E-15 1.47774E-19 6.18586E-19
 2.53660E-09 1.16530E-19 1.67408E-11 1.01764E-16 7.82080E-15 1.07412E-10 1.50901E-13 1.70834E-14
 2.13873E-06 4.83050E-13 2.82924E-03 8.74156E-14 1.36305E-09 1.55873E-06 3.10009E-09 5.11830E-14
 7.26494E-03 2.34483E-02 3.46851E-04 1.83396E-06 4.48735E-10 5.70256E-09 8.20301E-14 1.43267E-11
 3.18527E-18 7.04279E-13 1.25579E-10 3.78181E-17 6.74562E-19 4.76731E-31 4.26811E-09 1.10730E-15
 1.72987E-19 6.84378E-19 2.61073E-09 1.08251E-19 1.45453E-11 1.02720E-16 8.43584E-15 1.02685E-10
 1.39462E-13 1.47284E-14 2.10464E-06 5.74657E-13 2.87879E-03 9.74808E-14 1.42542E-09 1.53655E-06
 3.05083E-09 6.15920E-14 7.26469E-03 2.34237E-02 3.45074E-04 1.79737E-06 4.64550E-10 5.18533E-09
 8.93961E-14 1.46932E-11 3.27134E-18 6.61004E-13 1.25169E-10 3.74320E-17 6.50579E-19 5.78238E-31
 4.19925E-09 1.16051E-15 2.01799E-19 7.53071E-19 2.67959E-09 1.01304E-19 1.26874E-11 1.03868E-16
 9.11327E-15 9.86507E-11 1.29349E-13 1.27080E-14 2.07212E-06 6.81288E-13 2.92513E-03 1.08670E-13
 1.49090E-09 1.51596E-06 2.99093E-09 7.41904E-14 7.26446E-03 2.34007E-02 3.43383E-04 1.76330E-06
 4.81249E-10 4.72903E-09 9.87107E-14 1.52590E-11 3.39718E-18 6.27825E-13 1.24540E-10 3.74781E-17
 6.42165E-19 6.91467E-31 4.13484E-09 1.21044E-15 2.34710E-19 8.24583E-19 2.74400E-09 9.54810E-20
 1.11059E-11 1.05172E-16 9.85511E-15 9.51840E-11 1.20337E-13 1.09707E-14 2.04109E-06 8.04881E-13
 2.96892E-03 1.21110E-13 1.55967E-09 1.49688E-06 2.92075E-09 8.94559E-14 7.26427E-03 2.33790E-02
 3.41786E-04 1.73155E-06 4.98902E-10 4.32263E-09 1.10337E-13 1.60317E-11 3.56429E-18 6.02835E-13
 1.23687E-10 3.79101E-17 6.47199E-19 8.15967E-31 4.07403E-09 1.25717E-15 2.72293E-19 8.98911E-19
 2.80482E-09 9.05898E-20 9.74815E-12 1.06561E-16 1.06627E-14 9.21793E-11 1.12239E-13 9.47143E-15
 2.01162E-06 9.47505E-13 3.01039E-03 1.34958E-13 1.63200E-09 1.47941E-06 2.84100E-09 1.07979E-13
 7.26410E-03 2.33584E-02 3.40298E-04 1.70209E-06 5.17547E-10 3.96015E-09 1.24657E-13 1.70148E-11
 3.77346E-18 5.84486E-13 1.22606E-10 3.86710E-17 6.63829E-19 9.51551E-31 4.01654E-09 1.30079E-15
 3.15200E-19 9.76025E-19 2.86230E-09 8.64365E-20 8.58175E-12 1.08065E-16 1.15409E-14 8.95753E-11
 1.04897E-13 8.18187E-15 1.98391E-06 1.11135E-12 3.04955E-03 1.50402E-13 1.70822E-09 1.46378E-06
 2.75262E-09 1.30493E-13 7.26397E-03 2.33389E-02 3.38943E-04 1.67501E-06 5.37206E-10 3.63802E-09
 1.42100E-13 1.82110E-11 4.02554E-18 5.71505E-13 1.21299E-10 3.97027E-17 6.90534E-19 1.09845E-30
 3.96241E-09 1.34138E-15 3.64178E-19 1.05590E-18 2.91643E-09 8.28489E-20 7.58399E-12 1.09786E-16
 1.24966E-14 8.73316E-11 9.82732E-14 7.08059E-15 1.95810E-06 1.29874E-12 3.08664E-03 1.67649E-13
 1.78872E-09 1.45007E-06 2.65642E-09 1.57906E-13 7.26386E-03 2.33204E-02 3.37729E-04 1.65034E-06
 5.57964E-10 3.35107E-09 1.63227E-13 1.96316E-11 4.32262E-18 5.62845E-13 1.19754E-10 4.09634E-17
 7.26433E-19 1.25628E-30 3.91134E-09 1.37918E-15 4.20079E-19 1.13860E-18 2.96750E-09 7.96986E-20
 6.72884E-12 1.11743E-16 1.35336E-14 8.53988E-11 9.22962E-14 6.14140E-15 1.93440E-06 1.51212E-12
 3.12205E-03 1.86925E-13 1.87391E-09 1.43833E-06 2.55300E-09 1.91356E-13 7.26379E-03 2.33028E-02
 3.36662E-04 1.62818E-06 5.79999E-10 3.09367E-09 1.88743E-13 2.12940E-11 4.66736E-18 5.57650E-13
 1.17953E-10 4.24176E-17 7.70915E-19 1.42325E-30 3.86283E-09 1.41443E-15 4.83841E-19 1.22420E-18
 3.01601E-09 7.68804E-20 5.99108E-12 1.13882E-16 1.46535E-14 8.37277E-11 8.69243E-14 5.33791E-15
 1.91322E-06 1.75394E-12 3.15600E-03 2.08496E-13 1.96438E-09 1.42871E-06 2.44307E-09 2.32276E-13
 7.26374E-03 2.32859E-02 3.35748E-04 1.60877E-06 6.03504E-10 2.86197E-09 2.19430E-13 2.32123E-11
 5.06171E-18 5.55164E-13 1.15883E-10 4.40160E-17 8.22971E-19 1.59714E-30 3.81661E-09 1.44729E-15
 5.56515E-19 1.31280E-18 3.06223E-09 7.42917E-20 5.35254E-12 1.16176E-16 1.58580E-14 8.22835E-11
 8.21380E-14 4.64979E-15 1.89520E-06 2.02662E-12 3.18854E-03 2.32665E-13 2.06090E-09 1.42142E-06
 2.32718E-09 2.82492E-13 7.26372E-03 2.32697E-02 3.34998E-04 1.59260E-06 6.28796E-10 2.65364E-09
 2.56203E-13 2.54027E-11 5.50708E-18 5.54685E-13 1.13527E-10 4.57040E-17 8.81367E-19 1.77311E-30
 3.77264E-09 1.47770E-15 6.39162E-19 1.40429E-18 3.10620E-09 7.18346E-20 4.80064E-12 1.18636E-16
 1.71476E-14 8.10426E-11 7.79694E-14 4.06122E-15 1.88109E-06 2.33247E-12 3.21976E-03 2.59750E-13
 2.16441E-09 1.41660E-06 2.20558E-09 3.44358E-13 7.26373E-03 2.32541E-02 3.34421E-04 1.58022E-06
 6.56398E-10 2.46622E-09 3.00190E-13 2.78875E-11 6.00429E-18 5.55513E-13 1.10863E-10 4.74252E-17
 9.44617E-19 1.94168E-30 3.73080E-09 1.50549E-15 7.32760E-19 1.49846E-18 3.14804E-09 6.94177E-20
 4.32339E-12 1.21234E-16 1.85191E-14 7.99817E-11 7.45196E-14 3.55704E-15 1.87168E-06 2.67358E-12
 3.24966E-03 2.90104E-13 2.27600E-09 1.41438E-06 2.07875E-09 4.20881E-13 7.26376E-03 2.32391E-02
 3.34020E-04 1.57225E-06 6.86925E-10 2.29808E-09 3.52652E-13 3.06844E-11 6.55207E-18 5.56907E-13
 1.07874E-10 4.91078E-17 1.01042E-18 2.09125E-30 3.69113E-09 1.53049E-15 8.38210E-19 1.59509E-18
 3.18771E-09 6.69589E-20 3.91185E-12 1.23969E-16 1.99677E-14 7.90830E-11 7.20193E-14 3.12547E-15
 1.86766E-06 3.05189E-12 3.27816E-03 3.24104E-13 2.39681E-09 1.41483E-06 1.94751E-09 5.15906E-13
 7.26382E-03 2.32248E-02 3.33798E-04 1.56923E-06 7.21090E-10 2.14794E-09 4.15008E-13 3.38061E-11
 7.14697E-18 5.58095E-13 1.04547E-10 5.06699E-17 1.07567E-18 2.20939E-30 3.65370E-09 1.55273E-15
 9.56277E-19 1.69419E-18 3.22514E-09 6.43973E-20 3.55852E-12 1.26867E-16 2.14877E-14 7.83308E-11
 7.09242E-14 2.75678E-15 1.86952E-06 3.46917E-12 3.30535E-03 3.62154E-13 2.52800E-09 1.41794E-06
 1.81302E-09 6.34333E-13 7.26391E-03 2.32112E-02 3.33751E-04 1.57157E-06 7.59696E-10 2.01385E-09
 4.88860E-13 3.72595E-11 7.78361E-18 5.58336E-13 1.00875E-10 5.20263E-17 1.13655E-18 2.28535E-30
 3.61841E-09 1.57273E-15 1.08764E-18 1.79627E-18 3.26043E-09 6.17016E-20 3.25499E-12 1.29899E-16
 2.30712E-14 7.77061E-11 7.20860E-14 2.44138E-15 1.87759E-06 3.92698E-12 3.33144E-03 4.04745E-13
 2.67063E-09 1.42374E-06 1.67712E-09 7.82312E-13 7.26402E-03 2.31981E-02 3.33871E-04 1.57949E-06
 8.03343E-10 1.89345E-09 5.75825E-13 4.10326E-11 8.45561E-18 5.57002E-13 9.68684E-11 5.30885E-17
 1.18864E-18 2.31806E-30 3.58497E-09 1.59166E-15 1.23331E-18 1.90276E-18 3.29387E-09 5.88764E-20
 2.99259E-12 1.32997E-16 2.47129E-14 7.71892E-11 7.69885E-14 2.17044E-15 1.89212E-06 4.42672E-12
 3.35655E-03 4.52463E-13 2.82575E-09 1.43225E-06 1.54199E-09 9.67531E-13 7.26415E-03 2.31854E-02
 3.34152E-04 1.59316E-06 8.52437E-10 1.78498E-09 6.77528E-13 4.50967E-11 9.15664E-18 5.53582E-13
 9.25544E-11 5.37796E-17 1.22754E-18 2.31446E-30 3.55320E-09 1.61102E-15 1.39463E-18 2.01584E-18
 3.32564E-09 5.59530E-20 2.76479E-12 1.36138E-16 2.64105E-14 7.67645E-11 8.80266E-14 1.93713E-15
 1.91330E-06 4.96987E-12 3.38072E-03 5.05876E-13 2.99451E-09 1.44332E-06 1.40919E-09 1.19986E-12
 7.26431E-03 2.31732E-02 3.34584E-04 1.61273E-06 9.07804E-10 1.68733E-09 7.96009E-13 4.94283E-11
 9.87894E-18 5.47647E-13 8.79553E-11 5.40454E-17 1.24953E-18 2.27634E-30 3.52305E-09 1.63193E-15
 1.57243E-18 2.13758E-18 3.35579E-09 5.29618E-20 2.56688E-12 1.39318E-16 2.81584E-14 7.64200E-11
 1.10645E-13 1.73576E-15 1.94131E-06 5.55776E-12 3.40402E-03 5.65547E-13 3.17818E-09 1.45675E-06
 1.27990E-09 1.49197E-12 7.26449E-03 2.31615E-02 3.35157E-04 1.63842E-06 9.70599E-10 1.59925E-09
 9.33735E-13 5.40032E-11 1.06133E-17 5.38866E-13 8.30931E-11 5.38487E-17 1.25156E-18 2.20391E-30
 3.49439E-09 1.65546E-15 1.76706E-18 2.27027E-18 3.38445E-09 4.99312E-20 2.39429E-12 1.42492E-16
 2.99480E-14 7.61440E-11 1.55644E-13 1.56075E-15 1.97633E-06 6.19144E-12 3.42660E-03 6.32166E-13
 3.37796E-09 1.47238E-06 1.15558E-09 1.85965E-12 7.26469E-03 2.31500E-02 3.35862E-04 1.67041E-06
 1.04165E-09 1.51935E-09 1.09323E-12 5.87765E-11 1.13527E-17 5.27061E-13 7.80097E-11 5.31716E-17
 1.23179E-18 2.10609E-30 3.46702E-09 1.68287E-15 1.97950E-18 2.41706E-18 3.41182E-09 4.68999E-20
 2.24262E-12 1.45601E-16 3.17753E-14 7.59253E-11 2.41560E-13 1.40719E-15 2.01848E-06 6.87212E-12
 3.44858E-03 7.06423E-13 3.59514E-09 1.48993E-06 1.03728E-09 2.32301E-12 7.26492E-03 2.31388E-02
 3.36688E-04 1.70890E-06 1.12212E-09 1.44656E-09 1.27758E-12 6.37032E-11 1.20897E-17 5.12151E-13
 7.27467E-11 5.20195E-17 1.18981E-18 1.98866E-30 3.44078E-09 1.71525E-15 2.21028E-18 2.58124E-18
 3.43806E-09 4.38979E-20 2.10840E-12 1.48593E-16 3.36348E-14 7.57548E-11 3.92112E-13 1.27102E-15
 2.06755E-06 7.60159E-12 3.46995E-03 7.88952E-13 3.83082E-09 1.50897E-06 9.25783E-10 2.90750E-12
 7.26518E-03 2.31279E-02 3.37623E-04 1.75388E-06 1.21354E-09 1.38030E-09 1.49053E-12 6.87350E-11
 1.28154E-17 4.94187E-13 6.73489E-11 5.04174E-17 1.12658E-18 1.85456E-30 3.41564E-09 1.75339E-15
 2.45922E-18 2.76619E-18 3.46320E-09 4.09483E-20 1.98931E-12 1.51472E-16 3.55212E-14 7.56252E-11
 6.23694E-13 1.14924E-15 2.12303E-06 8.38247E-12 3.49068E-03 8.80440E-13 4.08580E-09 1.52899E-06
 8.21859E-10 3.64473E-12 7.26546E-03 2.31174E-02 3.38650E-04 1.80507E-06 1.31737E-09 1.32008E-09
 1.73630E-12 7.38094E-11 1.35230E-17 4.73414E-13 6.18747E-11 4.84121E-17 1.04469E-18 1.71000E-30
 3.39163E-09 1.79807E-15 2.72639E-18 2.97584E-18 3.48721E-09 3.80745E-20 1.88338E-12 1.54279E-16
 3.74343E-14 7.55298E-11 8.23255E-13 1.03954E-15 2.18401E-06 9.21892E-12 3.51072E-03 9.81709E-13
 4.36035E-09 1.54949E-06 7.26281E-10 4.57332E-12 7.26576E-03 2.31071E-02 3.39751E-04 1.86187E-06
 1.43472E-09 1.26547E-09 2.01919E-12 7.88406E-11 1.42081E-17 4.50320E-13 5.64059E-11 4.60689E-17
 9.48253E-19 1.56400E-30 3.36875E-09 1.85006E-15 3.01273E-18 3.21467E-18 3.51009E-09 3.53039E-20
 1.78896E-12 1.57110E-16 3.93812E-14 7.54625E-11 9.83106E-13 9.40170E-16 2.24978E-06 1.01158E-11
 3.53018E-03 1.09382E-12 4.65471E-09 1.57013E-06 6.39450E-10 5.74078E-12 7.26608E-03 2.30971E-02
 3.40913E-04 1.92381E-06 1.56655E-09 1.21575E-09 2.34387E-12 8.37410E-11 1.48719E-17 4.25469E-13
 5.10241E-11 4.34673E-17 8.42485E-19 1.42485E-30 3.34687E-09 1.91044E-15 3.32029E-18 3.48762E-18
 3.53197E-09 3.26566E-20 1.70396E-12 1.59998E-16 4.13715E-14 7.54178E-11 1.11090E-12 8.49322E-16
 2.31980E-06 1.10791E-11 3.54920E-03 1.21815E-12 4.96908E-09 1.59068E-06 5.61451E-10 7.20506E-12
 7.26643E-03 2.30873E-02 3.42132E-04 1.99059E-06 1.71355E-09 1.17009E-09 2.71530E-12 8.84268E-11
 1.55204E-17 3.99434E-13 4.58066E-11 4.06950E-17 7.33022E-19 1.29931E-30 3.32579E-09 1.98050E-15
 3.65252E-18 3.80005E-18 3.55306E-09 3.01459E-20 1.62635E-12 1.62946E-16 4.34178E-14 7.53912E-11
 1.21320E-12 7.65505E-16 2.39310E-06 1.21177E-11 3.56783E-03 1.35632E-12 5.30295E-09 1.61077E-06
 4.92201E-10 9.03499E-12 7.26681E-03 2.30777E-02 3.43396E-04 2.06151E-06 1.87598E-09 1.12811E-09
 3.13838E-12 9.28094E-11 1.61618E-17 3.72875E-13 4.08363E-11 3.78409E-17 6.25345E-19 1.19233E-30
 3.30544E-09 2.06119E-15 4.01418E-18 4.15761E-18 3.57340E-09 2.77847E-20 1.55492E-12 1.66044E-16
 4.55398E-14 7.53791E-11 1.29467E-12 6.88037E-16 2.46830E-06 1.32438E-11 3.58598E-03 1.51014E-12
 5.65511E-09 1.62985E-06 4.31352E-10 1.13121E-11 7.26721E-03 2.30683E-02 3.44686E-04 2.13553E-06
 2.05405E-09 1.08965E-09 3.61802E-12 9.68064E-11 1.68027E-17 3.46481E-13 3.61908E-11 3.49843E-17
 5.24085E-19 1.10562E-30 3.28589E-09 2.15275E-15 4.41074E-18 4.56606E-18 3.59295E-09 2.55829E-20
 1.48903E-12 1.69441E-16 4.77617E-14 7.53787E-11 1.35875E-12 6.16700E-16 2.54461E-06 1.44706E-11
 3.60367E-03 1.68179E-12 6.02461E-09 1.64746E-06 3.78252E-10 1.41337E-11 7.26764E-03 2.30591E-02
 3.45991E-04 2.21210E-06 2.24805E-09 1.05440E-09 4.15967E-12 1.00367E-10 1.74522E-17 3.20740E-13
 3.19154E-11 3.21917E-17 4.32475E-19 1.03919E-30 3.26710E-09 2.25546E-15 4.84865E-18 5.03152E-18
 3.61174E-09 2.35401E-20 1.42777E-12 1.73206E-16 5.01053E-14 7.53877E-11 1.40874E-12 5.51129E-16
 2.62186E-06 1.58119E-11 3.62102E-03 1.87379E-12 6.41101E-09 1.66321E-06 3.32056E-10 1.76172E-11
 7.26809E-03 2.30501E-02 3.47309E-04 2.29134E-06 2.45861E-09 1.02185E-09 4.76965E-12 1.03473E-10
 1.81205E-17 2.95887E-13 2.80195E-11 2.95130E-17 3.52130E-19 9.91772E-31 3.24891E-09 2.36993E-15
 5.33508E-18 5.56070E-18 3.62993E-09 2.16458E-20 1.37003E-12 1.77307E-16 5.25879E-14 7.54042E-11
 1.44758E-12 4.90830E-16 2.69979E-06 1.72839E-11 3.63808E-03 2.08858E-12 6.81377E-09 1.67650E-06
 2.91848E-10 2.19049E-11 7.26857E-03 2.30412E-02 3.48633E-04 2.37328E-06 2.68782E-09 9.91720E-10
 5.45561E-12 1.06124E-10 1.88078E-17 2.72095E-13 2.44961E-11 2.69741E-17 2.83278E-19 9.59016E-31
 3.23127E-09 2.49596E-15 5.87527E-18 6.16047E-18 3.64757E-09 1.98870E-20 1.31516E-12 1.81722E-16
 5.52221E-14 7.54267E-11 1.47737E-12 4.35494E-16 2.77802E-06 1.89052E-11 3.65483E-03 2.32856E-12
 7.23211E-09 1.68664E-06 2.56775E-10 2.71686E-11 7.26907E-03 2.30324E-02 3.49952E-04 2.45792E-06
 2.93894E-09 9.63867E-10 6.22644E-12 1.08331E-10 1.95081E-17 2.49477E-13 2.13263E-11 2.45876E-17
 2.25322E-19 9.36046E-31 3.21417E-09 2.63280E-15 6.47316E-18 6.83816E-18 3.66467E-09 1.82505E-20
 1.26277E-12 1.86436E-16 5.80190E-14 7.54539E-11 1.49976E-12 3.84909E-16 2.85635E-06 2.06963E-11
 3.67127E-03 2.59656E-12 7.66503E-09 1.69294E-06 2.26135E-10 3.36097E-11 7.26960E-03 2.30238E-02
 3.51258E-04 2.54541E-06 3.21524E-09 9.38125E-10 7.09113E-12 1.10109E-10 2.02171E-17 2.28071E-13
 1.84852E-11 2.23623E-17 1.77311E-19 9.20135E-31 3.19761E-09 2.77975E-15 7.13387E-18 7.60213E-18
 3.68123E-09 1.67243E-20 1.21248E-12 1.91434E-16 6.09936E-14 7.54849E-11 1.51616E-12 3.38903E-16
 2.93458E-06 2.26806E-11 3.68738E-03 2.89547E-12 8.11137E-09 1.69475E-06 1.99290E-10 4.14690E-11
 7.27015E-03 2.30153E-02 3.52543E-04 2.63592E-06 3.52135E-09 9.14347E-10 8.05950E-12 1.11479E-10
 2.09253E-17 2.07871E-13 1.59434E-11 2.02980E-17 1.38015E-19 9.07930E-31 3.18156E-09 2.93606E-15
 7.86139E-18 8.46163E-18 3.69727E-09 1.52967E-20 1.16400E-12 1.96683E-16 6.41595E-14 7.55187E-11
 1.52774E-12 2.97260E-16 3.01219E-06 2.48853E-11 3.70311E-03 3.22835E-12 8.56928E-09 1.69149E-06
 1.75710E-10 5.10303E-11 7.27072E-03 2.30070E-02 3.53795E-04 2.72925E-06 3.86313E-09 8.92478E-10
 9.14149E-12 1.12455E-10 2.16183E-17 1.88909E-13 1.36769E-11 1.83895E-17 1.06217E-19 8.96135E-31
 3.16610E-09 3.10056E-15 8.65886E-18 9.42685E-18 3.71274E-09 1.39603E-20 1.11725E-12 2.02199E-16
 6.75343E-14 7.55544E-11 1.53545E-12 2.59815E-16 3.08848E-06 2.73419E-11 3.71838E-03 3.59874E-12
 9.03613E-09 1.68282E-06 1.54983E-10 6.26214E-11 7.27130E-03 2.29990E-02 3.55000E-04 2.82486E-06
 4.24695E-09 8.72487E-10 1.03458E-11 1.13048E-10 2.22826E-17 1.71245E-13 1.16677E-11 1.66320E-17
 8.08147E-20 8.82845E-31 3.15126E-09 3.27200E-15 9.53048E-18 1.05093E-17 3.72758E-09 1.27125E-20
 1.07228E-12 2.08040E-16 7.11420E-14 7.55911E-11 1.54013E-12 2.26416E-16 3.16305E-06 3.00846E-11
 3.73318E-03 4.01063E-12 9.50939E-09 1.66860E-06 1.36732E-10 7.66258E-11 7.27189E-03 2.29912E-02
 3.56153E-04 2.92245E-06 4.68048E-09 8.54231E-10 1.16804E-11 1.13273E-10 2.29035E-17 1.54872E-13
 9.89505E-12 1.50175E-17 6.07518E-20 8.66418E-31 3.13705E-09 3.45035E-15 1.04805E-17 1.17222E-17
 3.74179E-09 1.15495E-20 1.02889E-12 2.14202E-16 7.50065E-14 7.56282E-11 1.54251E-12 1.96779E-16
 3.23587E-06 3.31493E-11 3.74761E-03 4.46840E-12 9.98681E-09 1.64884E-06 1.20626E-10 9.34888E-11
 7.27250E-03 2.29835E-02 3.57255E-04 3.02203E-06 5.17287E-09 8.37481E-10 1.31513E-11 1.13145E-10
 2.34641E-17 1.39729E-13 8.33694E-12 1.35363E-17 4.50740E-20 8.45428E-31 3.12336E-09 3.63733E-15
 1.15126E-17 1.30803E-17 3.75548E-09 1.04666E-20 9.86701E-13 2.20609E-16 7.91505E-14 7.56656E-11
 1.54320E-12 1.70549E-16 3.30682E-06 3.65766E-11 3.76176E-03 4.97745E-12 1.04657E-08 1.62369E-06
 1.06428E-10 1.13701E-10 7.27311E-03 2.29760E-02 3.58309E-04 3.12344E-06 5.73242E-09 8.22027E-10
 1.47600E-11 1.12676E-10 2.39534E-17 1.25774E-13 6.97773E-12 1.21827E-17 3.30120E-20 8.20901E-31
 3.11008E-09 3.83629E-15 1.26349E-17 1.46005E-17 3.76876E-09 9.46242E-21 9.45334E-13 2.27191E-16
 8.36049E-14 7.57031E-11 1.54269E-12 1.47438E-16 3.37558E-06 4.04147E-11 3.77568E-03 5.54565E-12
 1.09423E-08 1.59342E-06 9.40016E-11 1.37764E-10 7.27374E-03 2.29686E-02 3.59314E-04 3.22614E-06
 6.36260E-09 8.07717E-10 1.64993E-11 1.11884E-10 2.43804E-17 1.13000E-13 5.80704E-12 1.09579E-17
 2.39414E-20 7.98374E-31 3.09716E-09 4.05221E-15 1.38672E-17 1.63028E-17 3.78168E-09 8.53864E-21
 9.04524E-13 2.33956E-16 8.84201E-14 7.57404E-11 1.54136E-12 1.27246E-16 3.44139E-06 4.47213E-11
 3.78935E-03 6.18283E-12 1.14125E-08 1.55857E-06 8.32127E-11 1.66208E-10 7.27438E-03 2.29613E-02
 3.60265E-04 3.32893E-06 7.06491E-09 7.94502E-10 1.83580E-11 1.10791E-10 2.47612E-17 1.01432E-13
 4.81492E-12 9.86098E-18 1.72809E-20 7.83362E-31 3.08461E-09 4.29096E-15 1.52368E-17 1.82097E-17
 3.79423E-09 7.69814E-21 8.64284E-13 2.41008E-16 9.36586E-14 7.57772E-11 1.53953E-12 1.09784E-16
 3.50342E-06 4.95586E-11 3.80272E-03 6.89783E-12 1.18728E-08 1.51985E-06 7.38383E-11 1.99689E-10
 7.27503E-03 2.29542E-02 3.61154E-04 3.43036E-06 7.84825E-09 7.82365E-10 2.03289E-11 1.09422E-10
 2.50883E-17 9.10646E-14 3.98431E-12 8.87849E-18 1.24523E-20 7.74848E-31 3.07247E-09 4.55972E-15
 1.67594E-17 2.03455E-17 3.80637E-09 6.93952E-21 8.24748E-13 2.48404E-16 9.93677E-14 7.58131E-11
 1.53746E-12 9.47579E-17 3.56117E-06 5.49965E-11 3.81577E-03 7.70191E-12 1.23202E-08 1.47793E-06
 6.56996E-11 2.38911E-10 7.27568E-03 2.29473E-02 3.61977E-04 3.52937E-06 8.71863E-09 7.71250E-10
 2.24011E-11 1.07811E-10 2.53663E-17 8.18376E-14 3.29540E-12 8.00104E-18 8.98619E-21 7.74182E-31
 3.06074E-09 4.86902E-15 1.84600E-17 2.27377E-17 3.81810E-09 6.25882E-21 7.85942E-13 2.56186E-16
 1.05603E-13 7.58478E-11 1.53537E-12 8.18778E-17 3.61463E-06 6.11106E-11 3.82856E-03 8.60835E-12
 1.27532E-08 1.43330E-06 5.86295E-11 2.84671E-10 7.27634E-03 2.29404E-02 3.62736E-04 3.62558E-06
 9.68152E-09 7.61030E-10 2.45620E-11 1.05991E-10 2.56035E-17 7.36287E-14 2.72593E-12 7.21914E-18
 6.50840E-21 7.83057E-31 3.04936E-09 5.23510E-15 2.03689E-17 2.54192E-17 3.82948E-09 5.64840E-21
 7.47643E-13 2.64276E-16 1.12420E-13 7.58813E-11 1.53339E-12 7.08314E-17 3.66375E-06 6.79867E-11
 3.84115E-03 9.63218E-12 1.31708E-08 1.38636E-06 5.24699E-11 3.37913E-10 7.27700E-03 2.29337E-02
 3.63433E-04 3.71862E-06 1.07450E-08 7.51603E-10 2.68010E-11 1.03992E-10 2.58050E-17 6.63254E-14
 2.25582E-12 6.52217E-18 4.73715E-21 8.02227E-31 3.03827E-09 5.67960E-15 2.25177E-17 2.84284E-17
 3.84057E-09 5.10088E-21 7.09661E-13 2.72564E-16 1.19874E-13 7.59135E-11 1.53165E-12 6.13350E-17
 3.70821E-06 7.57255E-11 3.85354E-03 1.07913E-11 1.35719E-08 1.33780E-06 4.70844E-11 3.99810E-10
 7.27766E-03 2.29271E-02 3.64066E-04 3.80761E-06 1.19202E-08 7.42937E-10 2.91106E-11 1.01840E-10
 2.59770E-17 5.98619E-14 1.86912E-12 5.89987E-18 3.47025E-21 8.31950E-31 3.02746E-09 6.22815E-15
 2.49411E-17 3.18105E-17 3.85137E-09 4.61154E-21 6.72060E-13 2.81024E-16 1.28020E-13 7.59444E-11
 1.53025E-12 5.31628E-17 3.74769E-06 8.44490E-11 3.86567E-03 1.21098E-11 1.39556E-08 1.28834E-06
 4.23684E-11 4.71812E-10 7.27832E-03 2.29206E-02 3.64632E-04 3.89161E-06 1.32180E-08 7.35010E-10
 3.14858E-11 9.95543E-11 2.61399E-17 5.41820E-14 1.55215E-12 5.34472E-18 2.56348E-21 8.74465E-31
 3.01698E-09 6.91237E-15 2.76887E-17 3.56223E-17 3.86185E-09 4.17632E-21 6.34965E-13 2.89684E-16
 1.36930E-13 7.59736E-11 1.52927E-12 4.61251E-17 3.78204E-06 9.43084E-11 3.87754E-03 1.36197E-11
 1.43212E-08 1.23858E-06 3.82335E-11 5.55800E-10 7.27898E-03 2.29143E-02 3.65130E-04 3.96992E-06
 1.46504E-08 7.27781E-10 3.39257E-11 9.71496E-11 2.63257E-17 4.92202E-14 1.29238E-12 4.85076E-18
 1.91221E-21 9.34066E-31 3.00682E-09 7.77302E-15 3.08300E-17 3.99375E-17 3.87202E-09 3.79051E-21
 5.98414E-13 2.98556E-16 1.46682E-13 7.60009E-11 1.52877E-12 4.00481E-17 3.81128E-06 1.05483E-10
 3.88918E-03 1.53583E-11 1.46691E-08 1.18895E-06 3.45766E-11 6.54384E-10 7.27964E-03 2.29081E-02
 3.65561E-04 4.04204E-06 1.62444E-08 7.21195E-10 3.64379E-11 9.46300E-11 2.65477E-17 4.49070E-14
 1.07840E-12 4.40884E-18 1.43873E-21 1.01143E-30 2.99695E-09 8.86254E-15 3.44281E-17 4.48496E-17
 3.88188E-09 3.44869E-21 5.62365E-13 3.07544E-16 1.57341E-13 7.60262E-11 1.52877E-12 3.47620E-17
 3.83542E-06 1.18206E-10 3.90058E-03 1.73775E-11 1.49995E-08 1.13989E-06 3.13255E-11 7.71040E-10
 7.28029E-03 2.29020E-02 3.65927E-04 4.10725E-06 1.80297E-08 7.15209E-10 3.90327E-11 9.19948E-11
 2.68377E-17 4.11941E-14 9.01482E-13 4.01332E-18 1.09114E-21 1.11087E-30 2.98737E-09 1.02442E-14
 3.85791E-17 5.04829E-17 3.89146E-09 3.14698E-21 5.26824E-13 3.16618E-16 1.68990E-13 7.60496E-11
 1.52931E-12 3.01398E-17 3.85449E-06 1.32773E-10 3.91173E-03 1.97466E-11 1.53125E-08 1.09197E-06
 2.84224E-11 9.10484E-10 7.28093E-03 2.28961E-02 3.66228E-04 4.16451E-06 2.00443E-08 7.09799E-10
 4.17248E-11 8.92372E-11 2.72323E-17 3.80554E-14 7.55086E-13 3.65917E-18 8.34250E-22 1.23807E-30
 2.97809E-09 1.19900E-14 4.34067E-17 5.69952E-17 3.90074E-09 2.88306E-21 4.91888E-13 3.25810E-16
 1.81717E-13 7.60707E-11 1.53040E-12 2.60863E-17 3.86871E-06 1.49560E-10 3.92266E-03 2.25569E-11
 1.56087E-08 1.04541E-06 2.58163E-11 1.07904E-09 7.28157E-03 2.28902E-02 3.66466E-04 4.21291E-06
 2.23357E-08 7.04907E-10 4.45297E-11 8.63472E-11 2.77712E-17 3.54618E-14 6.33429E-13 3.34195E-18
 6.42819E-22 1.40135E-30 2.96907E-09 1.41960E-14 4.90719E-17 6.45990E-17 3.90976E-09 2.65441E-21
 4.57454E-13 3.35015E-16 1.95615E-13 7.60896E-11 1.53205E-12 2.25169E-17 3.87841E-06 1.69051E-10
 3.93347E-03 2.59330E-11 1.58890E-08 1.00027E-06 2.34705E-11 1.28516E-09 7.28221E-03 2.28845E-02
 3.66644E-04 4.25132E-06 2.49569E-08 7.00469E-10 4.74620E-11 8.33144E-11 2.85119E-17 3.33973E-14
 5.31779E-13 3.05873E-18 4.99400E-22 1.61688E-30 2.96024E-09 1.69911E-14 5.58039E-17 7.35881E-17
 3.91859E-09 2.45941E-21 4.23286E-13 3.44005E-16 2.10798E-13 7.61063E-11 1.53427E-12 1.93650E-17
 3.88387E-06 1.91877E-10 3.94416E-03 3.00531E-11 1.61529E-08 9.56838E-07 2.13693E-11 1.54015E-09
 7.28284E-03 2.28788E-02 3.66763E-04 4.27792E-06 2.79571E-08 6.96452E-10 5.05367E-11 8.01271E-11
 2.95478E-17 3.18814E-14 4.46940E-13 2.80836E-18 3.92569E-22 1.91709E-30 2.95157E-09 2.05209E-14
 6.39530E-17 8.43576E-17 3.92725E-09 2.29922E-21 3.89338E-13 3.52680E-16 2.27424E-13 7.61208E-11
 1.53709E-12 1.65945E-17 3.88553E-06 2.18870E-10 3.95475E-03 3.51788E-11 1.63980E-08 9.15468E-07
 1.95081E-11 1.85956E-09 7.28347E-03 2.28732E-02 3.66824E-04 4.29046E-06 3.13776E-08 6.92838E-10
 5.37715E-11 7.67714E-11 3.10273E-17 3.09551E-14 3.76344E-13 2.59107E-18 3.13941E-22 2.36773E-30
 2.94308E-09 2.49497E-14 7.40705E-17 9.74583E-17 3.93574E-09 2.17688E-21 3.55660E-13 3.61036E-16
 2.45712E-13 7.61328E-11 1.54049E-12 1.41812E-17 3.88409E-06 2.51109E-10 3.96520E-03 4.16910E-11
 1.66229E-08 8.76510E-07 1.78735E-11 2.26533E-09 7.28410E-03 2.28677E-02 3.66826E-04 4.28644E-06
 3.52655E-08 6.89610E-10 5.71864E-11 7.32308E-11 3.31473E-17 3.06744E-14 3.17559E-13 2.40624E-18
 2.56509E-22 3.09119E-30 2.93477E-09 3.04653E-14 8.69754E-17 1.13677E-16 3.94405E-09 2.09694E-21
 3.22330E-13 3.69049E-16 2.65909E-13 7.61420E-11 1.54447E-12 1.21014E-17 3.88062E-06 2.89950E-10
 3.97551E-03 5.01469E-11 1.68311E-08 8.40242E-07 1.64297E-11 2.78947E-09 7.28472E-03 2.28623E-02
 3.66771E-04 4.26321E-06 3.97027E-08 6.86751E-10 6.08011E-11 6.94893E-11 3.61508E-17 3.11098E-14
 2.68226E-13 2.25113E-18 2.14235E-22 4.31599E-30 2.92664E-09 3.72863E-14 1.03846E-16 1.34190E-16
 3.95216E-09 2.06588E-21 2.89404E-13 3.76549E-16 2.88189E-13 7.61481E-11 1.54903E-12 1.03270E-17
 3.87666E-06 3.37028E-10 3.98568E-03 6.13875E-11 1.70381E-08 8.06900E-07 1.51072E-11 3.48053E-09
 7.28534E-03 2.28569E-02 3.66660E-04 4.21785E-06 4.48586E-08 6.84245E-10 6.46264E-11 6.55394E-11
 4.03293E-17 3.23519E-14 2.26256E-13 2.12042E-18 1.82278E-22 6.49487E-30 2.91871E-09 4.56625E-14
 1.26382E-16 1.60918E-16 3.96009E-09 2.09324E-21 2.56947E-13 3.83163E-16 3.12475E-13 7.61511E-11
 1.55414E-12 8.82745E-18 3.87416E-06 3.93819E-10 3.99568E-03 7.66172E-11 1.72972E-08 7.76703E-07
 1.37733E-11 4.41585E-09 7.28594E-03 2.28517E-02 3.66493E-04 4.14702E-06 5.11492E-08 6.82076E-10
 6.86762E-11 6.13708E-11 4.59263E-17 3.45174E-14 1.89994E-13 1.99707E-18 1.57313E-22 1.07311E-29
 2.91099E-09 5.58715E-14 1.56419E-16 1.97515E-16 3.96780E-09 2.19292E-21 2.25040E-13 3.87991E-16
 3.37889E-13 7.61519E-11 1.55980E-12 7.56430E-18 3.87525E-06 4.63560E-10 4.00551E-03 9.86828E-11
 1.76491E-08 7.49830E-07 1.24263E-11 5.74669E-09 7.28654E-03 2.28466E-02 3.66273E-04 4.04641E-06
 5.90309E-08 6.80231E-10 7.30421E-11 5.68947E-11 5.44810E-17 3.77675E-14 1.58454E-13 1.88966E-18
 1.38642E-22 2.50868E-29 2.90348E-09 6.82181E-14 1.99516E-16 2.52757E-16 3.97529E-09 2.38586E-21
 1.93763E-13 3.91658E-16 3.63609E-13 7.61513E-11 1.56599E-12 6.51422E-18 3.88239E-06 5.54740E-10
 4.01512E-03 1.35262E-10 1.81716E-08 7.26420E-07 1.11170E-11 7.84249E-09 7.28712E-03 2.28417E-02
 3.66000E-04 3.91031E-06 6.93972E-08 6.78698E-10 7.79897E-11 5.18484E-11 7.11254E-17 4.22889E-14
 1.30863E-13 1.82903E-18 1.26294E-22 1.14090E-28 2.89623E-09 8.30065E-14 2.71872E-16 3.50418E-16
 3.98253E-09 2.69600E-21 1.63235E-13 3.97696E-16 3.87539E-13 7.61512E-11 1.57266E-12 5.64080E-18
 3.89919E-06 6.89434E-10 4.02444E-03 2.10779E-10 1.91934E-08 7.06530E-07 9.77279E-12 1.17958E-08
 7.28769E-03 2.28369E-02 3.65676E-04 3.73094E-06 8.49036E-08 6.77469E-10 8.40891E-11 4.56660E-11
 1.13299E-16 4.82258E-14 1.06412E-13 1.86515E-18 1.19755E-22 7.02174E-28 2.88928E-09 1.00459E-13
 4.24271E-16 5.58489E-16 3.98946E-09 3.13703E-21 1.33701E-13 4.15875E-16 4.01213E-13 7.61600E-11
 1.57976E-12 4.87070E-18 3.93288E-06 9.32056E-10 4.03359E-03 4.26486E-10 2.18536E-08 6.89483E-07
 8.17118E-12 2.14016E-08 7.28825E-03 2.28322E-02 3.65296E-04 3.48927E-06 1.12444E-07 6.76511E-10
 9.22222E-11 3.74703E-11 2.53900E-16 5.57592E-14 8.37675E-14 2.15479E-18 1.18170E-22 3.68789E-27
 2.88255E-09 1.21131E-13 8.69397E-16 1.08620E-15 3.99617E-09 3.70215E-21 1.04813E-13 4.68547E-16
 3.82084E-13 7.62003E-11 1.58737E-12 4.09889E-18 4.00138E-06 1.44731E-09 4.04253E-03 1.29083E-09
 2.95236E-08 6.74049E-07 6.10183E-12 5.02425E-08 7.28880E-03 2.28278E-02 3.64861E-04 3.14890E-06
 1.64950E-07 6.75815E-10 1.02565E-10 2.70924E-11 8.06207E-16 6.46704E-14 6.20749E-14 3.37309E-18
 1.21010E-22 1.38955E-26 2.87609E-09 1.45176E-13 2.67594E-15 2.58786E-15 4.00260E-09 4.30545E-21
 7.67851E-14 5.91011E-16 3.00939E-13 7.63013E-11 1.59542E-12 3.25340E-18 4.13541E-06 3.67231E-09
 4.05005E-03 5.84817E-09 4.72677E-08 6.58739E-07 5.49289E-12 1.50017E-07 7.28931E-03 2.28241E-02
 3.64448E-04 2.69089E-06 2.33399E-07 6.75415E-10 1.14207E-10 1.54413E-11 2.82444E-15 7.27123E-14
 4.35956E-14 1.02187E-17 1.27087E-22 3.61509E-26 2.87076E-09 1.68429E-13 1.25696E-14 6.57486E-15
 4.00789E-09 4.69762E-21 5.34001E-14 8.07524E-16 1.83993E-13 7.64341E-11 1.60274E-12 2.40056E-18
 2.74869E+02 2.73158E+02 2.71567E+02 2.70096E+02 2.68738E+02 2.67506E+02 2.66422E+02 2.65486E+02
 2.64702E+02 2.64072E+02 2.63589E+02 2.63254E+02 2.63032E+02 2.62932E+02 2.62979E+02 2.63130E+02
 2.63253E+02 2.63257E+02 2.63136E+02 2.62881E+02 2.62458E+02 2.61855E+02 2.61133E+02 2.60398E+02
 2.59848E+02 2.59553E+02 2.59250E+02 2.58781E+02 2.58190E+02 2.57528E+02 2.56811E+02 2.56055E+02
 2.55273E+02 2.54478E+02 2.53680E+02 2.52894E+02 2.52133E+02 2.51406E+02 2.50711E+02 2.50049E+02
 2.49415E+02 2.48801E+02 2.48207E+02 2.47637E+02 2.47095E+02 2.46593E+02 2.46150E+02 2.45787E+02
 2.45526E+02 2.45388E+02 2.45373E+02 2.45471E+02 2.45689E+02 2.46044E+02 2.46530E+02 2.47153E+02
 2.47924E+02 2.48843E+02 2.49895E+02 2.51054E+02 2.52285E+02 2.53546E+02 2.54801E+02 2.56018E+02
 2.57176E+02 2.58282E+02 2.59358E+02 2.60413E+02 2.61469E+02 2.62549E+02 2.63668E+02 2.64840E+02
 2.66080E+02 2.67383E+02 2.68694E+02 2.69951E+02 2.71159E+02 2.72298E+02 2.73347E+02 2.74302E+02
 2.75168E+02 2.75936E+02 2.76586E+02 2.77149E+02 2.77628E+02 2.78032E+02 2.78369E+02 2.78626E+02
 2.78753E+02 2.78651E+02 2.78219E+02 2.77399E+02 2.76210E+02 2.75036E+02 2.73637E+02 2.71251E+02
 2.67196E+02 2.61144E+02 2.55228E+02 2.49447E+02 1.00000E+05 1.00000E+05 1.00000E+05 1.00000E+05
 1.00000E+05 1.00000E+05 1.00000E+05 1.00000E+05 1.00000E+05 1.00000E+05 1.00000E+05 9.98044E+04
 9.19822E+04 6.92150E+04 4.26320E+04 2.30691E+04 1.46933E+04 9.41556E+03 6.47650E+03 5.25650E+03
 4.56546E+03 4.14519E+03 3.94167E+03 3.90463E+03 3.96417E+03 4.13278E+03 4.40794E+03 4.77906E+03
 5.20761E+03 5.70219E+03 6.26561E+03 6.89450E+03 7.58022E+03 8.29944E+03 9.04400E+03 9.81733E+03
 1.07013E+04 1.16161E+04 1.25111E+04 1.33556E+04 1.43800E+04 1.55056E+04 1.66611E+04 1.77661E+04
 1.90133E+04 2.03874E+04 2.18689E+04 2.36724E+04 2.57320E+04 2.79600E+04 3.01822E+04 3.27156E+04
 3.54994E+04 3.84685E+04 4.14315E+04 4.46878E+04 4.83581E+04 5.25109E+04 5.73183E+04 6.18731E+04
 6.66254E+04 7.18344E+04 7.81604E+04 8.42017E+04 9.03989E+04 9.70557E+04 1.04485E+05 1.12350E+05
 1.21170E+05 1.31541E+05 1.43717E+05 1.56402E+05 1.69365E+05 1.82328E+05 1.95976E+05 2.11937E+05
 2.30033E+05 2.49737E+05 2.68404E+05 2.88789E+05 3.11550E+05 3.37550E+05 3.64956E+05 3.94419E+05
 4.26511E+05 4.63400E+05 4.97935E+05 5.33141E+05 5.70456E+05 6.11196E+05 6.54730E+05 7.00961E+05
 7.50043E+05 8.03746E+05 8.60950E+05 9.21693E+05 9.86285E+05 9.96639E+05 1.00000E+06 1.00000E+06
 2.55246E+19 2.34719E+19 2.15643E+19 1.97940E+19 1.81536E+19 1.66346E+19 1.52289E+19 1.39299E+19
 1.27309E+19 1.16258E+19 1.06090E+19 9.67445E+18 8.81777E+18 8.03295E+18 7.31400E+18 6.65711E+18
 6.06030E+18 5.51975E+18 5.02979E+18 4.58546E+18 4.18265E+18 3.81723E+18 3.48460E+18 3.18038E+18
 2.90004E+18 2.64149E+18 2.40587E+18 2.19241E+18 1.99848E+18 1.82185E+18 1.66081E+18 1.51386E+18
 1.37971E+18 1.25717E+18 1.14522E+18 1.04291E+18 9.49391E+17 8.63924E+17 7.85857E+17 7.14584E+17
 6.49558E+17 5.90273E+17 5.36245E+17 4.87014E+17 4.42167E+17 4.01313E+17 3.64087E+17 3.30161E+17
 2.99242E+17 2.71068E+17 2.45420E+17 2.22107E+17 2.00927E+17 1.81691E+17 1.64241E+17 1.48422E+17
 1.34087E+17 1.21109E+17 1.09376E+17 9.87837E+16 8.92369E+16 8.06453E+16 7.29209E+16 6.59796E+16
 5.97417E+16 5.41292E+16 4.90713E+16 4.45083E+16 4.03864E+16 3.66580E+16 3.32832E+16 3.02263E+16
 2.74556E+16 2.49450E+16 2.26744E+16 2.06245E+16 1.87717E+16 1.70970E+16 1.55830E+16 1.42131E+16
 1.29720E+16 1.18470E+16 1.08269E+16 9.89986E+15 9.05665E+15 8.28884E+15 7.58901E+15 6.95105E+15
 6.37022E+15 5.84285E+15 5.36514E+15 4.93255E+15 4.53958E+15 4.17629E+15 3.84380E+15 3.54865E+15
 3.29346E+15 3.07548E+15 2.86592E+15 2.66491E+15 1.31298E-12 1.50083E-12 1.91147E-12 2.54760E-12
 3.39553E-12 4.46391E-12 5.77011E-12 7.33568E-12 9.18397E-12 1.13381E-11 1.38184E-11 1.66421E-11
 1.99553E-11 2.43775E-11 3.14959E-11 4.42568E-11 6.63958E-11 1.00826E-10 1.50689E-10 2.12457E-10
 2.78081E-10 3.41900E-10 3.99533E-10 4.48015E-10 4.86334E-10 5.14786E-10 5.34305E-10 5.46206E-10
 5.51914E-10 5.52704E-10 5.49636E-10 5.43572E-10 5.35191E-10 5.25005E-10 5.13383E-10 5.00601E-10
 4.86922E-10 4.72561E-10 4.57608E-10 4.42085E-10 4.26115E-10 4.09890E-10 3.93491E-10 3.76914E-10
 3.60203E-10 3.43475E-10 3.26811E-10 3.10340E-10 2.94210E-10 2.78475E-10 2.62915E-10 2.47913E-10
 2.33478E-10 2.19584E-10 2.06145E-10 1.93191E-10 1.80767E-10 1.68906E-10 1.57660E-10 1.46893E-10
 1.36589E-10 1.26767E-10 1.17508E-10 1.08712E-10 1.00351E-10 9.24285E-11 8.49613E-11 7.79344E-11
 7.13575E-11 6.52541E-11 5.96338E-11 5.44435E-11 4.96338E-11 4.51593E-11 4.10004E-11 3.71683E-11
 3.36568E-11 3.04448E-11 2.74834E-11 2.47628E-11 2.22757E-11 2.00160E-11 1.79622E-11 1.60978E-11
 1.44092E-11 1.28890E-11 1.15072E-11 1.02499E-11 9.10806E-12 8.07556E-12 7.14441E-12 6.30659E-12
 5.55439E-12 4.88128E-12 4.28013E-12 3.74497E-12 3.27050E-12 2.82863E-12 2.41746E-12 2.03739E-12
 3.12887E+00 2.67805E+00 2.63200E+00 2.84134E+00 3.26910E+00 3.71998E+00 4.19835E+00 4.68958E+00
 5.16540E+00 5.64225E+00 6.11853E+00 6.55663E+00 6.99463E+00 7.50802E+00 8.25526E+00 1.02841E+01
 1.38881E+01 1.90613E+01 2.58538E+01 3.31932E+01 3.96872E+01 4.46962E+01 4.79240E+01 4.93171E+01
 4.89507E+01 4.71678E+01 4.45292E+01 4.14711E+01 3.82113E+01 3.49007E+01 3.16542E+01 2.85465E+01
 2.56208E+01 2.29058E+01 2.04071E+01 1.81213E+01 1.60361E+01 1.41446E+01 1.24366E+01 1.08992E+01
 9.52531E+00 8.30419E+00 7.22237E+00 6.26362E+00 5.41598E+00 4.66903E+00 4.01206E+00 3.43616E+00
 2.93339E+00 2.49571E+00 2.11426E+00 1.78783E+00 1.50828E+00 1.26874E+00 1.06383E+00 8.90740E-01
 7.43962E-01 6.19750E-01 5.15603E-01 4.28075E-01 3.55297E-01 2.94694E-01 2.44278E-01 2.02310E-01
 1.67415E-01 1.38527E-01 1.14472E-01 9.45360E-02 7.79728E-02 6.42670E-02 5.29560E-02 4.35925E-02
 3.58350E-02 2.93994E-02 2.40770E-02 1.97162E-02 1.61421E-02 1.32134E-02 1.08054E-02 8.82838E-03
 7.20863E-03 5.88566E-03 4.80431E-03 3.91968E-03 3.19642E-03 2.60663E-03 2.12291E-03 1.72613E-03
 1.40158E-03 1.13748E-03 9.23125E-04 7.49343E-04 6.08233E-04 4.92399E-04 3.98285E-04 3.23527E-04
 2.65206E-04 2.18120E-04 1.76792E-04 1.40929E-04 1.00000E-12 1.00000E-12 1.00000E-12 1.00000E-12
 1.00000E-12 1.00000E-12 1.00000E-12 1.00000E-12 1.00000E-12 1.00000E-12 1.00000E-12 1.00000E-12
 1.00000E-12 1.00000E-12 1.00000E-12 1.00000E-12 1.00000E-12 1.00000E-12 1.00000E-12 1.00000E-12
 1.00000E-12 1.00000E-12 1.00000E-12 1.00000E-12 1.00000E-12 1.00000E-12 1.00000E-12 1.00000E-12
 1.00000E-12 1.00000E-12 1.00000E-12 1.00000E-12 1.00000E-12 1.00000E-12 1.00000E-12 1.00000E-12
 1.00000E-12 1.00000E-12 1.00000E-12 1.00000E-12 1.00000E-12 1.00000E-12 1.00000E-12 1.00000E-12
 1.00000E-12 1.00000E-12 1.00000E-12 1.00000E-12 1.00000E-12 1.00000E-12 1.00000E-12 1.00000E-12
 1.00000E-12 1.00000E-12 1.00000E-12 1.00000E-12 1.00000E-12 1.00000E-12 1.00000E-12 1.00000E-12
 1.00000E-12 1.00000E-12 1.00000E-12 1.00000E-12 1.00000E-12 1.00000E-12 1.00000E-12 1.00000E-12
 1.00000E-12 1.00000E-12 1.00000E-12 1.00000E-12 1.00000E-12 1.00000E-12 1.00000E-12 1.00000E-12
 1.00000E-12 1.00000E-12 1.00000E-12 1.00000E-12 1.00000E-12 1.00000E-12 1.00000E-12 1.00000E-12
 1.00000E-12 1.00000E-12 1.00000E-12 1.00000E-12 1.00000E-12 1.00000E-12 1.00000E-12 1.00000E-12
 1.00000E-12 1.00000E-12 1.00000E-12 1.00000E-12 1.00000E-12 1.00000E-12 1.00000E-12 1.00000E-12
 1.00000E-12 1.00000E-12 1.00000E-12 1.00000E-12 1.00000E-12 1.00000E-12 1.00000E-12 1.00000E-12
 1.00000E-12 1.00000E-12 1.00000E-12 1.00000E-12 1.00000E-12 1.00000E-12 1.00000E-12 1.00000E-12
 1.00000E-12 1.00000E-12 1.00000E-12 1.00000E-12 1.00000E-12 1.00000E-12 1.00000E-12 1.00000E-12
 1.00000E-12 1.00000E-12 1.00000E-12 1.00000E-12 1.00000E-12 1.00000E-12 1.00000E-12 1.00000E-12
 1.00000E-12 1.00000E-12 1.00000E-12 1.00000E-12 1.00000E-12 1.00000E-12 1.00000E-12 1.00000E-12
 1.00000E-12 1.00000E-12 1.00000E-12 1.00000E-12 1.00000E-12 1.00000E-12 1.00000E-12 1.00000E-12
 1.00000E-12 1.00000E-12 1.00000E-12 1.00000E-12 1.00000E-12 1.00000E-12 1.00000E-12 1.00000E-12
 1.00000E-12 1.00000E-12 1.00000E-12 1.00000E-12 1.00000E-12 1.00000E-12 1.00000E-12 1.00000E-12
 1.00000E-12 1.00000E-12 1.00000E-12 1.00000E-12 1.00000E-12 1.00000E-12 1.00000E-12 1.00000E-12
 1.00000E-12 1.00000E-12 1.00000E-12 1.00000E-12 1.00000E-12 1.00000E-12 1.00000E-12 1.00000E-12
 1.00000E-12 1.00000E-12 1.00000E-12 1.00000E-12 1.00000E-12 1.00000E-12 1.00000E-12 1.00000E-12
 1.00000E-12 1.00000E-12 1.00000E-12 1.00000E-12 1.00000E-12 1.00000E-12 1.00000E-12 1.00000E-12
 1.00000E-12 1.00000E-12 1.00000E-12 1.00000E-12 2.76676E-04 3.00684E-04 3.27488E-04 3.55184E-04
 3.81025E-04 4.09682E-04 4.40730E-04 4.74554E-04 5.12025E-04 5.52826E-04 5.97165E-04 6.46317E-04
 7.00844E-04 7.64232E-04 8.43460E-04 9.20314E-04 1.00057E-03 1.08785E-03 1.18262E-03 1.28569E-03
 1.39786E-03 1.52007E-03 1.65366E-03 1.80042E-03 1.96378E-03 2.14609E-03 2.34738E-03 2.56793E-03
 2.81014E-03 3.07678E-03 3.37059E-03 3.69458E-03 4.05215E-03 4.44670E-03 4.88228E-03 5.36351E-03
 5.89622E-03 6.48626E-03 7.13988E-03 7.86408E-03 8.66554E-03 9.55259E-03 1.05344E-02 1.16223E-02
 1.28281E-02 1.41654E-02 1.56500E-02 1.72999E-02 1.91351E-02 2.11781E-02 2.34526E-02 2.59751E-02
 2.87772E-02 3.18943E-02 3.53605E-02 3.91909E-02 4.34393E-02 4.81558E-02 5.33738E-02 5.91446E-02
 6.54798E-02 7.24413E-02 8.01063E-02 8.85281E-02 9.77654E-02 1.07860E-01 1.18944E-01 1.31067E-01
 1.44365E-01 1.58940E-01 1.74920E-01 1.92456E-01 2.11687E-01 2.32776E-01 2.55866E-01 2.81033E-01
 3.08504E-01 3.38486E-01 3.71175E-01 4.06805E-01 4.45629E-01 4.87908E-01 5.33937E-01 5.84079E-01
 6.38701E-01 6.98206E-01 7.63041E-01 8.33654E-01 9.10451E-01 9.93748E-01 1.08395E+00 1.18155E+00
 1.28730E+00 1.40309E+00 1.52903E+00 1.66368E+00 1.80555E+00 1.95490E+00 2.12266E+00 2.31144E+00
 1.00000E+00 1.00000E+00 1.00000E+00 1.00000E+00 1.00000E+00 1.00000E+00 1.00000E+00 1.00000E+00
 1.00000E+00 1.00000E+00 1.00000E+00 1.00000E+00 1.00000E+00 1.00000E+00 1.00000E+00 1.00000E+00
 1.00000E+00 1.00000E+00 1.00000E+00 1.00000E+00 1.00000E+00 1.00000E+00 1.00000E+00 1.00000E+00
 1.00000E+00 1.00000E+00 1.00000E+00 1.00000E+00 1.00000E+00 1.00000E+00 1.00000E+00 1.00000E+00
 1.00000E+00 1.00000E+00 1.00000E+00 1.00000E+00 1.00000E+00 1.00000E+00 1.00000E+00 1.00000E+00
 1.00000E+00 1.00000E+00 1.00000E+00 1.00000E+00 1.00000E+00 1.00000E+00 1.00000E+00 1.00000E+00
 1.00000E+00 1.00000E+00 1.00000E+00 1.00000E+00 1.00000E+00 1.00000E+00 1.00000E+00 1.00000E+00
 1.00000E+00 1.00000E+00 1.00000E+00 1.00000E+00 1.00000E+00 1.00000E+00 1.00000E+00 1.00000E+00
 1.00000E+00 1.00000E+00 1.00000E+00 1.00000E+00 1.00000E+00 1.00000E+00 1.00000E+00 1.00000E+00
 1.00000E+00 1.00000E+00 1.00000E+00 1.00000E+00 1.00000E+00 1.00000E+00 1.00000E+00 1.00000E+00
 1.00000E+00 1.00000E+00 1.00000E+00 1.00000E+00 1.00000E+00 1.00000E+00 1.00000E+00 1.00000E+00
 1.00000E+00 1.00000E+00 1.00000E+00 1.00000E+00 1.00000E+00 1.00000E+00 1.00000E+00 1.00000E+00
 1.00000E+00 1.00000E+00 1.00000E+00 1.00000E+00 1.00000E+00 1.00000E+00 1.00000E+00 1.00000E+00
 1.00000E+00 1.00000E+00 1.00000E+00 1.00000E+00 1.00000E+00 1.00000E+00 1.00000E+00 1.00000E+00
 1.00000E+00 1.00000E+00 1.00000E+00 1.00000E+00 1.00000E+00 1.00000E+00 1.00000E+00 1.00000E+00
 1.00000E+00 1.00000E+00 1.00000E+00 1.00000E+00 1.00000E+00 1.00000E+00 1.00000E+00 1.00000E+00
 1.00000E+00 1.00000E+00 1.00000E+00 1.00000E+00 1.00000E+00 1.00000E+00 1.00000E+00 1.00000E+00
 1.00000E+00 1.00000E+00 1.00000E+00 1.00000E+00 1.00000E+00 1.00000E+00 1.00000E+00 1.00000E+00
 1.00000E+00 1.00000E+00 1.00000E+00 1.00000E+00 1.00000E+00 1.00000E+00 1.00000E+00 1.00000E+00
 1.00000E+00 1.00000E+00 1.00000E+00 1.00000E+00 1.00000E+00 1.00000E+00 1.00000E+00 1.00000E+00
 1.00000E+00 1.00000E+00 1.00000E+00 1.00000E+00 1.00000E+00 1.00000E+00 1.00000E+00 1.00000E+00
 1.00000E+00 1.00000E+00 1.00000E+00 1.00000E+00 1.00000E+00 1.00000E+00 1.00000E+00 1.00000E+00
 1.00000E+00 1.00000E+00 1.00000E+00 1.00000E+00 1.00000E+00 1.00000E+00 1.00000E+00 1.00000E+00
 1.00000E+00 1.00000E+00 1.00000E+00 1.00000E+00 1.00000E+00 1.00000E+00 1.00000E+00 1.00000E+00
 1.00000E+00 1.00000E+00 1.00000E+00 1.00000E+00 1.00000E+00 1.00000E+00 1.00000E+00 1.00000E+00
 1.00000E-05 1.00000E-05 1.00000E-05 1.00000E-05 1.00000E-05 1.00000E-05 1.00000E-05 1.00000E-05
 1.00000E-05 1.00000E-05 1.00000E-05 1.00000E-05 1.00000E-05 1.00000E-05 1.00000E-05 1.00000E-05
 1.00000E-05 1.00000E-05 1.00000E-05 1.00000E-05 1.00000E-05 1.00000E-05 1.00000E-05 1.00000E-05
 1.00000E-05 1.00000E-05 1.00000E-05 1.00000E-05 1.00000E-05 1.00000E-05 1.00000E-05 1.00000E-05
 1.00000E-05 1.00000E-05 1.00000E-05 1.00000E-05 1.00000E-05 1.00000E-05 1.00000E-05 1.00000E-05
 1.00000E-05 1.00000E-05 1.00000E-05 1.00000E-05 1.00000E-05 1.00000E-05 1.00000E-05 1.00000E-05
 1.00000E-05 1.00000E-05 1.00000E-05 1.00000E-05 1.00000E-05 1.00000E-05 1.00000E-05 1.00000E-05
 1.00000E-05 1.00000E-05 1.00000E-05 1.00000E-05 1.00000E-05 1.00000E-05 1.00000E-05 1.00000E-05
 1.00000E-05 1.00000E-05 1.00000E-05 1.00000E-05 1.00000E-05 1.00000E-05 1.00000E-05 1.00000E-05
 1.00000E-05 1.00000E-05 1.00000E-05 1.00000E-05 1.00000E-05 1.00000E-05 1.00000E-05 1.00000E-05
 1.00000E-05 1.00000E-05 1.00000E-05 1.00000E-05 1.00000E-05 1.00000E-05 1.00000E-05 1.00000E-05
 1.00000E-05 1.00000E-05 1.00000E-05 1.00000E-05 1.00000E-05 1.00000E-05 1.00000E-05 1.00000E-05
 1.00000E-05 1.00000E-05 1.00000E-05 1.00000E-05 1.00000E-09 1.00000E-09 1.00000E-09 1.00000E-09
 1.00000E-09 1.00000E-09 1.00000E-09 1.00000E-09 1.00000E-09 1.00000E-09 1.00000E-09 1.00000E-09
 1.00000E-09 1.00000E-09 1.00000E-09 1.00000E-09 1.00000E-09 1.00000E-09 1.00000E-09 1.00000E-09
 1.00000E-09 1.00000E-09 1.00000E-09 1.00000E-09 1.00000E-09 1.00000E-09 1.00000E-09 1.00000E-09
 1.00000E-09 1.00000E-09 1.00000E-09 1.00000E-09 1.00000E-09 1.00000E-09 1.00000E-09 1.00000E-09
 1.00000E-09 1.00000E-09 1.00000E-09 1.00000E-09 1.00000E-09 1.00000E-09 1.00000E-09 1.00000E-09
 1.00000E-09 1.00000E-09 1.00000E-09 1.00000E-09 1.00000E-09 1.00000E-09 1.00000E-09 1.00000E-09
 1.00000E-09 1.00000E-09 1.00000E-09 1.00000E-09 1.00000E-09 1.00000E-09 1.00000E-09 1.00000E-09
 1.00000E-09 1.00000E-09 1.00000E-09 1.00000E-09 1.00000E-09 1.00000E-09 1.00000E-09 1.00000E-09
 1.00000E-09 1.00000E-09 1.00000E-09 1.00000E-09 1.00000E-09 1.00000E-09 1.00000E-09 1.00000E-09
 1.00000E-09 1.00000E-09 1.00000E-09 1.00000E-09 1.00000E-09 1.00000E-09 1.00000E-09 1.00000E-09
 1.00000E-09 1.00000E-09 1.00000E-09 1.00000E-09 1.00000E-09 1.00000E-09 1.00000E-09 1.00000E-09
 1.00000E-09 1.00000E-09 1.00000E-09 1.00000E-09 1.00000E-09 1.00000E-09 1.00000E-09 1.00000E-09
 1.00000E-09 1.00000E-09 1.00000E-09 1.00000E-09 1.00000E-09 1.00000E-09 1.00000E-09 1.00000E-09
 1.00000E-09 1.00000E-09 1.00000E-09 1.00000E-09 1.00000E-09 1.00000E-09 1.00000E-09 1.00000E-09
 1.00000E-09 1.00000E-09 1.00000E-09 1.00000E-09 1.00000E-09 1.00000E-09 1.00000E-09 1.00000E-09
 1.00000E-09 1.00000E-09 1.00000E-09 1.00000E-09 1.00000E-09 1.00000E-09 1.00000E-09 1.00000E-09
 1.00000E-09 1.00000E-09 1.00000E-09 1.00000E-09 1.00000E-09 1.00000E-09 1.00000E-09 1.00000E-09
 1.00000E-09 1.00000E-09 1.00000E-09 1.00000E-09 1.00000E-09 1.00000E-09 1.00000E-09 1.00000E-09
 1.00000E-09 1.00000E-09 1.00000E-09 1.00000E-09 1.00000E-09 1.00000E-09 1.00000E-09 1.00000E-09
 1.00000E-09 1.00000E-09 1.00000E-09 1.00000E-09 1.00000E-09 1.00000E-09 1.00000E-09 1.00000E-09
 1.00000E-09 1.00000E-09 1.00000E-09 1.00000E-09 1.00000E-09 1.00000E-09 1.00000E-09 1.00000E-09
 1.00000E-09 1.00000E-09 1.00000E-09 1.00000E-09 1.00000E-09 1.00000E-09 1.00000E-09 1.00000E-09
 1.00000E-09 1.00000E-09 1.00000E-09 1.00000E-09 1.00000E-09 1.00000E-09 1.00000E-09 1.00000E-09
 1.00000E-09 1.00000E-09 1.00000E-09 1.00000E-09 1.00000E-09 1.00000E-09 1.00000E-09 1.00000E-09
 1.00000E-09 1.00000E-09 1.00000E-09 1.00000E-09
