! This file contains molecules that are added by the user
! There must be three parameters for each molecule.
! 1)Parameter "Molecule" that specifies the name of the molecule
! 2)Parameter <molecule_name>_MR that specifies the mixing ratios
! 3)Parameter <molecule_name>_ALT that specifies the altitudes in Kms
! for the mixing ratios
! Note: The molecule must of course be in the file molecules_parameter_file
! for use with autospec.

!		Use the value we set for the dummy line at 112 (for H2O2)
Molecule DUMMY

DUMMY_MR  1.0E-10,1.0E-10,1.0E-10,1.0E-10,1.0E-10,1.0E-10,1.0E-10,^
	1.0E-10,1.0E-10,1.0E-10,1.0E-10,1.0E-10,1.0E-10,1.0E-10,^
	1.0E-10,1.0E-10,1.0E-10,1.0E-10,1.0E-10,1.0E-10,1.0E-10

DUMMY_ALT 0.0,5.0,10.0,15.0,20.0,25.,30.,35.,40.,45.,50.,55.,60.,^
        65.,70.,75.,80.,85.,90.,95.,100.

!	Sun Earth atmosphere Segura july08

Molecule CO2

CO2_MR   3.55E-04    3.55E-04    3.55E-04    3.55E-04   ^
  3.55E-04    3.55E-04    3.55E-04    3.55E-04    3.55E-04    3.55E-04    ^ 
  3.55E-04    3.55E-04    3.55E-04    3.55E-04    3.55E-04    3.55E-04    ^ 
  3.55E-04    3.55E-04    3.55E-04    3.55E-04    3.55E-04    3.55E-04    ^ 
  3.55E-04    3.55E-04    3.55E-04    3.55E-04    3.55E-04    3.55E-04    ^ 
  3.55E-04    3.55E-04    3.55E-04    3.55E-04    3.55E-04    3.55E-04   

CO2_ALT  0.500000	1.500000	2.500000	3.500000  ^
  5.500000	7.500000	9.500000	11.50000	13.50000  ^
  15.50000	17.50000	19.50000	21.50000	23.50000  ^
  25.50000	27.50000	29.50000	31.50000	33.50000  ^
  35.50000	37.50000	39.50000	41.50000	43.50000  ^
  45.50000	47.50000	49.50000	51.50000	53.50000  ^
  55.50000	57.50000	59.50000	61.50000	63.50000
   

Molecule H2CO

H2CO_MR	2.00E-10	2.05E-10	2.00E-10	1.85E-10	1.35E-10 ^
	6.58E-11	2.60E-11	1.12E-11	7.58E-12	7.52E-12 ^
	8.80E-12	1.13E-11	1.55E-11	2.21E-11	3.17E-11 ^
	4.34E-11	5.51E-11	6.41E-11	6.92E-11	7.02E-11 ^
	6.82E-11	6.44E-11	5.91E-11	5.18E-11	4.33E-11 ^
	3.54E-11	2.87E-11	2.36E-11	1.97E-11	1.67E-11 ^
	1.44E-11	1.25E-11	1.09E-11	9.85E-12


H2CO_ALT 0.500000	1.500000	2.500000	3.500000  ^
  5.500000	7.500000	9.500000	11.50000	13.50000  ^
  15.50000	17.50000	19.50000	21.50000	23.50000  ^
  25.50000	27.50000	29.50000	31.50000	33.50000  ^
  35.50000	37.50000	39.50000	41.50000	43.50000  ^
  45.50000	47.50000	49.50000	51.50000	53.50000  ^
  55.50000	57.50000	59.50000	61.50000	63.50000


Molecule H2O

H2O_MR	1.17E-02	8.26E-03	5.59E-03	3.59E-03	1.19E-03 ^
	2.44E-04	3.39E-05	9.99E-06	8.49E-06	8.59E-06 ^
	8.76E-06	8.99E-06	9.23E-06	9.49E-06	9.75E-06 ^
	1.00E-05	1.03E-05	1.05E-05	1.08E-05	1.10E-05 ^
	1.12E-05	1.14E-05	1.15E-05	1.16E-05	1.17E-05 ^
	1.17E-05	1.18E-05	1.18E-05	1.18E-05	1.18E-05 ^
	1.18E-05	1.18E-05	1.18E-05	1.18E-05


H2O_ALT		0.500000	1.500000	2.500000	3.500000  ^
  5.500000	7.500000	9.500000	11.50000	13.50000  ^
  15.50000	17.50000	19.50000	21.50000	23.50000  ^
  25.50000	27.50000	29.50000	31.50000	33.50000  ^
  35.50000	37.50000	39.50000	41.50000	43.50000  ^
  45.50000	47.50000	49.50000	51.50000	53.50000  ^
  55.50000	57.50000	59.50000	61.50000	63.50000
  

Molecule OH

OH_MR	7.47E-14	9.20E-14	1.11E-13	1.32E-13	1.64E-13 ^
	1.37E-13	1.03E-13	8.13E-14	8.08E-14	1.07E-13 ^
	1.63E-13	2.77E-13	5.17E-13	1.03E-12	2.14E-12 ^
	4.41E-12	8.97E-12	1.77E-11	3.31E-11	5.90E-11 ^
	1.02E-10	1.72E-10	2.74E-10	3.94E-10	5.12E-10 ^
	6.18E-10	7.15E-10	8.15E-10	9.34E-10	1.10E-09 ^
	1.37E-09	1.81E-09	2.58E-09	4.25E-09


OH_ALT	0.500000	1.500000	2.500000	3.500000  ^
  5.500000	7.500000	9.500000	11.50000	13.50000  ^
  15.50000	17.50000	19.50000	21.50000	23.50000  ^
  25.50000	27.50000	29.50000	31.50000	33.50000  ^
  35.50000	37.50000	39.50000	41.50000	43.50000  ^
  45.50000	47.50000	49.50000	51.50000	53.50000  ^
  55.50000	57.50000	59.50000	61.50000	63.50000 


Molecule O3

O3_MR	2.33E-08	2.73E-08	3.27E-08	3.92E-08	5.39E-08 ^
	6.72E-08	7.91E-08	1.04E-07	2.12E-07	5.12E-07 ^
	1.04E-06	1.80E-06	2.76E-06	3.92E-06	5.23E-06 ^
	6.54E-06	7.61E-06	8.21E-06	8.27E-06	7.94E-06 ^
	7.35E-06	6.53E-06	5.57E-06	4.65E-06	3.87E-06 ^
	3.23E-06	2.70E-06	2.26E-06	1.89E-06	1.55E-06 ^
	1.23E-06	9.55E-07	7.69E-07	8.75E-07


O3_ALT	0.500000	1.500000	2.500000	3.500000  ^
  5.500000	7.500000	9.500000	11.50000	13.50000  ^
  15.50000	17.50000	19.50000	21.50000	23.50000  ^
  25.50000	27.50000	29.50000	31.50000	33.50000  ^
  35.50000	37.50000	39.50000	41.50000	43.50000  ^
  45.50000	47.50000	49.50000	51.50000	53.50000  ^
  55.50000	57.50000	59.50000	61.50000	63.50000   
    

Molecule CH4

CH4_MR	1.60E-06	1.59E-06	1.59E-06	1.58E-06	1.58E-06 ^
	1.58E-06	1.57E-06	1.57E-06	1.55E-06	1.50E-06 ^
	1.42E-06	1.32E-06	1.20E-06	1.09E-06	9.69E-07 ^
	8.53E-07	7.39E-07	6.28E-07	5.24E-07	4.29E-07 ^
	3.48E-07	2.80E-07	2.26E-07	1.86E-07	1.57E-07 ^
	1.37E-07	1.24E-07	1.15E-07	1.10E-07	1.07E-07 ^
	1.05E-07	1.03E-07	1.03E-07	1.03E-07


CH4_ALT		0.500000	1.500000	2.500000	3.500000  ^
  5.500000	7.500000	9.500000	11.50000	13.50000  ^
  15.50000	17.50000	19.50000	21.50000	23.50000  ^
  25.50000	27.50000	29.50000	31.50000	33.50000  ^
  35.50000	37.50000	39.50000	41.50000	43.50000  ^
  45.50000	47.50000	49.50000	51.50000	53.50000  ^
  55.50000	57.50000	59.50000	61.50000	63.50000

Molecule CO

CO_MR	9.00E-08	8.01E-08	7.16E-08	6.44E-08	5.37E-08 ^
	4.73E-08	4.36E-08	3.95E-08	3.11E-08	2.11E-08 ^
	1.42E-08	1.09E-08	9.60E-09	9.37E-09	9.56E-09 ^
	9.82E-09	9.93E-09	9.82E-09	9.58E-09	9.27E-09 ^
	8.97E-09	8.72E-09	8.63E-09	8.82E-09	9.41E-09 ^
	1.06E-08	1.29E-08	1.71E-08	2.38E-08	3.44E-08 ^
	5.05E-08	7.42E-08	1.09E-07	1.58E-07


CO_ALT	0.500000	1.500000	2.500000	3.500000  ^
  5.500000	7.500000	9.500000	11.50000	13.50000  ^
  15.50000	17.50000	19.50000	21.50000	23.50000  ^
  25.50000	27.50000	29.50000	31.50000	33.50000  ^
  35.50000	37.50000	39.50000	41.50000	43.50000  ^
  45.50000	47.50000	49.50000	51.50000	53.50000  ^
  55.50000	57.50000	59.50000	61.50000	63.50000 


Molecule N2O

N2O_MR	3.00E-07	3.00E-07	3.00E-07	3.00E-07	3.00E-07 ^
	3.00E-07	2.99E-07	2.99E-07	2.95E-07	2.86E-07 ^
	2.69E-07	2.45E-07	2.19E-07	1.92E-07	1.63E-07 ^
	1.35E-07	1.07E-07	8.15E-08	5.94E-08	4.17E-08 ^
	2.89E-08	1.98E-08	1.37E-08	9.58E-09	6.84E-09 ^
	5.01E-09	3.76E-09	2.90E-09	2.32E-09	1.92E-09 ^
	1.65E-09	1.48E-09	1.38E-09	1.34E-09


N2O_ALT	0.500000	1.500000	2.500000	3.500000  ^
  5.500000	7.500000	9.500000	11.50000	13.50000  ^
  15.50000	17.50000	19.50000	21.50000	23.50000  ^
  25.50000	27.50000	29.50000	31.50000	33.50000  ^
  35.50000	37.50000	39.50000	41.50000	43.50000  ^
  45.50000	47.50000	49.50000	51.50000	53.50000  ^
  55.50000	57.50000	59.50000	61.50000	63.50000    



Molecule NO

NO_MR	5.62E-12	7.08E-12	8.94E-12	1.16E-11	2.06E-11 ^
	3.12E-11	6.52E-11	1.12E-10	1.75E-10	2.52E-10 ^
	3.50E-10	4.63E-10	5.92E-10	7.60E-10	1.03E-09 ^
	1.52E-09	2.36E-09	3.65E-09	5.40E-09	7.45E-09 ^
	9.61E-09	1.17E-08	1.33E-08	1.41E-08	1.40E-08 ^
	1.32E-08	1.22E-08	1.12E-08	1.01E-08	9.18E-09 ^
	8.35E-09	7.68E-09	7.20E-09	6.96E-09


NO_ALT	0.500000	1.500000	2.500000	3.500000  ^
  5.500000	7.500000	9.500000	11.50000	13.50000  ^
  15.50000	17.50000	19.50000	21.50000	23.50000  ^
  25.50000	27.50000	29.50000	31.50000	33.50000  ^
  35.50000	37.50000	39.50000	41.50000	43.50000  ^
  45.50000	47.50000	49.50000	51.50000	53.50000  ^
  55.50000	57.50000	59.50000	61.50000	63.50000 

Molecule NO2

NO2_MR	1.57E-11	1.81E-11	2.10E-11	2.48E-11	3.36E-11 ^
	3.19E-11	3.76E-11	4.87E-11	1.05E-10	2.60E-10 ^
	5.42E-10	9.29E-10	1.40E-09	2.01E-09	2.93E-09 ^
	4.37E-09	6.28E-09	8.24E-09	9.57E-09	9.72E-09 ^
	8.63E-09	6.61E-09	4.33E-09	2.48E-09	1.32E-09 ^
	6.83E-10	3.55E-10	1.88E-10	1.02E-10	5.74E-11 ^
	3.51E-11	2.46E-11	2.00E-11	1.55E-11


NO2_ALT	0.500000	1.500000	2.500000	3.500000  ^
  5.500000	7.500000	9.500000	11.50000	13.50000  ^
  15.50000	17.50000	19.50000	21.50000	23.50000  ^
  25.50000	27.50000	29.50000	31.50000	33.50000  ^
  35.50000	37.50000	39.50000	41.50000	43.50000  ^
  45.50000	47.50000	49.50000	51.50000	53.50000  ^
  55.50000	57.50000	59.50000	61.50000	63.50000 



Molecule HNO3

HNO3_MR	1.29E-10	1.98E-10	2.86E-10	3.77E-10	5.20E-10 ^
	5.64E-10	5.74E-10	6.22E-10	9.41E-10	1.93E-09 ^
	3.64E-09	5.78E-09	7.96E-09	9.83E-09	1.11E-08 ^
	1.13E-08	1.04E-08	8.60E-09	6.33E-09	4.18E-09 ^
	2.52E-09	1.37E-09	6.39E-10	2.52E-10	8.98E-11 ^
	3.10E-11	1.08E-11	3.88E-12	1.49E-12	6.19E-13 ^
	2.95E-13	1.70E-13	1.19E-13	9.35E-14


HNO3_ALT	0.500000	1.500000	2.500000	3.500000  ^
  5.500000	7.500000	9.500000	11.50000	13.50000  ^
  15.50000	17.50000	19.50000	21.50000	23.50000  ^
  25.50000	27.50000	29.50000	31.50000	33.50000  ^
  35.50000	37.50000	39.50000	41.50000	43.50000  ^
  45.50000	47.50000	49.50000	51.50000	53.50000  ^
  55.50000	57.50000	59.50000	61.50000	63.50000 


Molecule N2O5

N2O5_MR	7.66E-17	1.48E-16	3.16E-16	7.06E-16	3.52E-15 ^
	1.21E-14	4.67E-14	7.60E-14	2.09E-13	1.25E-12 ^
	5.54E-12	1.54E-11	3.01E-11	4.76E-11	6.65E-11 ^
	8.08E-11	7.77E-11	5.53E-11	2.95E-11	1.22E-11 ^
	4.03E-12	1.04E-12	2.03E-13	3.16E-14	4.47E-15 ^
	6.40E-16	9.56E-17	1.50E-17	2.50E-18	4.47E-19 ^
	9.24E-20	2.46E-20	8.66E-21	3.49E-21


N2O5_ALT	0.500000	1.500000	2.500000	3.500000  ^
  5.500000	7.500000	9.500000	11.50000	13.50000  ^
  15.50000	17.50000	19.50000	21.50000	23.50000  ^
  25.50000	27.50000	29.50000	31.50000	33.50000  ^
  35.50000	37.50000	39.50000	41.50000	43.50000  ^
  45.50000	47.50000	49.50000	51.50000	53.50000  ^
  55.50000	57.50000	59.50000	61.50000	63.50000 


Molecule CH3Cl

CH3Cl_MR	5.00E-10	4.85E-10	4.72E-10	4.61E-10	4.45E-10 ^
		4.37E-10	4.33E-10	4.27E-10	4.08E-10	3.67E-10 ^
		3.10E-10	2.50E-10	1.95E-10	1.47E-10	1.08E-10 ^
		7.67E-11	5.18E-11	3.33E-11	2.03E-11	1.17E-11 ^
		6.55E-12	3.55E-12	1.90E-12	1.03E-12	5.94E-13 ^
		3.70E-13	2.50E-13	1.83E-13	1.45E-13	1.22E-13 ^
		1.08E-13	9.86E-14	9.34E-14	9.13E-14


CH3Cl_ALT	0.500000	1.500000	2.500000	3.500000  ^
  5.500000	7.500000	9.500000	11.50000	13.50000  ^
  15.50000	17.50000	19.50000	21.50000	23.50000  ^
  25.50000	27.50000	29.50000	31.50000	33.50000  ^
  35.50000	37.50000	39.50000	41.50000	43.50000  ^
  45.50000	47.50000	49.50000	51.50000	53.50000  ^
  55.50000	57.50000	59.50000	61.50000	63.50000 


Molecule ClO

ClO_MR	1.63E-14	2.28E-14	3.17E-14	4.16E-14	5.58E-14 ^
	5.52E-14	3.31E-14	2.43E-14	4.37E-14	1.53E-13 ^
	4.86E-13	1.33E-12	3.17E-12	6.70E-12	1.24E-11 ^
	2.03E-11	3.17E-11	4.92E-11	7.55E-11	1.09E-10 ^
	1.42E-10	1.66E-10	1.73E-10	1.58E-10	1.30E-10 ^
	9.85E-11	7.07E-11	4.92E-11	3.36E-11	2.26E-11 ^
	1.49E-11	9.59E-12	5.99E-12	3.76E-12


ClO_ALT	0.500000	1.500000	2.500000	3.500000  ^
  5.500000	7.500000	9.500000	11.50000	13.50000  ^
  15.50000	17.50000	19.50000	21.50000	23.50000  ^
  25.50000	27.50000	29.50000	31.50000	33.50000  ^
  35.50000	37.50000	39.50000	41.50000	43.50000  ^
  45.50000	47.50000	49.50000	51.50000	53.50000  ^
  55.50000	57.50000	59.50000	61.50000	63.50000 

Molecule HCl 

HCl_MR	1.02E-11	1.46E-11	1.96E-11	2.40E-11	3.01E-11 ^
	3.33E-11	3.58E-11	4.13E-11	5.97E-11	9.61E-11 ^
	1.36E-10	1.62E-10	1.67E-10	1.56E-10	1.41E-10 ^
	1.30E-10	1.29E-10	1.40E-10	1.61E-10	1.82E-10 ^
	1.95E-10	2.05E-10	2.23E-10	2.57E-10	3.00E-10 ^
	3.42E-10	3.76E-10	4.01E-10	4.18E-10	4.30E-10 ^
	4.37E-10	4.43E-10	4.47E-10	4.48E-10


HCl_ALT 	0.500000	1.500000	2.500000	3.500000  ^
  5.500000	7.500000	9.500000	11.50000	13.50000  ^
  15.50000	17.50000	19.50000	21.50000	23.50000  ^
  25.50000	27.50000	29.50000	31.50000	33.50000  ^
  35.50000	37.50000	39.50000	41.50000	43.50000  ^
  45.50000	47.50000	49.50000	51.50000	53.50000  ^
  55.50000	57.50000	59.50000	61.50000	63.50000  

Molecule HOCl

HOCl_MR	2.22E-13	2.85E-13	3.49E-13	3.95E-13	3.45E-13 ^
	1.61E-13	3.20E-14	7.70E-15	6.47E-15	1.93E-14 ^
	7.26E-14	2.71E-13	9.51E-13	3.01E-12	7.88E-12 ^
	1.67E-11	2.96E-11	4.69E-11	6.62E-11	8.13E-11 ^
	8.64E-11	8.03E-11	6.63E-11	4.93E-11	3.39E-11 ^
	2.19E-11	1.36E-11	8.35E-12	5.24E-12	3.42E-12 ^
	2.35E-12	1.69E-12	1.25E-12	1.02E-12

HOCl_ALT 0.500000	1.500000	2.500000	3.500000  ^
  5.500000	7.500000	9.500000	11.50000	13.50000  ^
  15.50000	17.50000	19.50000	21.50000	23.50000  ^
  25.50000	27.50000	29.50000	31.50000	33.50000  ^
  35.50000	37.50000	39.50000	41.50000	43.50000  ^
  45.50000	47.50000	49.50000	51.50000	53.50000  ^
  55.50000	57.50000	59.50000	61.50000	63.50000  


Molecule H2S

H2S_MR	1.74E-12	1.77E-12	1.83E-12	1.94E-12	2.53E-12 ^ 
	4.11E-12	5.27E-12	1.63E-12	2.01E-13	9.51E-15 ^
	2.66E-16	5.56E-18	9.53E-20	1.28E-21	1.24E-23 ^
	7.78E-26	3.06E-28	1.89E-29	4.36E-29	1.04E-28 ^
	2.21E-28	4.28E-28	8.18E-28	1.53E-27	2.62E-27 ^
	3.91E-27	5.14E-27	6.26E-27	7.47E-27	9.40E-27 ^
	1.33E-26	2.13E-26	3.43E-26	4.32E-26

H2S_ALT 0.500000	1.500000	2.500000	3.500000  ^
  5.500000	7.500000	9.500000	11.50000	13.50000  ^
  15.50000	17.50000	19.50000	21.50000	23.50000  ^
  25.50000	27.50000	29.50000	31.50000	33.50000  ^
  35.50000	37.50000	39.50000	41.50000	43.50000  ^
  45.50000	47.50000	49.50000	51.50000	53.50000  ^
  55.50000	57.50000	59.50000	61.50000	63.50000  

Molecule SO2

SO2_MR	2.72E-11	4.70E-11	6.48E-11	8.21E-11	1.21E-10 ^
	1.69E-10	1.92E-10	1.32E-10	6.11E-11	1.81E-11 ^
	4.37E-12	1.00E-12	2.37E-13	5.87E-14	1.53E-14 ^
	4.31E-15	1.56E-15	1.06E-15	1.32E-15	1.93E-15 ^
	2.79E-15	3.89E-15	5.28E-15	7.00E-15	8.95E-15 ^
	1.10E-14	1.30E-14	1.49E-14	1.65E-14	1.78E-14 ^
	1.89E-14	1.96E-14	2.01E-14	2.03E-14


SO2_ALT 0.500000	1.500000	2.500000	3.500000  ^
  5.500000	7.500000	9.500000	11.50000	13.50000  ^
  15.50000	17.50000	19.50000	21.50000	23.50000  ^
  25.50000	27.50000	29.50000	31.50000	33.50000  ^
  35.50000	37.50000	39.50000	41.50000	43.50000  ^
  45.50000	47.50000	49.50000	51.50000	53.50000  ^
  55.50000	57.50000	59.50000	61.50000	63.50000  


Molecule O2

O2_MR	2.10E-01    	2.10E-01    	2.10E-01    	2.10E-01  ^
  2.10E-01    	2.10E-01    	2.10E-01    	2.10E-01    	2.10E-01  ^
  2.10E-01    	2.10E-01    	2.10E-01    	2.10E-01    	2.10E-01  ^
  2.10E-01    	2.10E-01    	2.10E-01    	2.10E-01    	2.10E-01  ^
  2.10E-01    	2.10E-01    	2.10E-01    	2.10E-01    	2.10E-01  ^
  2.10E-01    	2.10E-01    	2.10E-01    	2.10E-01    	2.10E-01  ^
  2.10E-01    	2.10E-01    	2.10E-01    	2.10E-01    	2.10E-01  
  

O2_ALT	0.500000	1.500000	2.500000	3.500000  ^
  5.500000	7.500000	9.500000	11.50000	13.50000  ^
  15.50000	17.50000	19.50000	21.50000	23.50000  ^
  25.50000	27.50000	29.50000	31.50000	33.50000  ^
  35.50000	37.50000	39.50000	41.50000	43.50000  ^
  45.50000	47.50000	49.50000	51.50000	53.50000  ^
  55.50000	57.50000	59.50000	61.50000	63.50000     


Molecule O3P

O3P_MR	7.63E-17	1.07E-16	1.53E-16	2.19E-16	4.18E-16 ^
	6.89E-16	1.08E-15	2.25E-15	8.32E-15	3.78E-14 ^
	1.48E-13	4.96E-13	1.50E-12	4.32E-12	1.19E-11 ^
	3.12E-11	7.63E-11	1.76E-10	3.90E-10	8.48E-10 ^
	1.84E-09	4.05E-09	8.88E-09	1.84E-08	3.44E-08 ^
	5.80E-08	9.03E-08	1.32E-07	1.84E-07	2.44E-07 ^
	3.07E-07	3.73E-07	4.78E-07	8.80E-07

O3P_ALT	0.500000	1.500000	2.500000	3.500000  ^
  5.500000	7.500000	9.500000	11.50000	13.50000  ^
  15.50000	17.50000	19.50000	21.50000	23.50000  ^
  25.50000	27.50000	29.50000	31.50000	33.50000  ^
  35.50000	37.50000	39.50000	41.50000	43.50000  ^
  45.50000	47.50000	49.50000	51.50000	53.50000  ^
  55.50000	57.50000	59.50000	61.50000	63.50000     


!	Dummy vals for aerosol retrievals
Molecule AEROS

AEROS_MR   4.00E-31    4.00E-31    4.00E-31    4.00E-31    4.00E-31    ^
  4.00E-31    4.00E-31    4.00E-31    4.00E-31    4.00E-31    4.00E-31    ^
  4.00E-31    4.00E-31    4.00E-31    4.00E-31    4.00E-31    4.00E-31    ^
  4.00E-31    4.00E-31    4.00E-31    4.00E-31    4.00E-31    4.00E-31    ^
  4.00E-31    4.00E-31    4.00E-31    4.00E-31    4.00E-31    4.00E-31    ^
  4.00E-31    4.00E-31    4.00E-31    4.00E-31    4.00E-31    4.00E-31    ^
  4.00E-31    4.00E-31    4.00E-31    4.00E-31    4.00E-31    4.00E-31    ^
  4.00E-31    4.00E-31    4.00E-31    4.00E-31    4.00E-31    4.00E-31    ^
  4.00E-31    4.00E-31    4.00E-31 

AEROS_ALT  0.000000    1.000000    2.000000    3.000000    4.000000    ^
  5.000000    6.000000    7.000000    8.000000    9.000000    10.00000    ^
  11.00000    12.00000    13.00000    14.00000    15.00000    16.00000    ^
  17.00000    18.00000    19.00000    20.00000    21.00000    22.00000    ^
  23.00000    24.00000    25.00000    27.50000    30.00000    32.50000    ^
  35.00000    37.50000    40.00000    42.50000    45.00000    47.50000    ^
  50.00000    55.00000    60.00000    65.00000    70.00000    75.00000    ^
  80.00000    85.00000    90.00000    95.00000    100.0000    105.0000    ^
  110.0000    115.0000    120.0000    


! The following must always be the last parameter line in the file
Molecule &NULL  























