0        7750.11156462585        7.750E-03
1        6077.6618705036        6.078E-03
2        4634.04832836809        4.634E-03
3        3185.35136918509        3.185E-03
4        2160.17411113823        2.160E-03
5        1398.48632989317        1.398E-03
6        926.33035398677        9.263E-04
7        572.742372881356        5.727E-04
8        367.242297451503        3.672E-04
9        158.467423107115        1.585E-04
10        70.0469165659008        7.005E-05
11        36.1702119883041        3.617E-05
12        19.088789141819        1.909E-05
13        10.8643660915229        1.086E-05
14        5.93098727512067        5.931E-06
15        5.94751540041068        5.948E-06
16        5.31545545545546        5.315E-06
17        5.3147762942141        5.315E-06
18        5.28885236921391        5.289E-06
19        6.34369871794872        6.344E-06
20        7.23938064709631        7.239E-06
21        8.71295122380701        8.713E-06
22        11.4759896640827        1.148E-05
23        15.2108586317639        1.521E-05
24        18.5115466553046        1.851E-05
25        24.4903027278776        2.449E-05
30        27.9697265978635        2.797E-05
35        24.7178699436764        2.472E-05
40        19.3289289289289        1.933E-05
45        18.0065785011868        1.801E-05
50        12.2212658227848        1.222E-05
70        2.33123264517687        2.331E-06
