 Wavenumbers:   10.0 - 3250.0 cm-1, ATM      1
 LEVEL    PRESSURE   UPWARD FLUX   DOWNWARD FLUX    NETFLUX       HEATING RATE
             mb          W/m2          W/m2           W/m2          degree/day
  99         .1013     272.0310        0.0000       272.0310            0.00000
  98         .1133     272.0407        0.0445       271.9962          -24.58078
  97         .1266     272.0499        0.0677       271.9822           -8.83264
  96         .1415     272.0597        0.0914       271.9684           -7.86631
  95         .1580     272.0703        0.1166       271.9537           -7.49673
  94         .1764     272.0814        0.1441       271.9373           -7.48861
  93         .1969     272.0927        0.1740       271.9187           -7.70612
  92         .2196     272.1038        0.2069       271.8970           -8.04063
  91         .2450     272.1145        0.2429       271.8717           -8.42990
  90         .2731     272.1245        0.2823       271.8422           -8.85444
  89         .3043     272.1333        0.3255       271.8078           -9.29899
  88         .3390     272.1405        0.3728       271.7677           -9.75521
  87         .3775     272.1458        0.4245       271.7213          -10.16809
  86         .4202     272.1487        0.4810       271.6677          -10.58788
  85         .4675     272.1489        0.5425       271.6064          -10.92905
  84         .5200     272.1457        0.6095       271.5362          -11.28251
  83         .5782     272.1386        0.6822       271.4564          -11.57403
  82         .6426     272.1270        0.7609       271.3661          -11.82634
  81         .7140     272.1104        0.8457       271.2647          -12.00056
  80         .7930     272.0882        0.9368       271.1513          -12.11126
  79         .8803     272.0597        1.0341       271.0255          -12.15083
  78         .9770     272.0246        1.1371       270.8876          -12.04978
  77        1.084      271.9827        1.2453       270.7375          -11.85757
  76        1.202      271.9336        1.3580       270.5756          -11.57150
  75        1.332      271.8772        1.4736       270.4036          -11.13000
  74        1.476      271.8147        1.5897       270.2250          -10.46573
  73        1.635      271.7475        1.7051       270.0424           -9.69648
  72        1.811      271.6770        1.8185       269.8585           -8.84576
  71        2.004      271.6045        1.9293       269.6752           -7.99815
  70        2.217      271.5312        2.0365       269.4947           -7.14202
  69        2.452      271.4579        2.1410       269.3169           -6.38327
  68        2.711      271.3850        2.2424       269.1426           -5.68148
  67        2.996      271.3127        2.3420       268.9707           -5.08791
  66        3.310      271.2410        2.4401       268.8009           -4.56530
  65        3.656      271.1698        2.5385       268.6313           -4.14410
  64        4.036      271.0994        2.6384       268.4610           -3.78366
  63        4.453      271.0297        2.7425       268.2873           -3.50897
  62        4.912      270.9614        2.8519       268.1095           -3.26743
  61        5.417      270.8948        2.9696       267.9252           -3.08517
  60        5.971      270.8303        3.0969       267.7335           -2.92080
  59        6.579      270.7683        3.2355       267.5328           -2.78528
  58        7.246      270.7091        3.3860       267.3232           -2.65134
  57        7.978      270.6529        3.5485       267.1044           -2.52247
  56        8.780      270.6006        3.7227       266.8779           -2.38197
  55        9.660      270.5521        3.9100       266.6421           -2.26237
  54       10.62       270.5059        4.1109       266.3950           -2.16404
  53       11.68       270.4599        4.3259       266.1341           -2.08657
  52       12.83       270.4123        4.5525       265.8599           -2.00285
  51       14.10       270.3631        4.7891       265.5740           -1.90813
  50       15.48       270.3131        5.0342       265.2789           -1.80061
  49       16.99       270.2646        5.2861       264.9785           -1.67599
  48       18.65       270.2199        5.5440       264.6759           -1.54512
  47       20.45       270.1820        5.8066       264.3755           -1.40362
  46       22.43       270.1547        6.0747       264.0800           -1.26415
  45       24.58       270.1406        6.3478       263.7928           -1.12515
  44       26.93       270.1417        6.6283       263.5134           -1.00322
  43       29.49       270.1593        6.9155       263.2437           -0.88778
  42       32.29       270.1923        7.2106       262.9817           -0.79091
  41       35.34       270.2444        7.5134       262.7310           -0.69435
  40       38.66       270.3113        7.8244       262.4869           -0.62043
  39       42.27       270.3953        8.1436       262.2517           -0.54877
  38       46.21       270.4941        8.4699       262.0242           -0.48762
  37       50.50       270.6067        8.8039       261.8028           -0.43608
  36       55.16       270.7327        9.1442       261.5885           -0.38798
  35       60.23       270.8716        9.4937       261.3779           -0.35054
  34       65.74       271.0231        9.8537       261.1694           -0.31936
  33       71.72       271.1894       10.2286       260.9608           -0.29395
  32       78.23       271.3719       10.6219       260.7500           -0.27359
  31       85.29       271.5765       11.0389       260.5375           -0.25397
  30       92.95       271.8028       11.4855       260.3173           -0.24250
  29      101.3        272.0666       11.9695       260.0971           -0.22361
  28      110.3        272.3628       12.4974       259.8654           -0.21692
  27      120.0        272.6960       13.0732       259.6228           -0.20947
  26      130.6        273.0713       13.7000       259.3713           -0.20044
  25      142.1        273.4960       14.3804       259.1156           -0.18816
  24      154.5        273.9838       15.1397       258.8441           -0.18452
  23      168.0        274.5604       16.0102       258.5502           -0.18455
  22      182.5        275.2523       17.0222       258.2300           -0.18584
  21      198.2        276.1043       18.2256       257.8786           -0.18861
  20      215.2        277.1914       19.7014       257.4899           -0.19300
  19      233.6        278.6262       21.6499       256.9763           -0.23604
  18      253.4        280.5135       24.5029       256.0106           -0.41084
  17      274.8        282.9170       29.0175       253.8994           -0.83186
  16      298.0        285.8007       35.5236       250.2771           -1.32250
  15      322.9        289.1933       44.1101       245.0832           -1.75771
  14      349.8        293.1557       54.7073       238.4484           -2.08206
  13      378.8        297.7492       67.1493       230.5998           -2.28485
  12      410.0        302.9301       81.2205       221.7096           -2.40186
  11      443.7        308.6797       96.7698       211.9099           -2.45802
  10      479.9        314.9493      113.5596       201.3896           -2.45084
   9      518.9        321.6883      131.4408       190.2474           -2.41184
   8      560.8        328.8540      150.3284       178.5256           -2.35850
   7      605.9        336.4181      170.1373       166.2808           -2.29101
   6      654.4        344.4483      190.5653       153.8830           -2.15791
   5      706.5        353.1992      211.4279       141.7713           -1.96191
   4      762.5        362.5828      232.5119       130.0710           -1.76454
   3      822.5        372.2253      253.9059       118.3194           -1.65068
   2      887.0        381.5553      276.0523       105.5031           -1.67741
   1      956.2        388.3202      298.2460        90.0742           -1.88233
   0     1030.         389.2404      315.9539        73.2865           -1.90989

  Modules and versions used in this calculation:

         rrtm.f:       $Revision: 3.2           rrtatm.f:       NOT USED       
          rtr.f:       $Revision: 3.1           rtrcld.f:       NOT USED       
        rtreg.f:       NOT USED               rtregcld.f:       NOT USED       
     rtrcldmr.f:       NOT USED               rtregcldmr.f:     NOT USED       
      setcoef.f:       $Revision: 3.1          cldprop.f:       NOT USED       
     util_xxx.f:       NOT USED                 taumol.f:       $Revision: 3.3 
       k_gB01.f:       $Revision: 3.0           k_gB02.f:       $Revision: 3.0 
       k_gB03.f:       $Revision: 3.0           k_gB04.f:       $Revision: 3.0 
       k_gB05.f:       $Revision: 3.1           k_gB06.f:       $Revision: 3.0 
       k_gB07.f:       $Revision: 3.0           k_gB08.f:       $Revision: 3.0 
       k_gB09.f:       $Revision: 3.0           k_gB10.f:       $Revision: 3.0 
       k_gB11.f:       $Revision: 3.0           k_gB12.f:       $Revision: 3.0 
       k_gB13.f:       $Revision: 3.0           k_gB14.f:       $Revision: 3.0 
       k_gB15.f:       $Revision: 3.0           k_gB16.f:       $Revision: 3.1 

