   162.520105147192       2.031801589375294E-005
   164.251540720722       2.157012324115777E-005
   165.995336783007       2.155110165178909E-005
   167.680123126543       2.243524725108037E-005
   169.160259414814       2.372165872427178E-005
   170.393683927186       2.492227575835890E-005
   171.430301062670       2.623066011484799E-005
   172.320661999553       2.737760326658075E-005
   173.103293993650       2.881892677555883E-005
   173.782802848805       2.945076400698532E-005
   174.369585041665       3.074774899848157E-005
   174.874227582695       3.215183951332397E-005
   175.292446303045       3.302928630804136E-005
   175.629757869075       3.443665282477900E-005
   175.895921458651       3.568121369812023E-005
   176.099613009358       3.721046530138320E-005
   176.245046830198       3.825751780173467E-005
   176.337949699880       3.975711290223126E-005
   176.382886684032       4.137238780305121E-005
   176.386196756825       4.237758314179356E-005
   176.359265242087       4.396999515266119E-005
   176.307394410980       4.477827567804027E-005
   176.238047209090       4.622153411561466E-005
   176.154651098116       4.776518302458124E-005
   176.058998293625       4.895738957963176E-005
   175.959738747359       5.055333180764039E-005
   175.858445954236       5.155847948668886E-005
   175.765203973882       5.308494523278744E-005
   175.688623702268       5.471301100251069E-005
   175.620991942085       5.520775980544840E-005
   175.562958120099       5.661309027382971E-005
   175.516942857085       5.739175492175563E-005
   175.487861579032       5.867727072601664E-005
   175.484101681116       6.003828720321479E-005
   175.503081308084       6.067204060533197E-005
   175.539794510517       6.191439085976594E-005
   175.592901533633       6.252861603511907E-005
   175.666993503381       6.362515978350988E-005
   175.767535558398       6.478023836529346E-005
   175.892810464120       6.540607791958249E-005
   176.034819839014       6.647816602376767E-005
   176.189149224452       6.668318212609286E-005
   176.362200077145       6.748566164680541E-005
   176.555658352534       6.832614693023542E-005
   176.762654278644       6.894805244710013E-005
   176.983675019191       6.977740244419646E-005
   177.217585649118       7.064591401790022E-005
   177.458346709524       7.002984831720227E-005
   177.705937386318       7.050060661772309E-005
   177.958676663099       7.086054800002437E-005
   178.221806775983       7.132284410747465E-005
   178.496624281718       7.180418778869705E-005
   178.769481949181       7.149777682668192E-005
   179.039101948302       7.175531220805708E-005
   179.311129628851       7.162282283102272E-005
   179.582090181858       7.174631540415093E-005
   179.853119929128       7.187424510465223E-005
   180.135495734758       7.184576090613605E-005
   180.411713812712       7.192858683006270E-005
   180.644374066598       7.201432794321708E-005
   180.913701190928       7.166143572372108E-005
   181.279593803501       7.161959696712706E-005
   181.602957970620       5.455904758705024E-005
   181.905341585070       4.942560941240100E-005
   182.318110104692       4.462603876087251E-005
   182.718958446995       1.901952621289863E-005
   183.012720859831       1.339633336077614E-005
   183.289383916707       1.383395937262933E-005
   183.559975556316       1.110672984381629E-005
   183.744614821799       8.851712636643182E-006
   183.860231167115       1.508312734333598E-005
   183.973438019222       1.528241652127136E-005
   184.089862272756       1.549113090161839E-005
   184.200538935026       1.568600360580182E-005
   184.306958293903       1.590730205032360E-005
   184.406312323103       1.595267238234187E-005
   184.505979980911       1.612353245191652E-005
   184.609333370154       1.630198548212460E-005
   184.712643318517       1.602233587089508E-005
   184.826796423564       1.606208696791339E-005
   184.949604823593       1.610325565112661E-005
   185.064416875079       1.600000000000001E-005
   185.176062058941       1.599999999999999E-005
   185.299312074381       1.611046512145040E-005
   185.424155216717       1.615134136174865E-005
   185.531430566051       1.619366865472355E-005
   185.622712185253       1.646469527187502E-005
   185.703941718215       1.658620252763716E-005
   185.787090647851       1.671262460376893E-005
   185.878672028154       1.750690682538426E-005
   185.964528282161       1.785680015328453E-005
   186.052021399461       1.808206179202451E-005
   186.167312907845       1.841455003764276E-005
   186.320718701050       1.876425395742418E-005
   186.508421990432       1.886134957307152E-005
   186.721890086853       1.915337699991924E-005
   186.951826793867       1.945959501167817E-005
   187.194852266401       1.965474229971646E-005
   187.444134144486       1.995134994044725E-005
   187.688856770312       2.014028561472525E-005
   187.933996032581       2.041898788351725E-005
   188.189026972990       2.071068919845441E-005
   188.462048133319       2.092394551461694E-005
   188.761794129280       2.121085347958297E-005
   189.079991965958       2.151106635964897E-005
   189.408130038918       2.182766497377418E-005
   189.757239130663       2.215753949568837E-005
   190.127246275192       2.250315123913469E-005
   190.510849959601       2.281952918119063E-005
   190.914832259692       2.318516814040380E-005
   191.339672202356       2.336383078597500E-005
   191.784313294428       2.368703287747563E-005
   192.244483262641       2.402514723755412E-005
   192.713653195187       2.387513510088367E-005
   193.201325705330       2.406989161359598E-005
   193.703464191955       2.427244907270680E-005
   194.207761976323       2.480237153499164E-005
   194.726214977046       2.512681099981117E-005
   195.262111316996       2.546587596492389E-005
   195.804477702456       2.526399665395821E-005
   196.348081663198       2.546290504440631E-005
   196.894567354781       2.591422753359804E-005
   197.461413546143       2.622348601369505E-005
   198.040597360210       2.654624417701771E-005
   198.612056570366       2.666516900492935E-005
   199.195264424121       2.693754140535558E-005
   199.793514362653       2.722127602961473E-005
   200.390947650894       2.695314014012430E-005
   201.004767160135       2.707020605539778E-005
   201.626405411962       2.719142005511117E-005
   202.224801427331       2.739087741394503E-005
   202.837823430870       2.754419268067772E-005
   203.478012931607       2.770312119393361E-005
   204.095399578442       2.627122870622662E-005
   204.714753840590       2.597335664386849E-005
   205.357827769749       2.566989713938356E-005
   205.975003572640       2.458587299416693E-005
   206.554157418643       2.406778644539599E-005
   207.129918158004       2.446877735940603E-005
   207.718408416787       2.427132266044717E-005
   208.280288022053       2.406953215174213E-005
   208.800006329518       2.503349074746779E-005
   209.311282627522       2.521567911687224E-005
   209.807330555215       2.540476844675093E-005
   210.280088321315       2.606169153860785E-005
   210.754082265666       2.642596402683872E-005
   211.216808411434       2.680653786940727E-005
   211.646810470287       2.696112058477846E-005
   212.064924571788       2.729748997166204E-005
   212.463404432443       2.764833823626344E-005
   212.821713630189       2.813069088547455E-005
   213.164337778381       2.855049312195383E-005
   213.491087257809       2.898938270481487E-005
   213.785319575719       2.941202702383279E-005
   214.063660741094       2.988066356709954E-005
   214.315856590704       3.037103887940931E-005
   214.523360375042       3.096918432626417E-005
   214.711739470894       3.153335510371326E-005
   214.877282863394       3.212496582075744E-005
   214.997253110180       3.280634695868258E-005
   215.088458101900       3.347628248003221E-005
   215.162856031795       3.418302680941291E-005
   215.219366278130       3.492425410658512E-005
   215.243637964462       3.570404888179136E-005
   215.223458409712       3.648290744977270E-005
   215.177984325677       3.733189622255220E-005
   215.110951267951       3.822635001807503E-005
   215.017662727728       3.930909726058273E-005
   214.904750957653       4.035653320688752E-005
   214.762433568717       4.146360980468688E-005
   214.587523550965       4.301369620834610E-005
   214.396868608234       4.439415846731283E-005
   214.191267361638       4.586088650938195E-005
   213.960208516729       4.726475573773284E-005
   213.708334901285       4.886782978299091E-005
   213.441024792623       5.057390888773559E-005
   213.167942475994       5.204906304445292E-005
   212.868520382292       5.386466957530471E-005
   212.513381947475       5.579851322102440E-005
   212.148537323175       6.211173670647451E-005
   211.795856099480       6.588404760743416E-005
   211.422921218349       7.000332271624782E-005
   211.039130797084       7.791141133888532E-005
   210.689657477225       8.420591485475254E-005
   210.393280750281       9.121029974528578E-005
   210.122887376148       9.655159861855462E-005
   209.891048826092       1.042834267246773E-004
   209.740029550647       1.128803329404838E-004
   209.659090570914       1.188188168810327E-004
   209.618982928933       1.280789607584441E-004
   209.641009728362       1.383530499504331E-004
   209.832375756831       1.469192386444235E-004
   210.163439315904       1.585451819018329E-004
   210.424991385095       1.666614562091986E-004
   210.984334359967       1.788008033657587E-004
   212.241920258458       1.922017486338277E-004
   213.696470049967       7.925861319242501E-005
   214.887989530459       3.525071128376884E-005
   215.771042380060       5.975247379014662E-006
   216.416470902159       6.346650030151145E-006
   216.937165664957       6.721689087615441E-006
   217.372755970268       6.947413929733187E-006
   217.745762211151       7.053540285433236E-006
   218.071546580927       7.148804875721270E-006
   218.355143896153       7.284228322826639E-006
   218.592410327492       7.420652863699833E-006
   218.811544440570       7.557890625923881E-006
   219.045193931808       7.777909912698777E-006
   219.192835301779       8.076654912764695E-006
   219.208152828655       9.400175222237746E-006
   219.244203923205       1.028300321668917E-005
   219.346501116110       1.033290383204627E-005
   219.455843285190       1.039381566971864E-005
   219.561441583099       1.045622787250867E-005
   219.660590622358       1.051156077543287E-005
   219.752920227448       1.055706947906190E-005
   219.838411546849       1.059517836044754E-005
   219.915243615868       1.062604146951047E-005
   219.980696763008       1.064883106590473E-005
   220.033983470263       1.082601604534805E-005
   220.076945503750       1.120465187129449E-005
   220.111564811408       1.159530900295463E-005
   220.138283134372       1.200022137675476E-005
   220.158610898468       1.242630612102108E-005
   220.175356324445       1.298824353322082E-005
   220.189461541273       1.342364459767982E-005
   220.203901544230       1.384055961426946E-005
   220.223087442036       1.442402729793740E-005
   220.245965625922       1.483612544478657E-005
   220.273021927490       1.530831702286572E-005
   220.307284600139       1.595178894592441E-005
   220.349498003225       1.635592147618018E-005
   220.401780135612       1.697266448438381E-005
   220.464919951020       1.736043645471419E-005
   220.539387456826       1.781867616297918E-005
   220.627668037528       1.828470749918372E-005
   220.731246469422       1.876820248477213E-005
   220.849309021167       1.927394287981176E-005
   220.979053595565       1.979265551907786E-005
   221.119037079131       2.033864752838693E-005
   221.271034589603       2.100089940297187E-005
   221.438808735474       2.186802098342990E-005
   221.629746026583       2.289668953635576E-005
   221.851782323792       2.406160943771767E-005
   222.107818785725       2.489758304887710E-005
   222.398363338611       2.587560364248911E-005
   222.723706216579       2.699827244216056E-005
   223.086315515643       2.829057648457776E-005
   223.489217747052       2.979656332294083E-005
   223.935681971531       3.152234439207944E-005
   224.441299247636       3.356034210111460E-005
   225.027275104437       3.610827894065290E-005
   225.676055629356       3.924623157455186E-005
   226.356031540672       4.256174513974993E-005
   227.263689045825       4.649262884847371E-005
   228.620177052549       5.573449986449645E-005
   230.245849846209       6.774931300345778E-005
   231.904833853806       8.210374720869293E-005
   233.560313973166       9.918677435508894E-005
   235.210645853420       1.194347862401085E-004
   236.854092956926       1.433331804879578E-004
   238.488845360156       1.714170228948349E-004
   240.113043236573       2.042706426708219E-004
   241.724804511858       2.425260685334280E-004
   243.322255804551       2.868602828798333E-004
   244.903565415552       3.379913528197661E-004
   246.466976857493       3.966735821788770E-004
   248.010841264570       4.636919072781965E-004
   249.533647025684       5.398558208403841E-004
   251.034045147353       6.259931441903934E-004
   252.510869161158       7.229439731669128E-004
   253.963148804303       8.315550977368596E-004
   255.390117166772       9.526751437790205E-004
   256.791211456032       1.087150616016150E-003
   258.166067928220       1.235822943542391E-003
   259.514511836374       1.399526553560144E-003
   260.836543433307       1.579087932755375E-003
   262.132321139616       1.775325584390041E-003
   263.402142960951       1.989050754879129E-003
   264.646427136851       2.221068785930592E-003
   265.865692853030       2.472180944979842E-003
   267.060541675568       2.743186594327780E-003
   268.231640189726       3.034885574507618E-003
   269.379704163407       3.348080696642225E-003
   270.505484414651       3.683580259199414E-003
   271.609754448492       4.042200524612995E-003
   272.693299841252       4.424768109412206E-003
   273.828879678366       4.871124277296576E-003
   274.995122470972       5.334002904249621E-003
   276.143004577402       5.790161578633512E-003
   277.275717602612       6.240824065824447E-003
   278.398329484456       6.723267158779920E-003
   279.507501313999       7.323349798736477E-003
   280.599975836395       7.915053958261940E-003
   281.678621807440       8.499882574056834E-003
   282.745796082562       9.079068261896521E-003
   283.806380434828       9.776407139960305E-003
   284.852429732683       1.053851061699147E-002
   285.885489303982       1.129185802848790E-002
   286.399012248364       1.166658655695352E-002
