COMPLETE SPECTRUM OF HD22049.
Uncertainties below are 1sigma from the IUE rereductions,
and are adopted as 5% of F(lambda) for Burnashev and Kurucz
spectra.  Apologies if these are not your favorite units
but last go around I was asked to use W/cm2/nm instead of
my preferred W/cm2/um.  1 W/m2/nm = 100 erg/cm2/s/A.

Wavelen  F(lambda)  UncF(lam)
  um     W/m2/nm    W/m2/nm
0.11506  3.68e-016  8.74e-017
0.11523  5.42e-016  8.32e-017
0.11539  5.71e-016  7.74e-017
0.11556  5.78e-016  7.27e-017
0.11573  4.66e-016  6.75e-017
0.11590  3.54e-016  6.33e-017
0.11606  4.13e-016  5.75e-017
0.11623  3.63e-016  5.29e-017
0.11640  3.99e-016  5.10e-017
0.11657  3.38e-016  4.62e-017
0.11673  3.33e-016  4.30e-017
0.11690  3.74e-016  4.08e-017
0.11707  2.83e-016  3.75e-017
0.11724  5.33e-016  3.74e-017
0.11741  7.63e-016  3.66e-017
0.11757  7.75e-016  3.41e-017
0.11774  6.21e-016  3.08e-017
0.11791  3.85e-016  2.74e-017
0.11807  1.84e-016  2.50e-017
0.11824  1.61e-016  2.35e-017
0.11841  1.73e-016  2.24e-017
0.11858  2.56e-016  2.17e-017
0.11875  2.13e-016  2.07e-017
0.11891  2.47e-016  2.09e-017
0.11908  3.00e-016  2.06e-017
0.11925  3.38e-016  2.41e-017
0.11942  3.46e-016  2.67e-017
0.11958  3.20e-016  2.46e-017
0.11975  3.62e-016  2.12e-017
0.11992  4.51e-016  1.86e-017
0.12009  5.52e-016  1.76e-017
0.12026  7.59e-016  1.78e-017
0.12042  1.16e-015  1.97e-017
0.12059  1.55e-015  2.20e-017
0.12076  1.95e-015  3.21e-017
0.12092  3.42e-015  5.50e-017
0.12109  6.12e-015  9.46e-017
0.12126  1.01e-014  1.82e-016
0.12143  1.33e-014  2.67e-016
0.12160  1.28e-014  2.99e-016
0.12176  9.36e-015  1.35e-016
0.12193  5.64e-015  7.90e-017
0.12210  2.72e-015  4.40e-017
0.12227  1.37e-015  2.44e-017
0.12243  5.54e-016  1.36e-017
0.12260  3.34e-016  1.09e-017
0.12277  2.62e-016  1.03e-017
0.12294  2.07e-016  9.68e-018
0.12310  2.00e-016  9.44e-018
0.12327  2.34e-016  9.43e-018
0.12344  2.21e-016  9.29e-018
0.12361  2.67e-016  9.63e-018
0.12377  3.08e-016  9.66e-018
0.12394  3.00e-016  9.56e-018
0.12411  2.96e-016  9.57e-018
0.12428  2.41e-016  9.14e-018
0.12445  2.06e-016  8.64e-018
0.12461  1.55e-016  8.23e-018
0.12478  1.48e-016  8.14e-018
0.12495  1.53e-016  8.06e-018
0.12512  1.49e-016  7.92e-018
0.12528  1.34e-016  7.71e-018
0.12545  1.40e-016  7.60e-018
0.12562  1.29e-016  7.63e-018
0.12579  1.61e-016  7.75e-018
0.12595  1.84e-016  7.77e-018
0.12612  1.96e-016  7.92e-018
0.12629  2.14e-016  8.00e-018
0.12646  2.17e-016  7.99e-018
0.12663  1.91e-016  7.70e-018
0.12679  1.17e-016  7.18e-018
0.12696  8.84e-017  6.84e-018
0.12713  6.71e-017  6.65e-018
0.12729  7.26e-017  6.74e-018
0.12746  1.04e-016  6.85e-018
0.12763  1.11e-016  6.78e-018
0.12780  1.27e-016  6.85e-018
0.12797  1.13e-016  6.77e-018
0.12813  1.23e-016  6.81e-018
0.12830  1.00e-016  6.65e-018
0.12847  6.54e-017  6.47e-018
0.12864  7.02e-017  6.39e-018
0.12880  9.30e-017  6.47e-018
0.12897  1.18e-016  6.53e-018
0.12914  1.15e-016  6.53e-018
0.12931  1.17e-016  6.61e-018
0.12947  1.17e-016  6.53e-018
0.12964  1.43e-016  6.67e-018
0.12981  1.78e-016  6.90e-018
0.12998  3.21e-016  7.67e-018
0.13014  5.10e-016  8.92e-018
0.13031  7.70e-016  1.06e-017
0.13048  8.52e-016  1.18e-017
0.13065  6.91e-016  1.10e-017
0.13082  4.40e-016  9.05e-018
0.13098  2.52e-016  7.58e-018
0.13115  1.58e-016  6.97e-018
0.13132  9.23e-017  6.45e-018
0.13149  9.56e-017  6.34e-018
0.13165  9.84e-017  6.25e-018
0.13182  7.15e-017  6.18e-018
0.13199  7.93e-017  6.39e-018
0.13216  7.54e-017  6.24e-018
0.13232  7.49e-017  6.27e-018
0.13249  1.07e-016  6.25e-018
0.13266  1.33e-016  6.33e-018
0.13283  1.55e-016  6.53e-018
0.13299  2.28e-016  7.00e-018
0.13316  3.91e-016  8.35e-018
0.13333  7.53e-016  1.09e-017
0.13350  1.21e-015  1.48e-017
0.13366  9.72e-016  1.32e-017
0.13383  4.74e-016  9.45e-018
0.13400  2.04e-016  7.30e-018
0.13417  1.16e-016  6.32e-018
0.13434  1.10e-016  6.13e-018
0.13450  8.78e-017  6.05e-018
0.13467  8.69e-017  6.15e-018
0.13484  8.99e-017  6.33e-018
0.13501  1.02e-016  6.68e-018
0.13517  1.11e-016  6.49e-018
0.13534  1.54e-016  6.62e-018
0.13551  1.59e-016  6.68e-018
0.13568  1.70e-016  6.86e-018
0.13584  1.55e-016  6.70e-018
0.13601  1.51e-016  6.57e-018
0.13618  1.21e-016  6.44e-018
0.13635  1.01e-016  6.24e-018
0.13652  1.04e-016  6.21e-018
0.13668  9.41e-017  6.16e-018
0.13685  1.04e-016  6.23e-018
0.13702  1.00e-016  6.25e-018
0.13719  1.01e-016  6.45e-018
0.13735  1.00e-016  6.36e-018
0.13752  8.80e-017  6.35e-018
0.13769  8.73e-017  6.23e-018
0.13786  8.29e-017  6.52e-018
0.13802  9.88e-017  7.04e-018
0.13819  9.47e-017  6.99e-018
0.13836  8.84e-017  6.80e-018
0.13853  7.50e-017  6.49e-018
0.13869  8.77e-017  6.81e-018
0.13886  1.30e-016  6.95e-018
0.13903  1.89e-016  7.44e-018
0.13920  2.98e-016  8.01e-018
0.13937  5.07e-016  9.32e-018
0.13953  4.63e-016  9.15e-018
0.13970  2.88e-016  8.06e-018
0.13987  2.18e-016  7.49e-018
0.14003  2.83e-016  8.33e-018
0.14020  3.24e-016  8.44e-018
0.14037  3.63e-016  9.02e-018
0.14054  3.00e-016  8.14e-018
0.14071  2.34e-016  7.83e-018
0.14087  1.36e-016  7.58e-018
0.14104  1.02e-016  7.28e-018
0.14121  1.26e-016  7.32e-018
0.14138  1.44e-016  7.41e-018
0.14154  1.26e-016  7.17e-018
0.14171  1.05e-016  7.08e-018
0.14188  7.82e-017  6.79e-018
0.14205  8.83e-017  6.87e-018
0.14221  1.14e-016  7.18e-018
0.14238  1.12e-016  7.25e-018
0.14255  1.11e-016  7.28e-018
0.14272  1.33e-016  7.44e-018
0.14288  1.50e-016  7.50e-018
0.14305  1.24e-016  7.43e-018
0.14322  1.13e-016  7.42e-018
0.14339  1.13e-016  7.70e-018
0.14356  1.16e-016  7.66e-018
0.14372  1.42e-016  8.15e-018
0.14389  1.42e-016  8.02e-018
0.14406  1.36e-016  7.81e-018
0.14423  1.56e-016  7.51e-018
0.14439  1.39e-016  7.34e-018
0.14456  1.30e-016  7.34e-018
0.14473  1.10e-016  7.32e-018
0.14490  1.57e-016  7.80e-018
0.14506  1.48e-016  7.84e-018
0.14523  1.46e-016  7.66e-018
0.14540  1.36e-016  7.63e-018
0.14557  1.23e-016  7.44e-018
0.14573  1.44e-016  7.70e-018
0.14590  1.41e-016  7.90e-018
0.14607  1.40e-016  7.70e-018
0.14624  1.70e-016  7.78e-018
0.14641  1.60e-016  7.71e-018
0.14657  1.67e-016  7.66e-018
0.14674  1.58e-016  7.67e-018
0.14691  1.53e-016  7.89e-018
0.14708  1.96e-016  7.92e-018
0.14724  2.12e-016  8.08e-018
0.14741  2.08e-016  7.93e-018
0.14758  1.94e-016  8.04e-018
0.14775  1.89e-016  8.35e-018
0.14791  2.11e-016  8.08e-018
0.14808  2.22e-016  8.15e-018
0.14825  1.95e-016  8.06e-018
0.14842  1.73e-016  7.93e-018
0.14858  1.65e-016  7.61e-018
0.14875  1.68e-016  7.73e-018
0.14892  1.75e-016  7.76e-018
0.14909  1.59e-016  7.81e-018
0.14926  1.41e-016  7.69e-018
0.14942  1.44e-016  7.74e-018
0.14959  1.69e-016  7.85e-018
0.14976  1.49e-016  7.88e-018
0.14993  1.53e-016  7.78e-018
0.15009  1.64e-016  7.90e-018
0.15026  1.82e-016  8.31e-018
0.15043  1.74e-016  7.88e-018
0.15060  2.00e-016  8.01e-018
0.15076  1.95e-016  7.98e-018
0.15093  1.88e-016  7.98e-018
0.15110  2.14e-016  7.99e-018
0.15127  2.15e-016  8.06e-018
0.15143  1.84e-016  7.84e-018
0.15160  1.96e-016  8.03e-018
0.15177  1.85e-016  8.13e-018
0.15194  2.04e-016  8.39e-018
0.15211  2.04e-016  8.33e-018
0.15227  2.06e-016  8.11e-018
0.15244  2.63e-016  8.57e-018
0.15261  2.61e-016  8.69e-018
0.15278  2.52e-016  8.47e-018
0.15294  2.55e-016  8.45e-018
0.15311  2.80e-016  8.65e-018
0.15328  2.98e-016  8.91e-018
0.15345  2.88e-016  9.04e-018
0.15361  2.61e-016  8.77e-018
0.15378  2.25e-016  8.24e-018
0.15395  2.19e-016  8.41e-018
0.15412  2.58e-016  8.44e-018
0.15428  3.68e-016  9.11e-018
0.15445  5.71e-016  1.05e-017
0.15462  9.52e-016  1.31e-017
0.15479  1.39e-015  1.48e-017
0.15495  1.47e-015  1.62e-017
0.15512  1.02e-015  1.38e-017
0.15529  5.98e-016  1.11e-017
0.15546  3.45e-016  9.15e-018
0.15563  2.94e-016  8.75e-018
0.15579  3.64e-016  8.93e-018
0.15596  4.53e-016  9.24e-018
0.15613  5.06e-016  9.67e-018
0.15630  4.06e-016  9.33e-018
0.15646  2.73e-016  8.49e-018
0.15663  1.86e-016  7.61e-018
0.15680  2.13e-016  7.88e-018
0.15697  2.21e-016  8.27e-018
0.15713  2.22e-016  8.07e-018
0.15730  2.56e-016  8.30e-018
0.15747  2.57e-016  8.08e-018
0.15764  2.37e-016  8.11e-018
0.15780  1.95e-016  7.88e-018
0.15797  1.46e-016  7.67e-018
0.15814  1.64e-016  7.75e-018
0.15831  1.90e-016  7.95e-018
0.15847  2.02e-016  7.75e-018
0.15864  2.05e-016  7.51e-018
0.15881  1.98e-016  7.41e-018
0.15898  1.99e-016  7.36e-018
0.15915  2.12e-016  7.53e-018
0.15931  2.33e-016  7.66e-018
0.15948  2.09e-016  7.64e-018
0.15965  2.20e-016  7.73e-018
0.15982  2.26e-016  7.89e-018
0.15998  2.09e-016  7.45e-018
0.16015  1.77e-016  7.46e-018
0.16032  1.98e-016  7.53e-018
0.16049  2.03e-016  7.42e-018
0.16065  1.97e-016  7.16e-018
0.16082  1.96e-016  7.09e-018
0.16099  2.13e-016  7.44e-018
0.16116  2.08e-016  7.32e-018
0.16132  1.95e-016  7.16e-018
0.16149  1.86e-016  7.08e-018
0.16166  1.49e-016  6.87e-018
0.16183  1.44e-016  6.97e-018
0.16199  1.52e-016  6.86e-018
0.16216  1.83e-016  7.19e-018
0.16233  2.11e-016  7.47e-018
0.16250  1.76e-016  6.80e-018
0.16267  1.90e-016  6.73e-018
0.16283  2.03e-016  6.93e-018
0.16300  2.52e-016  7.38e-018
0.16317  2.76e-016  7.62e-018
0.16334  3.28e-016  7.88e-018
0.16350  3.94e-016  8.25e-018
0.16367  5.92e-016  9.00e-018
0.16384  9.39e-016  1.10e-017
0.16401  1.29e-015  1.20e-017
0.16417  1.09e-015  1.15e-017
0.16434  6.62e-016  9.18e-018
0.16451  3.91e-016  7.55e-018
0.16468  2.69e-016  6.85e-018
0.16484  2.38e-016  6.68e-018
0.16501  2.31e-016  6.65e-018
0.16518  3.26e-016  7.12e-018
0.16535  5.26e-016  8.10e-018
0.16552  8.35e-016  9.37e-018
0.16568  1.12e-015  1.08e-017
0.16585  9.88e-016  1.01e-017
0.16602  6.57e-016  8.57e-018
0.16619  4.32e-016  7.47e-018
0.16635  3.43e-016  7.10e-018
0.16652  3.46e-016  7.17e-018
0.16669  3.48e-016  7.11e-018
0.16686  4.17e-016  7.17e-018
0.16702  5.01e-016  7.55e-018
0.16719  4.67e-016  7.70e-018
0.16736  3.73e-016  6.94e-018
0.16753  2.67e-016  6.33e-018
0.16769  2.02e-016  6.01e-018
0.16786  1.87e-016  5.92e-018
0.16803  1.74e-016  5.64e-018
0.16820  1.69e-016  5.56e-018
0.16837  1.91e-016  5.68e-018
0.16853  2.15e-016  5.75e-018
0.16870  2.13e-016  5.65e-018
0.16887  2.26e-016  5.71e-018
0.16904  2.28e-016  5.71e-018
0.16920  2.39e-016  5.67e-018
0.16937  2.83e-016  5.90e-018
0.16954  2.96e-016  5.96e-018
0.16971  2.95e-016  5.96e-018
0.16987  2.80e-016  5.81e-018
0.17004  2.68e-016  5.67e-018
0.17021  2.49e-016  5.55e-018
0.17038  2.56e-016  5.53e-018
0.17054  2.40e-016  5.41e-018
0.17071  2.22e-016  5.26e-018
0.17088  2.43e-016  5.28e-018
0.17105  2.82e-016  5.51e-018
0.17121  3.07e-016  5.60e-018
0.17138  3.06e-016  5.62e-018
0.17155  3.14e-016  5.70e-018
0.17172  3.01e-016  5.54e-018
0.17189  2.86e-016  5.33e-018
0.17205  2.64e-016  5.21e-018
0.17222  2.66e-016  5.15e-018
0.17239  2.62e-016  5.10e-018
0.17256  2.63e-016  5.00e-018
0.17272  2.36e-016  4.80e-018
0.17289  2.15e-016  4.72e-018
0.17306  2.06e-016  4.74e-018
0.17323  2.13e-016  4.81e-018
0.17339  2.28e-016  4.74e-018
0.17356  2.31e-016  4.67e-018
0.17373  2.30e-016  4.66e-018
0.17390  2.36e-016  4.69e-018
0.17406  2.41e-016  4.65e-018
0.17423  2.38e-016  4.57e-018
0.17440  2.22e-016  4.58e-018
0.17457  2.23e-016  4.48e-018
0.17474  2.42e-016  4.58e-018
0.17490  2.61e-016  4.76e-018
0.17507  2.64e-016  4.64e-018
0.17524  2.66e-016  4.64e-018
0.17541  2.40e-016  4.60e-018
0.17557  2.28e-016  4.48e-018
0.17574  2.36e-016  4.51e-018
0.17591  2.39e-016  4.39e-018
0.17608  2.40e-016  4.35e-018
0.17624  2.43e-016  4.34e-018
0.17641  2.56e-016  4.30e-018
0.17658  2.68e-016  4.33e-018
0.17675  2.62e-016  4.30e-018
0.17692  2.54e-016  4.19e-018
0.17708  2.59e-016  4.19e-018
0.17725  2.65e-016  4.26e-018
0.17742  2.71e-016  4.26e-018
0.17758  2.67e-016  4.21e-018
0.17775  2.66e-016  4.13e-018
0.17792  2.73e-016  4.25e-018
0.17809  2.62e-016  4.16e-018
0.17826  2.65e-016  4.10e-018
0.17842  2.90e-016  4.18e-018
0.17859  2.92e-016  4.21e-018
0.17876  2.83e-016  4.17e-018
0.17893  2.77e-016  4.48e-018
0.17909  2.63e-016  5.07e-018
0.17926  2.64e-016  5.40e-018
0.17943  2.63e-016  4.69e-018
0.17960  2.64e-016  4.25e-018
0.17977  2.59e-016  3.96e-018
0.17993  2.88e-016  3.94e-018
0.18010  3.27e-016  4.09e-018
0.18027  4.29e-016  4.43e-018
0.18043  6.83e-016  5.11e-018
0.18060  1.10e-015  6.07e-018
0.18077  1.38e-015  6.56e-018
0.18094  1.26e-015  6.26e-018
0.18111  1.02e-015  5.80e-018
0.18127  1.09e-015  6.00e-018
0.18144  1.58e-015  7.24e-018
0.18161  2.15e-015  9.09e-018
0.18178  2.02e-015  8.32e-018
0.18194  1.42e-015  6.75e-018
0.18211  8.72e-016  5.30e-018
0.18228  5.37e-016  4.55e-018
0.18245  4.19e-016  4.22e-018
0.18261  3.85e-016  4.06e-018
0.18278  3.71e-016  4.03e-018
0.18295  3.45e-016  3.92e-018
0.18312  3.28e-016  3.84e-018
0.18328  3.30e-016  3.82e-018
0.18345  3.21e-016  3.79e-018
0.18362  3.21e-016  3.80e-018
0.18379  3.21e-016  3.79e-018
0.18395  3.29e-016  3.79e-018
0.18412  3.39e-016  3.86e-018
0.18429  3.42e-016  3.86e-018
0.18446  3.57e-016  3.86e-018
0.18463  3.64e-016  3.88e-018
0.18479  3.64e-016  3.88e-018
0.18496  3.71e-016  3.87e-018
0.18513  3.94e-016  3.97e-018
0.18530  4.32e-016  4.09e-018
0.18546  4.39e-016  4.08e-018
0.18563  4.28e-016  4.04e-018
0.18580  4.20e-016  4.03e-018
0.18597  4.26e-016  4.04e-018
0.18613  4.29e-016  4.08e-018
0.18630  4.19e-016  4.01e-018
0.18647  3.94e-016  3.90e-018
0.18664  3.83e-016  3.89e-018
0.18680  3.81e-016  3.89e-018
0.18697  3.91e-016  3.92e-018
0.18714  4.07e-016  3.96e-018
0.18731  4.25e-016  4.05e-018
0.18748  4.36e-016  4.05e-018
0.18764  4.36e-016  4.04e-018
0.18781  4.19e-016  3.98e-018
0.18798  4.11e-016  3.94e-018
0.18815  4.11e-016  3.95e-018
0.18831  4.28e-016  4.00e-018
0.18848  4.44e-016  4.00e-018
0.18865  4.65e-016  4.06e-018
0.18882  4.97e-016  4.16e-018
0.18898  5.52e-016  4.32e-018
0.18915  6.02e-016  4.48e-018
0.18932  6.16e-016  4.54e-018
0.18949  5.88e-016  4.41e-018
0.18966  5.55e-016  4.33e-018
0.18982  5.54e-016  4.34e-018
0.18999  5.86e-016  4.39e-018
0.19016  6.15e-016  4.46e-018
0.19033  5.92e-016  4.42e-018
0.19049  5.39e-016  4.27e-018
0.19066  5.11e-016  4.19e-018
0.19083  4.88e-016  4.16e-018
0.19100  4.86e-016  4.12e-018
0.19116  4.95e-016  4.16e-018
0.19133  4.97e-016  4.14e-018
0.19150  5.18e-016  4.19e-018
0.19167  5.35e-016  4.25e-018
0.19183  5.32e-016  4.34e-018
0.19200  5.12e-016  4.23e-018
0.19217  5.12e-016  4.36e-018
0.19234  5.27e-016  4.48e-018
0.19251  5.45e-016  4.52e-018
0.19267  5.63e-016  4.45e-018
0.19284  5.87e-016  4.40e-018
0.19301  5.90e-016  4.30e-018
0.19317  5.76e-016  4.23e-018
0.19334  5.45e-016  4.14e-018
0.19351  5.34e-016  4.11e-018
0.19368  5.26e-016  4.07e-018
0.19385  5.21e-016  4.03e-018
0.19401  5.31e-016  4.04e-018
0.19418  5.45e-016  4.06e-018
0.19435  5.68e-016  4.11e-018
0.19452  5.81e-016  4.10e-018
0.19468  5.87e-016  4.10e-018
0.19485  5.93e-016  4.10e-018
0.19502  5.89e-016  4.09e-018
0.19519  5.90e-016  4.10e-018
0.19535  5.98e-016  4.11e-018
0.19552  5.96e-016  4.10e-018
0.19569  5.97e-016  4.10e-018
0.19586  5.96e-016  4.07e-018
0.19602  6.03e-016  4.06e-018
0.19619  6.18e-016  4.05e-018
0.19636  6.28e-016  4.09e-018
0.19653  6.49e-016  4.14e-018
0.19670  6.66e-016  4.18e-018
0.19686  6.65e-016  4.20e-018
0.19703  6.80e-016  4.20e-018
0.19720  6.80e-016  4.22e-018
0.19737  6.74e-016  4.22e-018
0.19753  6.76e-016  4.21e-018
0.19770  6.91e-016  4.26e-018
0.19787  7.03e-016  4.30e-018
0.19816  4.23e-016  5.58e-016
0.19843  3.12e-016  5.39e-016
0.19870  8.80e-016  5.50e-016
0.19896  9.90e-016  5.39e-016
0.19923  7.75e-016  5.24e-016
0.19950  6.38e-016  5.08e-016
0.19976  6.71e-016  4.89e-016
0.20003  8.92e-017  4.68e-016
0.20029  2.66e-016  4.64e-016
0.20056  7.35e-016  4.60e-016
0.20083  4.71e-016  4.44e-016
0.20109  1.07e-015  4.69e-016
0.20136  1.01e-015  4.60e-016
0.20163  1.55e-015  4.46e-016
0.20189  3.85e-016  4.07e-016
0.20216  6.79e-016  4.37e-016
0.20242  6.04e-016  4.32e-016
0.20269  8.08e-016  4.23e-016
0.20296  6.26e-016  4.14e-016
0.20322  7.90e-016  4.17e-016
0.20349  8.27e-016  4.15e-016
0.20376  4.75e-016  3.97e-016
0.20402  7.36e-016  4.09e-016
0.20429  7.93e-016  4.07e-016
0.20456  9.41e-016  4.13e-016
0.20482  1.14e-015  4.15e-016
0.20509  7.19e-016  3.87e-016
0.20535  8.78e-016  3.87e-016
0.20562  8.37e-016  3.80e-016
0.20589  6.64e-016  3.69e-016
0.20615  8.63e-016  3.72e-016
0.20642  1.13e-015  3.75e-016
0.20669  9.14e-016  3.70e-016
0.20695  9.29e-016  3.64e-016
0.20722  1.18e-015  3.62e-016
0.20749  1.15e-015  3.57e-016
0.20775  8.17e-016  3.40e-016
0.20802  1.27e-015  3.52e-016
0.20828  9.34e-016  3.37e-016
0.20855  9.13e-016  3.39e-016
0.20882  1.45e-015  3.54e-016
0.20908  1.73e-015  3.53e-016
0.20935  9.08e-016  3.23e-016
0.20961  1.48e-015  3.45e-016
0.20988  1.97e-015  3.62e-016
0.21020  1.60e-015  2.91e-016
0.21040  1.74e-015  2.85e-016
0.21070  1.47e-015  2.80e-016
0.21100  1.77e-015  2.82e-016
0.21120  1.60e-015  2.84e-016
0.21150  1.68e-015  2.86e-016
0.21170  1.39e-015  2.76e-016
0.21200  1.74e-015  2.75e-016
0.21230  2.55e-015  2.89e-016
0.21250  1.83e-015  2.69e-016
0.21280  1.55e-015  2.63e-016
0.21310  2.00e-015  2.70e-016
0.21330  1.76e-015  2.67e-016
0.21360  1.70e-015  2.58e-016
0.21390  2.32e-015  2.68e-016
0.21410  2.27e-015  2.66e-016
0.21440  2.12e-015  2.62e-016
0.21470  2.75e-015  2.64e-016
0.21490  2.29e-015  2.54e-016
0.21520  1.45e-015  2.48e-016
0.21550  1.93e-015  2.57e-016
0.21570  2.41e-015  2.55e-016
0.21600  2.00e-015  2.41e-016
0.21630  2.79e-015  2.49e-016
0.21650  2.00e-015  2.41e-016
0.21680  1.80e-015  2.39e-016
0.21710  2.30e-015  2.44e-016
0.21730  2.26e-015  2.44e-016
0.21760  1.91e-015  2.35e-016
0.21790  2.31e-015  2.43e-016
0.21810  2.36e-015  2.40e-016
0.21840  2.40e-015  2.39e-016
0.21870  2.32e-015  2.35e-016
0.21890  2.70e-015  2.33e-016
0.21920  2.58e-015  2.31e-016
0.21950  2.90e-015  2.37e-016
0.21970  2.55e-015  2.34e-016
0.22000  2.45e-015  2.29e-016
0.22030  2.79e-015  2.26e-016
0.22050  3.40e-015  2.37e-016
0.22080  2.90e-015  2.27e-016
0.22110  3.50e-015  2.38e-016
0.22130  3.08e-015  2.29e-016
0.22160  3.08e-015  2.28e-016
0.22190  3.72e-015  2.34e-016
0.22210  2.85e-015  2.13e-016
0.22240  3.61e-015  2.26e-016
0.22270  3.94e-015  2.37e-016
0.22290  3.91e-015  2.32e-016
0.22320  3.64e-015  2.36e-016
0.22350  3.36e-015  2.17e-016
0.22370  4.77e-015  2.42e-016
0.22400  3.93e-015  2.26e-016
0.22430  3.86e-015  2.20e-016
0.22450  4.71e-015  2.31e-016
0.22480  4.48e-015  2.23e-016
0.22510  5.20e-015  2.27e-016
0.22530  6.07e-015  2.35e-016
0.22560  5.67e-015  2.52e-016
0.22590  5.56e-015  2.26e-016
0.22610  4.41e-015  2.08e-016
0.22640  3.63e-015  1.97e-016
0.22670  4.35e-015  2.07e-016
0.22690  4.37e-015  2.14e-016
0.22720  4.59e-015  2.08e-016
0.22750  4.10e-015  1.95e-016
0.22770  3.94e-015  1.85e-016
0.22800  4.37e-015  1.85e-016
0.22820  5.24e-015  2.00e-016
0.22850  5.45e-015  2.24e-016
0.22880  4.88e-015  2.01e-016
0.22900  4.64e-015  1.92e-016
0.22930  4.84e-015  1.87e-016
0.22960  5.32e-015  1.91e-016
0.22980  4.94e-015  1.84e-016
0.23010  4.50e-015  1.75e-016
0.23040  4.67e-015  1.74e-016
0.23060  5.82e-015  2.19e-016
0.23090  5.04e-015  1.88e-016
0.23120  4.78e-015  2.05e-016
0.23150  4.28e-015  1.74e-016
0.23170  5.65e-015  1.85e-016
0.23200  5.73e-015  1.91e-016
0.23230  5.48e-015  1.78e-016
0.23250  6.00e-015  1.80e-016
0.23280  6.11e-015  1.87e-016
0.23310  7.00e-015  1.91e-016
0.23330  7.60e-015  1.99e-016
0.23360  8.16e-015  1.98e-016
0.23380  7.45e-015  1.95e-016
0.23410  7.09e-015  1.80e-016
0.23440  7.05e-015  1.72e-016
0.23460  7.85e-015  1.91e-016
0.23490  7.25e-015  1.84e-016
0.23520  7.02e-015  1.79e-016
0.23540  7.07e-015  1.73e-016
0.23570  6.95e-015  1.65e-016
0.23600  7.22e-015  1.70e-016
0.23620  8.61e-015  1.80e-016
0.23650  8.15e-015  1.74e-016
0.23680  8.02e-015  1.79e-016
0.23700  7.45e-015  1.96e-016
0.23730  7.17e-015  1.73e-016
0.23760  7.31e-015  1.79e-016
0.23780  8.33e-015  1.84e-016
0.23810  9.57e-015  1.91e-016
0.23840  1.04e-014  2.00e-016
0.23860  1.10e-014  1.98e-016
0.23890  9.33e-015  1.81e-016
0.23920  9.38e-015  2.28e-016
0.23940  8.57e-015  2.22e-016
0.23970  8.57e-015  1.89e-016
0.24000  8.79e-015  1.78e-016
0.24020  8.83e-015  1.67e-016
0.24050  9.28e-015  1.93e-016
0.24080  9.48e-015  1.86e-016
0.24100  8.88e-015  1.68e-016
0.24130  9.16e-015  1.75e-016
0.24160  8.42e-015  1.59e-016
0.24180  8.07e-015  1.50e-016
0.24210  8.02e-015  1.49e-016
0.24240  9.06e-015  1.82e-016
0.24260  9.09e-015  1.83e-016
0.24290  8.61e-015  1.60e-016
0.24320  9.23e-015  1.70e-016
0.24340  9.72e-015  1.71e-016
0.24370  9.31e-015  1.61e-016
0.24400  8.92e-015  1.73e-016
0.24420  8.94e-015  1.59e-016
0.24450  9.02e-015  1.72e-016
0.24480  8.69e-015  1.56e-016
0.24500  8.49e-015  1.54e-016
0.24530  8.34e-015  1.52e-016
0.24560  8.63e-015  1.49e-016
0.24580  8.72e-015  1.76e-016
0.24610  8.08e-015  1.49e-016
0.24640  7.47e-015  1.36e-016
0.24660  8.11e-015  1.73e-016
0.24690  8.54e-015  1.74e-016
0.24720  8.51e-015  1.54e-016
0.24740  9.50e-015  1.67e-016
0.24770  9.30e-015  1.50e-016
0.24800  8.48e-015  1.53e-016
0.24820  7.99e-015  1.41e-016
0.24850  7.29e-015  1.30e-016
0.24880  7.11e-015  1.42e-016
0.24900  7.18e-015  1.43e-016
0.24930  8.25e-015  1.57e-016
0.24950  8.43e-015  1.65e-016
0.24980  9.13e-015  1.70e-016
0.25010  9.30e-015  1.51e-016
0.25030  9.68e-015  1.67e-016
0.25060  9.69e-015  1.77e-016
0.25090  1.00e-014  1.62e-016
0.25120  9.67e-015  1.58e-016
0.25140  8.70e-015  1.46e-016
0.25170  7.97e-015  1.37e-016
0.25190  7.36e-015  1.30e-016
0.25220  7.79e-015  1.35e-016
0.25250  7.80e-015  1.37e-016
0.25280  8.19e-015  1.52e-016
0.25300  8.72e-015  1.44e-016
0.25330  9.26e-015  1.40e-016
0.25350  1.03e-014  1.54e-016
0.25380  1.14e-014  1.64e-016
0.25410  1.17e-014  1.64e-016
0.25440  1.17e-014  1.62e-016
0.25460  1.15e-014  1.78e-016
0.25490  1.19e-014  2.01e-016
0.25510  1.25e-014  1.93e-016
0.25540  1.37e-014  2.05e-016
0.25570  1.46e-014  1.93e-016
0.25590  1.49e-014  1.84e-016
0.25604  1.50e-014  2.59e-016
0.25631  1.56e-014  2.85e-016
0.25657  1.56e-014  2.67e-016
0.25684  1.66e-014  3.00e-016
0.25710  1.75e-014  3.11e-016
0.25737  1.80e-014  2.96e-016
0.25764  1.82e-014  2.88e-016
0.25790  1.79e-014  2.83e-016
0.25817  2.09e-014  3.73e-016
0.25844  2.08e-014  3.36e-016
0.25870  2.08e-014  3.20e-016
0.25897  2.12e-014  3.26e-016
0.25924  2.13e-014  3.33e-016
0.25950  2.02e-014  3.06e-016
0.25977  2.10e-014  3.60e-016
0.26004  2.14e-014  3.18e-016
0.26030  2.16e-014  3.28e-016
0.26057  2.02e-014  2.91e-016
0.26084  2.09e-014  2.91e-016
0.26110  2.12e-014  3.03e-016
0.26137  2.07e-014  2.96e-016
0.26164  2.36e-014  3.08e-016
0.26190  2.44e-014  3.43e-016
0.26217  2.50e-014  3.75e-016
0.26244  2.71e-014  3.87e-016
0.26270  2.80e-014  4.04e-016
0.26297  2.90e-014  3.99e-016
0.26324  2.69e-014  3.54e-016
0.26350  3.02e-014  4.12e-016
0.26377  3.47e-014  4.65e-016
0.26404  3.81e-014  5.30e-016
0.26430  3.94e-014  5.09e-016
0.26457  3.70e-014  4.61e-016
0.26484  3.32e-014  4.14e-016
0.26510  3.31e-014  4.28e-016
0.26537  3.74e-014  4.56e-016
0.26564  4.05e-014  5.18e-016
0.26590  4.03e-014  4.77e-016
0.26617  3.76e-014  4.74e-016
0.26643  3.80e-014  4.95e-016
0.26670  4.12e-014  4.84e-016
0.26697  3.89e-014  4.79e-016
0.26723  3.86e-014  4.72e-016
0.26750  4.06e-014  5.40e-016
0.26777  4.00e-014  4.77e-016
0.26803  3.64e-014  4.71e-016
0.26830  3.95e-014  4.42e-016
0.26857  3.96e-014  4.71e-016
0.26883  3.82e-014  5.05e-016
0.26910  3.82e-014  4.40e-016
0.26937  3.91e-014  4.71e-016
0.26963  3.81e-014  4.19e-016
0.26990  4.04e-014  4.49e-016
0.27017  4.30e-014  4.81e-016
0.27043  4.48e-014  4.98e-016
0.27070  4.31e-014  4.64e-016
0.27097  4.17e-014  4.84e-016
0.27123  4.18e-014  5.17e-016
0.27150  4.05e-014  4.65e-016
0.27177  3.16e-014  3.92e-016
0.27203  2.44e-014  3.10e-016
0.27230  2.46e-014  3.11e-016
0.27257  2.91e-014  3.44e-016
0.27283  3.70e-014  4.00e-016
0.27310  4.24e-014  4.82e-016
0.27336  3.96e-014  4.49e-016
0.27363  3.29e-014  3.75e-016
0.27390  3.02e-014  3.41e-016
0.27416  3.01e-014  3.35e-016
0.27443  2.91e-014  3.35e-016
0.27470  3.06e-014  3.47e-016
0.27496  3.31e-014  3.69e-016
0.27523  3.37e-014  3.72e-016
0.27550  3.66e-014  3.91e-016
0.27576  3.87e-014  4.46e-016
0.27603  4.42e-014  4.94e-016
0.27630  4.72e-014  5.03e-016
0.27656  4.67e-014  5.18e-016
0.27683  4.83e-014  5.37e-016
0.27710  4.78e-014  5.40e-016
0.27736  4.83e-014  5.79e-016
0.27763  4.80e-014  5.52e-016
0.27790  4.64e-014  4.84e-016
0.27816  3.93e-014  4.54e-016
0.27843  3.94e-014  4.10e-016
0.27870  4.06e-014  4.43e-016
0.27896  3.95e-014  4.05e-016
0.27923  3.89e-014  4.10e-016
0.27950  4.87e-014  5.86e-016
0.27976  6.75e-014  6.80e-016
0.28003  5.86e-014  6.83e-016
0.28030  5.49e-014  6.04e-016
0.28056  5.84e-014  6.17e-016
0.28083  4.79e-014  5.24e-016
0.28110  4.10e-014  4.55e-016
0.28136  4.38e-014  4.74e-016
0.28163  4.80e-014  5.29e-016
0.28190  5.33e-014  5.42e-016
0.28216  5.39e-014  5.77e-016
0.28243  5.63e-014  5.84e-016
0.28269  5.73e-014  5.95e-016
0.28296  5.87e-014  5.88e-016
0.28323  6.00e-014  5.93e-016
0.28349  5.79e-014  5.64e-016
0.28376  5.50e-014  5.43e-016
0.28403  5.21e-014  5.41e-016
0.28429  4.73e-014  5.07e-016
0.28456  3.99e-014  4.50e-016
0.28483  3.20e-014  3.50e-016
0.28509  2.32e-014  2.80e-016
0.28536  1.89e-014  2.49e-016
0.28563  2.12e-014  2.52e-016
0.28589  2.89e-014  2.99e-016
0.28616  3.63e-014  4.01e-016
0.28643  4.38e-014  4.51e-016
0.28669  4.85e-014  4.94e-016
0.28696  5.29e-014  5.25e-016
0.28723  5.71e-014  5.56e-016
0.28749  6.23e-014  6.01e-016
0.28776  6.11e-014  5.76e-016
0.28803  5.67e-014  5.58e-016
0.28829  5.26e-014  5.29e-016
0.28856  5.93e-014  5.66e-016
0.28883  7.47e-014  6.65e-016
0.28909  8.34e-014  7.16e-016
0.28936  9.09e-014  7.61e-016
0.28963  1.03e-013  8.05e-016
0.28989  1.15e-013  9.37e-016
0.29016  1.30e-013  1.04e-015
0.29043  1.40e-013  1.15e-015
0.29069  1.36e-013  1.15e-015
0.29096  1.36e-013  1.07e-015
0.29123  1.33e-013  1.05e-015
0.29149  1.32e-013  1.05e-015
0.29176  1.38e-013  1.03e-015
0.29202  1.39e-013  1.06e-015
0.29229  1.34e-013  1.07e-015
0.29256  1.27e-013  1.04e-015
0.29282  1.27e-013  1.02e-015
0.29309  1.31e-013  1.01e-015
0.29336  1.41e-013  1.07e-015
0.29362  1.26e-013  9.70e-016
0.29389  1.04e-013  8.19e-016
0.29416  1.05e-013  8.05e-016
0.29442  1.05e-013  8.05e-016
0.29469  1.08e-013  9.02e-016
0.29496  1.05e-013  8.17e-016
0.29522  1.07e-013  8.29e-016
0.29549  1.11e-013  8.41e-016
0.29576  1.10e-013  8.43e-016
0.29602  1.16e-013  8.92e-016
0.29629  1.19e-013  8.83e-016
0.29656  1.01e-013  7.95e-016
0.29682  7.64e-014  6.79e-016
0.29709  7.08e-014  6.51e-016
0.29736  8.19e-014  7.26e-016
0.29762  1.07e-013  8.06e-016
0.29789  1.26e-013  8.92e-016
0.29816  1.09e-013  8.92e-016
0.29842  8.46e-014  7.17e-016
0.29869  8.11e-014  6.87e-016
0.29896  9.88e-014  7.71e-016
0.29922  1.07e-013  8.31e-016
0.29949  9.90e-014  8.51e-016
0.29976  8.73e-014  7.60e-016
0.30002  7.79e-014  7.03e-016
0.30029  7.30e-014  6.61e-016
0.30056  7.65e-014  6.97e-016
0.30082  8.11e-014  7.03e-016
0.30109  8.53e-014  7.62e-016
0.30136  9.23e-014  7.63e-016
0.30162  9.12e-014  8.05e-016
0.30189  7.50e-014  7.03e-016
0.30215  6.44e-014  6.30e-016
0.30242  7.17e-014  6.98e-016
0.30269  9.46e-014  8.73e-016
0.30296  1.21e-013  9.18e-016
0.30322  1.42e-013  1.16e-015
0.30349  1.48e-013  1.03e-015
0.30375  1.39e-013  1.02e-015
0.30402  1.22e-013  9.67e-016
0.30429  1.19e-013  9.18e-016
0.30455  1.27e-013  9.49e-016
0.30482  1.25e-013  9.47e-016
0.30509  1.24e-013  9.98e-016
0.30535  1.24e-013  1.32e-015
0.30562  1.26e-013  1.76e-015
0.30589  1.15e-013  1.48e-015
0.30615  1.12e-013  1.32e-015
0.30642  1.29e-013  1.13e-015
0.30669  1.39e-013  1.08e-015
0.30695  1.45e-013  1.10e-015
0.30722  1.61e-013  1.14e-015
0.30749  1.68e-013  1.22e-015
0.30775  1.69e-013  1.23e-015
0.30802  1.69e-013  1.22e-015
0.30829  1.63e-013  1.20e-015
0.30855  1.61e-013  1.21e-015
0.30882  1.63e-013  1.22e-015
0.30909  1.50e-013  1.19e-015
0.30935  1.28e-013  1.10e-015
0.30962  1.20e-013  1.07e-015
0.30989  1.22e-013  1.10e-015
0.31015  1.26e-013  1.12e-015
0.31042  1.56e-013  1.25e-015
0.31069  2.03e-013  1.42e-015
0.31095  2.35e-013  1.60e-015
0.31122  2.47e-013  1.64e-015
0.31148  2.44e-013  1.61e-015
0.31175  2.25e-013  1.57e-015
0.31202  2.03e-013  1.51e-015
0.31229  1.96e-013  1.46e-015
0.31255  1.96e-013  1.46e-015
0.31282  1.99e-013  1.49e-015
0.31308  2.04e-013  1.54e-015
0.31335  2.07e-013  1.56e-015
0.31362  2.09e-013  1.54e-015
0.31388  2.11e-013  1.53e-015
0.31415  2.12e-013  1.59e-015
0.31442  2.00e-013  1.57e-015
0.31468  1.96e-013  1.56e-015
0.31495  2.03e-013  1.62e-015
0.31522  2.00e-013  1.65e-015
0.31548  1.96e-013  1.67e-015
0.31575  1.78e-013  1.57e-015
0.31602  1.56e-013  1.41e-015
0.31628  1.46e-013  1.29e-015
0.31655  1.66e-013  1.45e-015
0.31682  2.02e-013  1.70e-015
0.31708  2.24e-013  1.82e-015
0.31735  2.39e-013  1.87e-015
0.31762  2.40e-013  1.94e-015
0.31788  2.27e-013  1.85e-015
0.31815  1.99e-013  1.54e-015
0.31842  1.78e-013  1.30e-015
0.31868  1.80e-013  1.32e-015
0.31895  1.87e-013  1.41e-015
0.31922  1.91e-013  1.40e-015
0.31948  1.77e-013  1.32e-015
0.31975  1.81e-013  1.35e-015
0.32002  1.99e-013  1.49e-015
0.32028  1.94e-013  1.56e-015
0.32055  2.06e-013  1.55e-015
0.32081  2.33e-013  1.83e-015
0.32108  2.13e-013  1.57e-015
0.32135  1.76e-013  1.34e-015
0.32161  1.65e-013  1.30e-015
0.32188  1.74e-013  1.36e-015
0.32215  1.85e-013  1.42e-015
0.32241  1.84e-013  1.44e-015
0.32268  1.69e-013  1.35e-015
0.32295  1.59e-013  1.30e-015
0.32321  1.50e-013  1.25e-015
0.32348  1.57e-013  1.29e-015
0.32375  1.67e-013  1.35e-015
0.32401  1.78e-013  1.41e-015
0.32428  1.97e-013  1.52e-015
0.32455  2.01e-013  1.53e-015
0.32481  2.05e-013  1.62e-015
0.32508  2.07e-013  1.53e-015
0.32535  2.06e-013  1.44e-015
0.32561  2.24e-013  1.74e-015
0.32588  2.48e-013  1.95e-015
0.32615  2.70e-013  2.20e-015
0.32641  2.93e-013  2.27e-015
0.32668  2.92e-013  2.27e-015
0.32695  2.89e-013  2.27e-015
0.32721  2.72e-013  2.06e-015
0.32748  2.71e-013  1.92e-015
0.32775  2.99e-013  2.09e-015
0.32801  2.96e-013  2.08e-015
0.32828  2.78e-013  1.98e-015
0.32855  2.81e-013  1.91e-015
0.32881  2.83e-013  1.91e-015
0.32908  2.80e-013  1.99e-015
0.32935  2.91e-013  1.91e-015
0.32961  3.16e-013  2.20e-015
0.32988  3.24e-013  2.07e-015
0.33015  3.31e-013  2.25e-015
0.33041  3.51e-013  2.43e-015
0.33068  3.39e-013  2.16e-015
0.33094  3.08e-013  2.00e-015
0.33121  2.75e-013  1.81e-015
0.33148  2.72e-013  1.94e-015
0.33174  2.89e-013  1.92e-015
0.33201  2.98e-013  1.97e-015
0.33228  3.34e-013  2.16e-015
0.33254  3.35e-013  2.18e-015
0.33281  3.17e-013  2.14e-015
0.33308  3.17e-013  2.07e-015
0.33334  3.23e-013  2.31e-015
0.33361  3.04e-013  2.24e-015
0.33388  2.82e-013  2.01e-015
0.33414  2.91e-013  2.04e-015
0.33441  2.95e-013  2.07e-015
0.33468  3.15e-013  2.15e-015
0.33494  3.36e-013  2.39e-015
0.33500  3.61e-013  1.81e-014
0.33750  3.44e-013  1.72e-014
0.34000  3.49e-013  1.74e-014
0.34250  3.53e-013  1.76e-014
0.34500  3.39e-013  1.69e-014
0.34750  3.52e-013  1.76e-014
0.35000  3.80e-013  1.90e-014
0.35250  4.00e-013  2.00e-014
0.35500  4.04e-013  2.02e-014
0.35750  3.52e-013  1.76e-014
0.36000  3.39e-013  1.69e-014
0.36250  3.85e-013  1.92e-014
0.36500  4.65e-013  2.33e-014
0.36750  5.23e-013  2.61e-014
0.37000  4.89e-013  2.44e-014
0.37250  3.99e-013  1.99e-014
0.37500  3.60e-013  1.80e-014
0.37750  4.19e-013  2.10e-014
0.38000  4.17e-013  2.09e-014
0.38250  3.28e-013  1.64e-014
0.38500  3.06e-013  1.53e-014
0.38750  3.55e-013  1.78e-014
0.39000  4.06e-013  2.03e-014
0.39250  3.86e-013  1.93e-014
0.39500  3.85e-013  1.92e-014
0.39750  4.80e-013  2.40e-014
0.40000  6.50e-013  3.25e-014
0.40250  7.53e-013  3.76e-014
0.40500  7.62e-013  3.81e-014
0.40750  8.10e-013  4.05e-014
0.41000  8.65e-013  4.33e-014
0.41250  8.61e-013  4.30e-014
0.41500  8.56e-013  4.28e-014
0.41750  8.53e-013  4.27e-014
0.42000  8.45e-013  4.22e-014
0.42250  8.32e-013  4.16e-014
0.42500  8.23e-013  4.12e-014
0.42750  7.96e-013  3.98e-014
0.43000  7.97e-013  3.98e-014
0.43250  8.78e-013  4.39e-014
0.43500  9.59e-013  4.80e-014
0.43750  9.59e-013  4.80e-014
0.44000  9.62e-013  4.81e-014
0.44250  1.01e-012  5.07e-014
0.44500  1.07e-012  5.35e-014
0.44750  1.13e-012  5.67e-014
0.45000  1.19e-012  5.94e-014
0.45250  1.19e-012  5.94e-014
0.45500  1.19e-012  5.94e-014
0.45750  1.22e-012  6.10e-014
0.46000  1.24e-012  6.20e-014
0.46250  1.24e-012  6.20e-014
0.46500  1.24e-012  6.20e-014
0.46750  1.23e-012  6.15e-014
0.47000  1.25e-012  6.26e-014
0.47250  1.26e-012  6.31e-014
0.47500  1.27e-012  6.36e-014
0.47750  1.28e-012  6.42e-014
0.48000  1.28e-012  6.42e-014
0.48250  1.28e-012  6.42e-014
0.48500  1.23e-012  6.15e-014
0.48750  1.20e-012  5.99e-014
0.49000  1.21e-012  6.04e-014
0.49250  1.21e-012  6.04e-014
0.49500  1.22e-012  6.10e-014
0.49750  1.21e-012  6.04e-014
0.50000  1.19e-012  5.94e-014
0.50250  1.19e-012  5.94e-014
0.50500  1.19e-012  5.94e-014
0.50750  1.20e-012  5.99e-014
0.51000  1.18e-012  5.88e-014
0.51250  1.13e-012  5.67e-014
0.51500  1.07e-012  5.35e-014
0.51750  1.03e-012  5.15e-014
0.52000  1.07e-012  5.35e-014
0.52250  1.17e-012  5.83e-014
0.52500  1.20e-012  5.99e-014
0.52750  1.22e-012  6.10e-014
0.53000  1.25e-012  6.26e-014
0.53250  1.25e-012  6.26e-014
0.53500  1.26e-012  6.31e-014
0.53750  1.26e-012  6.31e-014
0.54000  1.24e-012  6.20e-014
0.54250  1.24e-012  6.20e-014
0.54500  1.27e-012  6.36e-014
0.54750  1.28e-012  6.42e-014
0.55000  1.30e-012  6.52e-014
0.55250  1.30e-012  6.52e-014
0.55500  1.29e-012  6.47e-014
0.55750  1.28e-012  6.42e-014
0.56000  1.27e-012  6.36e-014
0.56250  1.28e-012  6.42e-014
0.56500  1.29e-012  6.47e-014
0.56750  1.29e-012  6.47e-014
0.57000  1.29e-012  6.47e-014
0.57250  1.32e-012  6.58e-014
0.57500  1.33e-012  6.63e-014
0.57750  1.33e-012  6.63e-014
0.58000  1.32e-012  6.58e-014
0.58250  1.34e-012  6.68e-014
0.58500  1.34e-012  6.68e-014
0.58750  1.29e-012  6.47e-014
0.59000  1.27e-012  6.36e-014
0.59250  1.32e-012  6.58e-014
0.59500  1.33e-012  6.63e-014
0.59750  1.30e-012  6.52e-014
0.60000  1.28e-012  6.42e-014
0.60250  1.29e-012  6.47e-014
0.60500  1.30e-012  6.52e-014
0.60750  1.29e-012  6.47e-014
0.61000  1.26e-012  6.31e-014
0.61250  1.24e-012  6.20e-014
0.61500  1.23e-012  6.15e-014
0.61750  1.23e-012  6.15e-014
0.62000  1.24e-012  6.20e-014
0.62250  1.24e-012  6.20e-014
0.62500  1.23e-012  6.15e-014
0.62750  1.23e-012  6.15e-014
0.63000  1.23e-012  6.15e-014
0.63250  1.23e-012  6.15e-014
0.63500  1.22e-012  6.10e-014
0.63750  1.23e-012  6.15e-014
0.64000  1.22e-012  6.10e-014
0.64250  1.21e-012  6.04e-014
0.64500  1.22e-012  6.10e-014
0.64750  1.22e-012  6.10e-014
0.65000  1.18e-012  5.88e-014
0.65250  1.18e-012  5.88e-014
0.65500  1.17e-012  5.83e-014
0.65750  1.18e-012  5.88e-014
0.66000  1.21e-012  6.04e-014
0.66250  1.21e-012  6.04e-014
0.66500  1.21e-012  6.04e-014
0.66750  1.21e-012  6.04e-014
0.67000  1.19e-012  5.94e-014
0.67250  1.18e-012  5.88e-014
0.67500  1.18e-012  5.88e-014
0.67750  1.18e-012  5.88e-014
0.68000  1.15e-012  5.77e-014
0.68250  1.15e-012  5.77e-014
0.68500  1.17e-012  5.83e-014
0.68750  1.12e-012  5.61e-014
0.69000  1.13e-012  5.67e-014
0.69250  1.13e-012  5.67e-014
0.69500  1.14e-012  5.72e-014
0.69750  1.13e-012  5.67e-014
0.70000  1.11e-012  5.56e-014
0.70250  1.10e-012  5.51e-014
0.70500  1.09e-012  5.45e-014
0.70750  1.09e-012  5.45e-014
0.71000  1.10e-012  5.51e-014
0.71250  1.10e-012  5.51e-014
0.71500  1.10e-012  5.51e-014
0.71750  1.08e-012  5.40e-014
0.72000  1.04e-012  5.21e-014
0.72250  1.05e-012  5.27e-014
0.72500  1.06e-012  5.31e-014
0.72750  1.05e-012  5.27e-014
0.73000  1.05e-012  5.23e-014
0.73250  1.06e-012  5.31e-014
0.73500  1.05e-012  5.26e-014
0.73750  1.04e-012  5.20e-014
0.74000  1.04e-012  5.19e-014
0.74250  1.04e-012  5.18e-014
0.74500  1.04e-012  5.18e-014
0.74750  1.04e-012  5.18e-014
0.75000  1.04e-012  5.18e-014
0.75250  1.03e-012  5.17e-014
0.75300  1.02e-012  5.11e-014
0.75500  1.02e-012  5.12e-014
0.75700  1.01e-012  5.06e-014
0.75900  1.01e-012  5.03e-014
0.76100  1.00e-012  5.01e-014
0.76300  1.00e-012  5.02e-014
0.76500  1.00e-012  5.02e-014
0.76700  9.68e-013  4.84e-014
0.76900  9.97e-013  4.98e-014
0.77100  9.78e-013  4.89e-014
0.77300  9.81e-013  4.91e-014
0.77500  9.67e-013  4.83e-014
0.77700  9.87e-013  4.93e-014
0.77900  9.80e-013  4.90e-014
0.78100  9.75e-013  4.87e-014
0.78300  9.62e-013  4.81e-014
0.78500  9.58e-013  4.79e-014
0.78700  9.68e-013  4.84e-014
0.78900  9.59e-013  4.80e-014
0.79100  9.43e-013  4.71e-014
0.79300  9.27e-013  4.64e-014
0.79500  9.21e-013  4.60e-014
0.79700  9.42e-013  4.71e-014
0.79900  9.40e-013  4.70e-014
0.80100  9.25e-013  4.63e-014
0.80300  9.26e-013  4.63e-014
0.80500  9.16e-013  4.58e-014
0.80700  9.21e-013  4.60e-014
0.80900  9.01e-013  4.50e-014
0.81100  9.08e-013  4.54e-014
0.81300  9.12e-013  4.56e-014
0.81500  9.06e-013  4.53e-014
0.81700  9.04e-013  4.52e-014
0.81900  8.69e-013  4.35e-014
0.82100  8.77e-013  4.39e-014
0.82300  8.76e-013  4.38e-014
0.82500  8.84e-013  4.42e-014
0.82700  8.90e-013  4.45e-014
0.82900  8.84e-013  4.42e-014
0.83100  8.65e-013  4.33e-014
0.83300  8.55e-013  4.28e-014
0.83500  8.62e-013  4.31e-014
0.83700  8.64e-013  4.32e-014
0.83900  8.36e-013  4.18e-014
0.84100  8.61e-013  4.30e-014
0.84300  8.40e-013  4.20e-014
0.84500  8.51e-013  4.26e-014
0.84700  8.40e-013  4.20e-014
0.84900  8.46e-013  4.23e-014
0.85100  8.08e-013  4.04e-014
0.85300  8.41e-013  4.21e-014
0.85500  7.87e-013  3.94e-014
0.85700  8.43e-013  4.21e-014
0.85900  8.25e-013  4.12e-014
0.86100  8.22e-013  4.11e-014
0.86300  8.28e-013  4.14e-014
0.86500  8.29e-013  4.15e-014
0.86700  7.63e-013  3.82e-014
0.86900  7.93e-013  3.97e-014
0.87100  8.08e-013  4.04e-014
0.87300  8.09e-013  4.05e-014
0.87500  7.99e-013  3.99e-014
0.87700  8.07e-013  4.03e-014
0.87900  7.99e-013  3.99e-014
0.88100  7.71e-013  3.85e-014
0.88300  7.87e-013  3.94e-014
0.88500  7.93e-013  3.96e-014
0.88700  7.76e-013  3.88e-014
0.88900  7.92e-013  3.96e-014
0.89100  7.94e-013  3.97e-014
0.89300  7.77e-013  3.88e-014
0.89500  7.73e-013  3.86e-014
0.89700  7.75e-013  3.88e-014
0.89900  7.76e-013  3.88e-014
0.90100  7.42e-013  3.71e-014
0.90300  7.66e-013  3.83e-014
0.90500  7.76e-013  3.88e-014
0.90700  7.66e-013  3.83e-014
0.90900  7.42e-013  3.71e-014
0.91100  7.48e-013  3.74e-014
0.91300  7.58e-013  3.79e-014
0.91500  7.54e-013  3.77e-014
0.91700  7.51e-013  3.76e-014
0.91900  7.56e-013  3.78e-014
0.92100  7.38e-013  3.69e-014
0.92300  7.37e-013  3.69e-014
0.92500  7.31e-013  3.65e-014
0.92700  7.35e-013  3.68e-014
0.92900  7.33e-013  3.66e-014
0.93100  7.37e-013  3.68e-014
0.93300  7.31e-013  3.65e-014
0.93500  7.27e-013  3.63e-014
0.93700  7.19e-013  3.60e-014
0.93900  7.24e-013  3.62e-014
0.94100  6.98e-013  3.49e-014
0.94300  7.17e-013  3.59e-014
0.94500  7.02e-013  3.51e-014
0.94700  7.13e-013  3.57e-014
0.94900  7.14e-013  3.57e-014
0.95100  7.08e-013  3.54e-014
0.95300  7.04e-013  3.52e-014
0.95500  6.89e-013  3.45e-014
0.95700  6.92e-013  3.46e-014
0.95900  7.00e-013  3.50e-014
0.96100  6.91e-013  3.45e-014
0.96300  6.86e-013  3.43e-014
0.96500  6.76e-013  3.38e-014
0.96700  6.77e-013  3.39e-014
0.96900  6.84e-013  3.42e-014
0.97100  6.77e-013  3.38e-014
0.97300  6.73e-013  3.37e-014
0.97500  6.68e-013  3.34e-014
0.97700  6.68e-013  3.34e-014
0.97900  6.60e-013  3.30e-014
0.98100  6.68e-013  3.34e-014
0.98300  6.64e-013  3.32e-014
0.98500  6.65e-013  3.32e-014
0.98700  6.58e-013  3.29e-014
0.98900  6.56e-013  3.28e-014
0.99100  6.54e-013  3.27e-014
0.99300  6.56e-013  3.28e-014
0.99500  6.54e-013  3.27e-014
0.99700  6.52e-013  3.26e-014
0.99900  6.48e-013  3.24e-014
1.00250  6.43e-013  3.22e-014
1.00750  6.33e-013  3.17e-014
1.01250  6.31e-013  3.16e-014
1.01750  6.21e-013  3.11e-014
1.02250  6.18e-013  3.09e-014
1.02750  6.16e-013  3.08e-014
1.03250  6.04e-013  3.02e-014
1.03750  5.98e-013  2.99e-014
1.04250  5.98e-013  2.99e-014
1.04750  5.89e-013  2.95e-014
1.05250  5.88e-013  2.94e-014
1.05750  5.79e-013  2.89e-014
1.06250  5.73e-013  2.87e-014
1.06750  5.63e-013  2.81e-014
1.07250  5.62e-013  2.81e-014
1.07750  5.54e-013  2.77e-014
1.08250  5.43e-013  2.72e-014
1.08750  5.42e-013  2.71e-014
1.09250  5.41e-013  2.71e-014
1.09750  5.33e-013  2.66e-014
1.10250  5.35e-013  2.67e-014
1.10750  5.33e-013  2.66e-014
1.11250  5.27e-013  2.63e-014
1.11750  5.20e-013  2.60e-014
1.12250  5.18e-013  2.59e-014
1.12750  5.07e-013  2.53e-014
1.13250  5.07e-013  2.53e-014
1.13750  5.01e-013  2.50e-014
1.14250  4.93e-013  2.46e-014
1.14750  4.98e-013  2.49e-014
1.15250  4.94e-013  2.47e-014
1.15750  4.86e-013  2.43e-014
1.16250  4.78e-013  2.39e-014
1.16750  4.77e-013  2.38e-014
1.17250  4.78e-013  2.39e-014
1.17750  4.68e-013  2.34e-014
1.18250  4.62e-013  2.31e-014
1.18750  4.57e-013  2.29e-014
1.19250  4.64e-013  2.32e-014
1.19750  4.44e-013  2.22e-014
1.20250  4.51e-013  2.25e-014
1.20750  4.44e-013  2.22e-014
1.21250  4.45e-013  2.23e-014
1.21750  4.46e-013  2.23e-014
1.22250  4.42e-013  2.21e-014
1.22750  4.36e-013  2.18e-014
1.23250  4.34e-013  2.17e-014
1.23750  4.31e-013  2.15e-014
1.24250  4.26e-013  2.13e-014
1.24750  4.25e-013  2.12e-014
1.25250  4.20e-013  2.10e-014
1.25750  4.18e-013  2.09e-014
1.26250  4.14e-013  2.07e-014
1.26750  4.09e-013  2.05e-014
1.27250  4.09e-013  2.04e-014
1.27750  4.07e-013  2.03e-014
1.28250  3.90e-013  1.95e-014
1.28750  3.98e-013  1.99e-014
1.29250  3.94e-013  1.97e-014
1.29750  3.94e-013  1.97e-014
1.30250  3.89e-013  1.94e-014
1.30750  3.89e-013  1.94e-014
1.31250  3.80e-013  1.90e-014
1.31750  3.78e-013  1.89e-014
1.32250  3.80e-013  1.90e-014
1.32750  3.73e-013  1.86e-014
1.33250  3.73e-013  1.86e-014
1.33750  3.69e-013  1.85e-014
1.34250  3.70e-013  1.85e-014
1.34750  3.66e-013  1.83e-014
1.35250  3.64e-013  1.82e-014
1.35750  3.57e-013  1.79e-014
1.36250  3.56e-013  1.78e-014
1.36750  3.55e-013  1.77e-014
1.37250  3.54e-013  1.77e-014
1.37750  3.51e-013  1.75e-014
1.38250  3.49e-013  1.75e-014
1.38750  3.46e-013  1.73e-014
1.39250  3.45e-013  1.73e-014
1.39750  3.43e-013  1.71e-014
1.40250  3.37e-013  1.68e-014
1.40750  3.38e-013  1.69e-014
1.41250  3.33e-013  1.66e-014
1.41750  3.35e-013  1.67e-014
1.42250  3.27e-013  1.64e-014
1.42750  3.21e-013  1.61e-014
1.43250  3.26e-013  1.63e-014
1.43750  3.26e-013  1.63e-014
1.44250  3.15e-013  1.57e-014
1.44750  3.21e-013  1.60e-014
1.45250  3.14e-013  1.57e-014
1.45700  3.15e-013  1.57e-014
1.46200  3.14e-013  1.57e-014
1.46750  3.12e-013  1.56e-014
1.47250  3.07e-013  1.53e-014
1.47750  3.06e-013  1.53e-014
1.48250  3.04e-013  1.52e-014
1.48750  2.96e-013  1.48e-014
1.49250  3.04e-013  1.52e-014
1.49750  2.98e-013  1.49e-014
1.50250  2.84e-013  1.42e-014
1.50750  2.87e-013  1.44e-014
1.51250  2.94e-013  1.47e-014
1.51750  2.93e-013  1.46e-014
1.52250  2.88e-013  1.44e-014
1.52750  2.89e-013  1.45e-014
1.53250  2.86e-013  1.43e-014
1.53750  2.86e-013  1.43e-014
1.54250  2.85e-013  1.42e-014
1.54750  2.82e-013  1.41e-014
1.55250  2.77e-013  1.39e-014
1.55750  2.75e-013  1.38e-014
1.56250  2.77e-013  1.39e-014
1.56750  2.70e-013  1.35e-014
1.57250  2.72e-013  1.36e-014
1.57750  2.59e-013  1.29e-014
1.58250  2.64e-013  1.32e-014
1.58750  2.56e-013  1.28e-014
1.59250  2.60e-013  1.30e-014
1.59750  2.61e-013  1.31e-014
1.60500  2.58e-013  1.29e-014
1.61500  2.54e-013  1.27e-014
1.62500  2.52e-013  1.26e-014
1.63500  2.47e-013  1.23e-014
1.64500  2.41e-013  1.21e-014
1.65500  2.40e-013  1.20e-014
1.66500  2.35e-013  1.18e-014
1.67500  2.28e-013  1.14e-014
1.68500  2.23e-013  1.11e-014
1.69500  2.23e-013  1.11e-014
1.70500  2.15e-013  1.08e-014
1.71500  2.12e-013  1.06e-014
1.72500  2.06e-013  1.03e-014
1.73500  2.00e-013  1.00e-014
1.74500  1.99e-013  9.93e-015
1.75500  1.96e-013  9.79e-015
1.76500  1.92e-013  9.61e-015
1.77500  1.88e-013  9.40e-015
1.78500  1.85e-013  9.27e-015
1.79500  1.82e-013  9.08e-015
1.80500  1.78e-013  8.88e-015
1.81500  1.72e-013  8.61e-015
1.82500  1.70e-013  8.50e-015
1.83500  1.67e-013  8.36e-015
1.84500  1.63e-013  8.13e-015
1.85500  1.61e-013  8.06e-015
1.86500  1.56e-013  7.81e-015
1.87500  1.49e-013  7.46e-015
1.88500  1.52e-013  7.58e-015
1.89500  1.46e-013  7.28e-015
1.90500  1.47e-013  7.33e-015
1.91500  1.44e-013  7.18e-015
1.92500  1.41e-013  7.06e-015
1.93500  1.37e-013  6.85e-015
1.94500  1.32e-013  6.61e-015
1.95500  1.33e-013  6.66e-015
1.96500  1.31e-013  6.53e-015
1.97500  1.27e-013  6.37e-015
1.98500  1.26e-013  6.29e-015
1.99500  1.24e-013  6.19e-015
2.00500  1.23e-013  6.14e-015
2.01500  1.21e-013  6.05e-015
2.02500  1.18e-013  5.88e-015
2.03500  1.15e-013  5.76e-015
2.04500  1.15e-013  5.73e-015
2.05500  1.12e-013  5.62e-015
2.06500  1.10e-013  5.49e-015
2.07500  1.08e-013  5.41e-015
2.08500  1.06e-013  5.32e-015
2.09500  1.04e-013  5.19e-015
2.10500  1.03e-013  5.15e-015
2.11500  1.01e-013  5.06e-015
2.12500  9.94e-014  4.97e-015
2.13500  9.80e-014  4.90e-015
2.14500  9.64e-014  4.82e-015
2.15500  9.48e-014  4.74e-015
2.16500  9.12e-014  4.56e-015
2.17500  9.10e-014  4.55e-015
2.18500  8.97e-014  4.49e-015
2.19500  8.87e-014  4.43e-015
2.20500  8.63e-014  4.31e-015
2.21500  8.59e-014  4.29e-015
2.22500  8.40e-014  4.20e-015
2.23500  8.27e-014  4.14e-015
2.24500  8.14e-014  4.07e-015
2.25500  8.03e-014  4.01e-015
2.26500  7.86e-014  3.93e-015
2.27500  7.79e-014  3.89e-015
2.28500  7.61e-014  3.80e-015
2.29500  7.26e-014  3.63e-015
2.30500  7.30e-014  3.65e-015
2.31500  7.20e-014  3.60e-015
2.32500  6.80e-014  3.40e-015
2.33500  6.85e-014  3.43e-015
2.34500  6.85e-014  3.43e-015
2.35500  6.43e-014  3.21e-015
2.36500  6.56e-014  3.28e-015
2.37500  6.50e-014  3.25e-015
2.38500  6.13e-014  3.07e-015
2.39500  6.23e-014  3.12e-015
2.40500  6.19e-014  3.10e-015
2.41500  5.90e-014  2.95e-015
2.42500  5.93e-014  2.97e-015
2.43500  5.88e-014  2.94e-015
2.44500  5.71e-014  2.85e-015
2.45500  5.60e-014  2.80e-015
2.46500  5.65e-014  2.82e-015
2.47500  5.50e-014  2.75e-015
2.48500  5.34e-014  2.67e-015
2.49500  5.37e-014  2.69e-015
2.50500  5.35e-014  2.67e-015
2.51500  5.16e-014  2.58e-015
2.52500  5.18e-014  2.59e-015
2.53500  5.11e-014  2.55e-015
2.54500  5.00e-014  2.50e-015
2.55500  4.93e-014  2.47e-015
2.56500  4.88e-014  2.44e-015
2.57500  4.85e-014  2.43e-015
2.58500  4.69e-014  2.34e-015
2.59500  4.69e-014  2.34e-015
2.60500  4.65e-014  2.32e-015
2.61500  4.57e-014  2.29e-015
2.62500  4.42e-014  2.21e-015
2.63500  4.44e-014  2.22e-015
2.64500  4.37e-014  2.19e-015
2.65500  4.32e-014  2.16e-015
2.66500  4.22e-014  2.11e-015
2.67500  4.23e-014  2.12e-015
2.68500  4.18e-014  2.09e-015
2.69500  4.11e-014  2.06e-015
2.70500  4.07e-014  2.04e-015
2.71500  4.01e-014  2.01e-015
2.72500  3.96e-014  1.98e-015
2.73500  3.91e-014  1.96e-015
2.74500  3.87e-014  1.93e-015
2.75500  3.81e-014  1.90e-015
2.76500  3.75e-014  1.88e-015
2.77500  3.70e-014  1.85e-015
2.78500  3.66e-014  1.83e-015
2.79500  3.62e-014  1.81e-015
2.80500  3.57e-014  1.79e-015
2.81500  3.53e-014  1.76e-015
2.82500  3.48e-014  1.74e-015
2.83500  3.44e-014  1.72e-015
2.84500  3.39e-014  1.69e-015
2.85500  3.35e-014  1.67e-015
2.86500  3.30e-014  1.65e-015
2.87500  3.26e-014  1.63e-015
2.88500  3.22e-014  1.61e-015
2.89500  3.18e-014  1.59e-015
2.90500  3.14e-014  1.57e-015
2.91500  3.10e-014  1.55e-015
2.92500  3.05e-014  1.52e-015
2.93500  3.02e-014  1.51e-015
2.94500  2.98e-014  1.49e-015
2.95500  2.95e-014  1.47e-015
2.96500  2.91e-014  1.46e-015
2.97500  2.88e-014  1.44e-015
2.98500  2.84e-014  1.42e-015
2.99500  2.80e-014  1.40e-015
3.00500  2.77e-014  1.38e-015
3.01500  2.74e-014  1.37e-015
3.02500  2.70e-014  1.35e-015
3.03500  2.65e-014  1.33e-015
3.04500  2.63e-014  1.32e-015
3.05500  2.60e-014  1.30e-015
3.06500  2.57e-014  1.28e-015
3.07500  2.54e-014  1.27e-015
3.08500  2.50e-014  1.25e-015
3.09500  2.48e-014  1.24e-015
3.10500  2.45e-014  1.23e-015
3.11500  2.40e-014  1.20e-015
3.12500  2.39e-014  1.20e-015
3.13500  2.37e-014  1.18e-015
3.14500  2.34e-014  1.17e-015
3.15500  2.30e-014  1.15e-015
3.16500  2.28e-014  1.14e-015
3.17500  2.25e-014  1.13e-015
3.18500  2.23e-014  1.11e-015
3.19500  2.20e-014  1.10e-015
3.21000  2.16e-014  1.08e-015
3.23000  2.11e-014  1.06e-015
3.25000  2.06e-014  1.03e-015
3.27000  2.01e-014  1.01e-015
3.29000  1.96e-014  9.80e-016
3.31000  1.92e-014  9.60e-016
3.33000  1.87e-014  9.36e-016
3.35000  1.84e-014  9.18e-016
3.37000  1.79e-014  8.97e-016
3.39000  1.75e-014  8.75e-016
3.41000  1.71e-014  8.55e-016
3.43000  1.68e-014  8.39e-016
3.45000  1.64e-014  8.22e-016
3.47000  1.61e-014  8.03e-016
3.49000  1.57e-014  7.86e-016
3.51000  1.54e-014  7.70e-016
3.53000  1.50e-014  7.52e-016
3.55000  1.47e-014  7.37e-016
3.57000  1.44e-014  7.20e-016
3.59000  1.41e-014  7.05e-016
3.61000  1.38e-014  6.92e-016
3.63000  1.35e-014  6.77e-016
3.65000  1.32e-014  6.61e-016
3.67000  1.29e-014  6.47e-016
3.69000  1.26e-014  6.31e-016
3.71000  1.23e-014  6.17e-016
3.73000  1.22e-014  6.08e-016
3.75000  1.18e-014  5.91e-016
3.77000  1.17e-014  5.83e-016
3.79000  1.14e-014  5.71e-016
3.81000  1.12e-014  5.61e-016
3.83000  1.10e-014  5.51e-016
3.85000  1.08e-014  5.40e-016
3.87000  1.06e-014  5.28e-016
3.89000  1.04e-014  5.19e-016
3.91000  1.02e-014  5.09e-016
3.93000  9.99e-015  4.99e-016
3.95000  9.76e-015  4.88e-016
3.97000  9.59e-015  4.80e-016
3.99000  9.36e-015  4.68e-016
4.01000  9.21e-015  4.61e-016
4.03000  9.06e-015  4.53e-016
4.05000  8.84e-015  4.42e-016
4.07000  8.71e-015  4.36e-016
4.09000  8.56e-015  4.28e-016
4.11000  8.41e-015  4.20e-016
4.13000  8.26e-015  4.13e-016
4.15000  8.09e-015  4.05e-016
4.17000  7.95e-015  3.97e-016
4.19000  7.79e-015  3.89e-016
4.21000  7.62e-015  3.81e-016
4.23000  7.54e-015  3.77e-016
4.25000  7.38e-015  3.69e-016
4.27000  7.27e-015  3.63e-016
4.29000  6.93e-015  3.46e-016
4.31000  6.66e-015  3.33e-016
4.33000  6.63e-015  3.32e-016
4.35000  6.31e-015  3.16e-016
4.37000  6.16e-015  3.08e-016
4.39000  6.08e-015  3.04e-016
4.41000  5.78e-015  2.89e-016
4.43000  5.73e-015  2.87e-016
4.45000  5.65e-015  2.83e-016
4.47000  5.40e-015  2.70e-016
4.49000  5.42e-015  2.71e-016
4.51000  5.29e-015  2.64e-016
4.53000  5.10e-015  2.55e-016
4.55000  5.10e-015  2.55e-016
4.57000  5.06e-015  2.53e-016
4.59000  4.86e-015  2.43e-016
4.61000  4.87e-015  2.43e-016
4.63000  4.78e-015  2.39e-016
4.65000  4.73e-015  2.36e-016
4.67000  4.68e-015  2.34e-016
4.69000  4.61e-015  2.31e-016
4.71000  4.53e-015  2.26e-016
4.73000  4.52e-015  2.26e-016
4.75000  4.42e-015  2.21e-016
4.77000  4.35e-015  2.18e-016
4.79000  4.30e-015  2.15e-016
4.81000  4.20e-015  2.10e-016
4.83000  4.21e-015  2.10e-016
4.85000  4.13e-015  2.06e-016
4.87000  4.04e-015  2.02e-016
4.89000  3.99e-015  2.00e-016
4.91000  3.94e-015  1.97e-016
4.93000  3.87e-015  1.94e-016
4.95000  3.81e-015  1.90e-016
4.97000  3.76e-015  1.88e-016
4.99000  3.70e-015  1.85e-016
5.01000  3.67e-015  1.83e-016
5.03000  3.62e-015  1.81e-016
5.05000  3.53e-015  1.77e-016
5.07000  3.50e-015  1.75e-016
5.09000  3.46e-015  1.73e-016
5.11000  3.39e-015  1.69e-016
5.13000  3.36e-015  1.68e-016
5.15000  3.30e-015  1.65e-016
5.17000  3.28e-015  1.64e-016
5.19000  3.22e-015  1.61e-016
5.21000  3.18e-015  1.59e-016
5.23000  3.12e-015  1.56e-016
5.25000  3.10e-015  1.55e-016
5.27000  3.07e-015  1.53e-016
5.29000  3.00e-015  1.50e-016
5.31000  2.97e-015  1.48e-016
5.33000  2.93e-015  1.46e-016
5.35000  2.90e-015  1.45e-016
5.37000  2.86e-015  1.43e-016
5.39000  2.82e-015  1.41e-016
5.41000  2.78e-015  1.39e-016
5.43000  2.73e-015  1.36e-016
5.45000  2.71e-015  1.36e-016
5.47000  2.67e-015  1.34e-016
5.49000  2.64e-015  1.32e-016
5.51000  2.61e-015  1.30e-016
5.53000  2.59e-015  1.30e-016
5.55000  2.53e-015  1.27e-016
5.57000  2.52e-015  1.26e-016
5.59000  2.47e-015  1.24e-016
5.61000  2.45e-015  1.22e-016
5.63000  2.41e-015  1.20e-016
5.65000  2.39e-015  1.20e-016
5.67000  2.36e-015  1.18e-016
5.69000  2.32e-015  1.16e-016
5.71000  2.30e-015  1.15e-016
5.73000  2.27e-015  1.14e-016
5.75000  2.24e-015  1.12e-016
5.77000  2.21e-015  1.11e-016
5.79000  2.19e-015  1.10e-016
5.81000  2.16e-015  1.08e-016
5.83000  2.13e-015  1.07e-016
5.85000  2.11e-015  1.05e-016
5.87000  2.07e-015  1.04e-016
5.89000  2.05e-015  1.02e-016
5.91000  2.03e-015  1.01e-016
5.93000  2.00e-015  1.00e-016
5.95000  1.97e-015  9.87e-017
5.97000  1.96e-015  9.78e-017
5.99000  1.93e-015  9.66e-017
6.01000  1.91e-015  9.54e-017
6.03000  1.88e-015  9.42e-017
6.05000  1.86e-015  9.29e-017
6.07000  1.84e-015  9.18e-017
6.09000  1.81e-015  9.06e-017
6.11000  1.79e-015  8.94e-017
6.13000  1.77e-015  8.85e-017
6.15000  1.75e-015  8.75e-017
6.17000  1.73e-015  8.65e-017
6.19000  1.71e-015  8.55e-017
6.21000  1.69e-015  8.45e-017
6.23000  1.66e-015  8.32e-017
6.25000  1.64e-015  8.22e-017
6.27000  1.62e-015  8.12e-017
6.29000  1.61e-015  8.04e-017
6.31000  1.59e-015  7.93e-017
6.33000  1.57e-015  7.86e-017
6.35000  1.55e-015  7.75e-017
6.37000  1.53e-015  7.67e-017
6.39000  1.51e-015  7.57e-017
6.42000  1.49e-015  7.44e-017
6.46000  1.45e-015  7.26e-017
6.50000  1.42e-015  7.09e-017
6.54000  1.39e-015  6.93e-017
6.58000  1.36e-015  6.78e-017
6.62000  1.32e-015  6.62e-017
6.66000  1.29e-015  6.47e-017
6.70000  1.26e-015  6.32e-017
6.74000  1.23e-015  6.17e-017
6.78000  1.21e-015  6.03e-017
6.82000  1.18e-015  5.90e-017
6.86000  1.15e-015  5.77e-017
6.90000  1.13e-015  5.64e-017
6.94000  1.10e-015  5.51e-017
6.98000  1.08e-015  5.39e-017
7.02000  1.05e-015  5.27e-017
7.06000  1.03e-015  5.15e-017
7.10000  1.01e-015  5.04e-017
7.14000  9.87e-016  4.93e-017
7.18000  9.65e-016  4.83e-017
7.22000  9.45e-016  4.72e-017
7.26000  9.24e-016  4.62e-017
7.30000  9.05e-016  4.52e-017
7.34000  8.85e-016  4.43e-017
7.38000  8.67e-016  4.34e-017
7.42000  8.48e-016  4.24e-017
7.46000  8.30e-016  4.15e-017
7.50000  8.14e-016  4.07e-017
7.54000  7.97e-016  3.98e-017
7.58000  7.81e-016  3.91e-017
7.62000  7.65e-016  3.83e-017
7.66000  7.50e-016  3.75e-017
7.70000  7.34e-016  3.67e-017
7.74000  7.20e-016  3.60e-017
7.78000  7.05e-016  3.53e-017
7.82000  6.91e-016  3.46e-017
7.86000  6.78e-016  3.39e-017
7.90000  6.64e-016  3.32e-017
7.94000  6.51e-016  3.26e-017
7.98000  6.39e-016  3.19e-017
8.02000  6.26e-016  3.13e-017
8.06000  6.14e-016  3.07e-017
8.10000  6.02e-016  3.01e-017
8.14000  5.90e-016  2.95e-017
8.18000  5.79e-016  2.90e-017
8.22000  5.69e-016  2.84e-017
8.26000  5.58e-016  2.79e-017
8.30000  5.47e-016  2.74e-017
8.34000  5.37e-016  2.68e-017
8.38000  5.27e-016  2.63e-017
8.42000  5.17e-016  2.59e-017
8.46000  5.08e-016  2.54e-017
8.50000  4.98e-016  2.49e-017
8.54000  4.89e-016  2.45e-017
8.58000  4.80e-016  2.40e-017
8.62000  4.72e-016  2.36e-017
8.66000  4.63e-016  2.32e-017
8.70000  4.55e-016  2.27e-017
8.74000  4.47e-016  2.23e-017
8.78000  4.39e-016  2.19e-017
8.82000  4.31e-016  2.15e-017
8.86000  4.23e-016  2.12e-017
8.90000  4.16e-016  2.08e-017
8.94000  4.09e-016  2.04e-017
8.98000  4.01e-016  2.01e-017
9.02000  3.95e-016  1.97e-017
9.06000  3.88e-016  1.94e-017
9.10000  3.81e-016  1.90e-017
9.14000  3.75e-016  1.87e-017
9.18000  3.68e-016  1.84e-017
9.22000  3.62e-016  1.81e-017
9.26000  3.56e-016  1.78e-017
9.30000  3.50e-016  1.75e-017
9.34000  3.44e-016  1.72e-017
9.38000  3.38e-016  1.69e-017
9.42000  3.33e-016  1.66e-017
9.46000  3.27e-016  1.64e-017
9.50000  3.22e-016  1.61e-017
9.54000  3.17e-016  1.58e-017
9.58000  3.11e-016  1.56e-017
9.62000  3.06e-016  1.53e-017
9.66000  3.01e-016  1.51e-017
9.70000  2.97e-016  1.48e-017
9.74000  2.92e-016  1.46e-017
9.78000  2.87e-016  1.43e-017
9.82000  2.82e-016  1.41e-017
9.86000  2.78e-016  1.39e-017
9.90000  2.74e-016  1.37e-017
9.94000  2.69e-016  1.35e-017
9.98000  2.65e-016  1.33e-017
10.0000  2.61e-016  1.30e-017
20.0000  1.69e-017  8.46e-019
40.0000  1.06e-018  5.32e-020
60.0000  2.09e-019  1.05e-020
80.0000  6.59e-020  3.30e-021
100.000  2.69e-020  1.34e-021
120.000  1.29e-020  6.45e-022
140.000  6.92e-021  3.46e-022
160.000  4.04e-021  2.02e-022
