 F2V FLUX
0.175400E+04  0.132146E+02
0.175600E+04  0.126450E+02
0.175700E+04  0.132146E+02
0.175900E+04  0.118476E+02
0.176100E+04  0.113065E+02
0.176200E+04  0.117052E+02
0.176400E+04  0.102812E+02
0.176600E+04  0.112780E+02
0.176700E+04  0.125026E+02
0.176900E+04  0.131292E+02
0.177100E+04  0.139266E+02
0.177300E+04  0.146102E+02
0.177400E+04  0.144678E+02
0.177600E+04  0.161196E+02
0.177800E+04  0.159772E+02
0.177900E+04  0.170594E+02
0.178100E+04  0.162050E+02
0.178300E+04  0.151797E+02
0.178400E+04  0.142114E+02
0.178600E+04  0.152082E+02
0.178800E+04  0.157493E+02
0.178900E+04  0.162620E+02
0.179100E+04  0.182556E+02
0.179300E+04  0.151797E+02
0.179400E+04  0.164044E+02
0.179600E+04  0.160341E+02
0.179800E+04  0.152652E+02
0.179900E+04  0.160626E+02
0.180100E+04  0.166322E+02
0.180300E+04  0.153221E+02
0.180400E+04  0.146956E+02
0.180600E+04  0.138697E+02
0.180800E+04  0.125881E+02
0.180900E+04  0.135564E+02
0.181100E+04  0.160341E+02
0.181300E+04  0.156924E+02
0.181400E+04  0.157778E+02
0.181600E+04  0.174866E+02
0.181800E+04  0.177429E+02
0.181900E+04  0.176290E+02
0.182100E+04  0.203061E+02
0.182300E+04  0.191100E+02
0.182400E+04  0.166037E+02
0.182600E+04  0.162050E+02
0.182800E+04  0.172588E+02
0.183000E+04  0.184834E+02
0.183100E+04  0.181132E+02
0.183300E+04  0.186828E+02
0.183500E+04  0.180562E+02
0.183600E+04  0.157778E+02
0.183800E+04  0.158917E+02
0.184000E+04  0.164613E+02
0.184100E+04  0.150658E+02
0.184300E+04  0.148380E+02
0.184500E+04  0.138697E+02
0.184600E+04  0.126450E+02
0.184800E+04  0.118761E+02
0.185000E+04  0.124457E+02
0.185100E+04  0.131577E+02
0.185300E+04  0.148380E+02
0.185500E+04  0.149804E+02
0.185600E+04  0.169170E+02
0.185800E+04  0.183125E+02
0.186000E+04  0.169170E+02
0.186100E+04  0.195941E+02
0.186300E+04  0.186258E+02
0.186500E+04  0.205909E+02
0.186600E+04  0.227269E+02
0.186800E+04  0.235813E+02
0.187000E+04  0.228693E+02
0.187100E+04  0.210181E+02
0.187300E+04  0.204485E+02
0.187500E+04  0.201637E+02
0.187600E+04  0.209327E+02
0.187800E+04  0.232111E+02
0.188000E+04  0.232965E+02
0.188100E+04  0.244927E+02
0.188300E+04  0.254040E+02
0.188500E+04  0.240939E+02
0.188700E+04  0.238661E+02
0.188800E+04  0.226699E+02
0.189000E+04  0.240655E+02
0.189200E+04  0.242079E+02
0.189300E+04  0.240655E+02
0.189500E+04  0.242363E+02
0.189700E+04  0.237237E+02
0.189800E+04  0.218725E+02
0.190000E+04  0.208757E+02
0.190200E+04  0.214453E+02
0.190300E+04  0.234389E+02
0.190500E+04  0.230687E+02
0.190700E+04  0.223851E+02
0.190800E+04  0.232395E+02
0.191000E+04  0.241509E+02
0.191200E+04  0.238661E+02
0.191300E+04  0.232111E+02
0.191500E+04  0.252047E+02
0.191700E+04  0.267710E+02
0.191800E+04  0.254040E+02
0.192000E+04  0.261445E+02
0.192200E+04  0.268280E+02
0.192300E+04  0.228123E+02
0.192500E+04  0.217871E+02
0.192700E+04  0.203916E+02
0.192800E+04  0.171164E+02
0.193000E+04  0.150374E+02
0.193200E+04  0.136988E+02
0.193300E+04  0.150658E+02
0.193500E+04  0.166037E+02
0.193700E+04  0.191100E+02
0.193800E+04  0.213884E+02
0.194000E+04  0.248629E+02
0.194200E+04  0.244927E+02
0.194400E+04  0.258312E+02
0.194500E+04  0.267141E+02
0.194700E+04  0.254040E+02
0.194900E+04  0.268565E+02
0.195000E+04  0.271128E+02
0.195200E+04  0.261160E+02
0.195400E+04  0.278248E+02
0.195500E+04  0.273976E+02
0.195700E+04  0.261445E+02
0.195900E+04  0.247775E+02
0.196000E+04  0.246635E+02
0.196200E+04  0.256888E+02
0.196400E+04  0.249199E+02
0.196500E+04  0.248629E+02
0.196700E+04  0.261160E+02
0.196900E+04  0.259736E+02
0.197000E+04  0.260021E+02
0.197200E+04  0.242079E+02
0.197400E+04  0.229547E+02
0.197500E+04  0.255749E+02
0.197700E+04  0.266286E+02
0.197900E+04  0.265717E+02
0.198000E+04  0.264578E+02
0.198200E+04  0.353150E+02
0.198500E+04  0.290494E+02
0.198800E+04  0.293342E+02
0.199000E+04  0.283374E+02
0.199300E+04  0.284229E+02
0.199600E+04  0.296190E+02
0.199800E+04  0.287646E+02
0.200100E+04  0.304734E+02
0.200400E+04  0.284798E+02
0.200600E+04  0.338910E+02
0.200900E+04  0.301886E+02
0.201200E+04  0.290494E+02
0.201400E+04  0.381630E+02
0.201700E+04  0.321822E+02
0.202000E+04  0.344606E+02
0.202200E+04  0.341758E+02
0.202500E+04  0.333214E+02
0.202800E+04  0.327518E+02
0.203000E+04  0.367390E+02
0.203300E+04  0.344606E+02
0.203600E+04  0.373086E+02
0.203800E+04  0.373086E+02
0.204100E+04  0.373086E+02
0.204400E+04  0.435741E+02
0.204600E+04  0.472765E+02
0.204900E+04  0.435741E+02
0.205200E+04  0.444285E+02
0.205400E+04  0.441437E+02
0.205700E+04  0.407262E+02
0.206000E+04  0.435741E+02
0.206200E+04  0.364542E+02
0.206500E+04  0.444285E+02
0.206800E+04  0.427197E+02
0.207000E+04  0.475613E+02
0.207300E+04  0.489853E+02
0.207600E+04  0.566749E+02
0.207800E+04  0.583837E+02
0.208100E+04  0.586685E+02
0.208400E+04  0.509789E+02
0.208600E+04  0.515485E+02
0.208900E+04  0.535421E+02
0.209200E+04  0.478461E+02
0.209400E+04  0.512637E+02
0.209700E+04  0.518333E+02
0.210000E+04  0.487005E+02
0.210200E+04  0.524029E+02
0.210500E+04  0.484157E+02
0.210800E+04  0.495549E+02
0.211000E+04  0.333214E+02
0.211300E+04  0.461373E+02
0.211600E+04  0.518333E+02
0.211800E+04  0.615164E+02
0.212100E+04  0.609468E+02
0.212400E+04  0.407262E+02
0.212600E+04  0.452829E+02
0.212900E+04  0.452829E+02
0.213200E+04  0.361694E+02
0.213400E+04  0.338910E+02
0.213700E+04  0.458525E+02
0.214000E+04  0.375934E+02
0.214200E+04  0.566749E+02
0.214500E+04  0.541117E+02
0.214800E+04  0.427197E+02
0.215000E+04  0.430045E+02
0.215300E+04  0.541117E+02
0.215600E+04  0.549661E+02
0.215800E+04  0.461373E+02
0.216100E+04  0.495549E+02
0.216400E+04  0.492701E+02
0.216600E+04  0.316126E+02
0.216900E+04  0.407262E+02
0.217200E+04  0.495549E+02
0.217400E+04  0.438589E+02
0.217700E+04  0.393022E+02
0.218000E+04  0.521181E+02
0.218200E+04  0.623708E+02
0.218500E+04  0.504093E+02
0.218800E+04  0.410110E+02
0.219000E+04  0.484157E+02
0.219300E+04  0.484157E+02
0.219600E+04  0.637948E+02
0.219800E+04  0.643644E+02
0.220100E+04  0.515485E+02
0.220400E+04  0.694908E+02
0.220600E+04  0.489853E+02
0.220900E+04  0.492701E+02
0.221200E+04  0.243787E+02
0.221400E+04  0.464221E+02
0.221700E+04  0.495549E+02
0.222000E+04  0.546813E+02
0.222200E+04  0.566749E+02
0.222500E+04  0.569597E+02
0.222800E+04  0.444285E+02
0.223000E+04  0.495549E+02
0.223300E+04  0.555357E+02
0.223600E+04  0.592380E+02
0.223800E+04  0.646492E+02
0.224100E+04  0.660732E+02
0.224400E+04  0.543965E+02
0.224600E+04  0.518333E+02
0.224900E+04  0.438589E+02
0.225200E+04  0.430045E+02
0.225400E+04  0.333214E+02
0.225700E+04  0.418654E+02
0.226000E+04  0.506941E+02
0.226300E+04  0.569597E+02
0.226500E+04  0.481309E+02
0.226800E+04  0.384478E+02
0.227100E+04  0.387326E+02
0.227300E+04  0.455677E+02
0.227600E+04  0.327518E+02
0.227900E+04  0.361694E+02
0.228100E+04  0.586685E+02
0.228400E+04  0.555357E+02
0.228700E+04  0.606620E+02
0.228900E+04  0.501245E+02
0.229200E+04  0.481309E+02
0.229500E+04  0.498397E+02
0.229700E+04  0.407262E+02
0.230000E+04  0.313278E+02
0.230300E+04  0.455677E+02
0.230500E+04  0.529725E+02
0.230800E+04  0.598076E+02
0.231100E+04  0.546813E+02
0.231300E+04  0.390174E+02
0.231600E+04  0.563901E+02
0.231900E+04  0.543965E+02
0.232100E+04  0.404414E+02
0.232400E+04  0.549661E+02
0.232700E+04  0.418654E+02
0.232900E+04  0.432893E+02
0.233200E+04  0.384478E+02
0.233500E+04  0.269989E+02
0.233700E+04  0.393022E+02
0.234000E+04  0.230971E+02
0.234300E+04  0.290494E+02
0.234500E+04  0.276824E+01
0.234800E+04  0.897115E+01
0.235100E+04  0.327518E+02
0.235300E+04  0.430045E+02
0.235600E+04  0.407262E+02
0.235900E+04  0.424349E+02
0.236100E+04  0.209042E+02
0.236400E+04  0.373086E+02
0.236700E+04  0.235813E+02
0.236900E+04  0.338910E+02
0.237200E+04  0.430045E+02
0.237500E+04  0.336062E+02
0.237700E+04  0.410110E+02
0.238000E+04  0.307582E+02
0.238300E+04  0.902811E+01
0.238500E+04  0.269989E+02
0.238800E+04  0.310430E+02
0.239100E+04  0.318974E+02
0.239300E+04  0.430045E+02
0.239600E+04  0.902811E+01
0.239900E+04  0.265717E+02
0.240100E+04  0.301886E+02
0.240400E+04  0.307582E+02
0.240700E+04  0.131577E+02
0.240900E+04  0.310430E+02
0.241200E+04  0.177429E+02
0.241500E+04  0.281666E+02
0.241700E+04  0.387326E+02
0.242000E+04  0.481309E+02
0.242300E+04  0.586685E+02
0.242500E+04  0.487005E+02
0.242800E+04  0.558205E+02
0.243100E+04  0.509789E+02
0.243300E+04  0.504093E+02
0.243600E+04  0.438589E+02
0.243900E+04  0.492701E+02
0.244100E+04  0.472765E+02
0.244400E+04  0.555357E+02
0.244700E+04  0.432893E+02
0.244900E+04  0.449981E+02
0.245200E+04  0.415806E+02
0.245500E+04  0.415806E+02
0.245700E+04  0.472765E+02
0.246000E+04  0.469917E+02
0.246300E+04  0.373086E+02
0.246500E+04  0.381630E+02
0.246800E+04  0.370238E+02
0.247100E+04  0.395870E+02
0.247300E+04  0.449981E+02
0.247600E+04  0.498397E+02
0.247900E+04  0.432893E+02
0.248100E+04  0.461373E+02
0.248400E+04  0.316126E+02
0.248700E+04  0.481309E+02
0.248900E+04  0.341758E+02
0.249200E+04  0.307582E+02
0.249500E+04  0.464221E+02
0.249700E+04  0.538269E+02
0.250000E+04  0.575293E+02
0.250300E+04  0.524029E+02
0.250500E+04  0.555357E+02
0.250800E+04  0.441437E+02
0.251100E+04  0.535421E+02
0.251300E+04  0.412958E+02
0.251600E+04  0.296190E+02
0.251900E+04  0.313278E+02
0.252100E+04  0.358846E+02
0.252400E+04  0.255464E+02
0.252700E+04  0.293342E+02
0.252900E+04  0.261160E+02
0.253200E+04  0.381630E+02
0.253500E+04  0.364542E+02
0.253700E+04  0.333214E+02
0.254000E+04  0.344606E+02
0.254300E+04  0.316126E+02
0.254500E+04  0.364542E+02
0.254800E+04  0.327518E+02
0.255100E+04  0.304734E+02
0.255300E+04  0.504093E+02
0.255600E+04  0.532573E+02
0.255900E+04  0.521181E+02
0.256100E+04  0.538269E+02
0.256400E+04  0.412958E+02
0.256700E+04  0.543965E+02
0.256900E+04  0.646492E+02
0.257200E+04  0.674972E+02
0.257500E+04  0.626556E+02
0.257700E+04  0.484157E+02
0.258000E+04  0.652188E+02
0.258300E+04  0.592380E+02
0.258500E+04  0.549661E+02
0.258800E+04  0.578141E+02
0.259100E+04  0.734780E+02
0.259400E+04  0.555357E+02
0.259600E+04  0.615164E+02
0.259900E+04  0.347454E+02
0.260200E+04  0.441437E+02
0.260400E+04  0.609468E+02
0.260700E+04  0.299038E+02
0.261000E+04  0.447133E+02
0.261200E+04  0.313278E+02
0.261500E+04  0.430045E+02
0.261800E+04  0.535421E+02
0.262000E+04  0.580989E+02
0.262300E+04  0.615164E+02
0.262600E+04  0.555357E+02
0.262800E+04  0.472765E+02
0.263100E+04  0.398718E+02
0.263400E+04  0.495549E+02
0.263600E+04  0.834459E+02
0.263900E+04  0.880027E+02
0.264200E+04  0.928442E+02
0.264400E+04  0.107939E+03
0.264700E+04  0.974010E+02
0.265000E+04  0.954074E+02
0.265200E+04  0.959770E+02
0.265500E+04  0.100534E+03
0.265800E+04  0.101388E+03
0.266000E+04  0.914203E+02
0.266300E+04  0.857243E+02
0.266600E+04  0.808827E+02
0.266800E+04  0.768955E+02
0.267100E+04  0.800283E+02
0.267400E+04  0.774651E+02
0.267600E+04  0.928442E+02
0.267900E+04  0.794587E+02
0.268200E+04  0.857243E+02
0.268400E+04  0.882875E+02
0.268700E+04  0.854395E+02
0.269000E+04  0.803131E+02
0.269200E+04  0.857243E+02
0.269500E+04  0.854395E+02
0.269800E+04  0.834459E+02
0.270000E+04  0.843003E+02
0.270300E+04  0.854395E+02
0.270600E+04  0.908507E+02
0.270800E+04  0.845851E+02
0.271100E+04  0.823067E+02
0.271400E+04  0.831611E+02
0.271600E+04  0.794587E+02
0.271900E+04  0.808827E+02
0.272200E+04  0.854395E+02
0.272400E+04  0.800283E+02
0.272700E+04  0.749020E+02
0.273000E+04  0.820219E+02
0.273200E+04  0.860091E+02
0.273500E+04  0.786043E+02
0.273800E+04  0.706300E+02
0.274000E+04  0.609468E+02
0.274300E+04  0.572445E+02
0.274600E+04  0.589532E+02
0.274800E+04  0.498397E+02
0.275100E+04  0.498397E+02
0.275400E+04  0.700604E+02
0.275600E+04  0.538269E+02
0.275900E+04  0.783195E+02
0.276200E+04  0.774651E+02
0.276400E+04  0.771803E+02
0.276700E+04  0.823067E+02
0.277000E+04  0.757564E+02
0.277200E+04  0.868635E+02
0.277500E+04  0.877179E+02
0.277800E+04  0.777499E+02
0.278000E+04  0.669276E+02
0.278300E+04  0.694908E+02
0.278600E+04  0.689212E+02
0.278800E+04  0.666428E+02
0.279100E+04  0.412958E+02
0.279400E+04  0.236952E+02
0.279600E+04  0.147241E+02
0.279900E+04  0.183410E+02
0.280200E+04  0.212460E+02
0.280400E+04  0.227269E+02
0.280700E+04  0.424349E+02
0.281000E+04  0.632252E+02
0.281200E+04  0.700604E+02
0.281500E+04  0.831611E+02
0.281800E+04  0.877179E+02
0.282000E+04  0.962618E+02
0.282300E+04  0.976858E+02
0.282600E+04  0.102243E+03
0.282800E+04  0.102812E+03
0.283100E+04  0.101673E+03
0.283400E+04  0.985402E+02
0.283600E+04  0.874331E+02
0.283900E+04  0.954074E+02
0.284200E+04  0.851547E+02
0.284400E+04  0.871483E+02
0.284700E+04  0.857243E+02
0.285000E+04  0.760411E+02
0.285200E+04  0.538269E+02
0.285500E+04  0.746172E+02
0.285800E+04  0.831611E+02
0.286000E+04  0.991098E+02
0.286300E+04  0.976858E+02
0.286600E+04  0.968314E+02
0.286800E+04  0.880027E+02
0.287100E+04  0.897115E+02
0.287400E+04  0.988250E+02
0.287600E+04  0.974010E+02
0.287900E+04  0.917051E+02
0.288200E+04  0.805979E+02
0.288400E+04  0.945530E+02
0.288700E+04  0.999642E+02
0.289000E+04  0.902811E+02
0.289200E+04  0.911355E+02
0.289500E+04  0.934138E+02
0.289800E+04  0.107369E+03
0.290000E+04  0.115913E+03
0.290300E+04  0.118476E+03
0.291000E+04  0.124172E+03
0.293000E+04  0.114204E+03
0.295000E+04  0.112780E+03
0.297000E+04  0.121324E+03
0.299000E+04  0.123887E+03
0.301000E+04  0.130438E+03
0.303000E+04  0.128159E+03
0.305000E+04  0.132146E+03
0.307000E+04  0.133570E+03
0.309000E+04  0.136134E+03
0.311000E+04  0.135279E+03
0.313000E+04  0.134140E+03
0.315000E+04  0.133286E+03
0.317000E+04  0.138412E+03
0.319000E+04  0.124742E+03
0.321000E+04  0.135279E+03
0.323000E+04  0.119900E+03
0.325000E+04  0.137558E+03
0.327000E+04  0.148950E+03
0.329000E+04  0.146102E+03
0.331000E+04  0.150374E+03
0.333000E+04  0.148950E+03
0.335000E+04  0.148950E+03
0.337000E+04  0.136988E+03
0.339000E+04  0.143823E+03
0.341000E+04  0.142969E+03
0.343000E+04  0.143538E+03
0.345000E+04  0.147526E+03
0.347000E+04  0.147526E+03
0.349000E+04  0.151797E+03
0.351000E+04  0.154930E+03
0.353000E+04  0.148950E+03
0.355000E+04  0.163474E+03
0.357000E+04  0.146102E+03
0.359000E+04  0.143254E+03
0.361000E+04  0.147526E+03
0.363000E+04  0.147526E+03
0.364000E+04  0.150374E+03
0.365000E+04  0.163474E+03
0.367000E+04  0.157778E+03
0.369000E+04  0.147526E+03
0.371000E+04  0.159202E+03
0.373000E+04  0.150374E+03
0.375000E+04  0.166607E+03
0.377000E+04  0.179708E+03
0.379000E+04  0.195656E+03
0.381000E+04  0.211890E+03
0.383000E+04  0.164898E+03
0.385000E+04  0.217586E+03
0.387000E+04  0.226415E+03
0.389000E+04  0.186828E+03
0.391000E+04  0.221858E+03
0.393000E+04  0.131007E+03
0.395000E+04  0.195656E+03
0.397000E+04  0.136134E+03
0.399000E+04  0.233819E+03
0.401000E+04  0.246920E+03
0.403000E+04  0.249768E+03
0.405000E+04  0.245496E+03
0.407000E+04  0.240939E+03
0.409000E+04  0.238091E+03
0.411000E+04  0.211890E+03
0.413000E+04  0.248344E+03
0.415000E+04  0.255464E+03
0.417000E+04  0.254040E+03
0.419000E+04  0.251192E+03
0.421000E+04  0.249768E+03
0.423000E+04  0.242363E+03
0.425000E+04  0.246920E+03
0.427000E+04  0.239515E+03
0.429000E+04  0.233819E+03
0.431000E+04  0.213314E+03
0.433000E+04  0.224991E+03
0.435000E+04  0.205909E+03
0.437000E+04  0.249768E+03
0.439000E+04  0.240939E+03
0.441000E+04  0.243787E+03
0.443000E+04  0.242363E+03
0.445000E+04  0.242363E+03
0.447000E+04  0.246920E+03
0.449000E+04  0.243787E+03
0.451000E+04  0.258597E+03
0.453000E+04  0.242363E+03
0.455000E+04  0.243787E+03
0.457000E+04  0.254040E+03
0.459000E+04  0.242363E+03
0.461000E+04  0.246920E+03
0.463000E+04  0.242363E+03
0.465000E+04  0.243787E+03
0.467000E+04  0.246920E+03
0.469000E+04  0.242363E+03
0.471000E+04  0.232111E+03
0.473000E+04  0.242363E+03
0.475000E+04  0.243787E+03
0.477000E+04  0.240939E+03
0.479000E+04  0.239515E+03
0.481000E+04  0.236667E+03
0.483000E+04  0.236667E+03
0.485000E+04  0.213314E+03
0.487000E+04  0.182556E+03
0.489000E+04  0.224991E+03
0.491000E+04  0.226415E+03
0.493000E+04  0.223567E+03
0.495000E+04  0.227839E+03
0.497000E+04  0.230687E+03
0.499000E+04  0.217586E+03
0.501000E+04  0.211890E+03
0.503000E+04  0.220434E+03
0.505000E+04  0.219010E+03
0.507000E+04  0.223567E+03
0.509000E+04  0.219010E+03
0.511000E+04  0.220434E+03
0.513000E+04  0.214738E+03
0.515000E+04  0.210181E+03
0.517000E+04  0.203061E+03
0.519000E+04  0.201637E+03
0.521000E+04  0.207333E+03
0.523000E+04  0.208757E+03
0.525000E+04  0.211890E+03
0.527000E+04  0.195656E+03
0.529000E+04  0.207333E+03
0.531000E+04  0.208757E+03
0.533000E+04  0.198504E+03
0.535000E+04  0.205909E+03
0.537000E+04  0.204485E+03
0.539000E+04  0.203061E+03
0.541000E+04  0.197080E+03
0.543000E+04  0.200213E+03
0.545000E+04  0.201637E+03
0.547000E+04  0.198504E+03
0.549000E+04  0.200213E+03
0.551000E+04  0.198504E+03
0.553000E+04  0.197080E+03
0.555000E+04  0.197080E+03
0.557000E+04  0.192808E+03
0.559000E+04  0.191384E+03
0.561000E+04  0.192808E+03
0.563000E+04  0.192808E+03
0.565000E+04  0.192808E+03
0.567000E+04  0.188536E+03
0.569000E+04  0.189960E+03
0.571000E+04  0.186828E+03
0.573000E+04  0.192808E+03
0.575000E+04  0.188536E+03
0.577000E+04  0.188536E+03
0.579000E+04  0.185404E+03
0.581000E+04  0.186828E+03
0.583000E+04  0.186828E+03
0.585000E+04  0.183980E+03
0.587000E+04  0.182556E+03
0.589000E+04  0.178284E+03
0.591000E+04  0.181132E+03
0.593000E+04  0.179708E+03
0.595000E+04  0.179708E+03
0.597000E+04  0.178284E+03
0.599000E+04  0.176860E+03
0.601000E+04  0.173727E+03
0.603000E+04  0.173727E+03
0.605000E+04  0.175151E+03
0.607000E+04  0.173727E+03
0.609000E+04  0.170879E+03
0.611000E+04  0.169455E+03
0.613000E+04  0.164898E+03
0.615000E+04  0.164898E+03
0.617000E+04  0.163474E+03
0.619000E+04  0.166607E+03
0.621000E+04  0.166607E+03
0.623000E+04  0.163474E+03
0.625000E+04  0.159202E+03
0.627000E+04  0.163474E+03
0.629000E+04  0.162050E+03
0.631000E+04  0.159202E+03
0.633000E+04  0.159202E+03
0.635000E+04  0.157778E+03
0.637000E+04  0.157778E+03
0.639000E+04  0.157778E+03
0.641000E+04  0.153221E+03
0.643000E+04  0.153221E+03
0.645000E+04  0.151797E+03
0.647000E+04  0.151797E+03
0.649000E+04  0.148950E+03
0.651000E+04  0.150374E+03
0.653000E+04  0.147526E+03
0.655000E+04  0.136418E+03
0.657000E+04  0.113065E+03
0.659000E+04  0.142399E+03
0.661000E+04  0.146102E+03
0.663000E+04  0.146102E+03
0.665000E+04  0.145532E+03
0.667000E+04  0.144108E+03
0.669000E+04  0.144678E+03
0.671000E+04  0.142969E+03
0.673000E+04  0.142969E+03
0.675000E+04  0.141260E+03
0.677000E+04  0.140975E+03
0.679000E+04  0.140121E+03
0.681000E+04  0.138982E+03
0.683000E+04  0.138412E+03
0.685000E+04  0.136418E+03
0.687000E+04  0.136988E+03
0.689000E+04  0.136134E+03
0.691000E+04  0.135279E+03
0.693000E+04  0.134425E+03
0.695000E+04  0.133855E+03
0.697000E+04  0.133001E+03
0.699000E+04  0.132431E+03
0.701000E+04  0.129583E+03
0.703000E+04  0.130153E+03
0.705000E+04  0.129868E+03
0.707000E+04  0.129014E+03
0.709000E+04  0.128159E+03
0.711000E+04  0.126450E+03
0.713000E+04  0.125881E+03
0.715000E+04  0.125026E+03
0.717000E+04  0.124172E+03
0.719000E+04  0.122463E+03
0.721000E+04  0.123033E+03
0.723000E+04  0.122178E+03
0.725000E+04  0.121894E+03
0.727000E+04  0.121609E+03
0.729000E+04  0.119046E+03
0.731000E+04  0.119330E+03
0.733000E+04  0.118761E+03
0.735000E+04  0.118761E+03
0.737000E+04  0.118191E+03
0.739000E+04  0.116198E+03
0.741000E+04  0.113919E+03
0.743000E+04  0.114774E+03
0.745000E+04  0.114774E+03
0.747000E+04  0.114204E+03
0.749000E+04  0.113350E+03
0.751000E+04  0.112780E+03
0.753000E+04  0.112495E+03
0.755000E+04  0.112495E+03
0.757000E+04  0.111356E+03
0.759000E+04  0.110787E+03
0.761000E+04  0.109932E+03
0.763000E+04  0.109647E+03
0.765000E+04  0.108793E+03
0.767000E+04  0.106799E+03
0.769000E+04  0.107369E+03
0.771000E+04  0.106230E+03
0.773000E+04  0.106230E+03
0.775000E+04  0.105091E+03
0.777000E+04  0.103951E+03
0.779000E+04  0.105091E+03
0.781000E+04  0.104236E+03
0.783000E+04  0.103097E+03
0.785000E+04  0.101958E+03
0.787000E+04  0.102243E+03
0.789000E+04  0.101673E+03
0.791000E+04  0.100819E+03
0.793000E+04  0.993946E+02
0.795000E+04  0.991098E+02
0.797000E+04  0.996794E+02
0.799000E+04  0.991098E+02
0.801000E+04  0.979706E+02
0.803000E+04  0.976858E+02
0.805000E+04  0.968314E+02
0.807000E+04  0.968314E+02
0.809000E+04  0.956922E+02
0.811000E+04  0.956922E+02
0.813000E+04  0.954074E+02
0.815000E+04  0.948378E+02
0.817000E+04  0.942682E+02
0.819000E+04  0.919899E+02
0.821000E+04  0.919899E+02
0.823000E+04  0.914203E+02
0.825000E+04  0.914203E+02
0.827000E+04  0.917051E+02
0.829000E+04  0.911355E+02
0.831000E+04  0.899963E+02
0.833000E+04  0.885723E+02
0.835000E+04  0.891419E+02
0.837000E+04  0.888571E+02
0.839000E+04  0.874331E+02
0.841000E+04  0.877179E+02
0.843000E+04  0.865787E+02
0.845000E+04  0.857243E+02
0.847000E+04  0.848699E+02
0.849000E+04  0.851547E+02
0.851000E+04  0.814523E+02
0.853000E+04  0.848699E+02
0.855000E+04  0.783195E+02
0.857000E+04  0.848699E+02
0.859000E+04  0.820219E+02
0.861000E+04  0.811675E+02
0.863000E+04  0.834459E+02
0.865000E+04  0.823067E+02
0.867000E+04  0.740476E+02
0.869000E+04  0.805979E+02
0.871000E+04  0.817371E+02
0.873000E+04  0.805979E+02
0.875000E+04  0.749020E+02
0.877000E+04  0.794587E+02
0.879000E+04  0.803131E+02
0.881000E+04  0.791739E+02
0.883000E+04  0.786043E+02
0.885000E+04  0.766107E+02
0.887000E+04  0.714844E+02
0.889000E+04  0.777499E+02
0.891000E+04  0.777499E+02
0.893000E+04  0.768955E+02
0.895000E+04  0.771803E+02
0.897000E+04  0.766107E+02
0.899000E+04  0.757564E+02
0.901000E+04  0.686364E+02
0.903000E+04  0.723388E+02
0.905000E+04  0.751868E+02
0.907000E+04  0.734780E+02
0.909000E+04  0.720540E+02
0.911000E+04  0.731932E+02
0.913000E+04  0.737628E+02
0.915000E+04  0.734780E+02
0.917000E+04  0.729084E+02
0.919000E+04  0.726236E+02
0.921000E+04  0.703452E+02
0.923000E+04  0.632252E+02
0.925000E+04  0.689212E+02
0.927000E+04  0.700604E+02
0.929000E+04  0.709148E+02
0.931000E+04  0.706300E+02
0.933000E+04  0.700604E+02
0.935000E+04  0.697756E+02
0.937000E+04  0.694908E+02
0.939000E+04  0.692060E+02
0.941000E+04  0.663580E+02
0.943000E+04  0.680668E+02
0.945000E+04  0.674972E+02
0.947000E+04  0.674972E+02
0.949000E+04  0.672124E+02
0.951000E+04  0.666428E+02
0.953000E+04  0.649340E+02
0.955000E+04  0.580989E+02
0.957000E+04  0.643644E+02
0.959000E+04  0.652188E+02
0.961000E+04  0.646492E+02
0.963000E+04  0.640796E+02
0.965000E+04  0.640796E+02
0.967000E+04  0.635100E+02
0.969000E+04  0.635100E+02
0.971000E+04  0.637948E+02
0.973000E+04  0.635100E+02
0.975000E+04  0.623708E+02
0.977000E+04  0.623708E+02
0.979000E+04  0.620860E+02
0.981000E+04  0.618012E+02
0.983000E+04  0.615164E+02
0.985000E+04  0.612316E+02
0.987000E+04  0.606620E+02
0.989000E+04  0.603772E+02
0.991000E+04  0.600924E+02
0.993000E+04  0.600924E+02
0.995000E+04  0.598076E+02
0.997000E+04  0.595228E+02
0.999000E+04  0.592380E+02
0.100250E+05  0.572445E+02
0.100750E+05  0.549661E+02
0.101250E+05  0.569597E+02
0.101750E+05  0.561053E+02
0.102250E+05  0.558205E+02
0.102750E+05  0.552509E+02
0.103250E+05  0.543965E+02
0.103750E+05  0.538269E+02
0.104250E+05  0.532573E+02
0.104750E+05  0.521181E+02
0.105250E+05  0.518333E+02
0.105750E+05  0.509789E+02
0.106250E+05  0.504093E+02
0.106750E+05  0.489853E+02
0.107250E+05  0.489853E+02
0.107750E+05  0.484157E+02
0.108250E+05  0.475613E+02
0.108750E+05  0.469917E+02
0.109250E+05  0.435741E+02
0.109750E+05  0.449981E+02
0.110250E+05  0.458525E+02
0.110750E+05  0.452829E+02
0.111250E+05  0.447133E+02
0.111750E+05  0.441437E+02
0.112250E+05  0.438589E+02
0.112750E+05  0.427197E+02
0.113250E+05  0.424349E+02
0.113750E+05  0.421501E+02
0.114250E+05  0.412958E+02
0.114750E+05  0.412958E+02
0.115250E+05  0.410110E+02
0.115750E+05  0.404414E+02
0.116250E+05  0.393022E+02
0.116750E+05  0.387326E+02
0.117250E+05  0.390174E+02
0.117750E+05  0.378782E+02
0.118250E+05  0.375934E+02
0.118750E+05  0.370238E+02
0.119250E+05  0.373086E+02
0.119750E+05  0.364542E+02
0.120250E+05  0.364542E+02
0.120750E+05  0.358846E+02
0.121250E+05  0.355998E+02
0.121750E+05  0.353150E+02
0.122250E+05  0.350302E+02
0.122750E+05  0.344606E+02
0.123250E+05  0.341758E+02
0.123750E+05  0.336062E+02
0.124250E+05  0.333214E+02
0.124750E+05  0.330366E+02
0.125250E+05  0.324670E+02
0.125750E+05  0.321822E+02
0.126250E+05  0.318974E+02
0.126750E+05  0.316126E+02
0.127250E+05  0.313278E+02
0.127750E+05  0.304734E+02
0.128250E+05  0.274546E+02
0.128750E+05  0.299038E+02
0.129250E+05  0.299038E+02
0.129750E+05  0.296190E+02
0.130250E+05  0.293342E+02
0.130750E+05  0.290494E+02
0.131250E+05  0.287646E+02
0.131750E+05  0.283374E+02
0.132250E+05  0.281950E+02
0.132750E+05  0.277394E+02
0.133250E+05  0.275970E+02
0.133750E+05  0.273122E+02
0.134250E+05  0.270274E+02
0.134750E+05  0.267141E+02
0.135250E+05  0.264293E+02
0.135750E+05  0.260021E+02
0.136250E+05  0.258597E+02
0.136750E+05  0.255464E+02
0.137250E+05  0.251192E+02
0.137750E+05  0.249768E+02
0.138250E+05  0.248344E+02
0.138750E+05  0.246920E+02
0.139250E+05  0.243787E+02
0.139750E+05  0.240939E+02
0.140250E+05  0.238091E+02
0.140750E+05  0.236667E+02
0.141250E+05  0.232111E+02
0.141750E+05  0.232111E+02
0.142250E+05  0.227839E+02
0.142750E+05  0.224991E+02
0.143250E+05  0.224991E+02
0.143750E+05  0.223567E+02
0.144250E+05  0.214738E+02
0.144750E+05  0.217586E+02
0.145250E+05  0.213314E+02
0.145700E+05  0.213314E+02
0.146200E+05  0.211890E+02
0.146750E+05  0.211890E+02
0.147250E+05  0.208757E+02
0.147750E+05  0.205909E+02
0.148250E+05  0.204485E+02
0.148750E+05  0.200213E+02
0.149250E+05  0.200213E+02
0.149750E+05  0.197080E+02
0.150250E+05  0.192808E+02
0.150750E+05  0.191384E+02
0.151250E+05  0.191384E+02
0.151750E+05  0.189960E+02
0.152250E+05  0.185404E+02
0.152750E+05  0.185404E+02
0.153250E+05  0.182556E+02
0.153750E+05  0.181132E+02
0.154250E+05  0.178284E+02
0.154750E+05  0.178284E+02
0.155250E+05  0.175151E+02
0.155750E+05  0.172303E+02
0.156250E+05  0.173727E+02
0.156750E+05  0.169455E+02
0.157250E+05  0.166607E+02
0.157750E+05  0.166607E+02
0.158250E+05  0.164898E+02
0.158750E+05  0.157778E+02
0.159250E+05  0.162050E+02
0.159750E+05  0.162050E+02
0.160500E+05  0.159202E+02
0.161500E+05  0.153221E+02
0.162500E+05  0.154930E+02
0.163500E+05  0.148950E+02
0.164500E+05  0.142684E+02
0.165500E+05  0.145817E+02
0.166500E+05  0.142969E+02
0.167500E+05  0.136703E+02
0.168500E+05  0.130153E+02
0.169500E+05  0.134425E+02
0.170500E+05  0.131292E+02
0.171500E+05  0.129014E+02
0.172500E+05  0.124742E+02
0.173500E+05  0.115059E+02
0.174500E+05  0.119046E+02
0.175500E+05  0.118191E+02
0.176500E+05  0.115913E+02
0.177500E+05  0.113919E+02
0.178500E+05  0.111641E+02
0.179500E+05  0.109932E+02
0.180500E+05  0.106799E+02
0.181500E+05  0.985402E+01
0.182500E+05  0.101103E+02
0.183500E+05  0.101103E+02
0.184500E+05  0.988250E+01
0.185500E+05  0.971162E+01
0.186500E+05  0.945530E+01
0.187500E+05  0.860091E+01
0.188500E+05  0.908507E+01
0.189500E+05  0.888571E+01
0.190500E+05  0.888571E+01
0.191500E+05  0.868635E+01
0.192500E+05  0.851547E+01
0.193500E+05  0.828763E+01
0.194500E+05  0.760411E+01
0.195500E+05  0.803131E+01
0.196500E+05  0.791739E+01
0.197500E+05  0.774651E+01
0.198500E+05  0.766107E+01
0.199500E+05  0.751868E+01
0.200500E+05  0.737628E+01
0.201500E+05  0.726236E+01
0.202500E+05  0.711996E+01
0.203500E+05  0.697756E+01
0.204500E+05  0.689212E+01
0.205500E+05  0.677820E+01
0.206500E+05  0.660732E+01
0.207500E+05  0.652188E+01
0.208500E+05  0.640796E+01
0.209500E+05  0.629404E+01
0.210500E+05  0.618012E+01
0.211500E+05  0.606620E+01
0.212500E+05  0.598076E+01
0.213500E+05  0.589532E+01
0.214500E+05  0.578141E+01
0.215500E+05  0.566749E+01
0.216500E+05  0.518333E+01
0.217500E+05  0.543965E+01
0.218500E+05  0.538269E+01
0.219500E+05  0.532573E+01
0.220500E+05  0.521181E+01
0.221500E+05  0.515485E+01
0.222500E+05  0.506941E+01
0.223500E+05  0.498397E+01
0.224500E+05  0.489853E+01
0.225500E+05  0.481309E+01
0.226500E+05  0.472765E+01
0.227500E+05  0.467069E+01
0.228500E+05  0.458525E+01
0.229500E+05  0.452829E+01
0.230500E+05  0.447133E+01
0.231500E+05  0.438589E+01
0.232500E+05  0.432893E+01
0.233500E+05  0.424349E+01
0.234500E+05  0.418654E+01
0.235500E+05  0.412958E+01
0.236500E+05  0.407262E+01
0.237500E+05  0.398718E+01
0.238500E+05  0.390174E+01
0.239500E+05  0.384478E+01
0.240500E+05  0.378782E+01
0.241500E+05  0.373086E+01
0.242500E+05  0.367390E+01
0.243500E+05  0.361694E+01
0.244500E+05  0.355998E+01
0.245500E+05  0.350302E+01
0.246500E+05  0.347454E+01
0.247500E+05  0.338910E+01
0.248500E+05  0.333214E+01
0.249500E+05  0.327518E+01
0.250500E+05  0.327518E+01
0.251500E+05  0.321822E+01
0.252500E+05  0.316126E+01
0.253500E+05  0.310430E+01
0.254500E+05  0.307582E+01
0.255500E+05  0.301886E+01
0.256500E+05  0.296190E+01
0.257500E+05  0.293342E+01
0.258500E+05  0.290494E+01
0.259500E+05  0.287646E+01
0.260500E+05  0.280526E+01
0.261500E+05  0.273122E+01
0.262500E+05  0.254040E+01
0.263500E+05  0.267141E+01
0.264500E+05  0.265717E+01
0.265500E+05  0.262869E+01
0.266500E+05  0.257173E+01
0.267500E+05  0.249768E+01
0.268500E+05  0.251192E+01
0.269500E+05  0.249768E+01
0.270500E+05  0.245496E+01
0.271500E+05  0.242363E+01
0.272500E+05  0.239515E+01
0.273500E+05  0.235243E+01
0.274500E+05  0.232111E+01
0.275500E+05  0.223567E+01
0.276500E+05  0.223567E+01
0.277500E+05  0.223567E+01
0.278500E+05  0.220434E+01
0.279500E+05  0.217586E+01
0.280500E+05  0.214738E+01
0.281500E+05  0.211890E+01
0.282500E+05  0.208757E+01
0.283500E+05  0.205909E+01
0.284500E+05  0.203061E+01
0.285500E+05  0.200213E+01
0.286500E+05  0.195656E+01
0.287500E+05  0.188536E+01
0.288500E+05  0.191384E+01
0.289500E+05  0.189960E+01
0.290500E+05  0.188536E+01
0.291500E+05  0.185404E+01
0.292500E+05  0.182556E+01
0.293500E+05  0.181132E+01
0.294500E+05  0.178284E+01
0.295500E+05  0.176860E+01
0.296500E+05  0.173727E+01
0.297500E+05  0.172303E+01
0.298500E+05  0.169455E+01
0.299500E+05  0.166607E+01
0.300500E+05  0.164898E+01
0.301500E+05  0.163474E+01
0.302500E+05  0.160626E+01
0.303500E+05  0.153221E+01
0.304500E+05  0.153221E+01
0.305500E+05  0.154930E+01
0.306500E+05  0.153221E+01
0.307500E+05  0.151797E+01
0.308500E+05  0.148950E+01
0.309500E+05  0.147526E+01
0.310500E+05  0.145817E+01
0.311500E+05  0.143254E+01
0.312500E+05  0.142114E+01
0.313500E+05  0.140690E+01
0.314500E+05  0.138982E+01
0.315500E+05  0.136988E+01
0.316500E+05  0.135564E+01
0.317500E+05  0.133855E+01
0.318500E+05  0.132431E+01
0.319500E+05  0.131007E+01
0.321000E+05  0.128444E+01
0.323000E+05  0.125596E+01
0.325000E+05  0.122748E+01
0.327000E+05  0.119615E+01
0.329000E+05  0.113065E+01
0.331000E+05  0.113635E+01
0.333000E+05  0.111641E+01
0.335000E+05  0.109363E+01
0.337000E+05  0.106515E+01
0.339000E+05  0.104236E+01
0.341000E+05  0.101673E+01
0.343000E+05  0.996794E+00
0.345000E+05  0.976858E+00
0.347000E+05  0.954074E+00
0.349000E+05  0.934138E+00
0.351000E+05  0.914203E+00
0.353000E+05  0.894267E+00
0.355000E+05  0.874331E+00
0.357000E+05  0.854395E+00
0.359000E+05  0.837307E+00
0.361000E+05  0.820219E+00
0.363000E+05  0.803131E+00
0.365000E+05  0.783195E+00
0.367000E+05  0.768955E+00
0.369000E+05  0.749020E+00
0.371000E+05  0.734780E+00
0.373000E+05  0.711996E+00
0.375000E+05  0.689212E+00
0.377000E+05  0.692060E+00
0.379000E+05  0.677820E+00
0.381000E+05  0.663580E+00
0.383000E+05  0.652188E+00
0.385000E+05  0.640796E+00
0.387000E+05  0.626556E+00
0.389000E+05  0.615164E+00
0.391000E+05  0.600924E+00
0.393000E+05  0.592380E+00
0.395000E+05  0.580989E+00
0.397000E+05  0.569597E+00
0.399000E+05  0.555357E+00
0.401000E+05  0.543965E+00
0.403000E+05  0.532573E+00
0.405000E+05  0.509789E+00
0.407000E+05  0.515485E+00
0.409000E+05  0.506941E+00
0.411000E+05  0.498397E+00
0.413000E+05  0.489853E+00
0.415000E+05  0.478461E+00
0.417000E+05  0.467069E+00
0.419000E+05  0.461373E+00
0.421000E+05  0.452829E+00
0.423000E+05  0.444285E+00
0.425000E+05  0.435741E+00
0.427000E+05  0.430045E+00
0.429000E+05  0.421501E+00
0.431000E+05  0.415806E+00
0.433000E+05  0.407262E+00
0.435000E+05  0.398718E+00
0.437000E+05  0.387326E+00
0.439000E+05  0.384478E+00
0.441000E+05  0.375934E+00
0.443000E+05  0.370238E+00
0.445000E+05  0.364542E+00
0.447000E+05  0.358846E+00
0.449000E+05  0.353150E+00
0.451000E+05  0.347454E+00
0.453000E+05  0.338910E+00
0.455000E+05  0.333214E+00
0.457000E+05  0.327518E+00
