
*** Output file for diagnostics after 20 coupled iterations ***

*** PHOTOCHEMICAL MODEL output

 Ozone column depth =  4.1408E+17 cm^-2

 Results sorted by Lower Boundary Condition

  Species with fixed surface FLUX
      Specified flux   Calculated flux    calc/spec      TL
 H2        -2.89E+12    -1.44E+12          5.00E-01    6.31E+08
 CH4        6.40E+12     3.22E+12          5.03E-01    4.92E+11
 CO        -3.80E+12    -1.90E+12          5.00E-01    1.20E+10
 N2O        1.76E+09     8.81E+08          5.01E-01    3.15E+09
 CH3CL      5.74E+07     2.89E+07          5.03E-01    5.56E+06
 
  Species with fixed VELOCITY DEPOSITION
               TL         TP         TL/TP
 H2CO       6.99E+10    2.92E+11    2.40E-01
 O          3.38E+13    3.34E+13    1.01E+00
 OH         7.83E+11    7.96E+11    9.84E-01
 HO2        5.81E+11    5.81E+11    1.00E+00
 H2O2       1.00E+09    1.18E+10    8.51E-02
 O3         3.11E+13    3.33E+13    9.34E-01
 H          2.23E+11    2.27E+11    9.82E-01
 CH3OOH     2.02E+10    2.07E+11    9.76E-02
 CH3O2      4.92E+11    4.96E+11    9.92E-01
 NO         1.05E+10    1.06E+10    9.99E-01
 NO2        1.70E+10    2.01E+10    8.47E-01
 HNO2       4.24E+04    4.23E+04    1.00E+00
 HNO3       1.01E+06    3.10E+07    3.25E-02
 HO2NO2     8.60E+09    7.83E+09    1.10E+00
 NO3        9.23E+08    9.42E+08    9.80E-01
 N2O5       8.84E+06    8.32E+06    1.06E+00
 CL2O2      2.19E+01    4.89E-03    4.48E+03
 HOCL       1.68E+05    7.33E+04    2.29E+00
 CL         7.34E+07    7.34E+07    1.00E+00
 CLO        4.30E+05    4.29E+05    1.00E+00
 HCL        4.32E+05    5.92E+06    7.29E-02
 CLONO2     2.98E+04    3.61E+03    8.25E+00
 H2S        1.19E+06    3.41E+08    3.48E-03
 HS         1.23E+06    1.22E+06    1.01E+00
 SO         3.30E+06    3.19E+06    1.03E+00
 SO2        7.83E+08    4.12E+09    1.90E-01
 H2SO4      8.32E+05    1.06E+08    7.87E-03
 HSO        1.52E+05    1.02E+06    1.48E-01
 SO4AER     4.32E+04    4.44E+04    9.74E-01

*** CLIMATE MODEL output

   Selected temperatures for diagnostic
 Layer    T_Ncoup-1       T_Ncoup       (T_n-1)-(T_n)     DIVF_Nstep
 100      3.1505E+02      3.1510E+02      4.4547E-02     -5.1010E+01
  99      3.1398E+02      3.1403E+02      4.4902E-02     -1.1216E+01
  Last convective layer 
  70      2.4349E+02      2.4359E+02      1.0205E-01     -6.1051E-03
  At the cold trap 
  58      2.2428E+02      2.2401E+02      2.6635E-01     -3.1303E-04
   2      2.2809E+02      2.2714E+02      9.5437E-01     -2.8559E-04
   1      2.2246E+02      2.2031E+02      2.1488E+00      2.6725E-05

  ** PARAMETERS OF THE ATMOSPHERE AT STEADY STATE **


 Factor for stellar flux =     1.0000


 Ozone column depth =  4.1408E+17 cm^-2

   *** Surface fluxes (cm^-2 s^-1) ***

     H2         CH4        CO         N2O        CH3CL 
 -1.444E+12  3.221E+12 -1.899E+12  8.813E+08  2.888E+07

   *** Mixing ratios ***

 Z (km) P(dyn/cm^2)   H2O       H2        CH4       CO        N2O       CH3CL   
  0.33   9.782E+05 5.554E-02 4.816E-07 4.151E-04 1.714-301 9.154E-08 5.014E-10
  0.98   9.126E+05 5.003E-02 5.245E-07 4.151E-04 5.645E-08 9.152E-08 5.005E-10
  1.62   8.510E+05 4.501E-02 5.422E-07 4.150E-04 7.971E-08 9.150E-08 5.001E-10
  2.28   7.933E+05 4.024E-02 5.480E-07 4.150E-04 8.735E-08 9.150E-08 5.000E-10
  2.93   7.391E+05 3.607E-02 5.496E-07 4.150E-04 8.942E-08 9.150E-08 5.000E-10
  3.58   6.884E+05 3.213E-02 5.499E-07 4.150E-04 8.989E-08 9.150E-08 5.000E-10
  4.23   6.408E+05 2.860E-02 5.500E-07 4.150E-04 8.999E-08 9.150E-08 5.000E-10
  4.88   5.963E+05 2.547E-02 5.500E-07 4.150E-04 9.000E-08 9.150E-08 5.000E-10
  5.53   5.545E+05 2.252E-02 5.500E-07 4.150E-04 9.001E-08 9.150E-08 5.000E-10
  6.18   5.155E+05 1.991E-02 5.500E-07 4.150E-04 9.001E-08 9.150E-08 5.000E-10
  6.83   4.790E+05 1.752E-02 5.500E-07 4.150E-04 9.001E-08 9.150E-08 5.000E-10
  7.48   4.448E+05 1.532E-02 5.500E-07 4.150E-04 9.001E-08 9.150E-08 5.000E-10
  8.12   4.129E+05 1.344E-02 5.500E-07 4.150E-04 9.001E-08 9.150E-08 5.000E-10
  8.78   3.830E+05 1.159E-02 5.500E-07 4.150E-04 9.001E-08 9.150E-08 5.000E-10
  9.42   3.551E+05 1.014E-02 5.500E-07 4.150E-04 9.001E-08 9.150E-08 5.000E-10
 10.07   3.291E+05 8.670E-03 5.500E-07 4.150E-04 9.001E-08 9.150E-08 5.000E-10
 10.72   3.048E+05 7.485E-03 5.500E-07 4.150E-04 9.001E-08 9.150E-08 5.000E-10
 11.38   2.821E+05 6.353E-03 5.500E-07 4.150E-04 9.001E-08 9.150E-08 5.000E-10
 12.03   2.610E+05 5.396E-03 5.500E-07 4.150E-04 9.001E-08 9.150E-08 5.000E-10
 12.67   2.413E+05 4.524E-03 5.500E-07 4.150E-04 9.001E-08 9.150E-08 5.000E-10
 13.32   2.229E+05 3.739E-03 5.500E-07 4.150E-04 9.001E-08 9.150E-08 5.000E-10
 13.97   2.058E+05 3.084E-03 5.500E-07 4.150E-04 9.001E-08 9.150E-08 5.000E-10
 14.62   1.899E+05 2.526E-03 5.500E-07 4.150E-04 9.001E-08 9.150E-08 5.000E-10
 15.28   1.751E+05 2.043E-03 5.500E-07 4.150E-04 9.000E-08 9.149E-08 5.000E-10
 15.93   1.613E+05 1.628E-03 5.500E-07 4.150E-04 9.000E-08 9.149E-08 5.000E-10
 16.57   1.485E+05 1.276E-03 5.500E-07 4.150E-04 9.000E-08 9.149E-08 5.000E-10
 17.23   1.366E+05 9.802E-04 5.500E-07 4.150E-04 9.000E-08 9.149E-08 5.000E-10
 17.88   1.255E+05 7.445E-04 5.500E-07 4.150E-04 9.001E-08 9.149E-08 5.000E-10
 18.52   1.153E+05 5.854E-04 5.500E-07 4.150E-04 9.001E-08 9.149E-08 5.000E-10
 19.18   1.057E+05 4.576E-04 5.500E-07 4.150E-04 9.001E-08 9.149E-08 5.000E-10
 19.82   9.684E+04 3.438E-04 5.500E-07 4.150E-04 9.001E-08 9.148E-08 5.000E-10
 20.48   8.859E+04 2.462E-04 5.500E-07 4.150E-04 9.002E-08 9.148E-08 5.000E-10
 21.12   8.095E+04 2.001E-04 5.500E-07 4.150E-04 9.002E-08 9.148E-08 5.000E-10
 21.77   7.389E+04 1.825E-04 5.500E-07 4.150E-04 9.003E-08 9.148E-08 5.000E-10
 22.43   6.741E+04 1.650E-04 5.500E-07 4.150E-04 9.004E-08 9.147E-08 5.000E-10
 23.07   6.145E+04 1.501E-04 5.500E-07 4.150E-04 9.006E-08 9.147E-08 5.000E-10
 23.73   5.599E+04 1.389E-04 5.500E-07 4.150E-04 9.008E-08 9.146E-08 5.000E-10
 24.38   5.098E+04 1.292E-04 5.500E-07 4.150E-04 9.010E-08 9.146E-08 5.000E-10
 25.02   4.640E+04 1.203E-04 5.500E-07 4.150E-04 9.014E-08 9.145E-08 5.000E-10
 25.68   4.220E+04 1.127E-04 5.500E-07 4.150E-04 9.017E-08 9.145E-08 5.000E-10
 26.32   3.836E+04 1.068E-04 5.500E-07 4.150E-04 9.022E-08 9.144E-08 5.000E-10
 26.98   3.486E+04 9.433E-05 5.500E-07 4.150E-04 9.027E-08 9.144E-08 5.000E-10
 27.62   3.166E+04 6.905E-05 5.500E-07 4.150E-04 9.033E-08 9.143E-08 5.000E-10
 28.27   2.875E+04 4.645E-05 5.500E-07 4.150E-04 9.040E-08 9.143E-08 5.000E-10
 28.93   2.611E+04 3.182E-05 5.500E-07 4.150E-04 9.048E-08 9.142E-08 5.000E-10
 29.57   2.371E+04 2.259E-05 5.501E-07 4.150E-04 9.057E-08 9.141E-08 5.000E-10
 30.23   2.152E+04 1.637E-05 5.501E-07 4.150E-04 9.068E-08 9.141E-08 5.000E-10
 30.88   1.954E+04 1.242E-05 5.501E-07 4.150E-04 9.080E-08 9.140E-08 5.000E-10
 31.53   1.773E+04 1.039E-05 5.501E-07 4.150E-04 9.093E-08 9.139E-08 5.000E-10
 32.18   1.609E+04 1.001E-05 5.501E-07 4.150E-04 9.108E-08 9.138E-08 5.000E-10
 32.83   1.459E+04 1.000E-05 5.501E-07 4.150E-04 9.124E-08 9.138E-08 5.000E-10
 33.48   1.322E+04 1.000E-05 5.501E-07 4.150E-04 9.142E-08 9.137E-08 4.999E-10
 34.13   1.197E+04 1.000E-05 5.501E-07 4.150E-04 9.161E-08 9.136E-08 4.999E-10
 34.78   1.084E+04 1.000E-05 5.501E-07 4.150E-04 9.183E-08 9.136E-08 4.999E-10
 35.43   9.810E+03 1.000E-05 5.501E-07 4.150E-04 9.205E-08 9.135E-08 4.999E-10
 36.08   8.873E+03 1.000E-05 5.501E-07 4.150E-04 9.230E-08 9.134E-08 4.999E-10
 36.73   8.022E+03 1.000E-05 5.501E-07 4.150E-04 9.257E-08 9.133E-08 4.999E-10
 37.38   7.252E+03 1.000E-05 5.501E-07 4.150E-04 9.287E-08 9.133E-08 4.999E-10
 38.03   6.554E+03 1.000E-05 5.501E-07 4.150E-04 9.318E-08 9.132E-08 4.999E-10
 38.68   5.923E+03 1.000E-05 5.501E-07 4.150E-04 9.353E-08 9.131E-08 4.999E-10
 39.33   5.353E+03 1.000E-05 5.501E-07 4.150E-04 9.391E-08 9.131E-08 4.999E-10
 39.98   4.838E+03 1.000E-05 5.501E-07 4.150E-04 9.432E-08 9.130E-08 4.999E-10
 40.63   4.374E+03 1.000E-05 5.501E-07 4.150E-04 9.478E-08 9.129E-08 4.999E-10
 41.28   3.956E+03 1.000E-05 5.501E-07 4.150E-04 9.529E-08 9.128E-08 4.999E-10
 41.93   3.579E+03 1.000E-05 5.502E-07 4.150E-04 9.586E-08 9.128E-08 4.998E-10
 42.58   3.240E+03 1.000E-05 5.502E-07 4.150E-04 9.650E-08 9.127E-08 4.998E-10
 43.23   2.934E+03 1.000E-05 5.502E-07 4.150E-04 9.723E-08 9.126E-08 4.998E-10
 43.88   2.658E+03 1.000E-05 5.502E-07 4.150E-04 9.808E-08 9.126E-08 4.998E-10
 44.53   2.409E+03 1.000E-05 5.502E-07 4.150E-04 9.907E-08 9.125E-08 4.998E-10
 45.18   2.184E+03 1.001E-05 5.502E-07 4.150E-04 1.002E-07 9.124E-08 4.997E-10
 45.83   1.981E+03 1.003E-05 5.502E-07 4.150E-04 1.016E-07 9.124E-08 4.997E-10
 46.48   1.797E+03 9.928E-06 5.503E-07 4.150E-04 1.033E-07 9.123E-08 4.997E-10
 47.13   1.630E+03 9.925E-06 5.503E-07 4.150E-04 1.054E-07 9.122E-08 4.996E-10
 47.78   1.479E+03 9.929E-06 5.503E-07 4.150E-04 1.079E-07 9.121E-08 4.995E-10
 48.43   1.342E+03 9.958E-06 5.504E-07 4.150E-04 1.111E-07 9.120E-08 4.995E-10
 49.08   1.218E+03 9.953E-06 5.504E-07 4.150E-04 1.149E-07 9.120E-08 4.994E-10
 49.73   1.105E+03 9.824E-06 5.505E-07 4.150E-04 1.197E-07 9.119E-08 4.993E-10
 50.38   1.003E+03 1.015E-05 5.505E-07 4.150E-04 1.256E-07 9.118E-08 4.991E-10
 51.03   9.102E+02 1.109E-05 5.506E-07 4.150E-04 1.328E-07 9.117E-08 4.990E-10
 51.68   8.263E+02 1.156E-05 5.506E-07 4.149E-04 1.414E-07 9.116E-08 4.989E-10
 52.33   7.501E+02 1.082E-05 5.507E-07 4.149E-04 1.514E-07 9.115E-08 4.987E-10
 52.98   6.810E+02 9.904E-06 5.507E-07 4.149E-04 1.628E-07 9.114E-08 4.985E-10
 53.63   6.183E+02 9.958E-06 5.508E-07 4.149E-04 1.756E-07 9.113E-08 4.983E-10
 54.28   5.614E+02 1.016E-05 5.508E-07 4.149E-04 1.894E-07 9.112E-08 4.981E-10
 54.93   5.096E+02 1.037E-05 5.508E-07 4.149E-04 2.042E-07 9.111E-08 4.979E-10
 55.58   4.626E+02 1.058E-05 5.509E-07 4.149E-04 2.195E-07 9.110E-08 4.977E-10
 56.23   4.199E+02 1.082E-05 5.509E-07 4.149E-04 2.353E-07 9.109E-08 4.975E-10
 56.88   3.811E+02 1.092E-05 5.509E-07 4.149E-04 2.516E-07 9.108E-08 4.972E-10
 57.53   3.460E+02 1.110E-05 5.510E-07 4.149E-04 2.686E-07 9.107E-08 4.970E-10
 58.18   3.142E+02 1.131E-05 5.510E-07 4.148E-04 2.866E-07 9.105E-08 4.968E-10
 58.83   2.854E+02 1.150E-05 5.511E-07 4.148E-04 3.061E-07 9.104E-08 4.966E-10
 59.48   2.594E+02 1.165E-05 5.512E-07 4.148E-04 3.274E-07 9.103E-08 4.963E-10
 60.13   2.359E+02 1.176E-05 5.514E-07 4.148E-04 3.510E-07 9.101E-08 4.960E-10
 60.78   2.147E+02 1.186E-05 5.516E-07 4.148E-04 3.775E-07 9.100E-08 4.957E-10
 61.43   1.955E+02 1.196E-05 5.520E-07 4.148E-04 4.079E-07 9.098E-08 4.954E-10
 62.08   1.782E+02 1.207E-05 5.525E-07 4.147E-04 4.439E-07 9.097E-08 4.950E-10
 62.73   1.625E+02 1.216E-05 5.534E-07 4.147E-04 4.859E-07 9.095E-08 4.946E-10
 63.38   1.483E+02 1.227E-05 5.548E-07 4.147E-04 5.389E-07 9.093E-08 4.941E-10
 64.03   1.352E+02 1.237E-05 5.574E-07 4.147E-04 7.564E-07 9.090E-08 4.935E-10
 64.68   1.231E+02 1.247E-05 5.657E-07 4.146E-04 3.390E-06 9.085E-08 4.927E-10

   *** Number densities (cm^-3) ***

  Z(km) P(dyn/cm^2)   Total  OH          O3      
  0.33   9.782E+05 2.257E+19 4.669E+03 2.769E+11
  0.98   9.126E+05 2.118E+19 5.327E+03 2.683E+11
  1.62   8.510E+05 1.988E+19 5.863E+03 2.547E+11
  2.28   7.933E+05 1.865E+19 6.340E+03 2.397E+11
  2.93   7.391E+05 1.749E+19 6.787E+03 2.249E+11
  3.58   6.884E+05 1.639E+19 7.192E+03 2.110E+11
  4.23   6.408E+05 1.536E+19 7.588E+03 1.982E+11
  4.88   5.963E+05 1.439E+19 7.954E+03 1.863E+11
  5.53   5.545E+05 1.347E+19 8.286E+03 1.754E+11
  6.18   5.155E+05 1.261E+19 8.639E+03 1.654E+11
  6.83   4.790E+05 1.180E+19 8.915E+03 1.562E+11
  7.48   4.448E+05 1.103E+19 9.204E+03 1.480E+11
  8.12   4.129E+05 1.031E+19 9.450E+03 1.405E+11
  8.78   3.830E+05 9.639E+18 9.664E+03 1.337E+11
  9.42   3.551E+05 9.004E+18 9.896E+03 1.276E+11
 10.07   3.291E+05 8.408E+18 1.001E+04 1.222E+11
 10.72   3.048E+05 7.849E+18 1.022E+04 1.173E+11
 11.38   2.821E+05 7.323E+18 1.027E+04 1.129E+11
 12.03   2.610E+05 6.831E+18 1.044E+04 1.090E+11
 12.67   2.413E+05 6.369E+18 1.038E+04 1.056E+11
 13.32   2.229E+05 5.932E+18 1.033E+04 1.024E+11
 13.97   2.058E+05 5.522E+18 1.024E+04 9.944E+10
 14.62   1.899E+05 5.137E+18 1.010E+04 9.678E+10
 15.28   1.751E+05 4.779E+18 9.915E+03 9.438E+10
 15.93   1.613E+05 4.444E+18 9.676E+03 9.219E+10
 16.57   1.485E+05 4.132E+18 9.388E+03 9.021E+10
 17.23   1.366E+05 3.841E+18 9.060E+03 8.840E+10
 17.88   1.255E+05 3.571E+18 8.799E+03 8.676E+10
 18.52   1.153E+05 3.319E+18 8.991E+03 8.527E+10
 19.18   1.057E+05 3.086E+18 9.254E+03 8.394E+10
 19.82   9.684E+04 2.870E+18 9.492E+03 8.273E+10
 20.48   8.859E+04 2.666E+18 9.790E+03 8.157E+10
 21.12   8.095E+04 2.465E+18 1.118E+04 8.014E+10
 21.77   7.389E+04 2.269E+18 1.283E+04 7.840E+10
 22.43   6.741E+04 2.085E+18 1.464E+04 7.650E+10
 23.07   6.145E+04 1.914E+18 1.683E+04 7.467E+10
 23.73   5.599E+04 1.756E+18 1.881E+04 7.294E+10
 24.38   5.098E+04 1.609E+18 1.971E+04 7.119E+10
 25.02   4.640E+04 1.473E+18 1.859E+04 6.937E+10
 25.68   4.220E+04 1.348E+18 1.732E+04 6.738E+10
 26.32   3.836E+04 1.232E+18 1.779E+04 6.526E+10
 26.98   3.486E+04 1.125E+18 1.977E+04 6.309E+10
 27.62   3.166E+04 1.025E+18 2.242E+04 6.072E+10
 28.27   2.875E+04 9.324E+17 2.537E+04 5.816E+10
 28.93   2.611E+04 8.469E+17 2.871E+04 5.560E+10
 29.57   2.371E+04 7.696E+17 3.253E+04 5.308E+10
 30.23   2.152E+04 6.998E+17 3.693E+04 5.062E+10
 30.88   1.954E+04 6.368E+17 4.200E+04 4.824E+10
 31.53   1.773E+04 5.799E+17 4.785E+04 4.595E+10
 32.18   1.609E+04 5.285E+17 5.458E+04 4.375E+10
 32.83   1.459E+04 4.819E+17 6.228E+04 4.161E+10
 33.48   1.322E+04 4.392E+17 7.104E+04 3.954E+10
 34.13   1.197E+04 4.002E+17 8.091E+04 3.752E+10
 34.78   1.084E+04 3.643E+17 9.189E+04 3.556E+10
 35.43   9.810E+03 3.312E+17 1.039E+05 3.365E+10
 36.08   8.873E+03 3.008E+17 1.169E+05 3.179E+10
 36.73   8.022E+03 2.728E+17 1.311E+05 3.000E+10
 37.38   7.252E+03 2.472E+17 1.466E+05 2.828E+10
 38.03   6.554E+03 2.237E+17 1.637E+05 2.665E+10
 38.68   5.923E+03 2.023E+17 1.824E+05 2.509E+10
 39.33   5.353E+03 1.827E+17 2.031E+05 2.362E+10
 39.98   4.838E+03 1.649E+17 2.263E+05 2.223E+10
 40.63   4.374E+03 1.487E+17 2.525E+05 2.092E+10
 41.28   3.956E+03 1.340E+17 2.827E+05 1.970E+10
 41.93   3.579E+03 1.207E+17 3.180E+05 1.856E+10
 42.58   3.240E+03 1.088E+17 3.602E+05 1.751E+10
 43.23   2.934E+03 9.806E+16 4.114E+05 1.655E+10
 43.88   2.658E+03 8.847E+16 4.743E+05 1.567E+10
 44.53   2.409E+03 7.990E+16 5.521E+05 1.486E+10
 45.18   2.184E+03 7.223E+16 6.488E+05 1.413E+10
 45.83   1.981E+03 6.537E+16 7.685E+05 1.345E+10
 46.48   1.797E+03 5.920E+16 9.159E+05 1.282E+10
 47.13   1.630E+03 5.366E+16 1.096E+06 1.222E+10
 47.78   1.479E+03 4.866E+16 1.315E+06 1.165E+10
 48.43   1.342E+03 4.414E+16 1.577E+06 1.108E+10
 49.08   1.218E+03 4.004E+16 1.886E+06 1.050E+10
 49.73   1.105E+03 3.632E+16 2.244E+06 9.911E+09
 50.38   1.003E+03 3.292E+16 2.651E+06 9.290E+09
 51.03   9.102E+02 2.984E+16 3.107E+06 8.646E+09
 51.68   8.263E+02 2.706E+16 3.613E+06 7.990E+09
 52.33   7.501E+02 2.456E+16 4.167E+06 7.333E+09
 52.98   6.810E+02 2.229E+16 4.761E+06 6.680E+09
 53.63   6.183E+02 2.024E+16 5.386E+06 6.043E+09
 54.28   5.614E+02 1.839E+16 6.029E+06 5.427E+09
 54.93   5.096E+02 1.672E+16 6.674E+06 4.836E+09
 55.58   4.626E+02 1.519E+16 7.302E+06 4.269E+09
 56.23   4.199E+02 1.379E+16 7.891E+06 3.727E+09
 56.88   3.811E+02 1.252E+16 8.427E+06 3.213E+09
 57.53   3.460E+02 1.135E+16 8.897E+06 2.732E+09
 58.18   3.142E+02 1.027E+16 9.300E+06 2.292E+09
 58.83   2.854E+02 9.287E+15 9.645E+06 1.901E+09
 59.48   2.594E+02 8.391E+15 9.954E+06 1.564E+09
 60.13   2.359E+02 7.578E+15 1.026E+07 1.285E+09
 60.78   2.147E+02 6.845E+15 1.059E+07 1.060E+09
 61.43   1.955E+02 6.183E+15 1.101E+07 8.841E+08
 62.08   1.782E+02 5.587E+15 1.155E+07 7.493E+08
 62.73   1.625E+02 5.064E+15 1.233E+07 6.558E+08
 63.38   1.483E+02 4.624E+15 1.354E+07 6.100E+08
 64.03   1.352E+02 4.264E+15 1.538E+07 6.201E+08
 64.68   1.231E+02 3.964E+15 1.885E+07 7.517E+08

    ENERGY FLUXES IN W/m^2/nm and photons/m^2/s/nm (NOT DIURNALLY AVERAGED)

        WAV        EFLUX        GFLUX        PhEFLUX      PhGFLUX
    1.21600E+03  2.04307E-01  0.00000E+00  2.50000E+15  0.00000E+00
    1.32500E+03  2.40000E-03  0.00000E+00  1.60000E+15  0.00000E+00
    1.37500E+03  1.06964E-03  0.00000E+00  7.40000E+14  0.00000E+00
    1.42500E+03  1.22737E-03  0.00000E+00  8.80000E+14  0.00000E+00
    1.47500E+03  9.70169E-04  0.00000E+00  7.20000E+14  0.00000E+00
    1.52500E+03  3.12787E-03  0.00000E+00  2.40000E+15  0.00000E+00
    1.57500E+03  2.65000E-03  0.00000E+00  2.10000E+15  0.00000E+00
    1.62500E+03  2.81308E-03  0.00000E+00  2.30000E+15  0.00000E+00
    1.67500E+03  2.01716E-03  0.00000E+00  1.70000E+15  0.00000E+00
    1.72500E+03  8.06522E-04  0.00000E+00  7.00000E+14  0.00000E+00
    1.76200E+03  8.23425E-04  0.00000E+00  7.30000E+14  0.00000E+00
    1.77800E+03  5.66530E-04  0.00000E+00  5.06812E+14  0.00000E+00
    1.79400E+03  3.79511E-04  0.00000E+00  3.42562E+14  0.00000E+00
    1.81000E+03  3.17959E-03  0.00000E+00  2.89562E+15  0.00000E+00
    1.82700E+03  1.25841E-03  0.00000E+00  1.15647E+15  0.00000E+00
    1.84400E+03  4.89336E-04  0.00000E+00  4.53882E+14  0.00000E+00
    1.86100E+03  9.85942E-04  0.00000E+00  9.22941E+14  0.00000E+00
    1.87800E+03  4.88291E-04  0.00000E+00  4.61389E+14  0.00000E+00
    1.89600E+03  9.49840E-04  0.00000E+00  9.06111E+14  0.00000E+00
    1.91400E+03  7.32650E-04  0.00000E+00  7.05556E+14  0.00000E+00
    1.93300E+03  7.96786E-04  0.00000E+00  7.74737E+14  0.00000E+00
    1.95200E+03  8.16902E-04  0.00000E+00  8.02105E+14  0.00000E+00
    1.97100E+03  9.59788E-04  0.00000E+00  9.51579E+14  0.00000E+00
    1.99000E+03  0.00000E+00  0.00000E+00  0.00000E+00  0.00000E+00
    2.01000E+03  3.95770E-03  5.26844E-29  4.00250E+15  5.32808E-11
    2.03100E+03  1.67658E-03  3.56128E-18  1.71286E+15  3.63833E+00
    2.05200E+03  4.56030E-04  4.95596E-16  4.70714E+14  5.11554E+02
    2.07300E+03  2.12438E-03  7.83316E-08  2.21524E+15  8.16816E+10
    2.09400E+03  1.38229E-03  7.93796E-08  1.45636E+15  8.36332E+10
    2.11700E+03  4.71567E-04  4.31675E-08  5.02174E+14  4.59693E+10
    2.14000E+03  1.23753E-03  2.01415E-07  1.33217E+15  2.16819E+11
    2.16300E+03  1.07372E-03  2.57537E-07  1.16826E+15  2.80213E+11
    2.18700E+03  7.73161E-04  2.58052E-07  8.50769E+14  2.83954E+11
    2.21100E+03  1.81336E-03  6.46911E-07  2.01727E+15  7.19658E+11
    2.23500E+03  1.24489E-03  4.74851E-07  1.39960E+15  5.33864E+11
    2.26000E+03  3.74432E-03  1.40100E-06  4.25769E+15  1.59309E+12
    2.28600E+03  1.58201E-03  5.38436E-07  1.81962E+15  6.19302E+11
    2.31300E+03  2.95941E-03  8.36806E-07  3.44333E+15  9.73643E+11
    2.34000E+03  7.14243E-03  1.42923E-06  8.40741E+15  1.68235E+12
    2.36700E+03  7.71297E-03  1.00936E-06  9.18571E+15  1.20209E+12
    2.39600E+03  9.36967E-03  8.03244E-07  1.12931E+16  9.68136E+11
    2.42500E+03  4.06486E-03  2.40307E-07  4.95862E+15  2.93145E+11
    2.45400E+03  3.27200E-03  2.13971E-07  4.04000E+15  2.64193E+11
    2.48500E+03  5.67455E-03  1.86313E-07  7.09355E+15  2.32903E+11
    2.51600E+03  5.06305E-03  1.80674E-07  6.40938E+15  2.28718E+11
    2.54800E+03  4.42176E-03  7.91380E-08  5.66875E+15  1.01456E+11
    2.58100E+03  6.11725E-03  2.54669E-07  7.94242E+15  3.30653E+11
    2.61500E+03  1.44478E-02  6.47177E-07  1.90057E+16  8.51343E+11
    2.65000E+03  2.88054E-03  3.84883E-07  3.84000E+15  5.13080E+11
    2.68500E+03  2.78612E-03  1.15748E-06  3.76389E+15  1.56369E+12
    2.72200E+03  5.42393E-03  7.17955E-06  7.42703E+15  9.83101E+12
    2.75900E+03  7.04635E-03  3.24276E-05  9.78158E+15  4.50152E+13
    2.79800E+03  2.56857E-02  3.91914E-04  3.61538E+16  5.51638E+14
    2.83700E+03  4.86892E-03  2.08702E-04  6.95000E+15  2.97905E+14
    2.87800E+03  4.59731E-03  4.77534E-04  6.65714E+15  6.91493E+14
    2.92000E+03  5.14702E-03  1.01905E-03  7.56190E+15  1.49717E+15
    2.96300E+03  5.97293E-03  1.85089E-03  8.90455E+15  2.75935E+15
    3.00800E+03  5.02098E-03  2.06855E-03  7.59778E+15  3.13014E+15
    3.05400E+03  5.00218E-03  2.44028E-03  7.68511E+15  3.74913E+15
    3.10100E+03  6.88591E-03  3.76263E-03  1.07437E+16  5.87064E+15
    3.15000E+03  7.84779E-03  4.61466E-03  1.24380E+16  7.31380E+15
    3.20000E+03  7.60964E-03  4.71160E-03  1.22520E+16  7.58597E+15
    3.25000E+03  9.83843E-03  6.33764E-03  1.60880E+16  1.03634E+16
    3.30000E+03  1.55145E-02  1.03176E-02  2.57600E+16  1.71311E+16
    3.35000E+03  1.28387E-02  8.78569E-03  2.16400E+16  1.48086E+16
    3.40000E+03  1.04402E-02  7.32700E-03  1.78600E+16  1.25342E+16
    3.43800E+03  6.18192E-03  4.41656E-03  1.06920E+16  7.63870E+15
    3.50000E+03  1.18853E-02  8.73415E-03  2.09300E+16  1.53809E+16
    3.60000E+03  1.17649E-02  9.01269E-03  2.13100E+16  1.63249E+16
    3.70000E+03  1.63297E-02  1.29894E-02  3.04000E+16  2.41815E+16
    3.80000E+03  2.15330E-02  1.77213E-02  4.11700E+16  3.38823E+16
    3.90000E+03  1.84481E-02  1.56569E-02  3.62000E+16  3.07231E+16
    4.00000E+03  4.52405E-02  3.94785E-02  9.10500E+16  7.94536E+16
    4.10000E+03  7.80457E-02  6.98383E-02  1.61000E+17  1.44069E+17
    4.20000E+03  4.23196E-02  3.87391E-02  8.94300E+16  8.18637E+16
    4.30000E+03  6.48017E-02  6.05495E-02  1.40200E+17  1.31000E+17
    4.40000E+03  1.08003E-01  1.02806E-01  2.39100E+17  2.27596E+17
    4.50000E+03  1.28967E-01  1.24842E-01  2.92000E+17  2.82662E+17
    4.60000E+03  1.43057E-01  1.40597E-01  3.31100E+17  3.25408E+17
    4.70000E+03  1.72659E-01  1.72049E-01  4.08300E+17  4.06858E+17
    4.80000E+03  1.28691E-01  1.29831E-01  3.10800E+17  3.13554E+17
    4.90000E+03  2.04307E-01  2.08460E-01  5.03700E+17  5.13939E+17
    5.00000E+03  1.42067E-01  1.46421E-01  3.57400E+17  3.68356E+17
    5.10000E+03  1.41853E-01  1.47542E-01  3.64000E+17  3.78597E+17
    5.20000E+03  1.58771E-01  1.66541E-01  4.15400E+17  4.35730E+17
    5.30000E+03  2.49787E-01  2.63911E-01  6.66100E+17  7.03764E+17
    5.40000E+03  2.62129E-01  2.78885E-01  7.12200E+17  7.57725E+17
    5.50000E+03  2.27081E-01  2.43136E-01  6.28400E+17  6.72829E+17
    5.60000E+03  2.43433E-01  2.62076E-01  6.85900E+17  7.38427E+17
    5.70000E+03  2.97463E-01  3.21815E-01  8.53100E+17  9.22940E+17
    5.80000E+03  3.40753E-01  3.70566E-01  9.94400E+17  1.08140E+18
    5.90000E+03  1.81974E-01  1.98859E-01  5.40200E+17  5.90323E+17
    6.00000E+03  2.96866E-01  3.25684E-01  8.96200E+17  9.83197E+17
    6.10000E+03  3.97826E-01  4.38331E-01  1.22100E+18  1.34532E+18
    6.20000E+03  2.45809E-01  2.71969E-01  7.66800E+17  8.48405E+17
    6.30000E+03  2.87210E-01  3.18988E-01  9.10400E+17  1.01113E+18
    6.40000E+03  3.11168E-01  3.46886E-01  1.00200E+18  1.11702E+18
    6.50000E+03  3.78237E-01  4.22988E-01  1.23700E+18  1.38336E+18
    6.60000E+03  4.56523E-01  5.12085E-01  1.51600E+18  1.70051E+18
    6.70000E+03  3.39655E-01  3.82045E-01  1.14500E+18  1.28790E+18
    6.80000E+03  3.10401E-01  3.50040E-01  1.06200E+18  1.19762E+18
    6.90000E+03  3.27505E-01  3.70221E-01  1.13700E+18  1.28530E+18
    7.00000E+03  5.14479E-01  5.82842E-01  1.81200E+18  2.05278E+18
    7.10000E+03  4.53766E-01  5.15092E-01  1.62100E+18  1.84008E+18
    7.20000E+03  4.63474E-01  5.27096E-01  1.67900E+18  1.90948E+18
    7.30000E+03  7.09510E-01  8.08295E-01  2.60600E+18  2.96883E+18
    7.40000E+03  8.64831E-01  9.86814E-01  3.22000E+18  3.67418E+18
    7.50000E+03  9.04180E-01  1.03325E+00  3.41200E+18  3.89905E+18
    7.60000E+03  8.84961E-01  1.01271E+00  3.38400E+18  3.87249E+18
    7.70000E+03  7.00529E-01  8.02679E-01  2.71400E+18  3.10975E+18
    7.80000E+03  7.61875E-01  8.73983E-01  2.99000E+18  3.42997E+18
    7.90000E+03  8.60411E-01  9.88165E-01  3.42000E+18  3.92780E+18
    8.00000E+03  9.65677E-01  1.11026E+00  3.88700E+18  4.46898E+18
    8.10000E+03  1.05264E+00  1.21140E+00  4.29000E+18  4.93701E+18
    8.20000E+03  1.02332E+00  1.17875E+00  4.22200E+18  4.86328E+18
    8.30000E+03  1.05218E+00  1.21307E+00  4.39400E+18  5.06589E+18
    8.40000E+03  9.70326E-01  1.11961E+00  4.10100E+18  4.73192E+18
    8.50000E+03  8.24696E-01  9.52292E-01  3.52700E+18  4.07269E+18


   **** From the climate model ****

     P (atm)     Alt (km)         T         DIVF
   1.0578E-04   6.5201E+01   2.2031E+02   2.6725E-05
   1.1835E-04   6.4455E+01   2.2714E+02  -2.8559E-04
   1.3236E-04   6.3692E+01   2.3192E+02  -2.9459E-04
   1.4797E-04   6.2922E+01   2.3301E+02  -2.8459E-04
   1.6536E-04   6.2155E+01   2.3138E+02  -2.6713E-04
   1.8473E-04   6.1398E+01   2.2904E+02  -2.5424E-04
   2.0628E-04   6.0650E+01   2.2689E+02  -2.5040E-04
   2.3026E-04   5.9912E+01   2.2498E+02  -2.5052E-04
   2.5693E-04   5.9182E+01   2.2331E+02  -2.5133E-04
   2.8658E-04   5.8459E+01   2.2200E+02  -2.5250E-04
   3.1953E-04   5.7743E+01   2.2112E+02  -2.5364E-04
   3.5614E-04   5.7031E+01   2.2066E+02  -2.5516E-04
   3.9679E-04   5.6323E+01   2.2055E+02  -2.5655E-04
   4.4190E-04   5.5617E+01   2.2066E+02  -2.5775E-04
   4.9197E-04   5.4913E+01   2.2090E+02  -2.5847E-04
   5.4749E-04   5.4210E+01   2.2116E+02  -2.5907E-04
   6.0905E-04   5.3510E+01   2.2136E+02  -2.5916E-04
   6.7728E-04   5.2812E+01   2.2139E+02  -2.5773E-04
   7.5286E-04   5.2116E+01   2.2133E+02  -2.5759E-04
   8.3656E-04   5.1423E+01   2.2118E+02  -2.5771E-04
   9.2921E-04   5.0733E+01   2.2089E+02  -2.5550E-04
   1.0317E-03   5.0046E+01   2.2055E+02  -2.5305E-04
   1.1451E-03   4.9363E+01   2.2039E+02  -2.5830E-04
   1.2705E-03   4.8683E+01   2.2034E+02  -2.5866E-04
   1.4091E-03   4.8005E+01   2.2030E+02  -2.6014E-04
   1.5622E-03   4.7330E+01   2.2021E+02  -2.5837E-04
   1.7312E-03   4.6658E+01   2.2003E+02  -2.5763E-04
   1.9179E-03   4.5990E+01   2.1972E+02  -2.5419E-04
   2.1238E-03   4.5324E+01   2.1927E+02  -2.5238E-04
   2.3510E-03   4.4663E+01   2.1867E+02  -2.4736E-04
   2.6015E-03   4.4007E+01   2.1791E+02  -2.4392E-04
   2.8775E-03   4.3355E+01   2.1702E+02  -2.3883E-04
   3.1817E-03   4.2708E+01   2.1605E+02  -2.3702E-04
   3.5167E-03   4.2067E+01   2.1508E+02  -2.3585E-04
   3.8854E-03   4.1431E+01   2.1418E+02  -2.4002E-04
   4.2912E-03   4.0800E+01   2.1340E+02  -2.4534E-04
   4.7376E-03   4.0174E+01   2.1280E+02  -2.5582E-04
   5.2284E-03   3.9551E+01   2.1239E+02  -2.6645E-04
   5.7679E-03   3.8932E+01   2.1219E+02  -2.8129E-04
   6.3607E-03   3.8315E+01   2.1219E+02  -2.9417E-04
   7.0117E-03   3.7700E+01   2.1239E+02  -3.1184E-04
   7.7264E-03   3.7087E+01   2.1278E+02  -3.2604E-04
   8.5106E-03   3.6475E+01   2.1332E+02  -3.4276E-04
   9.3710E-03   3.5864E+01   2.1399E+02  -3.5189E-04
   1.0314E-02   3.5253E+01   2.1484E+02  -3.7366E-04
   1.1348E-02   3.4641E+01   2.1588E+02  -4.0170E-04
   1.2481E-02   3.4029E+01   2.1703E+02  -4.1810E-04
   1.3722E-02   3.3417E+01   2.1822E+02  -4.2104E-04
   1.5081E-02   3.2803E+01   2.1941E+02  -4.2188E-04
   1.6568E-02   3.2188E+01   2.2053E+02  -4.1321E-04
   1.8194E-02   3.1573E+01   2.2150E+02  -3.8586E-04
   1.9972E-02   3.0958E+01   2.2227E+02  -3.4011E-04
   2.1916E-02   3.0344E+01   2.2282E+02  -2.8603E-04
   2.4040E-02   2.9731E+01   2.2317E+02  -2.3985E-04
   2.6360E-02   2.9120E+01   2.2335E+02  -1.9040E-04
   2.8893E-02   2.8511E+01   2.2341E+02  -1.4747E-04
   3.1657E-02   2.7905E+01   2.2353E+02  -1.3434E-04
   3.4672E-02   2.7300E+01   2.2401E+02  -3.1303E-04
   3.7961E-02   2.6696E+01   2.2491E+02  -5.2390E-04
   4.1545E-02   2.6091E+01   2.2602E+02  -5.8304E-04
   4.5450E-02   2.5486E+01   2.2723E+02  -6.2276E-04
   4.9704E-02   2.4880E+01   2.2851E+02  -6.7214E-04
   5.4335E-02   2.4274E+01   2.2984E+02  -7.0511E-04
   5.9374E-02   2.3666E+01   2.3121E+02  -7.2417E-04
   6.4857E-02   2.3058E+01   2.3265E+02  -7.6812E-04
   7.0819E-02   2.2448E+01   2.3420E+02  -8.8933E-04
   7.7300E-02   2.1836E+01   2.3579E+02  -9.6788E-04
   8.4342E-02   2.1223E+01   2.3752E+02  -8.0674E-04
   9.1990E-02   2.0607E+01   2.4004E+02  -1.6352E-03
   1.0029E-01   1.9986E+01   2.4359E+02  -6.1051E-03
   1.0931E-01   1.9359E+01   2.4726E+02  -1.3396E-02
   1.1908E-01   1.8725E+01   2.5065E+02  -2.3292E-02
   1.2968E-01   1.8086E+01   2.5381E+02  -3.4932E-02
   1.4118E-01   1.7441E+01   2.5677E+02  -5.0578E-02
   1.5363E-01   1.6793E+01   2.5955E+02  -6.5074E-02
   1.6711E-01   1.6140E+01   2.6218E+02  -8.3598E-02
   1.8171E-01   1.5484E+01   2.6469E+02  -1.0425E-01
   1.9752E-01   1.4825E+01   2.6710E+02  -1.2142E-01
   2.1461E-01   1.4163E+01   2.6941E+02  -1.3978E-01
   2.3310E-01   1.3498E+01   2.7165E+02  -1.5856E-01
   2.5308E-01   1.2830E+01   2.7395E+02  -1.7894E-01
   2.7467E-01   1.2160E+01   2.7638E+02  -2.0220E-01
   2.9799E-01   1.1486E+01   2.7878E+02  -2.2967E-01
   3.2316E-01   1.0810E+01   2.8113E+02  -2.6172E-01
   3.5033E-01   1.0131E+01   2.8344E+02  -2.9835E-01
   3.7964E-01   9.4492E+00   2.8573E+02  -3.3860E-01
   4.1125E-01   8.7649E+00   2.8798E+02  -3.7960E-01
   4.4531E-01   8.0781E+00   2.9022E+02  -4.2509E-01
   4.8202E-01   7.3888E+00   2.9243E+02  -4.7627E-01
   5.2155E-01   6.6971E+00   2.9464E+02  -5.4180E-01
   5.6411E-01   6.0029E+00   2.9682E+02  -6.3166E-01
   6.0992E-01   5.3063E+00   2.9900E+02  -7.6267E-01
   6.5919E-01   4.6073E+00   3.0116E+02  -9.6054E-01
   7.1217E-01   3.9057E+00   3.0331E+02  -1.2582E+00
   7.6912E-01   3.2017E+00   3.0546E+02  -1.7302E+00
   8.3030E-01   2.4951E+00   3.0760E+02  -2.4695E+00
   8.9601E-01   1.7858E+00   3.0975E+02  -3.6820E+00
   9.6656E-01   1.0738E+00   3.1189E+02  -5.8806E+00
   1.0423E+00   3.5897E-01   3.1403E+02  -1.1216E+01
   1.0822E+00   0.0000E+00   3.1510E+02  -5.1010E+01


 Planetary Albedo = 0.072
