
Molecule O2      

O2      _MR    0.21E+00    0.21E+00    0.21E+00    0.21E+00    0.21E+00  ^
    0.21E+00    0.21E+00    0.21E+00    0.21E+00    0.21E+00  ^
    0.21E+00    0.21E+00    0.21E+00    0.21E+00    0.21E+00  ^
    0.21E+00    0.21E+00    0.21E+00    0.21E+00    0.21E+00  ^
    0.21E+00    0.21E+00    0.21E+00    0.21E+00    0.21E+00  ^
    0.21E+00    0.21E+00    0.21E+00    0.21E+00    0.21E+00  ^
    0.21E+00    0.21E+00    0.21E+00    0.21E+00    0.21E+00  ^
    0.21E+00    0.21E+00    0.21E+00    0.21E+00    0.21E+00  ^
    0.21E+00    0.21E+00    0.21E+00    0.21E+00    0.21E+00  ^
    0.21E+00    0.21E+00    0.21E+00    0.21E+00    0.21E+00  ^
    0.21E+00    0.21E+00    0.21E+00    0.21E+00    0.21E+00  ^
    0.21E+00    0.21E+00    0.21E+00    0.21E+00    0.21E+00  ^
    0.21E+00    0.21E+00    0.21E+00    0.21E+00

O2      _ALT     0.50     1.50     2.50     3.50     4.50  ^
     5.50     6.50     7.50     8.50     9.50  ^
    10.50    11.50    12.50    13.50    14.50  ^
    15.50    16.50    17.50    18.50    19.50  ^
    20.50    21.50    22.50    23.50    24.50  ^
    25.50    26.50    27.50    28.50    29.50  ^
    30.50    31.50    32.50    33.50    34.50  ^
    35.50    36.50    37.50    38.50    39.50  ^
    40.50    41.50    42.50    43.50    44.50  ^
    45.50    46.50    47.50    48.50    49.50  ^
    50.50    51.50    52.50    53.50    54.50  ^
    55.50    56.50    57.50    58.50    59.50  ^
    60.50    61.50    62.50    63.50

Molecule CO2     

CO2     _MR    0.36E-03    0.36E-03    0.36E-03    0.36E-03    0.36E-03  ^
    0.36E-03    0.36E-03    0.36E-03    0.36E-03    0.36E-03  ^
    0.36E-03    0.36E-03    0.36E-03    0.36E-03    0.36E-03  ^
    0.36E-03    0.36E-03    0.36E-03    0.36E-03    0.36E-03  ^
    0.36E-03    0.36E-03    0.36E-03    0.36E-03    0.36E-03  ^
    0.36E-03    0.36E-03    0.36E-03    0.36E-03    0.36E-03  ^
    0.36E-03    0.36E-03    0.36E-03    0.36E-03    0.36E-03  ^
    0.36E-03    0.36E-03    0.36E-03    0.36E-03    0.36E-03  ^
    0.36E-03    0.36E-03    0.36E-03    0.36E-03    0.36E-03  ^
    0.36E-03    0.36E-03    0.36E-03    0.36E-03    0.36E-03  ^
    0.36E-03    0.36E-03    0.36E-03    0.36E-03    0.36E-03  ^
    0.36E-03    0.36E-03    0.36E-03    0.36E-03    0.36E-03  ^
    0.36E-03    0.36E-03    0.36E-03    0.36E-03

CO2     _ALT     0.50     1.50     2.50     3.50     4.50  ^
     5.50     6.50     7.50     8.50     9.50  ^
    10.50    11.50    12.50    13.50    14.50  ^
    15.50    16.50    17.50    18.50    19.50  ^
    20.50    21.50    22.50    23.50    24.50  ^
    25.50    26.50    27.50    28.50    29.50  ^
    30.50    31.50    32.50    33.50    34.50  ^
    35.50    36.50    37.50    38.50    39.50  ^
    40.50    41.50    42.50    43.50    44.50  ^
    45.50    46.50    47.50    48.50    49.50  ^
    50.50    51.50    52.50    53.50    54.50  ^
    55.50    56.50    57.50    58.50    59.50  ^
    60.50    61.50    62.50    63.50

Molecule H2CO    

H2CO    _MR    0.21E-09    0.21E-09    0.21E-09    0.19E-09    0.17E-09  ^
    0.14E-09    0.10E-09    0.69E-10    0.44E-10    0.27E-10  ^
    0.18E-10    0.13E-10    0.11E-10    0.97E-11    0.94E-11  ^
    0.94E-11    0.95E-11    0.98E-11    0.11E-10    0.12E-10  ^
    0.14E-10    0.18E-10    0.22E-10    0.26E-10    0.31E-10  ^
    0.36E-10    0.42E-10    0.47E-10    0.51E-10    0.55E-10  ^
    0.58E-10    0.61E-10    0.62E-10    0.62E-10    0.61E-10  ^
    0.59E-10    0.57E-10    0.54E-10    0.51E-10    0.47E-10  ^
    0.44E-10    0.40E-10    0.36E-10    0.32E-10    0.28E-10  ^
    0.24E-10    0.21E-10    0.18E-10    0.16E-10    0.14E-10  ^
    0.12E-10    0.11E-10    0.97E-11    0.87E-11    0.79E-11  ^
    0.72E-11    0.66E-11    0.61E-11    0.57E-11    0.54E-11  ^
    0.51E-11    0.49E-11    0.47E-11    0.45E-11

H2CO    _ALT     0.50     1.50     2.50     3.50     4.50  ^
     5.50     6.50     7.50     8.50     9.50  ^
    10.50    11.50    12.50    13.50    14.50  ^
    15.50    16.50    17.50    18.50    19.50  ^
    20.50    21.50    22.50    23.50    24.50  ^
    25.50    26.50    27.50    28.50    29.50  ^
    30.50    31.50    32.50    33.50    34.50  ^
    35.50    36.50    37.50    38.50    39.50  ^
    40.50    41.50    42.50    43.50    44.50  ^
    45.50    46.50    47.50    48.50    49.50  ^
    50.50    51.50    52.50    53.50    54.50  ^
    55.50    56.50    57.50    58.50    59.50  ^
    60.50    61.50    62.50    63.50

Molecule O       

O       _MR    0.72E-16    0.10E-15    0.15E-15    0.22E-15    0.32E-15  ^
    0.44E-15    0.60E-15    0.78E-15    0.10E-14    0.13E-14  ^
    0.18E-14    0.25E-14    0.36E-14    0.53E-14    0.80E-14  ^
    0.13E-13    0.23E-13    0.50E-13    0.12E-12    0.30E-12  ^
    0.66E-12    0.14E-11    0.26E-11    0.48E-11    0.83E-11  ^
    0.14E-10    0.22E-10    0.35E-10    0.53E-10    0.81E-10  ^
    0.12E-09    0.18E-09    0.27E-09    0.40E-09    0.59E-09  ^
    0.87E-09    0.13E-08    0.19E-08    0.28E-08    0.42E-08  ^
    0.62E-08    0.92E-08    0.13E-07    0.19E-07    0.26E-07  ^
    0.36E-07    0.47E-07    0.60E-07    0.76E-07    0.95E-07  ^
    0.12E-06    0.14E-06    0.17E-06    0.20E-06    0.23E-06  ^
    0.26E-06    0.30E-06    0.34E-06    0.37E-06    0.41E-06  ^
    0.46E-06    0.54E-06    0.66E-06    0.10E-05

O       _ALT     0.50     1.50     2.50     3.50     4.50  ^
     5.50     6.50     7.50     8.50     9.50  ^
    10.50    11.50    12.50    13.50    14.50  ^
    15.50    16.50    17.50    18.50    19.50  ^
    20.50    21.50    22.50    23.50    24.50  ^
    25.50    26.50    27.50    28.50    29.50  ^
    30.50    31.50    32.50    33.50    34.50  ^
    35.50    36.50    37.50    38.50    39.50  ^
    40.50    41.50    42.50    43.50    44.50  ^
    45.50    46.50    47.50    48.50    49.50  ^
    50.50    51.50    52.50    53.50    54.50  ^
    55.50    56.50    57.50    58.50    59.50  ^
    60.50    61.50    62.50    63.50

Molecule H2O     

H2O     _MR    0.11E-01    0.79E-02    0.55E-02    0.35E-02    0.20E-02  ^
    0.11E-02    0.55E-03    0.23E-03    0.87E-04    0.28E-04  ^
    0.15E-04    0.10E-04    0.75E-05    0.59E-05    0.60E-05  ^
    0.60E-05    0.60E-05    0.60E-05    0.60E-05    0.61E-05  ^
    0.62E-05    0.63E-05    0.65E-05    0.67E-05    0.69E-05  ^
    0.71E-05    0.73E-05    0.74E-05    0.76E-05    0.78E-05  ^
    0.80E-05    0.81E-05    0.83E-05    0.84E-05    0.86E-05  ^
    0.87E-05    0.88E-05    0.89E-05    0.90E-05    0.91E-05  ^
    0.91E-05    0.92E-05    0.93E-05    0.93E-05    0.93E-05  ^
    0.94E-05    0.94E-05    0.94E-05    0.94E-05    0.94E-05  ^
    0.94E-05    0.94E-05    0.94E-05    0.94E-05    0.94E-05  ^
    0.94E-05    0.94E-05    0.94E-05    0.94E-05    0.94E-05  ^
    0.94E-05    0.94E-05    0.94E-05    0.94E-05

H2O     _ALT     0.50     1.50     2.50     3.50     4.50  ^
     5.50     6.50     7.50     8.50     9.50  ^
    10.50    11.50    12.50    13.50    14.50  ^
    15.50    16.50    17.50    18.50    19.50  ^
    20.50    21.50    22.50    23.50    24.50  ^
    25.50    26.50    27.50    28.50    29.50  ^
    30.50    31.50    32.50    33.50    34.50  ^
    35.50    36.50    37.50    38.50    39.50  ^
    40.50    41.50    42.50    43.50    44.50  ^
    45.50    46.50    47.50    48.50    49.50  ^
    50.50    51.50    52.50    53.50    54.50  ^
    55.50    56.50    57.50    58.50    59.50  ^
    60.50    61.50    62.50    63.50

Molecule OH      

OH      _MR    0.82E-13    0.10E-12    0.12E-12    0.15E-12    0.17E-12  ^
    0.18E-12    0.18E-12    0.15E-12    0.13E-12    0.11E-12  ^
    0.10E-12    0.10E-12    0.11E-12    0.12E-12    0.15E-12  ^
    0.18E-12    0.22E-12    0.25E-12    0.30E-12    0.36E-12  ^
    0.45E-12    0.58E-12    0.78E-12    0.11E-11    0.15E-11  ^
    0.21E-11    0.29E-11    0.42E-11    0.60E-11    0.85E-11  ^
    0.12E-10    0.17E-10    0.23E-10    0.31E-10    0.41E-10  ^
    0.54E-10    0.71E-10    0.92E-10    0.12E-09    0.15E-09  ^
    0.20E-09    0.24E-09    0.30E-09    0.35E-09    0.41E-09  ^
    0.46E-09    0.51E-09    0.56E-09    0.60E-09    0.65E-09  ^
    0.69E-09    0.74E-09    0.80E-09    0.85E-09    0.93E-09  ^
    0.10E-08    0.11E-08    0.13E-08    0.14E-08    0.17E-08  ^
    0.20E-08    0.24E-08    0.30E-08    0.40E-08

OH      _ALT     0.50     1.50     2.50     3.50     4.50  ^
     5.50     6.50     7.50     8.50     9.50  ^
    10.50    11.50    12.50    13.50    14.50  ^
    15.50    16.50    17.50    18.50    19.50  ^
    20.50    21.50    22.50    23.50    24.50  ^
    25.50    26.50    27.50    28.50    29.50  ^
    30.50    31.50    32.50    33.50    34.50  ^
    35.50    36.50    37.50    38.50    39.50  ^
    40.50    41.50    42.50    43.50    44.50  ^
    45.50    46.50    47.50    48.50    49.50  ^
    50.50    51.50    52.50    53.50    54.50  ^
    55.50    56.50    57.50    58.50    59.50  ^
    60.50    61.50    62.50    63.50

Molecule HO2     

HO2     _MR    0.14E-10    0.14E-10    0.14E-10    0.13E-10    0.12E-10  ^
    0.10E-10    0.79E-11    0.53E-11    0.32E-11    0.17E-11  ^
    0.11E-11    0.83E-12    0.70E-12    0.66E-12    0.69E-12  ^
    0.75E-12    0.83E-12    0.99E-12    0.13E-11    0.19E-11  ^
    0.28E-11    0.40E-11    0.57E-11    0.80E-11    0.11E-10  ^
    0.15E-10    0.20E-10    0.25E-10    0.33E-10    0.41E-10  ^
    0.50E-10    0.60E-10    0.71E-10    0.82E-10    0.93E-10  ^
    0.10E-09    0.11E-09    0.13E-09    0.14E-09    0.15E-09  ^
    0.16E-09    0.17E-09    0.19E-09    0.20E-09    0.22E-09  ^
    0.24E-09    0.25E-09    0.27E-09    0.28E-09    0.30E-09  ^
    0.32E-09    0.34E-09    0.36E-09    0.38E-09    0.41E-09  ^
    0.45E-09    0.50E-09    0.57E-09    0.65E-09    0.76E-09  ^
    0.90E-09    0.11E-08    0.13E-08    0.17E-08

HO2     _ALT     0.50     1.50     2.50     3.50     4.50  ^
     5.50     6.50     7.50     8.50     9.50  ^
    10.50    11.50    12.50    13.50    14.50  ^
    15.50    16.50    17.50    18.50    19.50  ^
    20.50    21.50    22.50    23.50    24.50  ^
    25.50    26.50    27.50    28.50    29.50  ^
    30.50    31.50    32.50    33.50    34.50  ^
    35.50    36.50    37.50    38.50    39.50  ^
    40.50    41.50    42.50    43.50    44.50  ^
    45.50    46.50    47.50    48.50    49.50  ^
    50.50    51.50    52.50    53.50    54.50  ^
    55.50    56.50    57.50    58.50    59.50  ^
    60.50    61.50    62.50    63.50

Molecule H2O2    

H2O2    _MR    0.13E-08    0.13E-08    0.13E-08    0.11E-08    0.86E-09  ^
    0.63E-09    0.41E-09    0.25E-09    0.14E-09    0.71E-10  ^
    0.37E-10    0.19E-10    0.11E-10    0.61E-11    0.39E-11  ^
    0.26E-11    0.20E-11    0.20E-11    0.28E-11    0.46E-11  ^
    0.76E-11    0.12E-10    0.20E-10    0.30E-10    0.44E-10  ^
    0.61E-10    0.82E-10    0.11E-09    0.13E-09    0.15E-09  ^
    0.17E-09    0.18E-09    0.19E-09    0.19E-09    0.19E-09  ^
    0.18E-09    0.16E-09    0.15E-09    0.13E-09    0.12E-09  ^
    0.11E-09    0.98E-10    0.91E-10    0.86E-10    0.82E-10  ^
    0.79E-10    0.77E-10    0.75E-10    0.74E-10    0.73E-10  ^
    0.72E-10    0.72E-10    0.73E-10    0.75E-10    0.78E-10  ^
    0.84E-10    0.93E-10    0.11E-09    0.13E-09    0.15E-09  ^
    0.19E-09    0.24E-09    0.30E-09    0.38E-09

H2O2    _ALT     0.50     1.50     2.50     3.50     4.50  ^
     5.50     6.50     7.50     8.50     9.50  ^
    10.50    11.50    12.50    13.50    14.50  ^
    15.50    16.50    17.50    18.50    19.50  ^
    20.50    21.50    22.50    23.50    24.50  ^
    25.50    26.50    27.50    28.50    29.50  ^
    30.50    31.50    32.50    33.50    34.50  ^
    35.50    36.50    37.50    38.50    39.50  ^
    40.50    41.50    42.50    43.50    44.50  ^
    45.50    46.50    47.50    48.50    49.50  ^
    50.50    51.50    52.50    53.50    54.50  ^
    55.50    56.50    57.50    58.50    59.50  ^
    60.50    61.50    62.50    63.50

Molecule O3      

O3      _MR    0.21E-07    0.25E-07    0.31E-07    0.38E-07    0.47E-07  ^
    0.56E-07    0.65E-07    0.74E-07    0.83E-07    0.92E-07  ^
    0.10E-06    0.11E-06    0.12E-06    0.14E-06    0.15E-06  ^
    0.18E-06    0.24E-06    0.37E-06    0.63E-06    0.11E-05  ^
    0.17E-05    0.24E-05    0.32E-05    0.39E-05    0.47E-05  ^
    0.53E-05    0.59E-05    0.65E-05    0.69E-05    0.73E-05  ^
    0.76E-05    0.77E-05    0.78E-05    0.78E-05    0.77E-05  ^
    0.76E-05    0.74E-05    0.71E-05    0.68E-05    0.65E-05  ^
    0.60E-05    0.56E-05    0.52E-05    0.47E-05    0.43E-05  ^
    0.40E-05    0.36E-05    0.33E-05    0.30E-05    0.28E-05  ^
    0.25E-05    0.23E-05    0.21E-05    0.19E-05    0.17E-05  ^
    0.16E-05    0.14E-05    0.12E-05    0.11E-05    0.94E-06  ^
    0.82E-06    0.73E-06    0.69E-06    0.79E-06

O3      _ALT     0.50     1.50     2.50     3.50     4.50  ^
     5.50     6.50     7.50     8.50     9.50  ^
    10.50    11.50    12.50    13.50    14.50  ^
    15.50    16.50    17.50    18.50    19.50  ^
    20.50    21.50    22.50    23.50    24.50  ^
    25.50    26.50    27.50    28.50    29.50  ^
    30.50    31.50    32.50    33.50    34.50  ^
    35.50    36.50    37.50    38.50    39.50  ^
    40.50    41.50    42.50    43.50    44.50  ^
    45.50    46.50    47.50    48.50    49.50  ^
    50.50    51.50    52.50    53.50    54.50  ^
    55.50    56.50    57.50    58.50    59.50  ^
    60.50    61.50    62.50    63.50

Molecule H       

H       _MR    0.77E-20    0.88E-20    0.99E-20    0.11E-19    0.11E-19  ^
    0.12E-19    0.10E-19    0.84E-20    0.68E-20    0.56E-20  ^
    0.52E-20    0.54E-20    0.61E-20    0.75E-20    0.10E-19  ^
    0.13E-19    0.17E-19    0.22E-19    0.26E-19    0.33E-19  ^
    0.43E-19    0.63E-19    0.10E-18    0.17E-18    0.30E-18  ^
    0.54E-18    0.99E-18    0.19E-17    0.36E-17    0.71E-17  ^
    0.15E-16    0.31E-16    0.65E-16    0.14E-15    0.30E-15  ^
    0.66E-15    0.14E-14    0.31E-14    0.68E-14    0.15E-13  ^
    0.33E-13    0.69E-13    0.14E-12    0.27E-12    0.49E-12  ^
    0.85E-12    0.14E-11    0.22E-11    0.34E-11    0.51E-11  ^
    0.75E-11    0.11E-10    0.16E-10    0.22E-10    0.31E-10  ^
    0.44E-10    0.62E-10    0.89E-10    0.13E-09    0.19E-09  ^
    0.28E-09    0.45E-09    0.77E-09    0.17E-08

H       _ALT     0.50     1.50     2.50     3.50     4.50  ^
     5.50     6.50     7.50     8.50     9.50  ^
    10.50    11.50    12.50    13.50    14.50  ^
    15.50    16.50    17.50    18.50    19.50  ^
    20.50    21.50    22.50    23.50    24.50  ^
    25.50    26.50    27.50    28.50    29.50  ^
    30.50    31.50    32.50    33.50    34.50  ^
    35.50    36.50    37.50    38.50    39.50  ^
    40.50    41.50    42.50    43.50    44.50  ^
    45.50    46.50    47.50    48.50    49.50  ^
    50.50    51.50    52.50    53.50    54.50  ^
    55.50    56.50    57.50    58.50    59.50  ^
    60.50    61.50    62.50    63.50

Molecule H2      

H2      _MR    0.55E-06    0.55E-06    0.55E-06    0.55E-06    0.55E-06  ^
    0.55E-06    0.55E-06    0.55E-06    0.55E-06    0.55E-06  ^
    0.55E-06    0.55E-06    0.55E-06    0.55E-06    0.55E-06  ^
    0.55E-06    0.55E-06    0.55E-06    0.55E-06    0.55E-06  ^
    0.54E-06    0.53E-06    0.52E-06    0.51E-06    0.49E-06  ^
    0.48E-06    0.46E-06    0.44E-06    0.41E-06    0.39E-06  ^
    0.37E-06    0.34E-06    0.32E-06    0.30E-06    0.27E-06  ^
    0.25E-06    0.23E-06    0.21E-06    0.19E-06    0.17E-06  ^
    0.15E-06    0.14E-06    0.13E-06    0.12E-06    0.11E-06  ^
    0.10E-06    0.98E-07    0.95E-07    0.93E-07    0.92E-07  ^
    0.93E-07    0.94E-07    0.96E-07    0.99E-07    0.10E-06  ^
    0.11E-06    0.11E-06    0.11E-06    0.12E-06    0.12E-06  ^
    0.13E-06    0.13E-06    0.13E-06    0.14E-06

H2      _ALT     0.50     1.50     2.50     3.50     4.50  ^
     5.50     6.50     7.50     8.50     9.50  ^
    10.50    11.50    12.50    13.50    14.50  ^
    15.50    16.50    17.50    18.50    19.50  ^
    20.50    21.50    22.50    23.50    24.50  ^
    25.50    26.50    27.50    28.50    29.50  ^
    30.50    31.50    32.50    33.50    34.50  ^
    35.50    36.50    37.50    38.50    39.50  ^
    40.50    41.50    42.50    43.50    44.50  ^
    45.50    46.50    47.50    48.50    49.50  ^
    50.50    51.50    52.50    53.50    54.50  ^
    55.50    56.50    57.50    58.50    59.50  ^
    60.50    61.50    62.50    63.50

Molecule CH4     

CH4     _MR    0.16E-05    0.16E-05    0.16E-05    0.16E-05    0.16E-05  ^
    0.16E-05    0.16E-05    0.16E-05    0.16E-05    0.16E-05  ^
    0.16E-05    0.16E-05    0.16E-05    0.16E-05    0.16E-05  ^
    0.16E-05    0.16E-05    0.16E-05    0.15E-05    0.15E-05  ^
    0.15E-05    0.14E-05    0.13E-05    0.12E-05    0.11E-05  ^
    0.10E-05    0.96E-06    0.88E-06    0.79E-06    0.72E-06  ^
    0.65E-06    0.58E-06    0.52E-06    0.46E-06    0.40E-06  ^
    0.36E-06    0.31E-06    0.27E-06    0.23E-06    0.20E-06  ^
    0.17E-06    0.15E-06    0.13E-06    0.11E-06    0.99E-07  ^
    0.87E-07    0.78E-07    0.71E-07    0.65E-07    0.60E-07  ^
    0.57E-07    0.54E-07    0.51E-07    0.49E-07    0.48E-07  ^
    0.47E-07    0.46E-07    0.45E-07    0.44E-07    0.44E-07  ^
    0.43E-07    0.43E-07    0.43E-07    0.43E-07

CH4     _ALT     0.50     1.50     2.50     3.50     4.50  ^
     5.50     6.50     7.50     8.50     9.50  ^
    10.50    11.50    12.50    13.50    14.50  ^
    15.50    16.50    17.50    18.50    19.50  ^
    20.50    21.50    22.50    23.50    24.50  ^
    25.50    26.50    27.50    28.50    29.50  ^
    30.50    31.50    32.50    33.50    34.50  ^
    35.50    36.50    37.50    38.50    39.50  ^
    40.50    41.50    42.50    43.50    44.50  ^
    45.50    46.50    47.50    48.50    49.50  ^
    50.50    51.50    52.50    53.50    54.50  ^
    55.50    56.50    57.50    58.50    59.50  ^
    60.50    61.50    62.50    63.50

Molecule CO      

CO      _MR    0.90E-07    0.79E-07    0.70E-07    0.63E-07    0.56E-07  ^
    0.51E-07    0.47E-07    0.44E-07    0.41E-07    0.39E-07  ^
    0.38E-07    0.36E-07    0.35E-07    0.34E-07    0.33E-07  ^
    0.31E-07    0.29E-07    0.26E-07    0.22E-07    0.18E-07  ^
    0.15E-07    0.13E-07    0.12E-07    0.12E-07    0.12E-07  ^
    0.12E-07    0.12E-07    0.11E-07    0.11E-07    0.11E-07  ^
    0.10E-07    0.10E-07    0.96E-08    0.92E-08    0.89E-08  ^
    0.85E-08    0.82E-08    0.80E-08    0.77E-08    0.74E-08  ^
    0.72E-08    0.70E-08    0.70E-08    0.70E-08    0.71E-08  ^
    0.74E-08    0.79E-08    0.86E-08    0.95E-08    0.11E-07  ^
    0.13E-07    0.15E-07    0.18E-07    0.22E-07    0.27E-07  ^
    0.34E-07    0.42E-07    0.53E-07    0.66E-07    0.84E-07  ^
    0.11E-06    0.13E-06    0.17E-06    0.22E-06

CO      _ALT     0.50     1.50     2.50     3.50     4.50  ^
     5.50     6.50     7.50     8.50     9.50  ^
    10.50    11.50    12.50    13.50    14.50  ^
    15.50    16.50    17.50    18.50    19.50  ^
    20.50    21.50    22.50    23.50    24.50  ^
    25.50    26.50    27.50    28.50    29.50  ^
    30.50    31.50    32.50    33.50    34.50  ^
    35.50    36.50    37.50    38.50    39.50  ^
    40.50    41.50    42.50    43.50    44.50  ^
    45.50    46.50    47.50    48.50    49.50  ^
    50.50    51.50    52.50    53.50    54.50  ^
    55.50    56.50    57.50    58.50    59.50  ^
    60.50    61.50    62.50    63.50

Molecule CH3OOH  

CH3OOH  _MR    0.64E-09    0.61E-09    0.53E-09    0.41E-09    0.29E-09  ^
    0.19E-09    0.11E-09    0.57E-10    0.26E-10    0.11E-10  ^
    0.48E-11    0.22E-11    0.11E-11    0.68E-12    0.48E-12  ^
    0.39E-12    0.35E-12    0.37E-12    0.46E-12    0.63E-12  ^
    0.87E-12    0.12E-11    0.15E-11    0.19E-11    0.22E-11  ^
    0.24E-11    0.26E-11    0.26E-11    0.26E-11    0.25E-11  ^
    0.23E-11    0.21E-11    0.20E-11    0.18E-11    0.16E-11  ^
    0.15E-11    0.13E-11    0.12E-11    0.10E-11    0.93E-12  ^
    0.83E-12    0.76E-12    0.70E-12    0.66E-12    0.63E-12  ^
    0.60E-12    0.58E-12    0.56E-12    0.54E-12    0.52E-12  ^
    0.51E-12    0.49E-12    0.48E-12    0.46E-12    0.44E-12  ^
    0.42E-12    0.41E-12    0.39E-12    0.37E-12    0.35E-12  ^
    0.33E-12    0.31E-12    0.30E-12    0.28E-12

CH3OOH  _ALT     0.50     1.50     2.50     3.50     4.50  ^
     5.50     6.50     7.50     8.50     9.50  ^
    10.50    11.50    12.50    13.50    14.50  ^
    15.50    16.50    17.50    18.50    19.50  ^
    20.50    21.50    22.50    23.50    24.50  ^
    25.50    26.50    27.50    28.50    29.50  ^
    30.50    31.50    32.50    33.50    34.50  ^
    35.50    36.50    37.50    38.50    39.50  ^
    40.50    41.50    42.50    43.50    44.50  ^
    45.50    46.50    47.50    48.50    49.50  ^
    50.50    51.50    52.50    53.50    54.50  ^
    55.50    56.50    57.50    58.50    59.50  ^
    60.50    61.50    62.50    63.50

Molecule CH3O2   

CH3O2   _MR    0.72E-11    0.72E-11    0.69E-11    0.61E-11    0.49E-11  ^
    0.37E-11    0.24E-11    0.14E-11    0.69E-12    0.30E-12  ^
    0.17E-12    0.11E-12    0.87E-13    0.78E-13    0.80E-13  ^
    0.84E-13    0.89E-13    0.96E-13    0.11E-12    0.13E-12  ^
    0.15E-12    0.19E-12    0.22E-12    0.27E-12    0.31E-12  ^
    0.35E-12    0.39E-12    0.43E-12    0.47E-12    0.50E-12  ^
    0.54E-12    0.58E-12    0.62E-12    0.67E-12    0.72E-12  ^
    0.78E-12    0.84E-12    0.91E-12    0.98E-12    0.11E-11  ^
    0.12E-11    0.12E-11    0.13E-11    0.14E-11    0.15E-11  ^
    0.15E-11    0.15E-11    0.15E-11    0.15E-11    0.15E-11  ^
    0.15E-11    0.15E-11    0.15E-11    0.14E-11    0.14E-11  ^
    0.13E-11    0.13E-11    0.12E-11    0.11E-11    0.10E-11  ^
    0.93E-12    0.87E-12    0.81E-12    0.76E-12

CH3O2   _ALT     0.50     1.50     2.50     3.50     4.50  ^
     5.50     6.50     7.50     8.50     9.50  ^
    10.50    11.50    12.50    13.50    14.50  ^
    15.50    16.50    17.50    18.50    19.50  ^
    20.50    21.50    22.50    23.50    24.50  ^
    25.50    26.50    27.50    28.50    29.50  ^
    30.50    31.50    32.50    33.50    34.50  ^
    35.50    36.50    37.50    38.50    39.50  ^
    40.50    41.50    42.50    43.50    44.50  ^
    45.50    46.50    47.50    48.50    49.50  ^
    50.50    51.50    52.50    53.50    54.50  ^
    55.50    56.50    57.50    58.50    59.50  ^
    60.50    61.50    62.50    63.50

Molecule N2O     

N2O     _MR    0.30E-06    0.30E-06    0.30E-06    0.30E-06    0.30E-06  ^
    0.30E-06    0.30E-06    0.30E-06    0.30E-06    0.30E-06  ^
    0.30E-06    0.30E-06    0.30E-06    0.30E-06    0.30E-06  ^
    0.30E-06    0.30E-06    0.30E-06    0.29E-06    0.28E-06  ^
    0.27E-06    0.26E-06    0.24E-06    0.22E-06    0.20E-06  ^
    0.18E-06    0.16E-06    0.14E-06    0.12E-06    0.99E-07  ^
    0.83E-07    0.68E-07    0.56E-07    0.45E-07    0.36E-07  ^
    0.29E-07    0.23E-07    0.18E-07    0.14E-07    0.11E-07  ^
    0.84E-08    0.66E-08    0.51E-08    0.40E-08    0.32E-08  ^
    0.26E-08    0.21E-08    0.17E-08    0.14E-08    0.11E-08  ^
    0.93E-09    0.78E-09    0.67E-09    0.57E-09    0.49E-09  ^
    0.43E-09    0.38E-09    0.34E-09    0.31E-09    0.29E-09  ^
    0.27E-09    0.26E-09    0.25E-09    0.24E-09

N2O     _ALT     0.50     1.50     2.50     3.50     4.50  ^
     5.50     6.50     7.50     8.50     9.50  ^
    10.50    11.50    12.50    13.50    14.50  ^
    15.50    16.50    17.50    18.50    19.50  ^
    20.50    21.50    22.50    23.50    24.50  ^
    25.50    26.50    27.50    28.50    29.50  ^
    30.50    31.50    32.50    33.50    34.50  ^
    35.50    36.50    37.50    38.50    39.50  ^
    40.50    41.50    42.50    43.50    44.50  ^
    45.50    46.50    47.50    48.50    49.50  ^
    50.50    51.50    52.50    53.50    54.50  ^
    55.50    56.50    57.50    58.50    59.50  ^
    60.50    61.50    62.50    63.50

Molecule NO      

NO      _MR    0.55E-11    0.68E-11    0.85E-11    0.11E-10    0.14E-10  ^
    0.19E-10    0.23E-10    0.27E-10    0.38E-10    0.58E-10  ^
    0.76E-10    0.98E-10    0.12E-09    0.14E-09    0.16E-09  ^
    0.18E-09    0.20E-09    0.23E-09    0.26E-09    0.30E-09  ^
    0.35E-09    0.43E-09    0.53E-09    0.66E-09    0.83E-09  ^
    0.11E-08    0.13E-08    0.17E-08    0.22E-08    0.28E-08  ^
    0.35E-08    0.43E-08    0.51E-08    0.60E-08    0.70E-08  ^
    0.80E-08    0.89E-08    0.98E-08    0.11E-07    0.11E-07  ^
    0.12E-07    0.13E-07    0.13E-07    0.13E-07    0.13E-07  ^
    0.12E-07    0.12E-07    0.12E-07    0.11E-07    0.11E-07  ^
    0.10E-07    0.96E-08    0.91E-08    0.87E-08    0.83E-08  ^
    0.79E-08    0.75E-08    0.72E-08    0.69E-08    0.67E-08  ^
    0.65E-08    0.64E-08    0.63E-08    0.62E-08

NO      _ALT     0.50     1.50     2.50     3.50     4.50  ^
     5.50     6.50     7.50     8.50     9.50  ^
    10.50    11.50    12.50    13.50    14.50  ^
    15.50    16.50    17.50    18.50    19.50  ^
    20.50    21.50    22.50    23.50    24.50  ^
    25.50    26.50    27.50    28.50    29.50  ^
    30.50    31.50    32.50    33.50    34.50  ^
    35.50    36.50    37.50    38.50    39.50  ^
    40.50    41.50    42.50    43.50    44.50  ^
    45.50    46.50    47.50    48.50    49.50  ^
    50.50    51.50    52.50    53.50    54.50  ^
    55.50    56.50    57.50    58.50    59.50  ^
    60.50    61.50    62.50    63.50

Molecule NO2     

NO2     _MR    0.15E-10    0.17E-10    0.20E-10    0.23E-10    0.28E-10  ^
    0.32E-10    0.32E-10    0.30E-10    0.33E-10    0.38E-10  ^
    0.41E-10    0.45E-10    0.48E-10    0.51E-10    0.53E-10  ^
    0.58E-10    0.72E-10    0.11E-09    0.18E-09    0.32E-09  ^
    0.53E-09    0.83E-09    0.12E-08    0.17E-08    0.24E-08  ^
    0.31E-08    0.40E-08    0.51E-08    0.62E-08    0.73E-08  ^
    0.83E-08    0.93E-08    0.99E-08    0.10E-07    0.10E-07  ^
    0.10E-07    0.95E-08    0.87E-08    0.77E-08    0.65E-08  ^
    0.53E-08    0.41E-08    0.31E-08    0.23E-08    0.17E-08  ^
    0.12E-08    0.84E-09    0.60E-09    0.43E-09    0.31E-09  ^
    0.22E-09    0.16E-09    0.12E-09    0.87E-10    0.65E-10  ^
    0.49E-10    0.38E-10    0.30E-10    0.24E-10    0.20E-10  ^
    0.18E-10    0.16E-10    0.15E-10    0.12E-10

NO2     _ALT     0.50     1.50     2.50     3.50     4.50  ^
     5.50     6.50     7.50     8.50     9.50  ^
    10.50    11.50    12.50    13.50    14.50  ^
    15.50    16.50    17.50    18.50    19.50  ^
    20.50    21.50    22.50    23.50    24.50  ^
    25.50    26.50    27.50    28.50    29.50  ^
    30.50    31.50    32.50    33.50    34.50  ^
    35.50    36.50    37.50    38.50    39.50  ^
    40.50    41.50    42.50    43.50    44.50  ^
    45.50    46.50    47.50    48.50    49.50  ^
    50.50    51.50    52.50    53.50    54.50  ^
    55.50    56.50    57.50    58.50    59.50  ^
    60.50    61.50    62.50    63.50

Molecule HNO2    

HNO2    _MR    0.33E-13    0.44E-13    0.60E-13    0.80E-13    0.11E-12  ^
    0.14E-12    0.14E-12    0.13E-12    0.14E-12    0.16E-12  ^
    0.17E-12    0.18E-12    0.19E-12    0.20E-12    0.22E-12  ^
    0.23E-12    0.24E-12    0.25E-12    0.25E-12    0.26E-12  ^
    0.28E-12    0.32E-12    0.38E-12    0.46E-12    0.59E-12  ^
    0.76E-12    0.10E-11    0.14E-11    0.18E-11    0.24E-11  ^
    0.31E-11    0.39E-11    0.48E-11    0.56E-11    0.64E-11  ^
    0.70E-11    0.75E-11    0.79E-11    0.83E-11    0.84E-11  ^
    0.84E-11    0.81E-11    0.76E-11    0.68E-11    0.59E-11  ^
    0.49E-11    0.41E-11    0.33E-11    0.27E-11    0.22E-11  ^
    0.17E-11    0.14E-11    0.11E-11    0.93E-12    0.77E-12  ^
    0.64E-12    0.54E-12    0.47E-12    0.41E-12    0.36E-12  ^
    0.33E-12    0.30E-12    0.29E-12    0.30E-12

HNO2    _ALT     0.50     1.50     2.50     3.50     4.50  ^
     5.50     6.50     7.50     8.50     9.50  ^
    10.50    11.50    12.50    13.50    14.50  ^
    15.50    16.50    17.50    18.50    19.50  ^
    20.50    21.50    22.50    23.50    24.50  ^
    25.50    26.50    27.50    28.50    29.50  ^
    30.50    31.50    32.50    33.50    34.50  ^
    35.50    36.50    37.50    38.50    39.50  ^
    40.50    41.50    42.50    43.50    44.50  ^
    45.50    46.50    47.50    48.50    49.50  ^
    50.50    51.50    52.50    53.50    54.50  ^
    55.50    56.50    57.50    58.50    59.50  ^
    60.50    61.50    62.50    63.50

Molecule HNO3    

HNO3    _MR    0.13E-09    0.20E-09    0.28E-09    0.37E-09    0.45E-09  ^
    0.51E-09    0.54E-09    0.55E-09    0.55E-09    0.55E-09  ^
    0.55E-09    0.56E-09    0.56E-09    0.57E-09    0.58E-09  ^
    0.60E-09    0.68E-09    0.88E-09    0.13E-08    0.21E-08  ^
    0.32E-08    0.45E-08    0.61E-08    0.76E-08    0.89E-08  ^
    0.10E-07    0.11E-07    0.11E-07    0.11E-07    0.10E-07  ^
    0.93E-08    0.82E-08    0.71E-08    0.59E-08    0.48E-08  ^
    0.38E-08    0.29E-08    0.22E-08    0.16E-08    0.11E-08  ^
    0.79E-09    0.52E-09    0.33E-09    0.20E-09    0.12E-09  ^
    0.70E-10    0.41E-10    0.24E-10    0.14E-10    0.81E-11  ^
    0.48E-11    0.29E-11    0.17E-11    0.11E-11    0.68E-12  ^
    0.44E-12    0.29E-12    0.20E-12    0.15E-12    0.11E-12  ^
    0.88E-13    0.72E-13    0.61E-13    0.52E-13

HNO3    _ALT     0.50     1.50     2.50     3.50     4.50  ^
     5.50     6.50     7.50     8.50     9.50  ^
    10.50    11.50    12.50    13.50    14.50  ^
    15.50    16.50    17.50    18.50    19.50  ^
    20.50    21.50    22.50    23.50    24.50  ^
    25.50    26.50    27.50    28.50    29.50  ^
    30.50    31.50    32.50    33.50    34.50  ^
    35.50    36.50    37.50    38.50    39.50  ^
    40.50    41.50    42.50    43.50    44.50  ^
    45.50    46.50    47.50    48.50    49.50  ^
    50.50    51.50    52.50    53.50    54.50  ^
    55.50    56.50    57.50    58.50    59.50  ^
    60.50    61.50    62.50    63.50

Molecule HO2NO2  

HO2NO2  _MR    0.38E-12    0.80E-12    0.17E-11    0.40E-11    0.96E-11  ^
    0.23E-10    0.49E-10    0.76E-10    0.83E-10    0.70E-10  ^
    0.53E-10    0.40E-10    0.30E-10    0.24E-10    0.20E-10  ^
    0.18E-10    0.18E-10    0.23E-10    0.39E-10    0.70E-10  ^
    0.12E-09    0.18E-09    0.26E-09    0.34E-09    0.40E-09  ^
    0.45E-09    0.48E-09    0.48E-09    0.46E-09    0.42E-09  ^
    0.36E-09    0.30E-09    0.23E-09    0.18E-09    0.13E-09  ^
    0.89E-10    0.59E-10    0.38E-10    0.24E-10    0.14E-10  ^
    0.81E-11    0.46E-11    0.26E-11    0.14E-11    0.78E-12  ^
    0.44E-12    0.25E-12    0.14E-12    0.84E-13    0.50E-13  ^
    0.30E-13    0.18E-13    0.11E-13    0.71E-14    0.45E-14  ^
    0.30E-14    0.20E-14    0.14E-14    0.11E-14    0.81E-15  ^
    0.65E-15    0.54E-15    0.45E-15    0.36E-15

HO2NO2  _ALT     0.50     1.50     2.50     3.50     4.50  ^
     5.50     6.50     7.50     8.50     9.50  ^
    10.50    11.50    12.50    13.50    14.50  ^
    15.50    16.50    17.50    18.50    19.50  ^
    20.50    21.50    22.50    23.50    24.50  ^
    25.50    26.50    27.50    28.50    29.50  ^
    30.50    31.50    32.50    33.50    34.50  ^
    35.50    36.50    37.50    38.50    39.50  ^
    40.50    41.50    42.50    43.50    44.50  ^
    45.50    46.50    47.50    48.50    49.50  ^
    50.50    51.50    52.50    53.50    54.50  ^
    55.50    56.50    57.50    58.50    59.50  ^
    60.50    61.50    62.50    63.50

Molecule NO3     

NO3     _MR    0.90E-14    0.11E-13    0.13E-13    0.17E-13    0.19E-13  ^
    0.21E-13    0.19E-13    0.15E-13    0.12E-13    0.89E-14  ^
    0.71E-14    0.59E-14    0.53E-14    0.50E-14    0.52E-14  ^
    0.57E-14    0.69E-14    0.11E-13    0.21E-13    0.47E-13  ^
    0.99E-13    0.19E-12    0.32E-12    0.51E-12    0.73E-12  ^
    0.98E-12    0.12E-11    0.15E-11    0.17E-11    0.19E-11  ^
    0.21E-11    0.21E-11    0.21E-11    0.21E-11    0.20E-11  ^
    0.19E-11    0.17E-11    0.15E-11    0.13E-11    0.11E-11  ^
    0.92E-12    0.72E-12    0.55E-12    0.40E-12    0.29E-12  ^
    0.20E-12    0.14E-12    0.93E-13    0.62E-13    0.42E-13  ^
    0.28E-13    0.19E-13    0.13E-13    0.85E-14    0.57E-14  ^
    0.39E-14    0.27E-14    0.19E-14    0.14E-14    0.10E-14  ^
    0.80E-15    0.64E-15    0.53E-15    0.44E-15

NO3     _ALT     0.50     1.50     2.50     3.50     4.50  ^
     5.50     6.50     7.50     8.50     9.50  ^
    10.50    11.50    12.50    13.50    14.50  ^
    15.50    16.50    17.50    18.50    19.50  ^
    20.50    21.50    22.50    23.50    24.50  ^
    25.50    26.50    27.50    28.50    29.50  ^
    30.50    31.50    32.50    33.50    34.50  ^
    35.50    36.50    37.50    38.50    39.50  ^
    40.50    41.50    42.50    43.50    44.50  ^
    45.50    46.50    47.50    48.50    49.50  ^
    50.50    51.50    52.50    53.50    54.50  ^
    55.50    56.50    57.50    58.50    59.50  ^
    60.50    61.50    62.50    63.50

Molecule N2O5    

N2O5    _MR    0.68E-16    0.14E-15    0.30E-15    0.71E-15    0.17E-14  ^
    0.38E-14    0.76E-14    0.14E-13    0.31E-13    0.64E-13  ^
    0.79E-13    0.82E-13    0.79E-13    0.75E-13    0.72E-13  ^
    0.74E-13    0.95E-13    0.18E-12    0.51E-12    0.16E-11  ^
    0.45E-11    0.11E-10    0.21E-10    0.36E-10    0.53E-10  ^
    0.70E-10    0.84E-10    0.92E-10    0.92E-10    0.85E-10  ^
    0.72E-10    0.57E-10    0.42E-10    0.29E-10    0.19E-10  ^
    0.12E-10    0.68E-11    0.38E-11    0.20E-11    0.95E-12  ^
    0.43E-12    0.18E-12    0.71E-13    0.27E-13    0.98E-14  ^
    0.36E-14    0.13E-14    0.49E-15    0.18E-15    0.70E-16  ^
    0.27E-16    0.11E-16    0.42E-17    0.17E-17    0.69E-18  ^
    0.29E-18    0.13E-18    0.56E-19    0.27E-19    0.13E-19  ^
    0.72E-20    0.41E-20    0.24E-20    0.13E-20

N2O5    _ALT     0.50     1.50     2.50     3.50     4.50  ^
     5.50     6.50     7.50     8.50     9.50  ^
    10.50    11.50    12.50    13.50    14.50  ^
    15.50    16.50    17.50    18.50    19.50  ^
    20.50    21.50    22.50    23.50    24.50  ^
    25.50    26.50    27.50    28.50    29.50  ^
    30.50    31.50    32.50    33.50    34.50  ^
    35.50    36.50    37.50    38.50    39.50  ^
    40.50    41.50    42.50    43.50    44.50  ^
    45.50    46.50    47.50    48.50    49.50  ^
    50.50    51.50    52.50    53.50    54.50  ^
    55.50    56.50    57.50    58.50    59.50  ^
    60.50    61.50    62.50    63.50

Molecule CL2O2   

CL2O2   _MR    0.14E-21    0.46E-21    0.16E-20    0.51E-20    0.15E-19  ^
    0.41E-19    0.12E-18    0.35E-18    0.77E-18    0.13E-17  ^
    0.18E-17    0.20E-17    0.20E-17    0.23E-17    0.28E-17  ^
    0.39E-17    0.69E-17    0.18E-16    0.60E-16    0.18E-15  ^
    0.41E-15    0.72E-15    0.11E-14    0.13E-14    0.16E-14  ^
    0.17E-14    0.18E-14    0.19E-14    0.20E-14    0.22E-14  ^
    0.24E-14    0.27E-14    0.29E-14    0.30E-14    0.31E-14  ^
    0.29E-14    0.27E-14    0.23E-14    0.18E-14    0.14E-14  ^
    0.99E-15    0.67E-15    0.43E-15    0.28E-15    0.17E-15  ^
    0.11E-15    0.64E-16    0.41E-16    0.25E-16    0.16E-16  ^
    0.94E-17    0.58E-17    0.35E-17    0.21E-17    0.12E-17  ^
    0.70E-18    0.39E-18    0.21E-18    0.11E-18    0.56E-19  ^
    0.28E-19    0.13E-19    0.65E-20    0.32E-20

CL2O2   _ALT     0.50     1.50     2.50     3.50     4.50  ^
     5.50     6.50     7.50     8.50     9.50  ^
    10.50    11.50    12.50    13.50    14.50  ^
    15.50    16.50    17.50    18.50    19.50  ^
    20.50    21.50    22.50    23.50    24.50  ^
    25.50    26.50    27.50    28.50    29.50  ^
    30.50    31.50    32.50    33.50    34.50  ^
    35.50    36.50    37.50    38.50    39.50  ^
    40.50    41.50    42.50    43.50    44.50  ^
    45.50    46.50    47.50    48.50    49.50  ^
    50.50    51.50    52.50    53.50    54.50  ^
    55.50    56.50    57.50    58.50    59.50  ^
    60.50    61.50    62.50    63.50

Molecule CH3CL   

CH3CL   _MR    0.50E-09    0.48E-09    0.47E-09    0.46E-09    0.45E-09  ^
    0.44E-09    0.43E-09    0.43E-09    0.43E-09    0.42E-09  ^
    0.42E-09    0.42E-09    0.42E-09    0.42E-09    0.42E-09  ^
    0.41E-09    0.41E-09    0.40E-09    0.38E-09    0.36E-09  ^
    0.32E-09    0.29E-09    0.25E-09    0.21E-09    0.17E-09  ^
    0.14E-09    0.11E-09    0.86E-10    0.66E-10    0.51E-10  ^
    0.38E-10    0.29E-10    0.21E-10    0.15E-10    0.11E-10  ^
    0.79E-11    0.55E-11    0.38E-11    0.26E-11    0.18E-11  ^
    0.12E-11    0.80E-12    0.54E-12    0.37E-12    0.25E-12  ^
    0.18E-12    0.13E-12    0.94E-13    0.71E-13    0.55E-13  ^
    0.44E-13    0.36E-13    0.30E-13    0.25E-13    0.22E-13  ^
    0.19E-13    0.17E-13    0.16E-13    0.14E-13    0.13E-13  ^
    0.13E-13    0.12E-13    0.12E-13    0.11E-13

CH3CL   _ALT     0.50     1.50     2.50     3.50     4.50  ^
     5.50     6.50     7.50     8.50     9.50  ^
    10.50    11.50    12.50    13.50    14.50  ^
    15.50    16.50    17.50    18.50    19.50  ^
    20.50    21.50    22.50    23.50    24.50  ^
    25.50    26.50    27.50    28.50    29.50  ^
    30.50    31.50    32.50    33.50    34.50  ^
    35.50    36.50    37.50    38.50    39.50  ^
    40.50    41.50    42.50    43.50    44.50  ^
    45.50    46.50    47.50    48.50    49.50  ^
    50.50    51.50    52.50    53.50    54.50  ^
    55.50    56.50    57.50    58.50    59.50  ^
    60.50    61.50    62.50    63.50

Molecule HOCL    

HOCL    _MR    0.24E-12    0.32E-12    0.42E-12    0.49E-12    0.52E-12  ^
    0.48E-12    0.39E-12    0.26E-12    0.13E-12    0.53E-13  ^
    0.27E-13    0.17E-13    0.12E-13    0.11E-13    0.12E-13  ^
    0.15E-13    0.22E-13    0.41E-13    0.99E-13    0.24E-12  ^
    0.53E-12    0.10E-11    0.18E-11    0.29E-11    0.45E-11  ^
    0.65E-11    0.91E-11    0.12E-10    0.17E-10    0.22E-10  ^
    0.28E-10    0.36E-10    0.45E-10    0.54E-10    0.62E-10  ^
    0.70E-10    0.75E-10    0.78E-10    0.78E-10    0.76E-10  ^
    0.71E-10    0.65E-10    0.58E-10    0.50E-10    0.42E-10  ^
    0.35E-10    0.29E-10    0.23E-10    0.18E-10    0.14E-10  ^
    0.11E-10    0.87E-11    0.67E-11    0.53E-11    0.41E-11  ^
    0.33E-11    0.26E-11    0.21E-11    0.17E-11    0.14E-11  ^
    0.12E-11    0.10E-11    0.85E-12    0.76E-12

HOCL    _ALT     0.50     1.50     2.50     3.50     4.50  ^
     5.50     6.50     7.50     8.50     9.50  ^
    10.50    11.50    12.50    13.50    14.50  ^
    15.50    16.50    17.50    18.50    19.50  ^
    20.50    21.50    22.50    23.50    24.50  ^
    25.50    26.50    27.50    28.50    29.50  ^
    30.50    31.50    32.50    33.50    34.50  ^
    35.50    36.50    37.50    38.50    39.50  ^
    40.50    41.50    42.50    43.50    44.50  ^
    45.50    46.50    47.50    48.50    49.50  ^
    50.50    51.50    52.50    53.50    54.50  ^
    55.50    56.50    57.50    58.50    59.50  ^
    60.50    61.50    62.50    63.50

Molecule CL      

CL      _MR    0.14E-16    0.21E-16    0.30E-16    0.41E-16    0.53E-16  ^
    0.65E-16    0.73E-16    0.77E-16    0.82E-16    0.86E-16  ^
    0.92E-16    0.10E-15    0.12E-15    0.14E-15    0.17E-15  ^
    0.22E-15    0.29E-15    0.39E-15    0.54E-15    0.77E-15  ^
    0.11E-14    0.15E-14    0.20E-14    0.28E-14    0.40E-14  ^
    0.57E-14    0.83E-14    0.12E-13    0.18E-13    0.27E-13  ^
    0.41E-13    0.63E-13    0.94E-13    0.14E-12    0.21E-12  ^
    0.29E-12    0.41E-12    0.56E-12    0.77E-12    0.10E-11  ^
    0.14E-11    0.19E-11    0.26E-11    0.35E-11    0.45E-11  ^
    0.57E-11    0.70E-11    0.83E-11    0.96E-11    0.11E-10  ^
    0.12E-10    0.13E-10    0.14E-10    0.15E-10    0.15E-10  ^
    0.16E-10    0.16E-10    0.17E-10    0.17E-10    0.17E-10  ^
    0.17E-10    0.18E-10    0.18E-10    0.19E-10

CL      _ALT     0.50     1.50     2.50     3.50     4.50  ^
     5.50     6.50     7.50     8.50     9.50  ^
    10.50    11.50    12.50    13.50    14.50  ^
    15.50    16.50    17.50    18.50    19.50  ^
    20.50    21.50    22.50    23.50    24.50  ^
    25.50    26.50    27.50    28.50    29.50  ^
    30.50    31.50    32.50    33.50    34.50  ^
    35.50    36.50    37.50    38.50    39.50  ^
    40.50    41.50    42.50    43.50    44.50  ^
    45.50    46.50    47.50    48.50    49.50  ^
    50.50    51.50    52.50    53.50    54.50  ^
    55.50    56.50    57.50    58.50    59.50  ^
    60.50    61.50    62.50    63.50

Molecule CLO     

CLO     _MR    0.17E-13    0.24E-13    0.36E-13    0.49E-13    0.62E-13  ^
    0.72E-13    0.79E-13    0.80E-13    0.66E-13    0.50E-13  ^
    0.43E-13    0.39E-13    0.40E-13    0.44E-13    0.54E-13  ^
    0.71E-13    0.11E-12    0.20E-12    0.44E-12    0.91E-12  ^
    0.17E-11    0.28E-11    0.43E-11    0.61E-11    0.83E-11  ^
    0.11E-10    0.14E-10    0.18E-10    0.23E-10    0.29E-10  ^
    0.37E-10    0.47E-10    0.60E-10    0.75E-10    0.93E-10  ^
    0.11E-09    0.13E-09    0.15E-09    0.17E-09    0.18E-09  ^
    0.19E-09    0.19E-09    0.19E-09    0.18E-09    0.17E-09  ^
    0.15E-09    0.13E-09    0.12E-09    0.10E-09    0.84E-10  ^
    0.70E-10    0.58E-10    0.48E-10    0.39E-10    0.32E-10  ^
    0.25E-10    0.20E-10    0.16E-10    0.13E-10    0.10E-10  ^
    0.80E-11    0.62E-11    0.49E-11    0.39E-11

CLO     _ALT     0.50     1.50     2.50     3.50     4.50  ^
     5.50     6.50     7.50     8.50     9.50  ^
    10.50    11.50    12.50    13.50    14.50  ^
    15.50    16.50    17.50    18.50    19.50  ^
    20.50    21.50    22.50    23.50    24.50  ^
    25.50    26.50    27.50    28.50    29.50  ^
    30.50    31.50    32.50    33.50    34.50  ^
    35.50    36.50    37.50    38.50    39.50  ^
    40.50    41.50    42.50    43.50    44.50  ^
    45.50    46.50    47.50    48.50    49.50  ^
    50.50    51.50    52.50    53.50    54.50  ^
    55.50    56.50    57.50    58.50    59.50  ^
    60.50    61.50    62.50    63.50

Molecule HCL     

HCL     _MR    0.11E-10    0.16E-10    0.22E-10    0.26E-10    0.30E-10  ^
    0.33E-10    0.35E-10    0.36E-10    0.38E-10    0.39E-10  ^
    0.40E-10    0.42E-10    0.43E-10    0.45E-10    0.47E-10  ^
    0.49E-10    0.53E-10    0.62E-10    0.75E-10    0.92E-10  ^
    0.11E-09    0.12E-09    0.13E-09    0.14E-09    0.14E-09  ^
    0.14E-09    0.14E-09    0.14E-09    0.14E-09    0.15E-09  ^
    0.15E-09    0.16E-09    0.17E-09    0.18E-09    0.18E-09  ^
    0.19E-09    0.19E-09    0.19E-09    0.19E-09    0.19E-09  ^
    0.19E-09    0.20E-09    0.21E-09    0.23E-09    0.25E-09  ^
    0.27E-09    0.29E-09    0.32E-09    0.34E-09    0.35E-09  ^
    0.37E-09    0.38E-09    0.40E-09    0.41E-09    0.41E-09  ^
    0.42E-09    0.42E-09    0.43E-09    0.43E-09    0.44E-09  ^
    0.44E-09    0.44E-09    0.44E-09    0.44E-09

HCL     _ALT     0.50     1.50     2.50     3.50     4.50  ^
     5.50     6.50     7.50     8.50     9.50  ^
    10.50    11.50    12.50    13.50    14.50  ^
    15.50    16.50    17.50    18.50    19.50  ^
    20.50    21.50    22.50    23.50    24.50  ^
    25.50    26.50    27.50    28.50    29.50  ^
    30.50    31.50    32.50    33.50    34.50  ^
    35.50    36.50    37.50    38.50    39.50  ^
    40.50    41.50    42.50    43.50    44.50  ^
    45.50    46.50    47.50    48.50    49.50  ^
    50.50    51.50    52.50    53.50    54.50  ^
    55.50    56.50    57.50    58.50    59.50  ^
    60.50    61.50    62.50    63.50

Molecule CLONO2  

CLONO2  _MR    0.52E-12    0.76E-12    0.11E-11    0.15E-11    0.19E-11  ^
    0.22E-11    0.22E-11    0.20E-11    0.16E-11    0.13E-11  ^
    0.10E-11    0.85E-12    0.73E-12    0.66E-12    0.64E-12  ^
    0.69E-12    0.97E-12    0.20E-11    0.52E-11    0.13E-10  ^
    0.29E-10    0.51E-10    0.80E-10    0.11E-09    0.14E-09  ^
    0.17E-09    0.19E-09    0.20E-09    0.21E-09    0.21E-09  ^
    0.21E-09    0.19E-09    0.17E-09    0.14E-09    0.11E-09  ^
    0.85E-10    0.59E-10    0.39E-10    0.24E-10    0.14E-10  ^
    0.73E-11    0.37E-11    0.17E-11    0.79E-12    0.35E-12  ^
    0.15E-12    0.67E-13    0.29E-13    0.13E-13    0.58E-14  ^
    0.26E-14    0.12E-14    0.56E-15    0.26E-15    0.13E-15  ^
    0.62E-16    0.31E-16    0.16E-16    0.82E-17    0.44E-17  ^
    0.24E-17    0.13E-17    0.71E-18    0.32E-18

CLONO2  _ALT     0.50     1.50     2.50     3.50     4.50  ^
     5.50     6.50     7.50     8.50     9.50  ^
    10.50    11.50    12.50    13.50    14.50  ^
    15.50    16.50    17.50    18.50    19.50  ^
    20.50    21.50    22.50    23.50    24.50  ^
    25.50    26.50    27.50    28.50    29.50  ^
    30.50    31.50    32.50    33.50    34.50  ^
    35.50    36.50    37.50    38.50    39.50  ^
    40.50    41.50    42.50    43.50    44.50  ^
    45.50    46.50    47.50    48.50    49.50  ^
    50.50    51.50    52.50    53.50    54.50  ^
    55.50    56.50    57.50    58.50    59.50  ^
    60.50    61.50    62.50    63.50

Molecule H2S     

H2S     _MR    0.16E-11    0.16E-11    0.16E-11    0.17E-11    0.19E-11  ^
    0.22E-11    0.28E-11    0.36E-11    0.44E-11    0.45E-11  ^
    0.27E-11    0.17E-11    0.11E-11    0.70E-12    0.46E-12  ^
    0.28E-12    0.14E-12    0.44E-13    0.97E-14    0.15E-14  ^
    0.19E-15    0.19E-16    0.16E-17    0.12E-18    0.75E-20  ^
    0.43E-21    0.22E-22    0.96E-24    0.38E-25    0.14E-26  ^
    0.93E-28    0.80E-28    0.13E-27    0.22E-27    0.36E-27  ^
    0.56E-27    0.85E-27    0.12E-26    0.17E-26    0.24E-26  ^
    0.33E-26    0.44E-26    0.60E-26    0.81E-26    0.11E-25  ^
    0.14E-25    0.17E-25    0.20E-25    0.23E-25    0.26E-25  ^
    0.29E-25    0.32E-25    0.34E-25    0.37E-25    0.41E-25  ^
    0.46E-25    0.54E-25    0.65E-25    0.81E-25    0.10E-24  ^
    0.13E-24    0.17E-24    0.20E-24    0.20E-24

H2S     _ALT     0.50     1.50     2.50     3.50     4.50  ^
     5.50     6.50     7.50     8.50     9.50  ^
    10.50    11.50    12.50    13.50    14.50  ^
    15.50    16.50    17.50    18.50    19.50  ^
    20.50    21.50    22.50    23.50    24.50  ^
    25.50    26.50    27.50    28.50    29.50  ^
    30.50    31.50    32.50    33.50    34.50  ^
    35.50    36.50    37.50    38.50    39.50  ^
    40.50    41.50    42.50    43.50    44.50  ^
    45.50    46.50    47.50    48.50    49.50  ^
    50.50    51.50    52.50    53.50    54.50  ^
    55.50    56.50    57.50    58.50    59.50  ^
    60.50    61.50    62.50    63.50

Molecule HS      

HS      _MR    0.38E-17    0.44E-17    0.50E-17    0.56E-17    0.63E-17  ^
    0.72E-17    0.80E-17    0.83E-17    0.81E-17    0.66E-17  ^
    0.34E-17    0.20E-17    0.13E-17    0.86E-18    0.64E-18  ^
    0.42E-18    0.19E-18    0.49E-19    0.76E-20    0.87E-21  ^
    0.87E-22    0.80E-23    0.69E-24    0.56E-25    0.43E-26  ^
    0.31E-27    0.22E-28    0.25E-29    0.13E-29    0.16E-29  ^
    0.26E-29    0.50E-29    0.10E-28    0.21E-28    0.42E-28  ^
    0.79E-28    0.15E-27    0.26E-27    0.44E-27    0.73E-27  ^
    0.12E-26    0.19E-26    0.30E-26    0.45E-26    0.66E-26  ^
    0.93E-26    0.13E-25    0.16E-25    0.20E-25    0.25E-25  ^
    0.29E-25    0.34E-25    0.39E-25    0.44E-25    0.51E-25  ^
    0.59E-25    0.69E-25    0.84E-25    0.10E-24    0.13E-24  ^
    0.16E-24    0.19E-24    0.23E-24    0.22E-24

HS      _ALT     0.50     1.50     2.50     3.50     4.50  ^
     5.50     6.50     7.50     8.50     9.50  ^
    10.50    11.50    12.50    13.50    14.50  ^
    15.50    16.50    17.50    18.50    19.50  ^
    20.50    21.50    22.50    23.50    24.50  ^
    25.50    26.50    27.50    28.50    29.50  ^
    30.50    31.50    32.50    33.50    34.50  ^
    35.50    36.50    37.50    38.50    39.50  ^
    40.50    41.50    42.50    43.50    44.50  ^
    45.50    46.50    47.50    48.50    49.50  ^
    50.50    51.50    52.50    53.50    54.50  ^
    55.50    56.50    57.50    58.50    59.50  ^
    60.50    61.50    62.50    63.50

Molecule SO      

SO      _MR    0.46E-19    0.68E-19    0.10E-18    0.15E-18    0.23E-18  ^
    0.37E-18    0.58E-18    0.89E-18    0.13E-17    0.16E-17  ^
    0.12E-17    0.87E-18    0.66E-18    0.53E-18    0.47E-18  ^
    0.42E-18    0.36E-18    0.36E-18    0.39E-18    0.38E-18  ^
    0.34E-18    0.27E-18    0.21E-18    0.15E-18    0.11E-18  ^
    0.79E-19    0.57E-19    0.42E-19    0.34E-19    0.34E-19  ^
    0.44E-19    0.68E-19    0.11E-18    0.19E-18    0.30E-18  ^
    0.48E-18    0.72E-18    0.11E-17    0.15E-17    0.21E-17  ^
    0.28E-17    0.36E-17    0.47E-17    0.62E-17    0.79E-17  ^
    0.10E-16    0.13E-16    0.17E-16    0.21E-16    0.27E-16  ^
    0.34E-16    0.44E-16    0.55E-16    0.70E-16    0.88E-16  ^
    0.11E-15    0.14E-15    0.17E-15    0.22E-15    0.27E-15  ^
    0.32E-15    0.38E-15    0.45E-15    0.52E-15

SO      _ALT     0.50     1.50     2.50     3.50     4.50  ^
     5.50     6.50     7.50     8.50     9.50  ^
    10.50    11.50    12.50    13.50    14.50  ^
    15.50    16.50    17.50    18.50    19.50  ^
    20.50    21.50    22.50    23.50    24.50  ^
    25.50    26.50    27.50    28.50    29.50  ^
    30.50    31.50    32.50    33.50    34.50  ^
    35.50    36.50    37.50    38.50    39.50  ^
    40.50    41.50    42.50    43.50    44.50  ^
    45.50    46.50    47.50    48.50    49.50  ^
    50.50    51.50    52.50    53.50    54.50  ^
    55.50    56.50    57.50    58.50    59.50  ^
    60.50    61.50    62.50    63.50

Molecule SO2     

SO2     _MR    0.26E-10    0.44E-10    0.60E-10    0.75E-10    0.91E-10  ^
    0.11E-09    0.13E-09    0.15E-09    0.16E-09    0.16E-09  ^
    0.14E-09    0.12E-09    0.10E-09    0.90E-10    0.80E-10  ^
    0.70E-10    0.56E-10    0.39E-10    0.23E-10    0.12E-10  ^
    0.59E-11    0.27E-11    0.12E-11    0.49E-12    0.21E-12  ^
    0.89E-13    0.39E-13    0.18E-13    0.94E-14    0.61E-14  ^
    0.52E-14    0.56E-14    0.66E-14    0.81E-14    0.10E-13  ^
    0.12E-13    0.15E-13    0.18E-13    0.21E-13    0.25E-13  ^
    0.29E-13    0.33E-13    0.38E-13    0.44E-13    0.50E-13  ^
    0.56E-13    0.63E-13    0.69E-13    0.76E-13    0.82E-13  ^
    0.88E-13    0.94E-13    0.99E-13    0.10E-12    0.11E-12  ^
    0.11E-12    0.12E-12    0.12E-12    0.12E-12    0.13E-12  ^
    0.13E-12    0.13E-12    0.13E-12    0.13E-12

SO2     _ALT     0.50     1.50     2.50     3.50     4.50  ^
     5.50     6.50     7.50     8.50     9.50  ^
    10.50    11.50    12.50    13.50    14.50  ^
    15.50    16.50    17.50    18.50    19.50  ^
    20.50    21.50    22.50    23.50    24.50  ^
    25.50    26.50    27.50    28.50    29.50  ^
    30.50    31.50    32.50    33.50    34.50  ^
    35.50    36.50    37.50    38.50    39.50  ^
    40.50    41.50    42.50    43.50    44.50  ^
    45.50    46.50    47.50    48.50    49.50  ^
    50.50    51.50    52.50    53.50    54.50  ^
    55.50    56.50    57.50    58.50    59.50  ^
    60.50    61.50    62.50    63.50

Molecule H2SO4   

H2SO4   _MR    0.24E-11    0.48E-11    0.75E-11    0.10E-10    0.13E-10  ^
    0.14E-10    0.15E-10    0.14E-10    0.12E-10    0.94E-11  ^
    0.69E-11    0.51E-11    0.38E-11    0.31E-11    0.26E-11  ^
    0.22E-11    0.17E-11    0.11E-11    0.59E-12    0.29E-12  ^
    0.13E-12    0.58E-13    0.26E-13    0.15E-13    0.25E-13  ^
    0.78E-13    0.13E-12    0.15E-12    0.16E-12    0.16E-12  ^
    0.16E-12    0.16E-12    0.16E-12    0.16E-12    0.16E-12  ^
    0.16E-12    0.15E-12    0.15E-12    0.15E-12    0.14E-12  ^
    0.14E-12    0.13E-12    0.13E-12    0.12E-12    0.12E-12  ^
    0.11E-12    0.11E-12    0.98E-13    0.92E-13    0.86E-13  ^
    0.80E-13    0.74E-13    0.68E-13    0.63E-13    0.59E-13  ^
    0.54E-13    0.51E-13    0.47E-13    0.45E-13    0.42E-13  ^
    0.40E-13    0.39E-13    0.38E-13    0.37E-13

H2SO4   _ALT     0.50     1.50     2.50     3.50     4.50  ^
     5.50     6.50     7.50     8.50     9.50  ^
    10.50    11.50    12.50    13.50    14.50  ^
    15.50    16.50    17.50    18.50    19.50  ^
    20.50    21.50    22.50    23.50    24.50  ^
    25.50    26.50    27.50    28.50    29.50  ^
    30.50    31.50    32.50    33.50    34.50  ^
    35.50    36.50    37.50    38.50    39.50  ^
    40.50    41.50    42.50    43.50    44.50  ^
    45.50    46.50    47.50    48.50    49.50  ^
    50.50    51.50    52.50    53.50    54.50  ^
    55.50    56.50    57.50    58.50    59.50  ^
    60.50    61.50    62.50    63.50

Molecule HSO     

HSO     _MR    0.28E-13    0.31E-13    0.34E-13    0.38E-13    0.44E-13  ^
    0.53E-13    0.67E-13    0.84E-13    0.98E-13    0.95E-13  ^
    0.58E-13    0.36E-13    0.23E-13    0.15E-13    0.10E-13  ^
    0.63E-14    0.30E-14    0.10E-14    0.21E-15    0.30E-16  ^
    0.31E-17    0.25E-18    0.18E-19    0.11E-20    0.66E-22  ^
    0.35E-23    0.18E-24    0.15E-25    0.57E-26    0.48E-26  ^
    0.55E-26    0.74E-26    0.11E-25    0.15E-25    0.21E-25  ^
    0.27E-25    0.34E-25    0.40E-25    0.46E-25    0.50E-25  ^
    0.53E-25    0.55E-25    0.57E-25    0.59E-25    0.60E-25  ^
    0.61E-25    0.62E-25    0.64E-25    0.68E-25    0.73E-25  ^
    0.82E-25    0.96E-25    0.12E-24    0.15E-24    0.19E-24  ^
    0.25E-24    0.35E-24    0.48E-24    0.68E-24    0.97E-24  ^
    0.14E-23    0.20E-23    0.28E-23    0.42E-23

HSO     _ALT     0.50     1.50     2.50     3.50     4.50  ^
     5.50     6.50     7.50     8.50     9.50  ^
    10.50    11.50    12.50    13.50    14.50  ^
    15.50    16.50    17.50    18.50    19.50  ^
    20.50    21.50    22.50    23.50    24.50  ^
    25.50    26.50    27.50    28.50    29.50  ^
    30.50    31.50    32.50    33.50    34.50  ^
    35.50    36.50    37.50    38.50    39.50  ^
    40.50    41.50    42.50    43.50    44.50  ^
    45.50    46.50    47.50    48.50    49.50  ^
    50.50    51.50    52.50    53.50    54.50  ^
    55.50    56.50    57.50    58.50    59.50  ^
    60.50    61.50    62.50    63.50
