 SOLAR ZENITH ANGLE (deg) =    42.0000000000000     
 FIXED SPECIES MIXING RATIOS:
    O2 =   0.210000000000000       CO2 =   3.550000000000000E-004  CH4 = 
  1.600000000000000E-006

 PO2= 1.514E-01  PNO= 3.561E-02  ZAPNO= 3.764E+03
 N= 3     X= 7.00945E-01  ERR= 1.03905E-06

 TIME = 0.0000E+00     TIMEY =   0.0000E+00 YEARS

 NPHOT =  0

 MIXING RATIOS OF LONG-LIVED SPECIES


     Z        H2CO     O        H2O      OH       HO2      H2O2     O3       H        H2       CH4      CO       CH3OOH  
  5.00E+04 2.05E-10 7.35E-17 1.12E-02 8.13E-14 1.37E-11 1.30E-09 2.21E-08 7.62E-21 5.50E-07 1.60E-06 9.00E-08 6.36E-10
  1.50E+05 2.11E-10 1.05E-16 7.92E-03 1.01E-13 1.39E-11 1.31E-09 2.62E-08 8.66E-21 5.50E-07 1.59E-06 7.93E-08 6.03E-10
  2.50E+05 2.06E-10 1.53E-16 5.46E-03 1.24E-13 1.39E-11 1.24E-09 3.21E-08 9.82E-21 5.51E-07 1.59E-06 7.02E-08 5.25E-10
  3.50E+05 1.90E-10 2.26E-16 3.45E-03 1.46E-13 1.32E-11 1.07E-09 3.96E-08 1.07E-20 5.51E-07 1.58E-06 6.26E-08 4.09E-10
  7.50E+05 6.64E-11 8.22E-16 2.31E-04 1.49E-13 5.26E-12 2.44E-10 7.82E-08 8.17E-21 5.52E-07 1.57E-06 4.40E-08 5.70E-11
  1.15E+06 1.32E-11 2.76E-15 1.00E-05 1.02E-13 9.01E-13 2.04E-11 1.25E-07 5.40E-21 5.53E-07 1.57E-06 3.64E-08 2.53E-12
  1.55E+06 7.65E-12 1.34E-14 4.49E-06 1.56E-13 6.37E-13 2.48E-12 1.96E-07 1.14E-20 5.52E-07 1.57E-06 3.20E-08 3.23E-13
  1.95E+06 9.53E-12 2.29E-13 4.31E-06 3.24E-13 1.45E-12 2.89E-12 8.83E-07 3.24E-20 5.50E-07 1.53E-06 2.22E-08 4.22E-13
  2.35E+06 2.29E-11 4.86E-12 4.80E-06 9.13E-13 6.44E-12 2.16E-11 4.19E-06 1.51E-19 5.22E-07 1.30E-06 1.27E-08 1.47E-12
  2.75E+06 4.65E-11 3.81E-11 5.61E-06 3.94E-12 2.21E-11 8.24E-11 6.98E-06 1.89E-18 4.49E-07 9.25E-07 1.22E-08 2.17E-12
  3.15E+06 6.31E-11 2.05E-10 6.37E-06 1.67E-11 5.49E-11 1.49E-10 7.83E-06 3.54E-17 3.52E-07 5.95E-07 1.08E-08 1.87E-12
  3.55E+06 6.14E-11 9.89E-10 6.97E-06 5.35E-11 9.62E-11 1.43E-10 7.40E-06 7.79E-16 2.52E-07 3.55E-07 9.29E-09 1.33E-12
  3.95E+06 4.74E-11 4.79E-09 7.38E-06 1.49E-10 1.38E-10 9.86E-11 6.24E-06 1.76E-14 1.67E-07 1.95E-07 7.98E-09 8.68E-13
  4.35E+06 2.96E-11 2.14E-08 7.62E-06 3.35E-10 1.89E-10 7.24E-11 4.61E-06 3.00E-13 1.11E-07 1.04E-07 7.47E-09 6.17E-13
  4.75E+06 1.61E-11 6.64E-08 7.71E-06 5.21E-10 2.49E-10 6.29E-11 3.22E-06 2.38E-12 8.88E-08 6.37E-08 9.36E-09 5.14E-13
  5.15E+06 9.20E-12 1.53E-07 7.75E-06 6.93E-10 3.13E-10 5.98E-11 2.28E-06 1.15E-11 8.80E-08 4.70E-08 1.64E-08 4.44E-13
  5.55E+06 6.00E-12 2.88E-07 7.74E-06 9.50E-10 4.21E-10 7.06E-11 1.59E-06 4.65E-11 9.95E-08 4.03E-08 3.69E-08 3.79E-13
  5.95E+06 4.49E-12 4.55E-07 7.74E-06 1.57E-09 7.00E-10 1.28E-10 9.80E-07 1.94E-10 1.17E-07 3.78E-08 9.25E-08 3.05E-13
  6.35E+06 3.64E-12 1.11E-06 7.72E-06 3.68E-09 1.53E-09 3.23E-10 8.76E-07 1.69E-09 1.32E-07 3.70E-08 2.38E-07 2.34E-13

     Z        CH3O2    N2O      NO       NO2      HNO2     HNO3     HO2NO2   NO3      N2O5     CL2O2    CH3CL    HOCL    
  5.00E+04 7.16E-12 3.00E-07 5.37E-12 1.47E-11 3.20E-14 1.28E-10 3.95E-13 9.15E-15 7.14E-17 1.59E-22 5.00E-10 2.49E-13
  1.50E+05 7.15E-12 3.00E-07 6.71E-12 1.69E-11 4.38E-14 1.96E-10 8.44E-13 1.09E-14 1.44E-16 5.21E-22 4.84E-10 3.29E-13
  2.50E+05 6.85E-12 3.00E-07 8.34E-12 1.97E-11 5.92E-14 2.84E-10 1.87E-12 1.36E-14 3.15E-16 1.80E-21 4.69E-10 4.28E-13
  3.50E+05 6.02E-12 3.00E-07 1.07E-11 2.34E-11 7.91E-14 3.73E-10 4.31E-12 1.68E-14 7.56E-16 5.74E-21 4.57E-10 5.04E-13
  7.50E+05 1.41E-12 3.00E-07 2.59E-11 3.03E-11 1.23E-13 5.47E-10 7.97E-11 1.55E-14 1.53E-14 4.16E-19 4.32E-10 2.68E-13
  1.15E+06 1.20E-13 2.99E-07 9.10E-11 4.66E-11 1.67E-13 5.56E-10 4.39E-11 6.39E-15 8.81E-14 2.41E-18 4.23E-10 2.04E-14
  1.55E+06 6.52E-14 2.98E-07 1.81E-10 5.97E-11 2.11E-13 5.83E-10 1.74E-11 5.08E-15 7.35E-14 3.79E-18 4.18E-10 1.25E-14
  1.95E+06 9.80E-14 2.90E-07 2.94E-10 2.29E-10 2.41E-13 1.44E-09 4.24E-11 2.49E-14 6.60E-13 8.37E-17 3.86E-10 1.24E-13
  2.35E+06 2.18E-13 2.33E-07 6.76E-10 1.64E-09 4.33E-13 6.56E-09 2.87E-10 3.91E-13 2.74E-11 1.17E-15 2.51E-10 2.02E-12
  2.75E+06 3.80E-13 1.39E-07 1.93E-09 5.39E-09 1.41E-12 1.04E-08 4.60E-10 1.38E-12 8.92E-11 1.92E-15 1.08E-10 9.63E-12
  3.15E+06 5.58E-13 6.50E-08 4.77E-09 9.84E-09 4.08E-12 7.55E-09 2.68E-10 2.05E-12 5.23E-11 2.49E-15 3.50E-11 3.07E-11
  3.55E+06 7.78E-13 2.54E-08 8.54E-09 1.02E-08 6.65E-12 3.19E-09 7.44E-11 1.83E-12 9.84E-12 2.38E-15 9.16E-12 6.00E-11
  3.95E+06 1.08E-12 8.87E-09 1.17E-08 6.16E-09 7.52E-12 9.20E-10 1.12E-11 1.08E-12 7.27E-13 1.03E-15 1.97E-12 6.45E-11
  4.35E+06 1.37E-12 3.08E-09 1.27E-08 2.09E-09 5.73E-12 1.55E-10 1.10E-12 3.71E-13 1.90E-14 2.01E-16 3.83E-13 4.24E-11
  4.75E+06 1.48E-12 1.19E-09 1.12E-08 5.47E-10 2.72E-12 1.78E-11 1.11E-13 8.35E-14 3.35E-16 2.79E-17 9.41E-14 1.91E-11
  5.15E+06 1.44E-12 5.33E-10 9.25E-09 1.48E-10 1.15E-12 2.19E-12 1.42E-14 1.68E-14 7.52E-18 4.13E-18 3.44E-14 7.19E-12
  5.55E+06 1.25E-12 2.80E-10 7.54E-09 4.44E-11 5.31E-13 3.42E-13 2.35E-15 3.50E-15 2.13E-19 5.66E-19 1.80E-14 2.80E-12
  5.95E+06 9.24E-13 1.79E-10 6.33E-09 1.76E-11 3.06E-13 8.54E-14 6.26E-16 8.99E-16 9.57E-21 5.07E-20 1.23E-14 1.27E-12
  6.35E+06 6.46E-13 1.49E-10 5.80E-09 9.83E-12 2.55E-13 3.91E-14 2.69E-16 3.66E-16 9.15E-22 3.28E-21 1.05E-14 6.95E-13

     Z        CL       CLO      HCL      CLONO2   H2S      HS       SO       SO2      H2SO4    HSO     
  5.00E+04 1.42E-17 1.74E-14 1.11E-11 5.42E-13 1.58E-12 3.71E-18 4.65E-20 2.57E-11 2.44E-12 2.86E-14
  1.50E+05 2.07E-17 2.52E-14 1.59E-11 7.93E-13 1.60E-12 4.30E-18 6.89E-20 4.40E-11 4.82E-12 3.19E-14
  2.50E+05 2.96E-17 3.69E-14 2.12E-11 1.13E-12 1.64E-12 4.89E-18 1.02E-19 5.99E-11 7.49E-12 3.49E-14
  3.50E+05 4.01E-17 5.05E-14 2.59E-11 1.55E-12 1.74E-12 5.45E-18 1.52E-19 7.53E-11 1.01E-11 3.92E-14
  7.50E+05 7.39E-17 8.36E-14 3.54E-11 2.06E-12 3.71E-12 7.91E-18 8.99E-19 1.51E-10 1.37E-11 8.68E-14
  1.15E+06 9.72E-17 4.48E-14 4.06E-11 9.88E-13 1.67E-12 1.83E-18 8.47E-19 1.19E-10 5.05E-12 3.71E-14
  1.55E+06 1.94E-16 6.55E-14 4.62E-11 6.88E-13 3.31E-13 3.93E-19 4.84E-19 7.35E-11 2.04E-12 7.21E-15
  1.95E+06 6.04E-16 5.67E-13 7.13E-11 6.44E-12 8.25E-15 5.22E-21 9.77E-19 2.40E-11 5.21E-13 1.61E-16
  2.35E+06 2.29E-15 4.82E-12 1.19E-10 8.80E-11 1.42E-18 5.79E-25 5.54E-19 1.39E-12 2.87E-14 1.22E-20
  2.75E+06 1.15E-14 1.59E-11 1.41E-10 1.90E-10 1.14E-23 1.70E-29 1.46E-19 4.86E-14 1.45E-13 9.75E-26
  3.15E+06 6.78E-14 4.59E-11 1.75E-10 1.79E-10 1.17E-28 7.85E-30 1.20E-19 8.47E-15 1.85E-13 1.07E-26
  3.55E+06 3.21E-13 1.12E-10 2.11E-10 7.22E-11 7.10E-28 1.13E-28 6.91E-19 1.68E-14 1.76E-13 3.45E-26
  3.95E+06 1.13E-12 1.78E-10 2.08E-10 1.08E-11 2.90E-27 9.87E-28 2.74E-18 3.29E-14 1.60E-13 5.89E-26
  4.35E+06 3.74E-12 1.75E-10 2.43E-10 5.92E-13 9.46E-27 5.72E-27 7.89E-18 5.65E-14 1.37E-13 6.59E-26
  4.75E+06 8.72E-12 1.12E-10 3.25E-10 2.18E-14 2.16E-26 1.90E-26 2.04E-17 8.66E-14 1.07E-13 6.95E-26
  5.15E+06 1.35E-11 5.56E-11 3.88E-10 9.08E-16 3.15E-26 3.71E-26 5.09E-17 1.15E-13 7.84E-14 1.03E-25
  5.55E+06 1.65E-11 2.46E-11 4.21E-10 4.73E-17 4.47E-26 6.27E-26 1.28E-16 1.36E-13 5.70E-14 2.73E-25
  5.95E+06 1.76E-11 9.97E-12 4.36E-10 3.41E-18 9.63E-26 1.31E-25 3.18E-16 1.49E-13 4.36E-14 1.07E-24
  6.35E+06 1.93E-11 3.89E-12 4.41E-10 2.53E-19 1.82E-25 2.21E-25 6.80E-16 1.54E-13 3.82E-14 4.97E-24


 MIXING RATIO OF AEROSOL

     Z      SO4AER
  5.00E+04 8.74E-11
  1.50E+05 1.06E-10
  2.50E+05 1.46E-10
  3.50E+05 1.95E-10
  7.50E+05 3.86E-10
  1.15E+06 4.82E-10
  1.55E+06 5.25E-10
  1.95E+06 5.42E-10
  2.35E+06 3.64E-10
  2.75E+06 1.58E-10
  3.15E+06 5.99E-11
  3.55E+06 1.99E-11
  3.95E+06 5.38E-12
  4.35E+06 1.19E-12
  4.75E+06 2.31E-13
  5.15E+06 4.01E-14
  5.55E+06 6.02E-15
  5.95E+06 7.55E-16
  6.35E+06 7.65E-17


 PHOTOLYSIS RATES

     Z       PO2      PO2D     PCO2     PCO2D    PH2O     PO3      PO3D     PH2O2    PHCO     PH2      PHO2
   5.00E+04 2.21E-31 0.00E+00 3.32E-38 0.00E+00 9.47E-37 2.50E-04 1.35E-05 3.75E-06 1.37E-05 2.35E-05 1.90E-25
   3.50E+05 2.53E-26 0.00E+00 1.56E-31 0.00E+00 4.46E-30 2.61E-04 1.63E-05 4.53E-06 1.68E-05 2.78E-05 2.04E-20
   6.50E+05 3.59E-22 0.00E+00 1.35E-26 0.00E+00 3.85E-25 2.67E-04 1.66E-05 5.04E-06 1.88E-05 3.05E-05 2.74E-16
   9.50E+05 6.45E-19 0.00E+00 5.52E-23 0.00E+00 1.58E-21 2.72E-04 1.49E-05 5.37E-06 2.01E-05 3.22E-05 4.73E-13
   1.25E+06 1.42E-16 0.00E+00 1.79E-20 0.00E+00 5.13E-19 2.75E-04 1.45E-05 5.58E-06 2.10E-05 3.31E-05 1.02E-10
   1.55E+06 4.77E-15 0.00E+00 7.24E-19 0.00E+00 2.07E-17 2.76E-04 1.50E-05 5.70E-06 2.15E-05 3.36E-05 3.39E-09
   1.85E+06 4.43E-14 0.00E+00 7.78E-18 0.00E+00 2.32E-16 2.77E-04 1.63E-05 5.78E-06 2.18E-05 3.39E-05 3.13E-08
   2.15E+06 2.41E-13 0.00E+00 1.36E-16 0.00E+00 5.81E-15 2.79E-04 2.01E-05 5.92E-06 2.23E-05 3.42E-05 1.68E-07
   2.45E+06 1.31E-12 0.00E+00 4.24E-15 0.00E+00 2.02E-13 2.82E-04 3.09E-05 6.26E-06 2.34E-05 3.46E-05 8.60E-07
   2.75E+06 6.35E-12 0.00E+00 6.02E-14 0.00E+00 2.92E-12 2.87E-04 5.48E-05 7.02E-06 2.53E-05 3.53E-05 3.77E-06
   3.05E+06 2.26E-11 0.00E+00 4.15E-13 0.00E+00 2.13E-11 2.95E-04 1.02E-04 8.46E-06 2.79E-05 3.61E-05 1.25E-05
   3.35E+06 5.79E-11 2.44-217 1.74E-12 1.17-216 1.02E-10 3.06E-04 1.88E-04 1.09E-05 3.07E-05 3.70E-05 3.14E-05
   3.65E+06 1.15E-10 2.82-147 5.03E-12 1.35-146 3.48E-10 3.24E-04 3.40E-04 1.46E-05 3.36E-05 3.80E-05 6.38E-05
   3.95E+06 1.91E-10 9.30-102 1.09E-11 4.47-101 8.76E-10 3.57E-04 6.39E-04 1.98E-05 3.62E-05 3.90E-05 1.09E-04
   4.25E+06 2.73E-10 6.62E-72 1.90E-11 3.18E-71 1.83E-09 4.20E-04 1.21E-03 2.67E-05 3.82E-05 3.99E-05 1.61E-04
   4.55E+06 3.50E-10 4.47E-52 2.93E-11 2.14E-51 3.55E-09 5.01E-04 1.94E-03 3.39E-05 3.96E-05 4.06E-05 2.09E-04
   4.85E+06 4.20E-10 1.17E-38 4.25E-11 5.61E-38 6.81E-09 5.73E-04 2.59E-03 3.97E-05 4.04E-05 4.11E-05 2.44E-04
   5.15E+06 4.93E-10 1.93E-29 6.09E-11 9.27E-29 1.33E-08 6.25E-04 3.05E-03 4.39E-05 4.10E-05 4.14E-05 2.67E-04
   5.45E+06 5.85E-10 4.70E-23 9.00E-11 2.26E-22 2.78E-08 6.58E-04 3.34E-03 4.65E-05 4.12E-05 4.15E-05 2.82E-04
   5.75E+06 7.27E-10 1.28E-18 1.44E-10 6.12E-18 6.21E-08 6.77E-04 3.51E-03 4.81E-05 4.14E-05 4.16E-05 2.91E-04
   6.05E+06 1.03E-09 1.47E-15 2.56E-10 7.06E-15 1.43E-07 6.86E-04 3.59E-03 4.91E-05 4.15E-05 4.17E-05 2.97E-04
   6.35E+06 3.02E-09 1.80E-13 6.13E-10 8.64E-13 4.17E-07 6.91E-04 3.63E-03 4.98E-05 4.15E-05 4.17E-05 3.01E-04

     Z      PCH4     PCH3OOH  PN2O     PHNO3    PNO      PNO2     PHNO4    PCCL3F   PCCL2F2  PCCL4    PCH3CL
   5.00E+04 0.00E+00 3.54E-06 8.28E-29 2.52E-07 0.00E+00 4.45E-03 3.81E-06 1.96E-27 6.96E-29 1.05E-26 2.56E-33
   3.50E+05 0.00E+00 4.26E-06 1.47E-23 3.19E-07 0.00E+00 4.95E-03 4.72E-06 3.37E-22 1.38E-23 1.41E-21 1.20E-26
   6.50E+05 0.00E+00 4.74E-06 3.05E-19 3.66E-07 8.46-106 5.25E-03 5.34E-06 6.60E-18 3.18E-19 2.24E-17 1.04E-21
   9.50E+05 0.00E+00 5.04E-06 6.85E-16 4.01E-07 2.14E-71 5.44E-03 5.76E-06 1.43E-14 7.56E-16 4.25E-14 4.26E-18
   1.25E+06 0.00E+00 5.23E-06 1.69E-13 4.26E-07 2.94E-48 5.54E-03 6.04E-06 3.45E-12 1.92E-13 9.64E-12 1.38E-15
   1.55E+06 0.00E+00 5.34E-06 6.00E-12 4.44E-07 2.32E-33 5.59E-03 6.23E-06 1.21E-10 6.89E-12 3.27E-10 5.58E-14
   1.85E+06 0.00E+00 5.42E-06 5.71E-11 4.67E-07 5.02E-24 5.62E-03 6.38E-06 1.14E-09 6.60E-11 3.05E-09 5.64E-13
   2.15E+06 0.00E+00 5.54E-06 3.07E-10 5.35E-07 3.78E-18 5.64E-03 6.70E-06 6.14E-09 3.57E-10 1.63E-08 3.12E-12
   2.45E+06 0.00E+00 5.84E-06 1.56E-09 8.13E-07 2.55E-14 5.66E-03 7.71E-06 3.10E-08 1.90E-09 8.20E-08 1.82E-11
   2.75E+06 0.00E+00 6.53E-06 6.91E-09 1.82E-06 8.59E-12 5.68E-03 1.05E-05 1.35E-07 9.29E-09 3.49E-07 1.07E-10
   3.05E+06 0.00E+00 7.84E-06 2.26E-08 4.57E-06 3.87E-10 5.71E-03 1.71E-05 4.36E-07 3.39E-08 1.10E-06 4.59E-10
   3.35E+06 4.39-214 1.01E-05 5.38E-08 9.86E-06 4.56E-09 5.73E-03 2.95E-05 1.02E-06 8.91E-08 2.55E-06 1.37E-09
   3.65E+06 5.07-144 1.33E-05 9.83E-08 1.74E-05 2.21E-08 5.74E-03 4.85E-05 1.84E-06 1.79E-07 4.63E-06 3.03E-09
   3.95E+06 1.67E-98 1.77E-05 1.48E-07 2.62E-05 6.06E-08 5.75E-03 7.50E-05 2.76E-06 2.95E-07 6.99E-06 5.39E-09
   4.25E+06 1.19E-68 2.31E-05 1.95E-07 3.52E-05 1.15E-07 5.75E-03 1.10E-04 3.60E-06 4.21E-07 9.15E-06 8.18E-09
   4.55E+06 8.04E-49 2.86E-05 2.36E-07 4.33E-05 1.76E-07 5.76E-03 1.47E-04 4.32E-06 5.46E-07 1.08E-05 1.12E-08
   4.85E+06 2.10E-35 3.31E-05 2.71E-07 5.01E-05 2.37E-07 5.76E-03 1.77E-04 4.92E-06 6.72E-07 1.21E-05 1.45E-08
   5.15E+06 3.47E-26 3.62E-05 3.03E-07 5.59E-05 3.11E-07 5.76E-03 1.99E-04 5.46E-06 8.06E-07 1.30E-05 1.83E-08
   5.45E+06 8.46E-20 3.81E-05 3.35E-07 6.10E-05 4.17E-07 5.76E-03 2.14E-04 5.98E-06 9.61E-07 1.38E-05 2.33E-08
   5.75E+06 2.30E-15 3.93E-05 3.68E-07 6.58E-05 5.77E-07 5.76E-03 2.24E-04 6.53E-06 1.16E-06 1.46E-05 3.07E-08
   6.05E+06 2.65E-12 4.00E-05 4.07E-07 7.10E-05 8.07E-07 5.76E-03 2.31E-04 7.19E-06 1.43E-06 1.57E-05 4.31E-08
   6.35E+06 3.24E-10 4.05E-05 4.76E-07 7.92E-05 1.32E-06 5.76E-03 2.39E-04 8.42E-06 2.02E-06 1.79E-05 7.61E-08

     Z      PMCCL3   PCL2     PHOCL    PNOCL    PCLONO   PCLONO2  PCLO2    PHCL
   5.00E+04 2.73E-27 1.25E-03 1.26E-04 9.90E-04 2.17E-03 2.84E-05 1.33E-21 4.25E-29
   3.50E+05 4.64E-22 1.43E-03 1.49E-04 1.12E-03 2.56E-03 3.30E-05 4.77E-21 7.68E-24
   6.50E+05 9.06E-18 1.55E-03 1.63E-04 1.20E-03 2.80E-03 3.60E-05 2.82E-20 1.57E-19
   9.50E+05 1.95E-14 1.61E-03 1.72E-04 1.25E-03 2.96E-03 3.79E-05 1.32E-18 3.46E-16
   1.25E+06 4.72E-12 1.65E-03 1.77E-04 1.28E-03 3.05E-03 3.91E-05 6.48E-17 8.47E-14
   1.55E+06 1.65E-10 1.67E-03 1.80E-04 1.30E-03 3.10E-03 3.97E-05 1.00E-15 2.98E-12
   1.85E+06 1.56E-09 1.69E-03 1.82E-04 1.30E-03 3.13E-03 4.02E-05 7.83E-15 2.83E-11
   2.15E+06 8.38E-09 1.69E-03 1.84E-04 1.31E-03 3.16E-03 4.09E-05 1.54E-13 1.53E-10
   2.45E+06 4.21E-08 1.71E-03 1.88E-04 1.33E-03 3.24E-03 4.28E-05 1.68E-11 7.93E-10
   2.75E+06 1.82E-07 1.73E-03 1.95E-04 1.36E-03 3.36E-03 4.75E-05 2.05E-09 3.67E-09
   3.05E+06 5.78E-07 1.75E-03 2.03E-04 1.43E-03 3.52E-03 5.78E-05 1.09E-07 1.26E-08
   3.35E+06 1.34E-06 1.77E-03 2.12E-04 1.55E-03 3.71E-03 7.78E-05 2.36E-06 3.13E-08
   3.65E+06 2.40E-06 1.78E-03 2.22E-04 1.72E-03 3.92E-03 1.11E-04 2.53E-05 5.98E-08
   3.95E+06 3.57E-06 1.80E-03 2.33E-04 1.91E-03 4.13E-03 1.58E-04 1.59E-04 9.41E-08
   4.25E+06 4.63E-06 1.81E-03 2.45E-04 2.09E-03 4.33E-03 2.17E-04 5.60E-04 1.29E-07
   4.55E+06 5.51E-06 1.81E-03 2.58E-04 2.24E-03 4.51E-03 2.77E-04 1.16E-03 1.63E-07
   4.85E+06 6.24E-06 1.81E-03 2.69E-04 2.34E-03 4.64E-03 3.24E-04 1.73E-03 1.95E-07
   5.15E+06 6.87E-06 1.82E-03 2.76E-04 2.42E-03 4.72E-03 3.56E-04 2.15E-03 2.30E-07
   5.45E+06 7.46E-06 1.82E-03 2.81E-04 2.47E-03 4.77E-03 3.77E-04 2.42E-03 2.69E-07
   5.75E+06 8.06E-06 1.82E-03 2.83E-04 2.50E-03 4.80E-03 3.89E-04 2.58E-03 3.20E-07
   6.05E+06 8.76E-06 1.82E-03 2.84E-04 2.52E-03 4.81E-03 3.96E-04 2.66E-03 3.96E-07
   6.35E+06 9.97E-06 1.82E-03 2.85E-04 2.54E-03 4.82E-03 4.00E-04 2.70E-03 5.72E-07

     Z      PNO3     PN2O5    PCL2O2
   5.00E+04 2.04E-02 1.41E-05 6.17E-04
   3.50E+05 2.12E-02 1.70E-05 7.35E-04
   6.50E+05 2.17E-02 1.90E-05 8.10E-04
   9.50E+05 2.20E-02 2.02E-05 8.58E-04
   1.25E+06 2.22E-02 2.10E-05 8.87E-04
   1.55E+06 2.23E-02 2.14E-05 9.04E-04
   1.85E+06 2.24E-02 2.18E-05 9.15E-04
   2.15E+06 2.24E-02 2.25E-05 9.29E-04
   2.45E+06 2.24E-02 2.45E-05 9.63E-04
   2.75E+06 2.25E-02 3.02E-05 1.02E-03
   3.05E+06 2.25E-02 4.29E-05 1.12E-03
   3.35E+06 2.25E-02 6.56E-05 1.25E-03
   3.65E+06 2.25E-02 9.80E-05 1.41E-03
   3.95E+06 2.25E-02 1.38E-04 1.64E-03
   4.25E+06 2.25E-02 1.84E-04 1.97E-03
   4.55E+06 2.25E-02 2.28E-04 2.35E-03
   4.85E+06 2.25E-02 2.62E-04 2.68E-03
   5.15E+06 2.25E-02 2.85E-04 2.92E-03
   5.45E+06 2.25E-02 3.00E-04 3.07E-03
   5.75E+06 2.25E-02 3.09E-04 3.15E-03
   6.05E+06 2.25E-02 3.13E-04 3.19E-03
   6.35E+06 2.25E-02 3.16E-04 3.22E-03
 N =   1  EMAX = 2.30E-02 FOR O       AT Z = 9.50E+05 U = 1.44E-15 RHS =-3.32E-17  DT = 1.50E-04  TIME = 1.00E-04
 N =   4  EMAX = 1.10E-02 FOR O       AT Z = 1.95E+06 U = 2.34E-13 RHS = 2.57E-15  DT = 6.75E-04  TIME = 9.25E-04
 N =   7  EMAX = 9.92E-03 FOR H       AT Z = 3.65E+06 U = 1.64E-15 RHS =-1.63E-17  DT = 4.05E-03  TIME = 4.98E-03
 N =  10  EMAX = 1.36E-02 FOR O       AT Z = 3.15E+06 U = 2.01E-10 RHS =-2.73E-12  DT = 1.82E-02  TIME = 2.72E-02
 N =  13  EMAX = 1.83E-02 FOR O       AT Z = 3.35E+06 U = 4.28E-10 RHS =-7.82E-12  DT = 6.15E-02  TIME = 1.14E-01
 N =  16  EMAX = 2.04E-02 FOR O       AT Z = 3.75E+06 U = 2.02E-09 RHS =-4.11E-11  DT = 2.08E-01  TIME = 4.06E-01
 N =  19  EMAX = 2.03E-02 FOR H       AT Z = 4.05E+06 U = 3.31E-14 RHS =-6.71E-16  DT = 7.01E-01  TIME = 1.39E+00
 N =  22  EMAX = 1.73E-02 FOR H       AT Z = 4.55E+06 U = 8.30E-13 RHS =-1.44E-14  DT = 2.36E+00  TIME = 4.72E+00
 N =  25  EMAX = 2.46E-02 FOR NO3     AT Z = 2.45E+06 U = 6.45E-13 RHS = 1.58E-14  DT = 7.98E+00  TIME = 1.60E+01
 N =  28  EMAX = 2.60E-02 FOR NO3     AT Z = 2.45E+06 U = 7.00E-13 RHS = 1.82E-14  DT = 2.33E+01  TIME = 5.15E+01
 N =  31  EMAX = 1.31E-02 FOR NO3     AT Z = 2.25E+06 U = 2.83E-13 RHS = 3.71E-15  DT = 7.88E+01  TIME = 1.62E+02
 N =  34  EMAX = 1.41E-02 FOR N2O5    AT Z = 4.85E+06 U = 1.30E-16 RHS = 1.82E-18  DT = 2.66E+02  TIME = 5.37E+02
 N =  37  EMAX = 3.21E-02 FOR N2O5    AT Z = 4.75E+06 U = 3.66E-16 RHS = 1.17E-17  DT = 7.78E+02  TIME = 1.80E+03
 N =  40  EMAX = 3.14E-02 FOR N2O5    AT Z = 4.75E+06 U = 4.04E-16 RHS = 1.27E-17  DT = 1.71E+03  TIME = 4.90E+03
 N =  43  EMAX = 4.13E-02 FOR H2SO4   AT Z = 2.45E+06 U = 1.82E-14 RHS = 7.50E-16  DT = 5.00E+03  TIME = 1.30E+04
 N =  46  EMAX = 5.60E-02 FOR H2SO4   AT Z = 2.45E+06 U = 2.10E-14 RHS = 1.17E-15  DT = 6.65E+03  TIME = 2.96E+04
 N =  49  EMAX = 6.23E-02 FOR H2SO4   AT Z = 2.45E+06 U = 2.48E-14 RHS = 1.55E-15  DT = 8.85E+03  TIME = 5.16E+04
 N =  52  EMAX = 6.78E-02 FOR H2SO4   AT Z = 2.45E+06 U = 2.99E-14 RHS = 2.03E-15  DT = 1.18E+04  TIME = 8.09E+04
 N =  55  EMAX = 6.06E-02 FOR H2SO4   AT Z = 2.55E+06 U = 3.62E-14 RHS = 2.19E-15  DT = 2.19E+04  TIME = 1.28E+05
 N =  58  EMAX = 6.49E-02 FOR H2SO4   AT Z = 2.55E+06 U = 4.33E-14 RHS = 2.81E-15  DT = 2.92E+04  TIME = 2.00E+05
 N =  61  EMAX = 6.73E-02 FOR H2SO4   AT Z = 2.55E+06 U = 5.25E-14 RHS = 3.53E-15  DT = 3.88E+04  TIME = 2.97E+05
 N =  64  EMAX = 6.79E-02 FOR H2SO4   AT Z = 2.55E+06 U = 6.38E-14 RHS = 4.34E-15  DT = 5.17E+04  TIME = 4.25E+05
 N =  67  EMAX = 6.69E-02 FOR H2SO4   AT Z = 2.55E+06 U = 7.77E-14 RHS = 5.20E-15  DT = 6.88E+04  TIME = 5.96E+05
 N =  70  EMAX = 7.37E-02 FOR HSO     AT Z = 1.95E+06 U = 7.41E-17 RHS =-5.47E-18  DT = 9.15E+04  TIME = 8.24E+05
 N =  73  EMAX = 7.38E-02 FOR HSO     AT Z = 1.95E+06 U = 5.87E-17 RHS =-4.33E-18  DT = 1.22E+05  TIME = 1.13E+06
 N =  76  EMAX = 6.20E-02 FOR HSO     AT Z = 1.95E+06 U = 4.71E-17 RHS =-2.92E-18  DT = 1.62E+05  TIME = 1.53E+06
 N =  79  EMAX = 4.54E-02 FOR HSO     AT Z = 1.95E+06 U = 3.96E-17 RHS =-1.80E-18  DT = 2.55E+05  TIME = 2.07E+06
 N =  82  EMAX = 4.71E-02 FOR SO2     AT Z = 2.05E+06 U = 9.83E-12 RHS =-4.63E-13  DT = 5.60E+05  TIME = 3.08E+06
 N =  85  EMAX = 6.17E-02 FOR SO2     AT Z = 2.15E+06 U = 4.55E-12 RHS =-2.81E-13  DT = 7.46E+05  TIME = 4.94E+06
 N =  88  EMAX = 6.90E-02 FOR SO2     AT Z = 2.35E+06 U = 9.85E-13 RHS =-6.80E-14  DT = 9.93E+05  TIME = 7.41E+06
 N =  91  EMAX = 7.65E-02 FOR SO2     AT Z = 2.55E+06 U = 1.91E-13 RHS =-1.46E-14  DT = 1.32E+06  TIME = 1.07E+07
 N =  94  EMAX = 7.68E-02 FOR SO2     AT Z = 2.75E+06 U = 3.74E-14 RHS =-2.87E-15  DT = 1.76E+06  TIME = 1.51E+07
 N =  97  EMAX = 5.43E-02 FOR SO2     AT Z = 2.75E+06 U = 3.00E-14 RHS =-1.63E-15  DT = 2.34E+06  TIME = 2.09E+07
 N = 100  EMAX = 4.08E-02 FOR H2SO4   AT Z = 2.45E+06 U = 3.46E-14 RHS =-1.41E-15  DT = 5.14E+06  TIME = 3.02E+07
 N = 103  EMAX = 6.32E-02 FOR H2SO4   AT Z = 2.45E+06 U = 3.31E-14 RHS =-2.09E-15  DT = 1.10E+07  TIME = 5.21E+07
 N = 106  EMAX = 8.00E-02 FOR H2SO4   AT Z = 2.55E+06 U = 1.02E-13 RHS =-8.17E-15  DT = 2.05E+07  TIME = 9.61E+07
 N = 109  EMAX = 6.98E-02 FOR H2SO4   AT Z = 2.55E+06 U = 9.39E-14 RHS =-6.55E-15  DT = 3.81E+07  TIME = 1.78E+08
 N = 112  EMAX = 5.78E-02 FOR H2SO4   AT Z = 2.55E+06 U = 8.72E-14 RHS =-5.04E-15  DT = 7.09E+07  TIME = 3.30E+08
 N = 115  EMAX = 3.43E-02 FOR H2SO4   AT Z = 2.55E+06 U = 8.21E-14 RHS =-2.82E-15  DT = 2.07E+08  TIME = 6.67E+08
 N = 118  EMAX = 1.18E-02 FOR H2SO4   AT Z = 2.55E+06 U = 7.93E-14 RHS =-9.33E-16  DT = 9.33E+08  TIME = 1.81E+09
 N = 121  EMAX = 1.32E-03 FOR H       AT Z = 4.05E+06 U = 3.25E-14 RHS = 4.31E-17  DT = 2.33E+11  TIME = 5.40E+10
 N = 124  EMAX = 2.69E-04 FOR H       AT Z = 3.95E+06 U = 1.50E-14 RHS = 4.04E-18  DT = 2.33E+14  TIME = 2.59E+13
 N = 127  EMAX = 4.53E-05 FOR H       AT Z = 3.95E+06 U = 1.50E-14 RHS = 6.79E-19  DT = 2.33E+17  TIME = 2.59E+16

 ENERGY FLUXES IN W/m^2/nm and photons/m^2/s/nm  (NOT DIURNALLY AVERAGED)


  L      WAV          EFLUX         GFLUX          S(1)        PhEFLUX        PhGFLUX
  10   1216.0     8.17229E-03   0.00000E+00   0.00000E+00   1.00000E+14   0.00000E+00
   9   1325.0     1.42500E-04   0.00000E+00   0.00000E+00   9.50000E+13   0.00000E+00
   8   1375.0     9.10636E-05   0.00000E+00   0.00000E+00   6.30000E+13   0.00000E+00
   7   1425.0     1.07395E-04   0.00000E+00   0.00000E+00   7.70000E+13   0.00000E+00
   6   1475.0     1.48220E-04   0.00000E+00   0.00000E+00   1.10000E+14   0.00000E+00
   5   1525.0     2.47623E-04   0.00000E+00   0.00000E+00   1.90000E+14   0.00000E+00
   4   1575.0     3.02857E-04   0.00000E+00   0.00000E+00   2.40000E+14   0.00000E+00
   3   1625.0     4.28077E-04   0.00000E+00   0.00000E+00   3.50000E+14   0.00000E+00
   2   1675.0     7.59403E-04   0.00000E+00   0.00000E+00   6.40000E+14   0.00000E+00
   1   1725.0     1.26739E-03   0.00000E+00   0.00000E+00   1.10000E+15   0.00000E+00
   1   1762.0     1.22668E-03   0.00000E+00   0.00000E+00   1.08750E+15   0.00000E+00
   2   1778.0     1.46715E-03   0.00000E+00   0.00000E+00   1.31250E+15   0.00000E+00
   3   1794.0     1.64794E-03   0.00000E+00   0.00000E+00   1.48750E+15   0.00000E+00
   4   1810.0     2.08633E-03   0.00000E+00   0.00000E+00   1.90000E+15   0.00000E+00
   5   1826.5     2.04188E-03   0.00000E+00   0.00000E+00   1.87647E+15   0.00000E+00
   6   1843.5     1.85816E-03   0.00000E+00   0.00000E+00   1.72353E+15   0.00000E+00
   7   1860.5     2.27477E-03   0.00000E+00   0.00000E+00   2.12941E+15   0.00000E+00
   8   1878.0     2.78099E-03   0.00000E+00   0.00000E+00   2.62778E+15   0.00000E+00
   9   1896.0     3.26708E-03   0.00000E+00   0.00000E+00   3.11667E+15   0.00000E+00
  10   1914.0     3.82478E-03   0.00000E+00   0.00000E+00   3.68333E+15   0.00000E+00
  11   1932.5     3.73494E-03   0.00000E+00   0.00000E+00   3.63158E+15   0.00000E+00
  12   1951.5     5.12440E-03   0.00000E+00   0.00000E+00   5.03158E+15   0.00000E+00
  13   1970.5     6.10485E-03   0.00000E+00   0.00000E+00   6.05263E+15   0.00000E+00
  14   1990.0     6.34202E-03   5.81750-154   9.17294-152   6.35000E+15   5.82482-136
  15   2010.0     7.51493E-03   1.38152E-94   1.83836E-92   7.60000E+15   1.39716E-76
  16   2030.5     8.29669E-03   2.76934E-80   3.33789E-78   8.47619E+15   2.82926E-62
  17   2051.5     1.01494E-02   1.79314E-75   1.76675E-73   1.04762E+16   1.85088E-57
  18   2072.5     1.22842E-02   9.41186E-26   7.66178E-24   1.28095E+16   9.81438E-08
  19   2094.0     1.95868E-02   6.33131E-25   3.23244E-23   2.06364E+16   6.67057E-07
  20   2116.5     2.91514E-02   5.94918E-24   2.04079E-22   3.10435E+16   6.33532E-06
  21   2139.5     3.37251E-02   6.53502E-23   1.93773E-21   3.63043E+16   7.03481E-05
  22   2162.5     3.35263E-02   1.21404E-22   3.62116E-21   3.64783E+16   1.32094E-04
  23   2187.0     3.77493E-02   2.07754E-22   5.50351E-21   4.15385E+16   2.28607E-04
  24   2211.0     4.82145E-02   3.37566E-23   7.00134E-22   5.36364E+16   3.75527E-05
  25   2234.5     5.69255E-02   3.51617E-24   6.17680E-23   6.40000E+16   3.95315E-06
  26   2260.0     4.53242E-02   1.37883E-25   3.04214E-24   5.15385E+16   1.56787E-07
  27   2286.0     4.71495E-02   1.94505E-27   4.12528E-26   5.42308E+16   2.23717E-09
  28   2312.5     4.99760E-02   1.53191E-29   3.06530E-28   5.81481E+16   1.78241E-11
  29   2339.5     4.34210E-02   1.50352E-32   3.46267E-31   5.11111E+16   1.76981E-14
  30   2367.0     4.79812E-02   7.28499E-36   1.51830E-34   5.71429E+16   8.67601E-18
  31   2395.5     4.14840E-02   2.74801E-39   6.62427E-38   5.00000E+16   3.31213E-21
  32   2424.5     6.21884E-02   3.80613E-42   6.12031E-41   7.58621E+16   4.64300E-24
  33   2454.0     5.37235E-02   9.10766E-44   1.69528E-42   6.63333E+16   1.12454E-25
  34   2484.5     5.08362E-02   8.27895E-48   1.62856E-46   6.35484E+16   1.03492E-29
  35   2516.0     4.78904E-02   9.01365E-48   1.88214E-46   6.06250E+16   1.14105E-29
  36   2548.0     7.09334E-02   1.28483E-51   1.81132E-50   9.09375E+16   1.64717E-33
  37   2580.5     1.15530E-01   2.84132E-47   2.45938E-46   1.50000E+17   3.68907E-29
  38   2614.5     9.83895E-02   2.74756E-47   2.79253E-46   1.29429E+17   3.61434E-29
  39   2649.5     2.29329E-01   2.49512E-41   1.08801E-40   3.05714E+17   3.32620E-23
  40   2685.0     2.46741E-01   8.90825E-36   3.61036E-35   3.33333E+17   1.20345E-17
  41   2721.5     2.17115E-01   4.52676E-30   2.08496E-29   2.97297E+17   6.19853E-12
  42   2759.0     1.97154E-01   6.14692E-24   3.11783E-23   2.73684E+17   8.53300E-06
  43   2797.5     1.50107E-01   4.81875E-18   3.21022E-17   2.11282E+17   6.78261E+00
  44   2837.0     2.66214E-01   7.85741E-13   2.95153E-12   3.80000E+17   1.12158E+06
  45   2878.0     3.53513E-01   1.48629E-08   4.20434E-08   5.11905E+17   2.15222E+10
  46   2920.0     5.63968E-01   2.00753E-05   3.55965E-05   8.28571E+17   2.94943E+13
  47   2963.0     5.18324E-01   1.32644E-03   2.55910E-03   7.72727E+17   1.97748E+15
  48   3007.5     4.72873E-01   1.80381E-02   3.81457E-02   7.15556E+17   2.72953E+16
  49   3053.5     5.85803E-01   1.00363E-01   1.71326E-01   9.00000E+17   1.54193E+17
  50   3101.0     6.60951E-01   2.74234E-01   4.14908E-01   1.03125E+18   4.27874E+17
  51   3150.0     6.86476E-01   4.58729E-01   6.68237E-01   1.08800E+18   7.27042E+17
  52   3200.0     7.36617E-01   6.32558E-01   8.58734E-01   1.18600E+18   1.01846E+18
  53   3250.0     8.50038E-01   8.37644E-01   9.85418E-01   1.39000E+18   1.36973E+18
  54   3300.0     9.81705E-01   1.03273E+00   1.05198E+00   1.63000E+18   1.71472E+18
  55   3350.0     9.26709E-01   1.01747E+00   1.09794E+00   1.56200E+18   1.71498E+18
  56   3400.0     9.76213E-01   1.09857E+00   1.12534E+00   1.67000E+18   1.87932E+18
  57   3437.5     9.41280E-01   1.07234E+00   1.13924E+00   1.62800E+18   1.85467E+18
  58   3500.0     9.76714E-01   1.13020E+00   1.15715E+00   1.72000E+18   1.99029E+18
  59   3600.0     1.00479E+00   1.18418E+00   1.17854E+00   1.82000E+18   2.14494E+18
  60   3700.0     1.13341E+00   1.35652E+00   1.19685E+00   2.11000E+18   2.52535E+18
  61   3800.0     1.07743E+00   1.30672E+00   1.21281E+00   2.06000E+18   2.49839E+18
  62   3900.0     1.03962E+00   1.27544E+00   1.22684E+00   2.04000E+18   2.50275E+18
  63   4000.0     1.49063E+00   1.84713E+00   1.23916E+00   3.00000E+18   3.71749E+18
  64   4100.0     1.75966E+00   2.19915E+00   1.24975E+00   3.63000E+18   4.53661E+18
  65   4200.0     1.79348E+00   2.25826E+00   1.25915E+00   3.79000E+18   4.77218E+18
  66   4300.0     1.65009E+00   2.09101E+00   1.26721E+00   3.57000E+18   4.52396E+18
  67   4400.0     1.85199E+00   2.35926E+00   1.27391E+00   4.10000E+18   5.22302E+18
  68   4500.0     2.03608E+00   2.60600E+00   1.27991E+00   4.61000E+18   5.90038E+18
  69   4600.0     2.04799E+00   2.62837E+00   1.28339E+00   4.74000E+18   6.08328E+18
  70   4700.0     2.02979E+00   2.61380E+00   1.28772E+00   4.80000E+18   6.18105E+18
  71   4800.0     2.02062E+00   2.60332E+00   1.28837E+00   4.88000E+18   6.28725E+18
  72   4900.0     1.93883E+00   2.50238E+00   1.29067E+00   4.78000E+18   6.16939E+18
  73   5000.0     1.93583E+00   2.49611E+00   1.28943E+00   4.87000E+18   6.27952E+18
  74   5100.0     1.90176E+00   2.44837E+00   1.28742E+00   4.88000E+18   6.28261E+18
  75   5200.0     1.81933E+00   2.34240E+00   1.28751E+00   4.76000E+18   6.12854E+18
  76   5300.0     1.88250E+00   2.40956E+00   1.27998E+00   5.02000E+18   6.42549E+18
  77   5400.0     1.84764E+00   2.36180E+00   1.27828E+00   5.02000E+18   6.41697E+18
  78   5500.0     1.83211E+00   2.33842E+00   1.27635E+00   5.07000E+18   6.47110E+18
  79   5600.0     1.79585E+00   2.27965E+00   1.26940E+00   5.06000E+18   6.42317E+18
  80   5700.0     1.81316E+00   2.28662E+00   1.26112E+00   5.20000E+18   6.55784E+18
  81   5800.0     1.83672E+00   2.32064E+00   1.26347E+00   5.36000E+18   6.77218E+18
  82   5900.0     1.79212E+00   2.27038E+00   1.26687E+00   5.32000E+18   6.73974E+18
  83   6000.0     1.76225E+00   2.22357E+00   1.26178E+00   5.32000E+18   6.71265E+18
  84   6100.0     1.72359E+00   2.18437E+00   1.26734E+00   5.29000E+18   6.70422E+18
  85   6200.0     1.69579E+00   2.16252E+00   1.27523E+00   5.29000E+18   6.74598E+18
  86   6300.0     1.65310E+00   2.11906E+00   1.28188E+00   5.24000E+18   6.71703E+18
  87   6400.0     1.62727E+00   2.10066E+00   1.29091E+00   5.24000E+18   6.76438E+18
  88   6500.0     1.55637E+00   2.01556E+00   1.29504E+00   5.09000E+18   6.59177E+18
  89   6600.0     1.54182E+00   2.00491E+00   1.30036E+00   5.12000E+18   6.65782E+18
  90   6700.0     1.55144E+00   2.02370E+00   1.30441E+00   5.23000E+18   6.82204E+18
  91   6800.0     1.52570E+00   1.99626E+00   1.30842E+00   5.22000E+18   6.82997E+18
  92   6900.0     1.47190E+00   1.93174E+00   1.31241E+00   5.11000E+18   6.70642E+18
  93   7000.0     1.45939E+00   1.91894E+00   1.31489E+00   5.14000E+18   6.75853E+18
  94   7100.0     1.40245E+00   1.84698E+00   1.31697E+00   5.01000E+18   6.59800E+18
  95   7200.0     1.36089E+00   1.79487E+00   1.31890E+00   4.93000E+18   6.50216E+18
  96   7300.0     1.33680E+00   1.76498E+00   1.32031E+00   4.91000E+18   6.48271E+18
  97   7400.0     1.29188E+00   1.70715E+00   1.32145E+00   4.81000E+18   6.35617E+18
  98   7500.0     1.27465E+00   1.68566E+00   1.32245E+00   4.81000E+18   6.36098E+18
  99   7600.0     1.24219E+00   1.64411E+00   1.32356E+00   4.75000E+18   6.28691E+18
 100   7700.0     1.19766E+00   1.58574E+00   1.32403E+00   4.64000E+18   6.14351E+18
 101   7800.0     1.18486E+00   1.56859E+00   1.32387E+00   4.65000E+18   6.15599E+18
 102   7900.0     1.15979E+00   1.53651E+00   1.32481E+00   4.61000E+18   6.10739E+18
 103   8000.0     1.13039E+00   1.49845E+00   1.32560E+00   4.55000E+18   6.03149E+18
 104   8100.0     1.08944E+00   1.44384E+00   1.32530E+00   4.44000E+18   5.88435E+18
 105   8200.0     1.06404E+00   1.41048E+00   1.32559E+00   4.39000E+18   5.81936E+18
 106   8300.0     1.03206E+00   1.36850E+00   1.32599E+00   4.31000E+18   5.71500E+18
 107   8400.0     1.00321E+00   1.33029E+00   1.32603E+00   4.24000E+18   5.62235E+18
 108   8500.0     9.58676E-01   1.27115E+00   1.32594E+00   4.10000E+18   5.43637E+18


 PHOTOLYSIS RATES

     Z       PO2      PO2D     PCO2     PCO2D    PH2O     PO3      PO3D     PH2O2    PHCO     PH2      PHO2
   5.00E+04 2.91E-31 0.00E+00 3.61E-38 0.00E+00 1.03E-36 2.51E-04 1.41E-05 3.78E-06 1.38E-05 2.35E-05 2.50E-25
   3.50E+05 3.08E-26 0.00E+00 1.69E-31 0.00E+00 4.84E-30 2.61E-04 1.70E-05 4.57E-06 1.69E-05 2.79E-05 2.50E-20
   6.50E+05 4.13E-22 0.00E+00 1.46E-26 0.00E+00 4.16E-25 2.68E-04 1.73E-05 5.08E-06 1.90E-05 3.06E-05 3.15E-16
   9.50E+05 7.13E-19 0.00E+00 5.91E-23 0.00E+00 1.69E-21 2.72E-04 1.55E-05 5.41E-06 2.03E-05 3.23E-05 5.24E-13
   1.25E+06 1.53E-16 0.00E+00 1.89E-20 0.00E+00 5.41E-19 2.75E-04 1.50E-05 5.61E-06 2.12E-05 3.32E-05 1.10E-10
   1.55E+06 5.00E-15 0.00E+00 7.52E-19 0.00E+00 2.15E-17 2.77E-04 1.55E-05 5.73E-06 2.16E-05 3.37E-05 3.56E-09
   1.85E+06 4.73E-14 0.00E+00 8.19E-18 0.00E+00 2.44E-16 2.78E-04 1.69E-05 5.82E-06 2.20E-05 3.40E-05 3.35E-08
   2.15E+06 2.75E-13 0.00E+00 1.48E-16 0.00E+00 6.35E-15 2.80E-04 2.13E-05 5.97E-06 2.25E-05 3.43E-05 1.92E-07
   2.45E+06 1.45E-12 0.00E+00 4.52E-15 0.00E+00 2.15E-13 2.83E-04 3.26E-05 6.33E-06 2.37E-05 3.47E-05 9.54E-07
   2.75E+06 6.51E-12 0.00E+00 6.11E-14 0.00E+00 2.96E-12 2.88E-04 5.59E-05 7.06E-06 2.55E-05 3.53E-05 3.88E-06
   3.05E+06 2.22E-11 0.00E+00 4.11E-13 0.00E+00 2.11E-11 2.95E-04 1.01E-04 8.44E-06 2.79E-05 3.61E-05 1.23E-05
   3.35E+06 5.67E-11 5.19-220 1.71E-12 2.49-219 1.01E-10 3.06E-04 1.83E-04 1.08E-05 3.07E-05 3.70E-05 3.05E-05
   3.65E+06 1.13E-10 4.85-149 4.98E-12 2.33-148 3.44E-10 3.23E-04 3.30E-04 1.44E-05 3.35E-05 3.80E-05 6.22E-05
   3.95E+06 1.89E-10 6.14-103 1.08E-11 2.95-102 8.69E-10 3.55E-04 6.22E-04 1.96E-05 3.61E-05 3.90E-05 1.07E-04
   4.25E+06 2.71E-10 1.05E-72 1.89E-11 5.03E-72 1.82E-09 4.18E-04 1.18E-03 2.65E-05 3.82E-05 3.99E-05 1.60E-04
   4.55E+06 3.49E-10 1.27E-52 2.92E-11 6.07E-52 3.53E-09 5.00E-04 1.92E-03 3.37E-05 3.96E-05 4.06E-05 2.08E-04
   4.85E+06 4.20E-10 4.92E-39 4.24E-11 2.36E-38 6.77E-09 5.73E-04 2.59E-03 3.97E-05 4.05E-05 4.11E-05 2.43E-04
   5.15E+06 4.93E-10 1.07E-29 6.08E-11 5.12E-29 1.33E-08 6.26E-04 3.06E-03 4.39E-05 4.10E-05 4.14E-05 2.67E-04
   5.45E+06 5.85E-10 3.13E-23 8.98E-11 1.50E-22 2.76E-08 6.59E-04 3.35E-03 4.66E-05 4.13E-05 4.16E-05 2.82E-04
   5.75E+06 7.26E-10 9.70E-19 1.43E-10 4.65E-18 6.17E-08 6.78E-04 3.51E-03 4.82E-05 4.15E-05 4.17E-05 2.91E-04
   6.05E+06 1.03E-09 1.22E-15 2.55E-10 5.88E-15 1.43E-07 6.87E-04 3.59E-03 4.91E-05 4.16E-05 4.17E-05 2.97E-04
   6.35E+06 3.02E-09 1.59E-13 6.12E-10 7.65E-13 4.16E-07 6.92E-04 3.63E-03 4.99E-05 4.16E-05 4.18E-05 3.01E-04

     Z      PCH4     PCH3OOH  PN2O     PHNO3    PNO      PNO2     PHNO4    PCCL3F   PCCL2F2  PCCL4    PCH3CL
   5.00E+04 0.00E+00 3.56E-06 1.06E-28 2.58E-07 0.00E+00 4.46E-03 3.86E-06 2.52E-27 8.88E-29 1.37E-26 2.78E-33
   3.50E+05 0.00E+00 4.30E-06 1.75E-23 3.26E-07 0.00E+00 4.95E-03 4.79E-06 4.01E-22 1.63E-23 1.70E-21 1.31E-26
   6.50E+05 0.00E+00 4.77E-06 3.44E-19 3.75E-07 9.06-106 5.26E-03 5.42E-06 7.46E-18 3.57E-19 2.56E-17 1.12E-21
   9.50E+05 0.00E+00 5.08E-06 7.49E-16 4.10E-07 2.26E-71 5.44E-03 5.84E-06 1.56E-14 8.25E-16 4.69E-14 4.56E-18
   1.25E+06 0.00E+00 5.26E-06 1.81E-13 4.34E-07 3.06E-48 5.54E-03 6.12E-06 3.69E-12 2.05E-13 1.03E-11 1.46E-15
   1.55E+06 0.00E+00 5.37E-06 6.27E-12 4.52E-07 2.38E-33 5.60E-03 6.30E-06 1.27E-10 7.20E-12 3.43E-10 5.80E-14
   1.85E+06 0.00E+00 5.45E-06 6.07E-11 4.76E-07 5.29E-24 5.63E-03 6.45E-06 1.22E-09 7.01E-11 3.25E-09 5.95E-13
   2.15E+06 0.00E+00 5.59E-06 3.46E-10 5.54E-07 4.23E-18 5.65E-03 6.82E-06 6.95E-09 4.02E-10 1.86E-08 3.45E-12
   2.45E+06 0.00E+00 5.91E-06 1.71E-09 8.52E-07 2.77E-14 5.67E-03 7.90E-06 3.40E-08 2.07E-09 9.06E-08 1.96E-11
   2.75E+06 0.00E+00 6.57E-06 7.06E-09 1.85E-06 8.74E-12 5.69E-03 1.07E-05 1.38E-07 9.48E-09 3.58E-07 1.09E-10
   3.05E+06 0.00E+00 7.82E-06 2.24E-08 4.52E-06 3.82E-10 5.71E-03 1.70E-05 4.30E-07 3.35E-08 1.08E-06 4.55E-10
   3.35E+06 9.33-217 9.96E-06 5.30E-08 9.71E-06 4.48E-09 5.73E-03 2.90E-05 1.00E-06 8.79E-08 2.49E-06 1.35E-09
   3.65E+06 8.72-146 1.32E-05 9.72E-08 1.72E-05 2.18E-08 5.74E-03 4.76E-05 1.82E-06 1.78E-07 4.55E-06 3.00E-09
   3.95E+06 1.11E-99 1.75E-05 1.47E-07 2.60E-05 6.02E-08 5.75E-03 7.40E-05 2.74E-06 2.94E-07 6.92E-06 5.37E-09
   4.25E+06 1.89E-69 2.30E-05 1.95E-07 3.50E-05 1.15E-07 5.76E-03 1.09E-04 3.59E-06 4.20E-07 9.11E-06 8.16E-09
   4.55E+06 2.28E-49 2.85E-05 2.36E-07 4.32E-05 1.75E-07 5.76E-03 1.46E-04 4.32E-06 5.46E-07 1.08E-05 1.12E-08
   4.85E+06 8.85E-36 3.31E-05 2.71E-07 5.01E-05 2.37E-07 5.76E-03 1.77E-04 4.92E-06 6.72E-07 1.21E-05 1.45E-08
   5.15E+06 1.92E-26 3.62E-05 3.03E-07 5.59E-05 3.11E-07 5.76E-03 2.00E-04 5.46E-06 8.06E-07 1.30E-05 1.83E-08
   5.45E+06 5.64E-20 3.82E-05 3.35E-07 6.10E-05 4.17E-07 5.76E-03 2.15E-04 5.98E-06 9.61E-07 1.38E-05 2.33E-08
   5.75E+06 1.75E-15 3.94E-05 3.68E-07 6.58E-05 5.76E-07 5.76E-03 2.25E-04 6.53E-06 1.15E-06 1.46E-05 3.06E-08
   6.05E+06 2.20E-12 4.00E-05 4.07E-07 7.10E-05 8.06E-07 5.76E-03 2.31E-04 7.19E-06 1.43E-06 1.57E-05 4.31E-08
   6.35E+06 2.87E-10 4.05E-05 4.76E-07 7.92E-05 1.32E-06 5.76E-03 2.39E-04 8.42E-06 2.02E-06 1.79E-05 7.60E-08

     Z      PMCCL3   PCL2     PHOCL    PNOCL    PCLONO   PCLONO2  PCLO2    PHCL
   5.00E+04 3.50E-27 1.25E-03 1.27E-04 9.91E-04 2.18E-03 2.86E-05 3.04E-21 5.44E-29
   3.50E+05 5.52E-22 1.43E-03 1.49E-04 1.12E-03 2.57E-03 3.32E-05 1.06E-20 9.11E-24
   6.50E+05 1.02E-17 1.55E-03 1.64E-04 1.21E-03 2.82E-03 3.62E-05 5.65E-20 1.77E-19
   9.50E+05 2.14E-14 1.62E-03 1.73E-04 1.25E-03 2.97E-03 3.81E-05 2.07E-18 3.78E-16
   1.25E+06 5.05E-12 1.66E-03 1.78E-04 1.28E-03 3.06E-03 3.92E-05 9.12E-17 9.05E-14
   1.55E+06 1.73E-10 1.68E-03 1.81E-04 1.30E-03 3.11E-03 3.99E-05 1.28E-15 3.12E-12
   1.85E+06 1.66E-09 1.69E-03 1.83E-04 1.31E-03 3.14E-03 4.04E-05 1.09E-14 3.01E-11
   2.15E+06 9.47E-09 1.70E-03 1.85E-04 1.31E-03 3.18E-03 4.12E-05 2.97E-13 1.72E-10
   2.45E+06 4.62E-08 1.71E-03 1.89E-04 1.33E-03 3.25E-03 4.32E-05 2.73E-11 8.69E-10
   2.75E+06 1.86E-07 1.73E-03 1.95E-04 1.36E-03 3.37E-03 4.77E-05 2.32E-09 3.75E-09
   3.05E+06 5.71E-07 1.75E-03 2.03E-04 1.43E-03 3.52E-03 5.76E-05 1.01E-07 1.24E-08
   3.35E+06 1.32E-06 1.77E-03 2.12E-04 1.55E-03 3.71E-03 7.69E-05 2.10E-06 3.08E-08
   3.65E+06 2.37E-06 1.78E-03 2.22E-04 1.72E-03 3.91E-03 1.09E-04 2.28E-05 5.92E-08
   3.95E+06 3.54E-06 1.80E-03 2.33E-04 1.91E-03 4.13E-03 1.56E-04 1.49E-04 9.36E-08
   4.25E+06 4.62E-06 1.81E-03 2.45E-04 2.09E-03 4.33E-03 2.16E-04 5.42E-04 1.29E-07
   4.55E+06 5.51E-06 1.81E-03 2.58E-04 2.24E-03 4.51E-03 2.76E-04 1.15E-03 1.63E-07
   4.85E+06 6.24E-06 1.82E-03 2.69E-04 2.34E-03 4.64E-03 3.24E-04 1.73E-03 1.95E-07
   5.15E+06 6.87E-06 1.82E-03 2.76E-04 2.42E-03 4.72E-03 3.56E-04 2.16E-03 2.30E-07
   5.45E+06 7.46E-06 1.82E-03 2.81E-04 2.47E-03 4.77E-03 3.77E-04 2.43E-03 2.69E-07
   5.75E+06 8.06E-06 1.82E-03 2.83E-04 2.50E-03 4.80E-03 3.89E-04 2.58E-03 3.19E-07
   6.05E+06 8.76E-06 1.82E-03 2.85E-04 2.52E-03 4.82E-03 3.96E-04 2.66E-03 3.95E-07
   6.35E+06 9.96E-06 1.82E-03 2.85E-04 2.54E-03 4.82E-03 4.00E-04 2.70E-03 5.72E-07

     Z      PNO3     PN2O5    PCL2O2
   5.00E+04 2.04E-02 1.42E-05 6.21E-04
   3.50E+05 2.12E-02 1.72E-05 7.39E-04
   6.50E+05 2.17E-02 1.91E-05 8.15E-04
   9.50E+05 2.20E-02 2.04E-05 8.63E-04
   1.25E+06 2.22E-02 2.11E-05 8.92E-04
   1.55E+06 2.23E-02 2.16E-05 9.08E-04
   1.85E+06 2.24E-02 2.20E-05 9.19E-04
   2.15E+06 2.24E-02 2.27E-05 9.36E-04
   2.45E+06 2.24E-02 2.49E-05 9.70E-04
   2.75E+06 2.25E-02 3.05E-05 1.03E-03
   3.05E+06 2.25E-02 4.27E-05 1.12E-03
   3.35E+06 2.25E-02 6.47E-05 1.24E-03
   3.65E+06 2.25E-02 9.66E-05 1.40E-03
   3.95E+06 2.25E-02 1.37E-04 1.63E-03
   4.25E+06 2.25E-02 1.83E-04 1.96E-03
   4.55E+06 2.25E-02 2.27E-04 2.35E-03
   4.85E+06 2.25E-02 2.62E-04 2.68E-03
   5.15E+06 2.25E-02 2.86E-04 2.92E-03
   5.45E+06 2.25E-02 3.00E-04 3.07E-03
   5.75E+06 2.25E-02 3.09E-04 3.16E-03
   6.05E+06 2.25E-02 3.13E-04 3.20E-03
   6.35E+06 2.25E-02 3.16E-04 3.22E-03
 N = 129  EMAX = 6.54E-06 FOR H       AT Z = 3.95E+06 U = 1.50E-14 RHS = 9.81E-20  DT = 2.41E+17  TIME = 5.00E+17
 BEFOREOUT

 TIME = 0.5000E+18     TIMEY =   1.5855E+10 YEARS

 NPHOT = 31

 MIXING RATIOS OF LONG-LIVED SPECIES


     Z        H2CO     O        H2O      OH       HO2      H2O2     O3       H        H2       CH4      CO       CH3OOH  
  5.00E+04 2.08E-10 7.19E-17 1.12E-02 8.16E-14 1.38E-11 1.32E-09 2.15E-08 7.69E-21 5.50E-07 1.60E-06 9.00E-08 6.40E-10
  1.50E+05 2.14E-10 1.02E-16 7.92E-03 1.01E-13 1.41E-11 1.32E-09 2.54E-08 8.75E-21 5.50E-07 1.59E-06 7.93E-08 6.07E-10
  2.50E+05 2.09E-10 1.50E-16 5.46E-03 1.25E-13 1.41E-11 1.26E-09 3.11E-08 9.94E-21 5.51E-07 1.59E-06 7.02E-08 5.30E-10
  3.50E+05 1.94E-10 2.20E-16 3.45E-03 1.47E-13 1.34E-11 1.09E-09 3.83E-08 1.09E-20 5.51E-07 1.58E-06 6.26E-08 4.14E-10
  5.50E+05 1.41E-10 4.45E-16 1.15E-03 1.84E-13 1.04E-11 6.25E-10 5.56E-08 1.17E-20 5.52E-07 1.58E-06 5.11E-08 1.87E-10
  7.50E+05 6.89E-11 7.80E-16 2.31E-04 1.53E-13 5.35E-12 2.47E-10 7.38E-08 8.43E-21 5.52E-07 1.57E-06 4.38E-08 5.72E-11
  9.50E+05 2.67E-11 1.30E-15 2.83E-05 1.12E-13 1.72E-12 7.07E-11 9.25E-08 5.58E-21 5.52E-07 1.57E-06 3.93E-08 1.10E-11
  1.15E+06 1.31E-11 2.48E-15 1.00E-05 1.03E-13 8.35E-13 1.94E-11 1.13E-07 5.38E-21 5.53E-07 1.57E-06 3.62E-08 2.25E-12
  1.35E+06 9.66E-12 5.31E-15 5.95E-06 1.23E-13 6.58E-13 6.12E-12 1.38E-07 7.47E-21 5.53E-07 1.57E-06 3.37E-08 6.76E-13
  1.55E+06 9.43E-12 1.27E-14 5.95E-06 1.81E-13 7.52E-13 2.63E-12 1.78E-07 1.34E-20 5.52E-07 1.57E-06 3.14E-08 3.85E-13
  1.75E+06 9.79E-12 5.00E-14 5.98E-06 2.53E-13 9.90E-13 1.98E-12 3.67E-07 2.15E-20 5.52E-07 1.55E-06 2.61E-08 3.70E-13
  1.95E+06 1.22E-11 2.96E-13 6.09E-06 3.62E-13 1.90E-12 4.56E-12 1.07E-06 3.25E-20 5.47E-07 1.50E-06 1.81E-08 6.34E-13
  2.15E+06 1.76E-11 1.37E-12 6.33E-06 5.83E-13 3.99E-12 1.25E-11 2.39E-06 6.35E-20 5.34E-07 1.39E-06 1.30E-08 1.18E-12
  2.35E+06 2.60E-11 4.79E-12 6.67E-06 1.05E-12 7.96E-12 3.01E-11 3.93E-06 1.72E-19 5.10E-07 1.23E-06 1.17E-08 1.89E-12
  2.55E+06 3.62E-11 1.37E-11 7.06E-06 2.06E-12 1.48E-11 6.13E-11 5.33E-06 5.42E-19 4.77E-07 1.05E-06 1.16E-08 2.43E-12
  2.75E+06 4.67E-11 3.46E-11 7.45E-06 4.19E-12 2.55E-11 1.06E-10 6.46E-06 1.87E-18 4.36E-07 8.75E-07 1.14E-08 2.61E-12
  2.95E+06 5.54E-11 8.13E-11 7.81E-06 8.53E-12 4.07E-11 1.53E-10 7.29E-06 7.14E-18 3.91E-07 7.17E-07 1.08E-08 2.46E-12
  3.15E+06 6.05E-11 1.83E-10 8.13E-06 1.67E-11 6.00E-11 1.85E-10 7.74E-06 3.06E-17 3.44E-07 5.78E-07 9.97E-09 2.14E-12
  3.35E+06 6.18E-11 4.00E-10 8.42E-06 3.09E-11 8.16E-11 1.91E-10 7.81E-06 1.41E-16 2.97E-07 4.58E-07 9.21E-09 1.79E-12
  3.55E+06 5.93E-11 8.70E-10 8.67E-06 5.41E-11 1.04E-10 1.76E-10 7.58E-06 6.59E-16 2.51E-07 3.55E-07 8.55E-09 1.46E-12
  3.75E+06 5.42E-11 1.90E-09 8.89E-06 9.17E-11 1.26E-10 1.49E-10 7.14E-06 3.12E-15 2.08E-07 2.70E-07 7.95E-09 1.17E-12
  3.95E+06 4.74E-11 4.19E-09 9.06E-06 1.53E-10 1.48E-10 1.20E-10 6.46E-06 1.50E-14 1.70E-07 2.01E-07 7.40E-09 9.30E-13
  4.15E+06 3.96E-11 9.20E-09 9.20E-06 2.45E-10 1.73E-10 9.78E-11 5.61E-06 6.89E-14 1.39E-07 1.49E-07 7.02E-09 7.59E-13
  4.35E+06 3.16E-11 1.91E-08 9.30E-06 3.54E-10 2.03E-10 8.57E-11 4.74E-06 2.69E-13 1.17E-07 1.12E-07 6.98E-09 6.58E-13
  4.55E+06 2.42E-11 3.57E-08 9.36E-06 4.61E-10 2.36E-10 7.92E-11 3.96E-06 8.49E-13 1.02E-07 8.73E-08 7.43E-09 6.00E-13
  4.75E+06 1.83E-11 6.04E-08 9.40E-06 5.58E-10 2.68E-10 7.53E-11 3.30E-06 2.22E-12 9.48E-08 7.08E-08 8.59E-09 5.58E-13
  4.95E+06 1.40E-11 9.47E-08 9.42E-06 6.49E-10 3.01E-10 7.27E-11 2.76E-06 5.13E-12 9.24E-08 6.03E-08 1.08E-08 5.23E-13
  5.15E+06 1.09E-11 1.40E-07 9.44E-06 7.43E-10 3.38E-10 7.19E-11 2.32E-06 1.09E-11 9.41E-08 5.36E-08 1.48E-08 4.91E-13
  5.35E+06 8.73E-12 1.97E-07 9.44E-06 8.55E-10 3.84E-10 7.46E-11 1.93E-06 2.21E-11 9.87E-08 4.93E-08 2.17E-08 4.59E-13
  5.55E+06 7.21E-12 2.64E-07 9.44E-06 1.01E-09 4.52E-10 8.39E-11 1.57E-06 4.41E-11 1.05E-07 4.65E-08 3.35E-08 4.24E-13
  5.75E+06 6.15E-12 3.36E-07 9.43E-06 1.26E-09 5.65E-10 1.06E-10 1.24E-06 8.88E-11 1.14E-07 4.48E-08 5.28E-08 3.86E-13
  5.95E+06 5.41E-12 4.14E-07 9.43E-06 1.69E-09 7.59E-10 1.52E-10 9.36E-07 1.87E-10 1.22E-07 4.38E-08 8.37E-08 3.47E-13
  6.15E+06 4.91E-12 5.37E-07 9.42E-06 2.41E-09 1.08E-09 2.37E-10 7.30E-07 4.46E-10 1.31E-07 4.32E-08 1.34E-07 3.13E-13
  6.35E+06 4.49E-12 1.00E-06 9.41E-06 4.01E-09 1.70E-09 3.78E-10 7.95E-07 1.69E-09 1.37E-07 4.30E-08 2.16E-07 2.79E-13

 TP, TL
           1.76E+11 2.98E+15 7.56E+10 4.90E+12 4.34E+12 1.39E+11 2.96E+15 3.56E+12 7.03E+10 0.00E+00 1.74E+11 1.36E+11
           1.75E+11 2.98E+15 6.49E+10 4.90E+12 4.34E+12 1.33E+11 2.96E+15 3.56E+12 6.40E+10 1.88E+11 4.92E+11 1.33E+11

     Z        CH3O2    N2O      NO       NO2      HNO2     HNO3     HO2NO2   NO3      N2O5     CL2O2    CH3CL    HOCL    
  5.00E+04 7.19E-12 3.00E-07 5.46E-12 1.48E-11 3.25E-14 1.29E-10 3.75E-13 9.01E-15 6.79E-17 1.42E-22 5.00E-10 2.42E-13
  1.50E+05 7.20E-12 3.00E-07 6.81E-12 1.70E-11 4.45E-14 1.97E-10 7.96E-13 1.07E-14 1.36E-16 4.64E-22 4.83E-10 3.20E-13
  2.50E+05 6.92E-12 3.00E-07 8.46E-12 1.97E-11 6.00E-14 2.85E-10 1.74E-12 1.34E-14 2.98E-16 1.59E-21 4.69E-10 4.17E-13
  3.50E+05 6.09E-12 3.00E-07 1.08E-11 2.33E-11 8.02E-14 3.74E-10 4.00E-12 1.65E-14 7.06E-16 5.09E-21 4.57E-10 4.94E-13
  5.50E+05 3.68E-12 3.00E-07 1.86E-11 3.18E-11 1.35E-13 5.14E-10 2.28E-11 2.05E-14 3.81E-15 4.05E-20 4.39E-10 4.82E-13
  7.50E+05 1.43E-12 3.00E-07 2.69E-11 3.03E-11 1.31E-13 5.51E-10 7.60E-11 1.53E-14 1.41E-14 3.50E-19 4.30E-10 2.58E-13
  9.50E+05 2.95E-13 2.99E-07 5.77E-11 3.84E-11 1.65E-13 5.54E-10 6.97E-11 8.90E-15 6.37E-14 1.29E-18 4.25E-10 5.28E-14
  1.15E+06 1.11E-13 2.99E-07 9.79E-11 4.49E-11 1.83E-13 5.56E-10 3.99E-11 5.92E-15 8.20E-14 1.97E-18 4.21E-10 1.67E-14
  1.35E+06 7.84E-14 2.99E-07 1.40E-10 5.07E-11 2.01E-13 5.66E-10 2.41E-11 5.04E-15 7.55E-14 2.25E-18 4.18E-10 1.13E-14
  1.55E+06 8.41E-14 2.98E-07 1.79E-10 5.79E-11 2.34E-13 6.04E-10 1.77E-11 5.66E-15 7.38E-14 3.92E-18 4.14E-10 1.53E-14
  1.75E+06 9.58E-14 2.96E-07 2.27E-10 1.08E-10 2.46E-13 8.84E-10 2.31E-11 1.05E-14 1.83E-13 1.79E-17 4.00E-10 4.10E-14
  1.95E+06 1.28E-13 2.84E-07 2.97E-10 3.18E-10 2.58E-13 2.10E-09 7.01E-11 4.69E-14 1.61E-12 1.79E-16 3.57E-10 2.44E-13
  2.15E+06 1.85E-13 2.59E-07 4.29E-10 8.33E-10 3.22E-13 4.55E-09 1.85E-10 1.88E-13 1.06E-11 7.22E-16 2.86E-10 1.03E-12
  2.35E+06 2.67E-13 2.22E-07 6.55E-10 1.74E-09 4.64E-13 7.57E-09 3.36E-10 5.05E-13 3.56E-11 1.35E-15 2.07E-10 2.94E-12
  2.55E+06 3.51E-13 1.78E-07 1.05E-09 3.14E-09 7.64E-13 1.00E-08 4.53E-10 9.81E-13 7.02E-11 1.70E-15 1.37E-10 6.50E-12
  2.75E+06 4.29E-13 1.36E-07 1.73E-09 5.06E-09 1.36E-12 1.09E-08 4.85E-10 1.51E-12 9.21E-11 1.89E-15 8.57E-11 1.24E-11
  2.95E+06 5.03E-13 9.88E-08 2.79E-09 7.29E-09 2.41E-12 1.02E-08 4.19E-10 1.93E-12 8.46E-11 2.20E-15 5.07E-11 2.18E-11
  3.15E+06 5.81E-13 6.84E-08 4.26E-09 9.25E-09 3.93E-12 8.24E-09 2.97E-10 2.13E-12 5.66E-11 2.67E-15 2.86E-11 3.59E-11
  3.35E+06 6.70E-13 4.54E-08 6.05E-09 1.03E-08 5.60E-12 5.88E-09 1.76E-10 2.10E-12 2.88E-11 3.04E-15 1.54E-11 5.35E-11
  3.55E+06 7.76E-13 2.89E-08 7.96E-09 1.01E-08 7.00E-12 3.75E-09 8.86E-11 1.88E-12 1.17E-11 2.94E-15 7.88E-12 6.95E-11
  3.75E+06 9.06E-13 1.79E-08 9.79E-09 8.70E-09 7.94E-12 2.18E-09 3.83E-11 1.54E-12 3.78E-12 2.29E-15 3.85E-12 7.78E-11
  3.95E+06 1.06E-12 1.08E-08 1.14E-08 6.47E-09 8.43E-12 1.15E-09 1.41E-11 1.13E-12 9.51E-13 1.39E-15 1.78E-12 7.57E-11
  4.15E+06 1.24E-12 6.56E-09 1.25E-08 4.12E-09 8.13E-12 5.23E-10 4.59E-12 7.25E-13 1.80E-13 6.74E-16 8.00E-13 6.50E-11
  4.35E+06 1.39E-12 4.04E-09 1.28E-08 2.29E-09 6.78E-12 2.03E-10 1.42E-12 4.04E-13 2.69E-14 2.77E-16 3.66E-13 5.02E-11
  4.55E+06 1.49E-12 2.55E-09 1.24E-08 1.18E-09 4.95E-12 7.04E-11 4.42E-13 2.00E-13 3.60E-15 1.06E-16 1.77E-13 3.53E-11
  4.75E+06 1.53E-12 1.66E-09 1.15E-08 6.01E-10 3.34E-12 2.36E-11 1.44E-13 9.27E-14 4.87E-16 4.07E-17 9.38E-14 2.31E-11
  4.95E+06 1.53E-12 1.12E-09 1.06E-08 3.08E-10 2.18E-12 8.08E-12 4.99E-14 4.18E-14 6.97E-17 1.55E-17 5.52E-14 1.43E-11
  5.15E+06 1.50E-12 7.85E-10 9.58E-09 1.62E-10 1.41E-12 2.87E-12 1.82E-14 1.87E-14 1.06E-17 5.80E-18 3.58E-14 8.66E-12
  5.35E+06 1.44E-12 5.71E-10 8.67E-09 8.72E-11 9.34E-13 1.08E-12 7.06E-15 8.47E-15 1.69E-18 2.09E-18 2.53E-14 5.26E-12
  5.55E+06 1.33E-12 4.31E-10 7.87E-09 4.90E-11 6.42E-13 4.40E-13 2.98E-15 3.92E-15 2.90E-19 7.01E-19 1.92E-14 3.28E-12
  5.75E+06 1.17E-12 3.42E-10 7.21E-09 2.97E-11 4.68E-13 2.03E-13 1.43E-15 1.91E-15 5.63E-20 2.10E-19 1.55E-14 2.13E-12
  5.95E+06 1.01E-12 2.87E-10 6.70E-09 2.04E-11 3.65E-13 1.12E-13 8.09E-16 1.03E-15 1.34E-20 5.56E-20 1.33E-14 1.44E-12
  6.15E+06 8.69E-13 2.55E-10 6.37E-09 1.61E-11 3.03E-13 7.25E-14 5.37E-16 6.43E-16 4.09E-21 1.33E-20 1.20E-14 9.97E-13
  6.35E+06 7.59E-13 2.43E-10 6.21E-09 1.21E-11 2.97E-13 5.24E-14 3.58E-16 4.37E-16 1.34E-21 3.23E-21 1.14E-14 7.61E-13

 TP, TL
           2.90E+11 4.18E+06 3.01E+13 3.03E+13 7.44E+09 3.49E+10 1.10E+11 6.30E+10 1.59E+09 4.51E+06 0.00E+00 4.58E+09
           2.90E+11 9.80E+08 3.01E+13 3.03E+13 7.44E+09 3.34E+10 1.10E+11 6.30E+10 1.59E+09 4.51E+06 4.73E+08 4.58E+09

     Z        CL       CLO      HCL      CLONO2   H2S      HS       SO       SO2      H2SO4    HSO     
  5.00E+04 1.43E-17 1.69E-14 1.12E-11 5.23E-13 1.58E-12 3.76E-18 4.60E-20 2.57E-11 2.44E-12 2.82E-14
  1.50E+05 2.08E-17 2.45E-14 1.61E-11 7.64E-13 1.60E-12 4.37E-18 6.81E-20 4.39E-11 4.81E-12 3.14E-14
  2.50E+05 2.98E-17 3.58E-14 2.16E-11 1.09E-12 1.64E-12 4.98E-18 1.00E-19 5.97E-11 7.48E-12 3.44E-14
  3.50E+05 4.05E-17 4.91E-14 2.64E-11 1.49E-12 1.73E-12 5.57E-18 1.49E-19 7.49E-11 1.01E-11 3.85E-14
  5.50E+05 6.47E-17 7.22E-14 3.29E-11 2.19E-12 2.24E-12 7.25E-18 3.65E-19 1.09E-10 1.44E-11 5.30E-14
  7.50E+05 7.67E-17 7.98E-14 3.63E-11 1.96E-12 3.64E-12 8.32E-18 8.90E-19 1.49E-10 1.38E-11 8.42E-14
  9.50E+05 8.63E-17 4.96E-14 3.90E-11 1.31E-12 4.45E-12 6.57E-18 1.59E-18 1.63E-10 9.45E-12 9.48E-14
  1.15E+06 1.01E-16 3.93E-14 4.18E-11 8.49E-13 1.67E-12 1.99E-18 8.74E-19 1.17E-10 5.06E-12 3.61E-14
  1.35E+06 1.37E-16 4.41E-14 4.50E-11 6.55E-13 7.00E-13 8.63E-19 5.34E-19 9.00E-11 3.07E-12 1.52E-14
  1.55E+06 2.22E-16 7.13E-14 4.89E-11 6.91E-13 2.84E-13 4.21E-19 4.18E-19 6.96E-11 2.17E-12 6.28E-15
  1.75E+06 3.87E-16 2.01E-13 6.15E-11 1.97E-12 4.43E-14 4.89E-20 3.60E-19 3.91E-11 1.07E-12 1.01E-15
  1.95E+06 7.73E-16 9.12E-13 9.23E-11 1.33E-11 1.52E-15 8.70E-22 3.82E-19 1.23E-11 2.86E-13 2.95E-17
  2.15E+06 1.48E-15 2.80E-12 1.22E-10 5.15E-11 1.87E-17 7.96E-24 2.74E-19 2.66E-12 5.81E-14 2.53E-19
  2.35E+06 2.84E-15 6.11E-12 1.37E-10 1.10E-10 1.17E-19 5.64E-26 1.53E-19 4.95E-13 1.51E-14 1.14E-21
  2.55E+06 5.74E-15 1.10E-11 1.42E-10 1.67E-10 4.27E-22 3.14E-28 7.89E-20 8.94E-14 7.83E-14 3.53E-24
  2.75E+06 1.22E-14 1.81E-11 1.43E-10 2.05E-10 9.63E-25 2.47E-30 4.21E-20 1.80E-14 1.50E-13 1.45E-26
  2.95E+06 2.72E-14 2.90E-11 1.47E-10 2.15E-10 1.38E-27 1.60E-30 3.43E-20 6.08E-15 1.62E-13 4.79E-27
  3.15E+06 6.26E-14 4.71E-11 1.59E-10 1.93E-10 8.05E-29 4.97E-30 6.78E-20 5.57E-15 1.62E-13 7.43E-27
  3.35E+06 1.41E-13 7.50E-11 1.77E-10 1.43E-10 2.23E-28 2.09E-29 1.87E-19 8.13E-15 1.60E-13 1.52E-26
  3.55E+06 2.93E-13 1.12E-10 1.90E-10 8.46E-11 5.65E-28 7.93E-29 4.77E-19 1.23E-14 1.55E-13 2.74E-26
  3.75E+06 5.62E-13 1.50E-10 1.93E-10 3.89E-11 1.22E-27 2.55E-28 1.05E-18 1.79E-14 1.50E-13 4.04E-26
  3.95E+06 1.04E-12 1.80E-10 1.92E-10 1.37E-11 2.38E-27 7.27E-28 2.05E-18 2.48E-14 1.43E-13 5.00E-26
  4.15E+06 1.94E-12 1.92E-10 2.01E-10 3.66E-12 4.45E-27 1.90E-27 3.65E-18 3.33E-14 1.34E-13 5.53E-26
  4.35E+06 3.48E-12 1.80E-10 2.29E-10 7.88E-13 8.14E-27 4.51E-27 6.17E-18 4.38E-14 1.24E-13 5.85E-26
  4.55E+06 5.70E-12 1.52E-10 2.70E-10 1.53E-13 1.37E-26 9.30E-27 1.02E-17 5.60E-14 1.12E-13 6.09E-26
  4.75E+06 8.29E-12 1.17E-10 3.15E-10 2.95E-14 2.02E-26 1.63E-26 1.68E-17 6.92E-14 9.85E-14 6.43E-26
  4.95E+06 1.08E-11 8.44E-11 3.54E-10 5.84E-15 2.63E-26 2.45E-26 2.72E-17 8.21E-14 8.56E-14 7.34E-26
  5.15E+06 1.30E-11 5.81E-11 3.84E-10 1.21E-15 3.15E-26 3.36E-26 4.36E-17 9.39E-14 7.37E-14 9.64E-26
  5.35E+06 1.46E-11 3.89E-11 4.05E-10 2.64E-16 3.71E-26 4.41E-26 6.97E-17 1.04E-13 6.33E-14 1.47E-25
  5.55E+06 1.59E-11 2.54E-11 4.19E-10 6.15E-17 4.62E-26 5.88E-26 1.11E-16 1.13E-13 5.45E-14 2.54E-25
  5.75E+06 1.67E-11 1.63E-11 4.29E-10 1.56E-17 6.47E-26 8.35E-26 1.75E-16 1.20E-13 4.75E-14 4.83E-25
  5.95E+06 1.72E-11 1.01E-11 4.35E-10 4.41E-18 1.03E-25 1.28E-25 2.65E-16 1.25E-13 4.24E-14 9.70E-25
  6.15E+06 1.77E-11 6.22E-12 4.39E-10 1.32E-18 1.65E-25 1.94E-25 3.81E-16 1.28E-13 3.90E-14 1.98E-24
  6.35E+06 1.91E-11 3.89E-12 4.40E-10 3.22E-19 2.01E-25 2.24E-25 5.17E-16 1.30E-13 3.74E-14 4.19E-24

 TP, TL
           1.36E+14 1.20E+12 1.60E+09 7.87E+09 3.51E+08 3.50E+08 3.49E+08 2.40E+11 2.09E+11 2.20E+08
           1.36E+14 1.20E+12 1.47E+09 7.86E+09 3.50E+08 3.50E+08 3.49E+08 2.39E+11 2.71E+09 2.19E+08


 MIXING RATIO OF AEROSOL

     Z      SO4AER
  5.00E+04 8.76E-11
  1.50E+05 1.07E-10
  2.50E+05 1.46E-10
  3.50E+05 1.96E-10
  5.50E+05 3.01E-10
  7.50E+05 3.88E-10
  9.50E+05 4.46E-10
  1.15E+06 4.84E-10
  1.35E+06 5.10E-10
  1.55E+06 5.30E-10
  1.75E+06 5.51E-10
  1.95E+06 5.33E-10
  2.15E+06 4.51E-10
  2.35E+06 3.40E-10
  2.55E+06 2.40E-10
  2.75E+06 1.63E-10
  2.95E+06 1.09E-10
  3.15E+06 7.17E-11
  3.35E+06 4.57E-11
  3.55E+06 2.79E-11
  3.75E+06 1.63E-11
  3.95E+06 8.98E-12
  4.15E+06 4.76E-12
  4.35E+06 2.45E-12
  4.55E+06 1.23E-12
  4.75E+06 5.95E-13
  4.95E+06 2.82E-13
  5.15E+06 1.30E-13
  5.35E+06 5.76E-14
  5.55E+06 2.43E-14
  5.75E+06 9.97E-15
  5.95E+06 3.94E-15
  6.15E+06 1.47E-15
  6.35E+06 5.20E-16

  TP       2.60E+09
  TL       2.58E+09


 OZONE COLUMN DEPTH =  6.9670E+18

 SULFUR COLUMN DEPTHS:  H2S = 4.128E+13  SO2 = 1.781E+15

  14 FH2O AT COLD TRAP = 5.949E-06

 NUMBER DENSITIES OF LONG-LIVED SPECIES


     Z        H2CO     O        H2O      OH       HO2      H2O2     O3       H        H2       CH4      CO       CH3OOH  
  5.00E+04 5.02E+09 1.74E+03 2.71E+17 1.97E+06 3.34E+08 3.18E+10 5.19E+11 1.86E-01 1.33E+13 3.87E+13 2.18E+12 1.55E+10
  2.50E+05 4.12E+09 2.95E+03 1.07E+17 2.45E+06 2.77E+08 2.47E+10 6.12E+11 1.96E-01 1.08E+13 3.12E+13 1.38E+12 1.04E+10
  4.50E+05 2.71E+09 5.05E+03 3.27E+16 2.69E+06 1.94E+08 1.37E+10 7.43E+11 1.83E-01 8.80E+12 2.52E+13 8.97E+11 4.65E+09
  6.50E+05 1.34E+09 7.73E+03 7.05E+15 2.29E+06 1.02E+08 5.33E+09 8.36E+11 1.35E-01 7.13E+12 2.04E+13 6.07E+11 1.41E+09
  8.50E+05 4.56E+08 1.05E+04 9.11E+14 1.38E+06 3.31E+07 1.42E+09 8.68E+11 7.15E-02 5.77E+12 1.64E+13 4.32E+11 2.72E+08
  1.05E+06 1.45E+08 1.44E+04 1.24E+14 8.55E+05 9.27E+06 3.02E+08 8.39E+11 4.27E-02 4.53E+12 1.29E+13 3.09E+11 3.96E+07
  1.25E+06 6.61E+07 2.21E+04 4.62E+13 6.72E+05 4.32E+06 6.50E+07 7.66E+11 3.75E-02 3.40E+12 9.65E+12 2.15E+11 7.06E+06
  1.45E+06 4.24E+07 3.61E+04 2.69E+13 6.69E+05 3.12E+06 1.76E+07 6.92E+11 4.50E-02 2.49E+12 7.08E+12 1.48E+11 2.15E+06
  1.65E+06 3.13E+07 7.58E+04 1.96E+13 7.08E+05 2.74E+06 6.49E+06 7.72E+11 5.71E-02 1.81E+12 5.12E+12 9.62E+10 1.15E+06
  1.85E+06 2.51E+07 2.88E+05 1.42E+13 7.05E+05 3.13E+06 6.55E+06 1.50E+12 6.17E-02 1.30E+12 3.62E+12 5.21E+10 1.10E+06
  2.05E+06 2.45E+07 1.12E+06 1.05E+13 7.63E+05 4.67E+06 1.29E+07 2.82E+12 7.32E-02 9.14E+11 2.45E+12 2.53E+10 1.47E+06
  2.25E+06 2.60E+07 3.19E+06 7.82E+12 9.35E+05 6.86E+06 2.39E+07 3.80E+12 1.22E-01 6.31E+11 1.58E+12 1.45E+10 1.85E+06
  2.45E+06 2.69E+07 7.17E+06 5.96E+12 1.27E+06 9.50E+06 3.81E+07 4.04E+12 2.62E-01 4.29E+11 9.89E+11 1.01E+10 1.91E+06
  2.65E+06 2.62E+07 1.39E+07 4.58E+12 1.85E+06 1.23E+07 5.19E+07 3.75E+12 6.27E-01 2.89E+11 6.06E+11 7.30E+09 1.62E+06
  2.85E+06 2.38E+07 2.48E+07 3.54E+12 2.78E+06 1.51E+07 6.01E+07 3.21E+12 1.67E+00 1.92E+11 3.68E+11 5.15E+09 1.19E+06
  3.05E+06 2.00E+07 4.19E+07 2.73E+12 4.13E+06 1.71E+07 5.88E+07 2.59E+12 5.01E+00 1.26E+11 2.21E+11 3.56E+09 7.91E+05
  3.25E+06 1.57E+07 6.90E+07 2.11E+12 5.84E+06 1.80E+07 4.88E+07 1.99E+12 1.66E+01 8.16E+10 1.31E+11 2.44E+09 4.99E+05
  3.45E+06 1.16E+07 1.12E+08 1.62E+12 7.80E+06 1.76E+07 3.52E+07 1.47E+12 5.77E+01 5.19E+10 7.67E+10 1.68E+09 3.07E+05
  3.65E+06 8.09E+06 1.82E+08 1.25E+12 1.00E+07 1.63E+07 2.31E+07 1.05E+12 2.03E+02 3.25E+10 4.41E+10 1.17E+09 1.86E+05
  3.85E+06 5.43E+06 3.00E+08 9.57E+11 1.27E+07 1.46E+07 1.42E+07 7.28E+11 7.29E+02 2.00E+10 2.49E+10 8.17E+08 1.11E+05
  4.05E+06 3.50E+06 5.00E+08 7.34E+11 1.57E+07 1.29E+07 8.63E+06 4.86E+11 2.62E+03 1.23E+10 1.39E+10 5.77E+08 6.71E+04
  4.25E+06 2.17E+06 8.16E+08 5.64E+11 1.82E+07 1.14E+07 5.53E+06 3.15E+11 8.53E+03 7.74E+09 7.88E+09 4.24E+08 4.28E+04
  4.45E+06 1.30E+06 1.23E+09 4.35E+11 1.91E+07 1.02E+07 3.82E+06 2.02E+11 2.29E+04 5.07E+09 4.60E+09 3.33E+08 2.92E+04
  4.65E+06 7.59E+05 1.69E+09 3.38E+11 1.84E+07 9.08E+06 2.77E+06 1.30E+11 5.06E+04 3.52E+09 2.82E+09 2.85E+08 2.09E+04
  4.85E+06 4.47E+05 2.14E+09 2.64E+11 1.69E+07 7.98E+06 2.07E+06 8.44E+10 9.60E+04 2.61E+09 1.82E+09 2.67E+08 1.52E+04
  5.05E+06 2.69E+05 2.54E+09 2.07E+11 1.52E+07 6.99E+06 1.58E+06 5.53E+10 1.65E+05 2.03E+09 1.24E+09 2.75E+08 1.11E+04
  5.25E+06 1.67E+05 2.87E+09 1.62E+11 1.37E+07 6.17E+06 1.25E+06 3.63E+10 2.68E+05 1.65E+09 8.79E+08 3.06E+08 8.17E+03
  5.45E+06 1.07E+05 3.10E+09 1.27E+11 1.25E+07 5.58E+06 1.05E+06 2.36E+10 4.22E+05 1.37E+09 6.44E+08 3.62E+08 5.97E+03
  5.65E+06 7.01E+04 3.17E+09 9.98E+10 1.19E+07 5.30E+06 9.83E+05 1.48E+10 6.60E+05 1.16E+09 4.82E+08 4.44E+08 4.29E+03
  5.85E+06 4.75E+04 3.08E+09 7.79E+10 1.20E+07 5.37E+06 1.03E+06 8.92E+09 1.06E+06 9.75E+08 3.66E+08 5.49E+08 3.03E+03
  6.05E+06 3.29E+04 2.98E+09 6.04E+10 1.28E+07 5.78E+06 1.20E+06 5.24E+09 1.81E+06 8.13E+08 2.79E+08 6.79E+08 2.11E+03
  6.25E+06 2.33E+04 3.28E+09 4.66E+10 1.48E+07 6.59E+06 1.50E+06 3.43E+09 3.80E+06 6.66E+08 2.13E+08 8.40E+08 1.47E+03

     Z        CH3O2    N2O      NO       NO2      HNO2     HNO3     HO2NO2   NO3      N2O5     CL2O2    CH3CL    HOCL    
  5.00E+04 1.74E+08 7.26E+12 1.32E+08 3.57E+08 7.87E+05 3.11E+09 9.07E+06 2.18E+05 1.64E+03 3.43E-03 1.21E+10 5.84E+06
  2.50E+05 1.36E+08 5.90E+12 1.66E+08 3.88E+08 1.18E+06 5.60E+09 3.43E+07 2.64E+05 5.86E+03 3.14E-02 9.23E+09 8.21E+06
  4.50E+05 7.86E+07 4.78E+12 2.27E+08 4.42E+08 1.70E+06 7.25E+09 1.54E+08 3.07E+05 2.70E+04 2.39E-01 7.13E+09 8.29E+06
  6.50E+05 3.16E+07 3.87E+12 2.92E+08 4.14E+08 1.82E+06 7.02E+09 6.32E+08 2.42E+05 9.76E+04 1.55E+00 5.61E+09 4.99E+06
  8.50E+05 7.20E+06 3.13E+12 3.98E+08 3.45E+08 1.50E+06 5.78E+09 8.64E+08 1.25E+05 3.24E+05 8.08E+00 4.46E+09 1.35E+06
  1.05E+06 1.36E+06 2.46E+12 6.27E+08 3.39E+08 1.42E+06 4.55E+09 4.36E+08 5.81E+04 6.46E+05 1.46E+01 3.47E+09 2.24E+05
  1.25E+06 5.37E+05 1.84E+12 7.34E+08 2.96E+08 1.18E+06 3.44E+09 1.87E+08 3.26E+04 4.89E+05 1.26E+01 2.58E+09 7.67E+04
  1.45E+06 3.60E+05 1.35E+12 7.19E+08 2.39E+08 9.86E+05 2.61E+09 9.11E+07 2.35E+04 3.25E+05 1.28E+01 1.88E+09 5.62E+04
  1.65E+06 2.92E+05 9.76E+11 6.63E+08 2.37E+08 8.02E+05 2.23E+09 5.82E+07 2.26E+04 3.12E+05 2.26E+01 1.34E+09 7.18E+04
  1.85E+06 2.57E+05 6.88E+11 6.04E+08 4.31E+08 5.84E+05 3.15E+09 9.16E+07 4.98E+04 1.21E+06 1.41E+02 9.05E+08 2.34E+05
  2.05E+06 2.58E+05 4.61E+11 5.98E+08 8.95E+08 4.77E+05 5.39E+09 2.01E+08 1.66E+05 7.60E+06 6.87E+02 5.47E+08 9.00E+05
  2.25E+06 2.71E+05 2.91E+11 6.35E+08 1.49E+09 4.57E+05 7.30E+09 3.13E+08 3.90E+05 2.54E+07 1.27E+03 2.97E+08 2.19E+06
  2.45E+06 2.69E+05 1.74E+11 7.17E+08 2.06E+09 5.10E+05 7.76E+09 3.50E+08 6.33E+05 4.60E+07 1.35E+03 1.48E+08 3.89E+06
  2.65E+06 2.47E+05 9.89E+10 8.52E+08 2.55E+09 6.40E+05 6.74E+09 3.04E+08 7.87E+05 5.31E+07 1.14E+03 6.90E+07 5.74E+06
  2.85E+06 2.16E+05 5.40E+10 1.02E+09 2.86E+09 8.44E+05 4.97E+09 2.14E+08 8.06E+05 4.27E+07 9.39E+02 3.07E+07 7.68E+06
  3.05E+06 1.85E+05 2.84E+10 1.19E+09 2.86E+09 1.07E+06 3.19E+09 1.24E+08 7.05E+05 2.46E+07 8.31E+02 1.31E+07 9.69E+06
  3.25E+06 1.59E+05 1.43E+10 1.30E+09 2.53E+09 1.22E+06 1.80E+09 5.95E+07 5.45E+05 1.06E+07 7.37E+02 5.37E+06 1.13E+07
  3.45E+06 1.37E+05 6.90E+09 1.33E+09 1.97E+09 1.21E+06 9.02E+08 2.42E+07 3.82E+05 3.58E+06 5.82E+02 2.10E+06 1.18E+07
  3.65E+06 1.19E+05 3.23E+09 1.26E+09 1.35E+09 1.07E+06 4.10E+08 8.42E+06 2.45E+05 9.70E+05 3.78E+02 7.86E+05 1.06E+07
  3.85E+06 1.05E+05 1.49E+09 1.13E+09 8.15E+08 8.79E+05 1.71E+08 2.52E+06 1.43E+05 2.09E+05 1.96E+02 2.80E+05 8.31E+06
  4.05E+06 9.26E+04 6.76E+08 9.66E+08 4.23E+08 6.76E+05 6.36E+07 6.54E+05 7.40E+04 3.44E+04 7.98E+01 9.59E+04 5.71E+06
  4.25E+06 8.06E+04 3.13E+08 7.79E+08 1.90E+08 4.61E+05 2.02E+07 1.56E+05 3.36E+04 4.33E+03 2.64E+01 3.28E+04 3.52E+06
  4.45E+06 6.78E+04 1.49E+08 5.92E+08 7.73E+07 2.73E+05 5.61E+06 3.66E+04 1.34E+04 4.58E+02 7.87E+00 1.18E+04 1.98E+06
  4.65E+06 5.48E+04 7.39E+07 4.33E+08 3.04E+07 1.47E+05 1.47E+06 9.00E+03 4.94E+03 4.71E+01 2.32E+00 4.59E+03 1.03E+06
  4.85E+06 4.31E+04 3.80E+07 3.10E+08 1.20E+07 7.55E+04 3.85E+05 2.36E+03 1.75E+03 5.10E+00 6.95E-01 1.99E+03 5.10E+05
  5.05E+06 3.34E+04 2.04E+07 2.20E+08 4.88E+06 3.83E+04 1.05E+05 6.54E+02 6.12E+02 5.88E-01 2.06E-01 9.62E+02 2.44E+05
  5.25E+06 2.54E+04 1.14E+07 1.57E+08 2.03E+06 1.96E+04 2.99E+04 1.93E+02 2.16E+02 7.19E-02 5.98E-02 5.12E+02 1.15E+05
  5.45E+06 1.87E+04 6.66E+06 1.11E+08 8.76E+05 1.04E+04 9.17E+03 6.10E+01 7.74E+01 9.34E-03 1.65E-02 2.95E+02 5.57E+04
  5.65E+06 1.33E+04 4.03E+06 7.95E+07 3.98E+05 5.75E+03 3.10E+03 2.14E+01 2.87E+01 1.32E-03 4.12E-03 1.81E+02 2.78E+04
  5.85E+06 9.01E+03 2.57E+06 5.73E+07 2.00E+05 3.39E+03 1.22E+03 8.68E+00 1.14E+01 2.21E-04 9.09E-04 1.18E+02 1.44E+04
  6.05E+06 5.98E+03 1.72E+06 4.18E+07 1.15E+05 2.12E+03 5.67E+02 4.17E+00 5.14E+00 4.64E-05 1.77E-04 8.02E+01 7.67E+03
  6.25E+06 4.02E+03 1.22E+06 3.10E+07 7.21E+04 1.43E+03 3.02E+02 2.22E+00 2.63E+00 1.18E-05 3.21E-05 5.74E+01 4.21E+03

     Z        CL       CLO      HCL      CLONO2   H2S      HS       SO       SO2      H2SO4    HSO     
  5.00E+04 3.45E+02 4.08E+05 2.71E+08 1.27E+07 3.82E+07 9.10E+01 1.11E+00 6.21E+08 5.89E+07 6.83E+05
  2.50E+05 5.87E+02 7.05E+05 4.25E+08 2.14E+07 3.22E+07 9.80E+01 1.98E+00 1.18E+09 1.47E+08 6.77E+05
  4.50E+05 8.39E+02 9.89E+05 4.81E+08 3.03E+07 3.05E+07 1.00E+02 3.66E+00 1.45E+09 1.99E+08 7.06E+05
  6.50E+05 9.40E+02 1.02E+06 4.50E+08 2.84E+07 3.65E+07 1.04E+02 7.52E+00 1.67E+09 1.92E+08 8.63E+05
  8.50E+05 8.52E+02 6.94E+05 3.93E+08 1.71E+07 4.58E+07 8.44E+01 1.36E+01 1.71E+09 1.25E+08 1.02E+06
  1.05E+06 7.57E+02 3.49E+05 3.31E+08 8.52E+06 2.19E+07 2.82E+01 9.69E+00 1.12E+09 5.67E+07 4.77E+05
  1.25E+06 7.09E+02 2.44E+05 2.67E+08 4.46E+06 6.57E+06 7.77E+00 4.09E+00 6.28E+08 2.36E+07 1.42E+05
  1.45E+06 7.82E+02 2.44E+05 2.10E+08 2.88E+06 2.10E+06 2.88E+00 2.13E+00 3.61E+08 1.17E+07 4.57E+04
  1.65E+06 9.42E+02 3.54E+05 1.75E+08 3.17E+06 4.43E+05 6.20E-01 1.20E+00 1.83E+08 5.42E+06 1.00E+04
  1.85E+06 1.29E+03 1.03E+06 1.78E+08 1.22E+07 2.29E+04 1.80E-02 9.13E-01 5.55E+07 1.39E+06 5.01E+02
  2.05E+06 1.82E+03 2.85E+06 1.84E+08 4.83E+07 3.15E+02 1.47E-04 5.72E-01 9.96E+06 2.21E+05 5.16E+00
  2.25E+06 2.46E+03 5.15E+06 1.59E+08 9.62E+07 1.92E+00 8.33E-07 2.51E-01 1.40E+06 3.16E+04 2.17E-02
  2.45E+06 3.48E+03 7.24E+06 1.22E+08 1.22E+08 6.51E-03 3.76E-09 9.56E-02 1.82E+05 2.14E+04 5.73E-05
  2.65E+06 5.25E+03 8.95E+06 9.00E+07 1.19E+08 1.36E-05 1.40E-11 3.58E-02 2.47E+04 8.12E+04 1.14E-07
  2.85E+06 8.41E+03 1.06E+07 6.70E+07 9.90E+07 1.77E-08 6.17E-13 1.60E-02 4.34E+03 7.34E+04 2.62E-09
  3.05E+06 1.41E+04 1.27E+07 5.22E+07 7.13E+07 3.17E-11 8.86E-13 1.51E-02 1.79E+03 5.57E+04 1.88E-09
  3.25E+06 2.40E+04 1.52E+07 4.27E+07 4.35E+07 3.39E-11 2.60E-12 2.86E-02 1.68E+03 4.10E+04 2.72E-09
  3.45E+06 3.89E+04 1.76E+07 3.50E+07 2.15E+07 6.86E-11 7.89E-12 5.76E-02 1.91E+03 2.99E+04 3.97E-09
  3.65E+06 5.80E+04 1.86E+07 2.73E+07 8.40E+06 1.20E-10 2.06E-11 1.02E-01 2.12E+03 2.17E+04 4.84E-09
  3.85E+06 8.17E+04 1.77E+07 2.05E+07 2.54E+06 1.84E-10 4.65E-11 1.59E-01 2.25E+03 1.56E+04 4.88E-09
  4.05E+06 1.14E+05 1.51E+07 1.56E+07 5.87E+05 2.62E-10 9.54E-11 2.22E-01 2.31E+03 1.12E+04 4.26E-09
  4.25E+06 1.60E+05 1.15E+07 1.30E+07 1.05E+05 3.69E-10 1.81E-10 2.90E-01 2.33E+03 7.89E+03 3.48E-09
  4.45E+06 2.11E+05 7.82E+06 1.16E+07 1.62E+04 5.00E-10 3.09E-10 3.69E-01 2.32E+03 5.50E+03 2.79E-09
  4.65E+06 2.52E+05 4.85E+06 1.06E+07 2.41E+03 6.11E-10 4.53E-10 4.70E-01 2.25E+03 3.79E+03 2.24E-09
  4.85E+06 2.69E+05 2.80E+06 9.42E+06 3.65E+02 6.55E-10 5.69E-10 5.97E-01 2.12E+03 2.58E+03 1.89E-09
  5.05E+06 2.62E+05 1.54E+06 8.12E+06 5.76E+01 6.35E-10 6.35E-10 7.53E-01 1.93E+03 1.74E+03 1.80E-09
  5.25E+06 2.38E+05 8.19E+05 6.80E+06 9.60E+00 5.86E-10 6.63E-10 9.44E-01 1.71E+03 1.17E+03 2.00E-09
  5.45E+06 2.07E+05 4.25E+05 5.57E+06 1.70E+00 5.52E-10 6.83E-10 1.18E+00 1.47E+03 7.91E+02 2.57E-09
  5.65E+06 1.73E+05 2.16E+05 4.49E+06 3.24E-01 5.68E-10 7.34E-10 1.48E+00 1.24E+03 5.37E+02 3.67E-09
  5.85E+06 1.40E+05 1.06E+05 3.57E+06 6.78E-02 6.66E-10 8.47E-10 1.79E+00 1.01E+03 3.70E+02 5.64E-09
  6.05E+06 1.12E+05 5.10E+04 2.81E+06 1.55E-02 8.42E-10 1.02E-09 2.06E+00 8.14E+02 2.59E+02 8.90E-09
  6.25E+06 8.96E+04 2.42E+04 2.18E+06 3.50E-03 9.72E-10 1.12E-09 2.21E+00 6.40E+02 1.88E+02 1.41E-08

 FLUXES OF LONG-LIVED SPECIES


     Z        H2CO     O        H2O      OH       HO2      H2O2     O3       H        H2       CH4      CO       CH3OOH  
  0.00E+00-1.00E+09 3.41E+06 3.90E+13-1.95E+06-3.34E+08-6.36E+09-5.19E+10-1.65E+04-6.34E+09 1.88E+11 3.18E+11-3.09E+09
  1.00E+05-1.40E+08-6.96E+02 0.00E+00-4.49E+05-5.68E+06-2.06E+08-9.09E+10-2.45E-02-7.74E+09 1.50E+11 2.45E+11 7.45E+08
  5.00E+05 4.42E+08-1.94E+03 0.00E+00-2.38E+05 2.69E+07 3.55E+09-1.36E+11-3.01E-03-4.71E+09 4.07E+10 7.81E+10 1.59E+09
  9.00E+05 1.67E+08-2.90E+03 0.00E+00 1.94E+05 1.44E+07 6.41E+08-9.31E+10 1.24E-02-8.61E+08 8.79E+09 1.99E+10 1.48E+08
  1.30E+06 6.25E+06-9.78E+03 8.95E+12-7.57E+04 2.53E+05 2.54E+07-7.44E+10-7.77E-03 4.15E+07 5.65E+09 6.48E+09 2.69E+06
  1.70E+06-1.23E+05-1.32E+04-9.58E+09-1.81E+04-7.67E+04-1.96E+03-6.45E+10-2.01E-03 3.14E+08 4.66E+09 1.57E+09-9.44E+03
  2.10E+06-2.00E+05-4.54E+04-8.48E+09-8.35E+03-7.82E+04-3.11E+05-4.57E+10-1.28E-03 4.91E+08 4.02E+09 1.24E+08-1.94E+04
  2.50E+06-1.92E+05-1.99E+05-7.25E+09-2.19E+04-1.40E+05-6.39E+05-2.47E+10-8.82E-03 6.56E+08 3.31E+09 5.35E+04-8.47E+03
  2.90E+06-1.29E+05-8.97E+05-5.68E+09-8.18E+04-2.64E+05-7.36E+05-1.19E+10-1.14E-01 7.35E+08 2.47E+09 1.14E+07 3.41E+03
  3.30E+06-4.19E+03-3.64E+06-3.91E+09-2.24E+05-3.08E+05 3.84E+01 3.04E+08-2.11E+00 6.61E+08 1.62E+09 1.02E+07 4.90E+03
  3.70E+06 6.52E+04-1.41E+07-2.35E+09-4.86E+05-2.52E+05 3.33E+05 5.72E+09-3.89E+01 4.81E+08 9.30E+08 6.79E+06 3.18E+03
  4.10E+06 7.69E+04-5.77E+07-1.21E+09-9.54E+05-2.54E+05 1.86E+05 8.45E+09-7.05E+02 2.78E+08 4.66E+08 3.07E+06 1.48E+03
  4.50E+06 6.22E+04-1.61E+08-5.01E+08-9.19E+05-2.87E+05 4.59E+04 6.45E+09-6.23E+03 1.09E+08 1.96E+08-5.14E+06 4.69E+02
  4.90E+06 3.21E+04-2.97E+08-1.60E+08-7.29E+05-2.70E+05 1.64E+04 4.05E+09-2.75E+04 9.52E+06 7.55E+07-2.08E+07 2.81E+02
  5.30E+06 1.47E+04-4.45E+08-1.73E+07-8.89E+05-3.69E+05-2.95E+04 2.76E+09-9.73E+04-3.90E+07 2.85E+07-5.86E+07 2.48E+02
  5.70E+06 6.72E+03-5.05E+08 3.93E+07-1.97E+06-8.94E+05-1.85E+05 2.31E+09-3.67E+05-5.83E+07 1.04E+07-1.50E+08 2.71E+02
  6.10E+06 2.90E+03-9.30E+08 5.32E+07-5.30E+06-2.36E+06-6.31E+05 1.13E+09-2.11E+06-5.39E+07 3.12E+06-3.62E+08 2.06E+02
  6.40E+06 2.87E+00-7.12E+08-6.41E+01-4.86E+03-4.57E+03-5.09E-01 2.51E+04-1.54E+03-5.86E-01 1.46E-02-7.12E+08 6.54E-02

     Z        CH3O2    N2O      NO       NO2      HNO2     HNO3     HO2NO2   NO3      N2O5     CL2O2    CH3CL    HOCL    
  0.00E+00-1.74E+08 9.76E+08-2.64E+07-7.14E+07-3.94E+05-1.56E+09-4.54E+06-1.09E+05-8.18E+02-5.92E-04 4.73E+08-2.92E+06
  1.00E+05-4.22E+04 9.75E+08-3.10E+07-5.03E+07-2.74E+05-1.56E+09-9.67E+06-3.91E+04-1.57E+03-7.40E-03 3.83E+08-1.81E+06
  5.00E+05 1.88E+07 9.71E+08-6.67E+07-6.22E+07-4.31E+05-8.99E+08-2.00E+08-1.92E+04-3.20E+04-3.87E-01 1.14E+08 5.66E+05
  9.00E+05 3.89E+06 9.65E+08-1.94E+08-5.29E+07-2.11E+05-1.20E+07 1.28E+08 3.06E+04-3.22E+05-5.12E+00 2.15E+07 7.50E+05
  1.30E+06 5.11E+04 9.60E+08-1.17E+08-1.47E+07-5.57E+04-3.71E+07 3.59E+07 1.46E+03 2.28E+04-1.21E+00 8.95E+06 6.84E+03
  1.70E+06-3.35E+03 9.53E+08-1.21E+07-1.73E+07-7.74E+02-1.00E+08-2.65E+06-1.79E+03-4.30E+04-5.41E+00 4.63E+06-9.39E+03
  2.10E+06-2.06E+03 9.18E+08-4.80E+06-1.94E+07-2.47E+03-8.67E+07-4.19E+06-5.72E+03-3.92E+05-2.01E+01 2.42E+06-3.19E+04
  2.50E+06-1.52E+03 8.03E+08-8.33E+06-2.80E+07-6.50E+03-3.90E+07-1.84E+06-9.25E+03-6.31E+05-5.24E+00 1.20E+06-7.40E+04
  2.90E+06-1.20E+03 5.73E+08-1.87E+07-3.61E+07-1.90E+04 1.80E+07 1.39E+06-6.02E+03 2.40E+05-5.58E+00 5.02E+05-1.69E+05
  3.30E+06-1.32E+03 2.98E+08-2.60E+07-1.10E+07-2.32E+04 3.34E+07 1.62E+06 1.12E+03 3.60E+05-4.17E+00 1.60E+05-2.53E+05
  3.70E+06-1.57E+03 1.13E+08-2.05E+07 1.95E+07-9.63E+03 1.63E+07 4.85E+05 4.23E+03 7.02E+04 8.80E+00 3.90E+04-6.68E+04
  4.10E+06-1.68E+03 3.61E+07-9.28E+06 2.23E+07 5.35E+03 5.20E+06 6.90E+04 3.82E+03 4.82E+03 6.20E+00 7.65E+03 1.19E+05
  4.50E+06-6.46E+02 1.13E+07 5.04E+06 8.24E+06 1.58E+04 8.69E+05 5.99E+03 1.53E+03 1.09E+02 1.09E+00 1.30E+03 1.24E+05
  4.90E+06 1.22E+02 3.83E+06 8.07E+06 1.96E+06 8.36E+03 9.16E+04 5.53E+02 3.32E+02 1.82E+00 1.50E-01 2.56E+02 6.30E+04
  5.30E+06 6.02E+02 1.43E+06 6.59E+06 4.65E+05 3.11E+03 9.92E+03 6.21E+01 6.11E+01 3.72E-02 2.07E-02 6.71E+01 2.18E+04
  5.70E+06 1.12E+03 5.49E+05 4.34E+06 1.11E+05 1.05E+03 1.25E+03 8.28E+00 1.11E+01 9.58E-04 2.49E-03 2.25E+01 6.91E+03
  6.10E+06 8.11E+02 1.69E+05 1.89E+06 2.29E+04 3.41E+02 2.04E+02 1.45E+00 2.03E+00 4.03E-05 1.82E-04 7.08E+00 2.54E+03
  6.40E+06 2.46E+00-1.95E-05-5.68E+01-6.28E+01-4.85E-02-4.31E-04-1.27E-05-2.80E-03-7.64E-11-1.08E-09 4.38E-08-1.34E-02

     Z        CL       CLO      HCL      CLONO2   H2S      HS       SO       SO2      H2SO4    HSO      SO4AER  
  0.00E+00-2.43E+06-2.04E+05-1.36E+08-6.33E+06-7.65E+05-9.44E+01-1.13E+00-6.21E+08-5.89E+07-6.83E+05-5.29E+08
  1.00E+05-1.51E+02-1.75E+05-1.13E+08-5.54E+06-4.46E+05-1.39E+01-5.08E-01-4.18E+08-5.45E+07-7.37E+04-4.35E+08
  5.00E+05-1.84E+02-1.55E+05-4.14E+07-4.44E+06-4.97E+06-1.46E+01-2.06E+00-2.71E+08-2.80E+07-1.33E+05-7.91E+08
  9.00E+05-4.77E+01 1.66E+05-1.30E+07 3.27E+06-6.71E+05 1.48E+01-2.83E+00 4.61E+06 2.48E+07 2.96E+04-2.57E+08
  1.30E+06-1.25E+02-2.48E+04-8.95E+06 3.98E+05 2.09E+06 2.28E+00 7.46E-01 6.88E+07 4.39E+06 4.51E+04-7.09E+07
  1.70E+06-4.89E+01-4.60E+04-4.08E+06-4.92E+05 4.46E+04 6.88E-02 1.85E-03 8.15E+06 2.86E+05 1.00E+03-8.48E+06
  2.10E+06-2.59E+01-7.09E+04-8.55E+05-1.46E+06 1.07E+01 5.05E-06 4.18E-03 2.07E+05 4.67E+03 1.79E-01-2.11E+05
  2.50E+06-6.34E+01-9.76E+04-5.26E+04-9.77E+05 2.60E-04 1.48E-10 1.15E-03 4.41E+03-1.97E+03 2.30E-06-2.44E+03
  2.90E+06-2.93E+02-1.98E+05-9.28E+04-4.15E+04 1.19E-09-8.79E-15 4.04E-06 1.06E+02-1.06E+02 2.76E-11-6.98E-10
  3.30E+06-1.30E+03-4.28E+05-2.51E+05 7.73E+05-2.51E-12-3.01E-13-2.09E-03-4.26E+01 4.26E+01-1.27E-10 6.98E-10
  3.70E+06-3.52E+03-4.31E+05-5.55E+03 4.67E+05-8.69E-12-2.54E-12-7.66E-03-6.74E+01 6.74E+01-1.45E-10 2.76E-10
  4.10E+06-1.00E+04-5.93E+04-1.28E+05 7.08E+04-2.31E-11-1.38E-11-1.73E-02-8.71E+01 8.71E+01-4.35E-11 2.91E-11
  4.50E+06-2.05E+04 2.72E+05-3.80E+05 3.40E+03-5.21E-11-4.68E-11-4.03E-02-1.10E+02 1.10E+02-2.09E-11 3.64E-12
  4.90E+06-1.97E+04 2.53E+05-2.97E+05 1.16E+02-4.71E-11-6.86E-11-9.50E-02-1.02E+02 1.03E+02-9.41E-11 0.00E+00
  5.30E+06-1.16E+04 1.31E+05-1.41E+05 4.40E+00-4.48E-11-8.26E-11-2.20E-01-7.49E+01 7.51E+01-4.54E-10 2.74E-01
  5.70E+06-4.95E+03 5.75E+04-5.95E+04 2.08E-01-1.53E-10-1.97E-10-4.87E-01-4.47E+01 4.52E+01-1.89E-09-8.34E-01
  6.10E+06-3.55E+03 2.22E+04-2.12E+04 1.40E-02-4.34E-10-4.54E-10-7.67E-01-1.83E+01 1.90E+01-7.57E-09-1.18E-01
  6.40E+06-4.89E+01-3.42E+01-4.17E-02-4.41E-08-2.39E-15-5.18E-12-1.63E-04-2.43E-03 1.18E+09-4.08E-11-1.51E-02

 RAINOUT RATE, PHIDEP, TLOSS AND LOWER B.C.

 FOLLOWED BY TP, TL, FUP, FLOW, CON


     Z        H2CO     O        H2O      OH       HO2      H2O2     O3       H        H2       CH4      CO       CH3OOH  
           2.85E+09 0.00E+00 0.00E+00 1.81E+06 1.06E+08 2.01E+10 0.00E+00 0.00E+00 0.00E+00 0.00E+00 0.00E+00 8.80E+09
           1.00E+09 1.74E+03 0.00E+00 1.97E+06 3.34E+08 6.36E+09 5.19E+10 1.86E-01 0.00E+00 0.00E+00 0.00E+00 3.09E+09
           3.85E+09 1.74E+03 0.00E+00 3.78E+06 4.40E+08 2.65E+10 5.19E+10 1.86E-01 0.00E+00 0.00E+00 0.00E+00 1.19E+10
              0        0        1        0        0        0        0        0        1        1        1        0

           1.76E+11 2.98E+15 7.56E+10 4.90E+12 4.34E+12 1.39E+11 2.96E+15 3.56E+12 7.03E+10 0.00E+00 1.74E+11 1.36E+11
           1.75E+11 2.98E+15 6.49E+10 4.90E+12 4.34E+12 1.33E+11 2.96E+15 3.56E+12 6.40E+10 1.88E+11 4.92E+11 1.33E+11
           2.87E+00-7.12E+08-6.41E+01-4.86E+03-4.57E+03-5.09E-01 2.51E+04-1.54E+03-5.86E-01 1.46E-02-7.12E+08 6.54E-02
          -1.00E+09 3.41E+06 3.90E+13-1.95E+06-3.34E+08-6.36E+09-5.19E+10-1.65E+04-6.34E+09 1.88E+11 3.18E+11-3.09E+09
           3.32E+03 2.10E+09 3.90E+13 5.58E+04-3.03E+04-1.84E+02-2.08E+09-1.88E+04-5.27E+03-3.38E+04-3.87E+04-1.65E+03

     Z        CH3O2    N2O      NO       NO2      HNO2     HNO3     HO2NO2   NO3      N2O5     CL2O2    CH3CL    HOCL    
           8.90E+07 0.00E+00 2.53E+01 1.97E+02 1.03E+06 4.35E+09 1.21E+08 1.26E-01 4.42E+04 0.00E+00 0.00E+00 0.00E+00
           1.74E+08 0.00E+00 2.64E+07 7.14E+07 3.94E+05 1.56E+09 4.54E+06 1.09E+05 8.22E+02 1.71E-03 0.00E+00 2.92E+06
           2.63E+08 0.00E+00 2.64E+07 7.14E+07 1.42E+06 5.90E+09 1.26E+08 1.09E+05 4.50E+04 1.71E-03 0.00E+00 2.92E+06
              0        1        0        0        0        0        0        0        0        0        1        0

           2.90E+11 4.18E+06 3.01E+13 3.03E+13 7.44E+09 3.49E+10 1.10E+11 6.30E+10 1.59E+09 4.51E+06 0.00E+00 4.58E+09
           2.90E+11 9.80E+08 3.01E+13 3.03E+13 7.44E+09 3.34E+10 1.10E+11 6.30E+10 1.59E+09 4.51E+06 4.73E+08 4.58E+09
           2.46E+00-1.95E-05-5.68E+01-6.28E+01-4.85E-02-4.31E-04-1.27E-05-2.80E-03-7.64E-11-1.08E-09 4.38E-08-1.34E-02
          -1.74E+08 9.76E+08-2.64E+07-7.14E+07-3.94E+05-1.56E+09-4.54E+06-1.09E+05-8.18E+02-5.92E-04 4.73E+08-2.92E+06
          -3.03E+03-7.36E+02 2.62E+04 3.40E+03-2.32E+01-1.64E+04-1.73E+03 2.92E+03-5.64E+02-4.24E-01-8.09E+01-6.03E+02

     Z        CL       CLO      HCL      CLONO2   H2S      HS       SO       SO2      H2SO4    HSO      SO4AER  
           0.00E+00 0.00E+00 3.28E+08 0.00E+00 3.51E+02 7.73E+01 3.68E-07 4.63E+08 1.06E+08 2.85E+05 2.58E+09
           3.45E+02 2.04E+05 1.36E+08 6.33E+06 7.65E+05 9.10E+01 3.33E-04 6.21E+08 5.89E+07 6.83E+05 2.18E+07
           3.45E+02 2.04E+05 4.64E+08 6.33E+06 7.65E+05 1.68E+02 3.34E-04 1.08E+09 1.64E+08 9.68E+05 2.60E+09
              0        0        0        0        0        0        0        0        0        0        0

           1.36E+14 1.20E+12 1.60E+09 7.87E+09 3.51E+08 3.50E+08 3.49E+08 2.40E+11 2.09E+11 2.20E+08 2.60E+09
           1.36E+14 1.20E+12 1.47E+09 7.86E+09 3.50E+08 3.50E+08 3.49E+08 2.39E+11 2.71E+09 2.19E+08 2.58E+09
          -4.89E+01-3.42E+01-4.17E-02-4.41E-08-2.39E-15-5.18E-12-1.63E-04-2.43E-03 1.18E+09-4.08E-11-1.51E-02
          -2.43E+06-2.04E+05-1.36E+08-6.33E+06-7.65E+05-9.44E+01-1.13E+00-6.21E+08-5.89E+07-6.83E+05-5.29E+08
          -2.43E+06 5.17E+01 1.72E+00-2.21E+03 4.75E+00-3.38E+00-1.42E+00 5.73E+02 2.05E+11 4.39E+00-5.08E+08

 CONSERVATION OF SULFUR:
     SULLOS = 4.358E+09  SULPRO = 0.000E+00  SO4LOS = 2.765E+09

 INTEGRATED REACTION RATES

  2.640E+11 6.694E+08 4.494E+06 6.325E+10 4.761E+11 3.082E+12 9.148E+07 2.287E+07 1.029E+09 2.950E+12
  1.057E+11 7.950E+11 2.690E+12 2.788E+11 1.393E+11 5.199E+10 9.200E+08 2.965E+15 1.413E+12 1.109E+09
  6.352E+14 2.560E+14 1.964E+07 8.792E+12 1.068E+10 8.915E+14 2.040E+15 6.083E+10 1.359E+09 4.920E+11
  2.516E+05 9.802E+02 4.652E-01 0.000E+00 1.188E+01 1.999E+03 1.999E+03 7.008E+10 4.260E+10 2.186E+02
  8.591E+03 1.593E+05 4.689E+02 1.022E+11 5.922E+10 2.064E+05 4.329E+07 2.270E+08 8.581E+06 5.124E+09
  7.239E+03 2.259E+10 8.164E+08 7.436E+09 2.110E+10 1.647E+08 2.654E+13 1.854E+11 1.544E+09 1.544E+08
  8.835E-05 6.812E+03 4.269E+02 9.242E-06 2.914E-06 4.269E+02 1.882E+11 7.701E+03 1.314E+06 2.438E+06
  1.362E+11 4.734E+09 1.222E+11 1.760E+11 9.992E+02 6.687E+04 9.430E+07 6.896E+07 1.473E+08 1.760E+04
  2.053E+06 1.540E+07 2.853E+13 7.786E+09 7.270E+11 7.438E+09 3.559E+12 3.437E+10 2.910E+08 7.922E+09
  1.102E+11 9.151E+09 2.840E+05 9.465E+10 6.286E+09 1.017E+11 2.174E+10 3.848E+10 4.973E+05 6.596E+08
  7.250E+03 3.271E+10 1.065E+08 4.715E+08 1.195E+12 5.370E+07 1.221E+09 1.588E+06 1.732E+08 2.960E+06
  1.499E+08 3.177E+07 1.599E+07 2.694E+06 4.440E+07 7.279E+03 1.353E+14 8.053E+02 4.202E+01 4.891E+11
  6.884E+11 7.869E+09 4.580E+09 5.422E+09 1.132E+09 6.151E+07 1.135E+08 1.356E+06 8.137E+06 3.386E+08
  5.115E+02 1.609E+06 1.789E+04 5.154E+06 4.505E+09 2.687E+06 4.890E+07 7.394E+09 3.549E+13 2.331E+08
  4.513E+06 1.819E+06 2.694E+06 9.976E+13 5.084E+05 1.602E+06 4.504E+06 2.451E+03 1.698E+03 7.746E+09
  2.768E+10 1.588E+09 1.389E+09 3.863E+07 1.604E+08 0.000E+00 8.086E+05 1.211E+03 3.491E+08 1.669E+04
  5.380E+01 4.368E+03 2.764E+09 5.751E+04 2.765E+09 2.764E+09 5.487E-02 1.648E-06 7.389E-03 3.499E+08
  2.639E+00 1.776E+03 1.078E+02 1.294E+08 4.976E+05 1.076E-01 2.160E-05 1.443E-04 2.548E-12 3.465E+05
  8.638E-03 3.465E+05 9.707E-04 9.707E-04 2.142E+05 2.343E+11 1.444E+09 2.346E+03 0.000E+00 2.130E+10
  2.130E+11 3.343E+06 4.903E+07 4.472E+05 9.623E+00 2.273E+10 1.783E+07 1.197E+00 5.148E+04 2.774E+05
  0.000E+00 2.170E+08 2.860E+06 1.485E+01 6.916E-07 1.067E-05 2.547E-06 0.000E+00 1.529E-07 1.923E-03
  3.576E+01 2.184E+08 8.403E+00 7.469E-01 7.546E+01 5.197E+05 1.084E-08 4.183E+06 5.269E-18 1.314E-22

 ATMOSPHERIC PARAMETERS AND PH EQ SPECIES

     Z        SO4AER   CH21     CH23     O1D      CH3      H3CO     HCO      N        NOCL     CLONO    CLO2     CL2     
  5.00E+04 0.00E+00 0.00E+00 0.00E+00 9.46E-03 6.05E-02 3.59E+01 5.81E-03 0.00E+00 9.20E+01 9.90E+02 4.36E+00 3.07E+00
  4.50E+05 0.00E+00 0.00E+00 0.00E+00 2.63E-02 4.58E-02 4.68E+01 6.08E-03 2.19-134 2.52E+02 2.14E+03 1.51E+01 8.63E+00
  8.50E+05 0.00E+00 0.00E+00 0.00E+00 4.22E-02 8.33E-03 1.61E+01 1.10E-03 1.53E-73 3.38E+02 1.41E+03 3.78E+01 1.25E+00
  1.25E+06 0.00E+00 0.00E+00 0.00E+00 5.65E-02 2.08E-03 5.32E+00 2.12E-04 2.40E-39 3.47E+02 7.46E+02 5.12E+01 7.24E-02
  1.65E+06 0.00E+00 0.00E+00 0.00E+00 1.11E-01 2.51E-03 5.29E+00 1.92E-04 1.65E-20 2.30E+02 4.80E+02 4.44E+01 8.28E-02
  2.05E+06 0.00E+00 0.00E+00 0.00E+00 9.73E-01 5.67E-03 7.34E+00 3.09E-04 1.74E-10 2.01E+02 1.89E+03 3.33E+01 1.61E+00
  2.45E+06 0.00E+00 0.00E+00 0.00E+00 4.70E+00 2.19E-02 1.42E+01 8.35E-04 5.82E-05 2.20E+02 4.43E+03 1.85E+01 1.34E+01
  2.85E+06 0.00E+00 0.00E+00 0.00E+00 1.47E+01 7.77E-02 2.57E+01 2.13E-03 1.10E-01 3.70E+02 7.29E+03 1.55E+01 6.43E+01
  3.25E+06 0.00E+00 2.53-243 3.17-243 3.74E+01 2.29E-01 3.93E+01 4.36E-03 9.35E+00 6.51E+02 8.80E+03 1.76E+01 2.72E+02
  3.65E+06 0.00E+00 4.05-141 5.07-141 7.87E+01 5.51E-01 4.62E+01 6.55E-03 9.68E+01 7.05E+02 5.48E+03 1.65E+01 6.18E+02
  4.05E+06 0.00E+00 9.18E-84 1.15E-83 1.54E+02 1.17E+00 4.61E+01 8.20E-03 2.82E+02 4.97E+02 1.64E+03 1.26E+01 6.62E+02
  4.45E+06 0.00E+00 5.02E-51 6.29E-51 2.40E+02 1.91E+00 3.72E+01 7.84E-03 4.03E+02 2.78E+02 2.76E+02 9.82E+00 4.28E+02
  4.85E+06 0.00E+00 8.59E-32 1.08E-31 2.59E+02 2.15E+00 2.45E+01 5.43E-03 4.91E+02 1.03E+02 3.07E+01 6.94E+00 1.41E+02
  5.25E+06 0.00E+00 3.89E-20 4.88E-20 2.22E+02 2.06E+00 1.58E+01 3.38E-03 6.86E+02 2.78E+01 2.81E+00 4.26E+00 2.83E+01
  5.65E+06 0.00E+00 5.71E-13 7.16E-13 1.60E+02 1.90E+00 1.08E+01 2.08E-03 1.20E+03 6.46E+00 2.56E-01 2.48E+00 4.90E+00
  6.05E+06 0.00E+00 1.43E-08 1.79E-08 9.53E+01 1.98E+00 8.11E+00 1.44E-03 2.21E+03 1.37E+00 3.03E-02 1.25E+00 8.67E-01

     Z        S        SO21     SO23     HSO3     SO3      S2       O2       CO2      N2      
  5.00E+04 8.53E-15 2.14E-04 1.54E-03 5.42E-04 6.95E-01 0.00E+00 5.08E+18 8.59E+15 1.91E+19
  4.50E+05 1.57E-14 1.00E-03 7.17E-03 2.75E-03 1.75E+01 0.00E+00 3.35E+18 5.66E+15 1.26E+19
  8.50E+05 3.55E-12 2.09E-03 1.48E-02 2.99E-03 3.78E+02 0.00E+00 2.20E+18 3.71E+15 8.25E+18
  1.25E+06 5.01E-09 1.41E-03 9.95E-03 9.55E-04 1.23E+03 0.00E+00 1.29E+18 2.18E+15 4.86E+18
  1.65E+06 2.17E-07 8.01E-04 5.65E-03 4.48E-04 7.11E+02 0.00E+00 6.89E+17 1.17E+15 2.59E+18
  2.05E+06 3.04E-07 8.90E-05 6.25E-04 3.48E-05 5.51E+01 0.00E+00 3.54E+17 5.99E+14 1.33E+18
  2.45E+06 9.08E-08 3.62E-06 2.52E-05 1.24E-06 1.91E+00 0.00E+00 1.82E+17 3.08E+14 6.85E+17
  2.85E+06 2.32E-08 2.07E-07 1.42E-06 7.15E-08 1.05E-01 0.00E+00 9.74E+16 1.65E+14 3.66E+17
  3.25E+06 5.61E-08 2.02E-07 1.35E-06 6.08E-08 8.59E-02 0.00E+00 5.35E+16 9.04E+13 2.01E+17
  3.65E+06 2.69E-07 6.41E-07 4.19E-06 1.26E-07 1.77E-01 0.00E+00 2.98E+16 5.04E+13 1.12E+17
  4.05E+06 7.88E-07 1.64E-06 1.04E-05 1.96E-07 2.82E-01 0.00E+00 1.69E+16 2.85E+13 6.34E+16
  4.45E+06 1.70E-06 3.41E-06 2.04E-05 2.16E-07 3.32E-01 0.00E+00 9.80E+15 1.66E+13 3.68E+16
  4.85E+06 2.91E-06 5.64E-06 3.16E-05 1.73E-07 2.89E-01 0.00E+00 5.89E+15 9.95E+12 2.21E+16
  5.25E+06 4.11E-06 7.48E-06 3.81E-05 1.21E-07 2.13E-01 0.00E+00 3.61E+15 6.10E+12 1.36E+16
  5.65E+06 5.09E-06 8.44E-06 3.79E-05 8.67E-08 1.50E-01 0.00E+00 2.22E+15 3.75E+12 8.35E+15
  6.05E+06 5.75E-06 8.36E-06 3.20E-05 6.97E-08 1.11E-01 0.00E+00 1.35E+15 2.28E+12 5.07E+15

 ATMOSPHERIC PARAMETERS

    Z         T         EDD       DEN
  5.000E+04 2.859E+02 1.000E+05 2.419E+19
  4.500E+05 2.638E+02 1.000E+05 1.595E+19
  8.500E+05 2.328E+02 1.000E+05 1.045E+19
  1.250E+06 2.134E+02 1.000E+05 6.150E+18
  1.650E+06 2.099E+02 2.258E+04 3.282E+18
  2.050E+06 2.148E+02 4.290E+03 1.688E+18
  2.450E+06 2.254E+02 4.343E+03 8.681E+17
  2.850E+06 2.341E+02 7.036E+03 4.636E+17
  3.250E+06 2.412E+02 1.128E+04 2.546E+17
  3.650E+06 2.494E+02 1.669E+04 1.419E+17
  4.050E+06 2.588E+02 2.445E+04 8.035E+16
  4.450E+06 2.672E+02 3.795E+04 4.664E+16
  4.850E+06 2.693E+02 5.840E+04 2.803E+16
  5.250E+06 2.660E+02 8.791E+04 1.718E+16
  5.650E+06 2.591E+02 1.318E+05 1.058E+16
  6.050E+06 2.527E+02 2.018E+05 6.415E+15

 SULFATE AEROSOL PARAMETERS

    Z        AERSOL     RPAR      WFALL     FSULF    TAUSED    TAUEDD    TAUC      H2SO4S    H2SO4     CONSO4    CONVER
  5.000E+04 1.851E+02 1.000E-05 2.791E-04 2.489E-01 0.000E+00 0.000E+00 1.047E+07 6.823E-19 2.436E-12 3.898E-17 1.145E+07
  4.500E+05 1.913E+02 1.000E-05 4.298E-04 4.507E-01 0.000E+00 0.000E+00 8.284E+06 4.475E-18 1.250E-11 2.001E-16 2.073E+07
  8.500E+05 1.726E+02 1.000E-05 6.843E-04 5.534E-01 0.000E+00 0.000E+00 7.228E+06 2.516E-19 1.196E-11 1.914E-16 2.545E+07
  1.250E+06 1.095E+02 1.000E-05 1.179E-03 6.085E-01 0.000E+00 0.000E+00 8.070E+06 2.399E-20 3.840E-12 6.144E-17 2.799E+07
  1.650E+06 6.076E+01 1.000E-05 2.133E-03 6.353E-01 0.000E+00 0.000E+00 9.655E+06 5.888E-20 1.653E-12 2.644E-17 2.922E+07
  2.050E+06 2.595E+01 1.000E-05 4.059E-03 7.043E-01 0.000E+00 0.000E+00 1.561E+07 1.456E-17 1.312E-13 2.099E-18 3.240E+07
  2.450E+06 6.970E+00 1.000E-05 7.684E-03 7.775E-01 0.000E+00 0.000E+00 4.476E+07 1.865E-14 2.470E-14 9.676E-20 3.576E+07
  2.850E+06 1.648E+00 1.000E-05 1.405E-02 8.186E-01 0.000E+00 0.000E+00 1.653E+08 2.215E-12 1.584E-13 0.000E+00 3.765E+07
  3.250E+06 3.741E-01 1.000E-05 2.519E-02 8.502E-01 0.000E+00 0.000E+00 6.854E+08 7.792E-11 1.611E-13 0.000E+00 3.911E+07
  3.650E+06 7.464E-02 1.000E-05 4.457E-02 8.864E-01 0.000E+00 0.000E+00 3.323E+09 2.126E-09 1.528E-13 0.000E+00 4.078E+07
  4.050E+06 1.252E-02 1.000E-05 7.721E-02 9.152E-01 0.000E+00 0.000E+00 1.935E+10 3.151E-08 1.389E-13 0.000E+00 4.210E+07
  4.450E+06 1.928E-03 1.000E-05 1.295E-01 9.152E-01 0.000E+00 0.000E+00 1.234E+11 1.724E-07 1.180E-13 0.000E+00 4.210E+07
  4.850E+06 2.735E-04 1.000E-05 2.141E-01 9.152E-01 0.000E+00 0.000E+00 8.658E+11 3.841E-07 9.197E-14 0.000E+00 4.210E+07
  5.250E+06 3.553E-05 1.000E-05 3.527E-01 9.152E-01 0.000E+00 0.000E+00 6.706E+12 4.020E-07 6.832E-14 0.000E+00 4.210E+07
  5.650E+06 3.923E-06 1.000E-05 5.852E-01 9.152E-01 0.000E+00 0.000E+00 6.153E+13 2.479E-07 5.074E-14 0.000E+00 4.210E+07
  6.050E+06 3.685E-07 1.000E-05 9.850E-01 9.152E-01 0.000E+00 0.000E+00 6.632E+14 1.603E-07 4.045E-14 0.000E+00 4.210E+07
