
Molecule O2      

O2      _MR    0.21E+00    0.21E+00    0.21E+00    0.21E+00    0.21E+00  ^
    0.21E+00    0.21E+00    0.21E+00    0.21E+00    0.21E+00  ^
    0.21E+00    0.21E+00    0.21E+00    0.21E+00    0.21E+00  ^
    0.21E+00    0.21E+00    0.21E+00    0.21E+00    0.21E+00  ^
    0.21E+00    0.21E+00    0.21E+00    0.21E+00    0.21E+00  ^
    0.21E+00    0.21E+00    0.21E+00    0.21E+00    0.21E+00  ^
    0.21E+00    0.21E+00    0.21E+00    0.21E+00    0.21E+00  ^
    0.21E+00    0.21E+00    0.21E+00    0.21E+00    0.21E+00  ^
    0.21E+00    0.21E+00    0.21E+00    0.21E+00    0.21E+00  ^
    0.21E+00    0.21E+00    0.21E+00    0.21E+00    0.21E+00  ^
    0.21E+00    0.21E+00    0.21E+00    0.21E+00    0.21E+00  ^
    0.21E+00    0.21E+00    0.21E+00    0.21E+00    0.21E+00  ^
    0.21E+00    0.21E+00    0.21E+00    0.21E+00    0.21E+00  ^
    0.21E+00    0.21E+00    0.21E+00    0.21E+00    0.21E+00  ^
    0.21E+00    0.21E+00    0.21E+00    0.21E+00    0.21E+00  ^
    0.21E+00    0.21E+00    0.21E+00    0.21E+00    0.21E+00  ^
    0.21E+00    0.21E+00    0.21E+00    0.21E+00    0.21E+00  ^
    0.21E+00    0.21E+00    0.21E+00    0.21E+00    0.21E+00  ^
    0.21E+00    0.21E+00    0.21E+00    0.21E+00    0.21E+00  ^
    0.21E+00    0.21E+00    0.21E+00    0.21E+00    0.21E+00  ^

O2      _ALT     0.34     1.02     1.70     2.38     3.06  ^
     3.74     4.42     5.10     5.78     6.46  ^
     7.14     7.82     8.50     9.18     9.86  ^
    10.54    11.22    11.90    12.58    13.26  ^
    13.94    14.62    15.30    15.98    16.66  ^
    17.34    18.02    18.70    19.38    20.06  ^
    20.74    21.42    22.10    22.78    23.46  ^
    24.14    24.82    25.50    26.18    26.86  ^
    27.54    28.22    28.90    29.58    30.26  ^
    30.94    31.62    32.30    32.98    33.66  ^
    34.34    35.02    35.70    36.38    37.06  ^
    37.74    38.42    39.10    39.78    40.46  ^
    41.14    41.82    42.50    43.18    43.86  ^
    44.54    45.22    45.90    46.58    47.26  ^
    47.94    48.62    49.30    49.98    50.66  ^
    51.34    52.02    52.70    53.38    54.06  ^
    54.74    55.42    56.10    56.78    57.46  ^
    58.14    58.82    59.50    60.18    60.86  ^
    61.54    62.22    62.90    63.58    64.26  ^
    64.94    65.62    66.30    66.98    67.66  ^

Molecule CO2     

CO2     _MR    0.36E-03    0.36E-03    0.36E-03    0.36E-03    0.36E-03  ^
    0.36E-03    0.36E-03    0.36E-03    0.36E-03    0.36E-03  ^
    0.36E-03    0.36E-03    0.36E-03    0.36E-03    0.36E-03  ^
    0.36E-03    0.36E-03    0.36E-03    0.36E-03    0.36E-03  ^
    0.36E-03    0.36E-03    0.36E-03    0.36E-03    0.36E-03  ^
    0.36E-03    0.36E-03    0.36E-03    0.36E-03    0.36E-03  ^
    0.36E-03    0.36E-03    0.36E-03    0.36E-03    0.36E-03  ^
    0.36E-03    0.36E-03    0.36E-03    0.36E-03    0.36E-03  ^
    0.36E-03    0.36E-03    0.36E-03    0.36E-03    0.36E-03  ^
    0.36E-03    0.36E-03    0.36E-03    0.36E-03    0.36E-03  ^
    0.36E-03    0.36E-03    0.36E-03    0.36E-03    0.36E-03  ^
    0.36E-03    0.36E-03    0.36E-03    0.36E-03    0.36E-03  ^
    0.36E-03    0.36E-03    0.36E-03    0.36E-03    0.36E-03  ^
    0.36E-03    0.36E-03    0.36E-03    0.36E-03    0.36E-03  ^
    0.36E-03    0.36E-03    0.36E-03    0.36E-03    0.36E-03  ^
    0.36E-03    0.36E-03    0.36E-03    0.36E-03    0.36E-03  ^
    0.36E-03    0.36E-03    0.36E-03    0.36E-03    0.36E-03  ^
    0.36E-03    0.36E-03    0.36E-03    0.36E-03    0.36E-03  ^
    0.36E-03    0.36E-03    0.36E-03    0.36E-03    0.36E-03  ^
    0.36E-03    0.36E-03    0.36E-03    0.36E-03    0.36E-03  ^

CO2     _ALT     0.34     1.02     1.70     2.38     3.06  ^
     3.74     4.42     5.10     5.78     6.46  ^
     7.14     7.82     8.50     9.18     9.86  ^
    10.54    11.22    11.90    12.58    13.26  ^
    13.94    14.62    15.30    15.98    16.66  ^
    17.34    18.02    18.70    19.38    20.06  ^
    20.74    21.42    22.10    22.78    23.46  ^
    24.14    24.82    25.50    26.18    26.86  ^
    27.54    28.22    28.90    29.58    30.26  ^
    30.94    31.62    32.30    32.98    33.66  ^
    34.34    35.02    35.70    36.38    37.06  ^
    37.74    38.42    39.10    39.78    40.46  ^
    41.14    41.82    42.50    43.18    43.86  ^
    44.54    45.22    45.90    46.58    47.26  ^
    47.94    48.62    49.30    49.98    50.66  ^
    51.34    52.02    52.70    53.38    54.06  ^
    54.74    55.42    56.10    56.78    57.46  ^
    58.14    58.82    59.50    60.18    60.86  ^
    61.54    62.22    62.90    63.58    64.26  ^
    64.94    65.62    66.30    66.98    67.66  ^

Molecule H2CO    

H2CO    _MR    0.61E-09    0.69E-09    0.77E-09    0.86E-09    0.95E-09  ^
    0.10E-08    0.11E-08    0.11E-08    0.11E-08    0.11E-08  ^
    0.11E-08    0.10E-08    0.89E-09    0.76E-09    0.63E-09  ^
    0.49E-09    0.38E-09    0.30E-09    0.24E-09    0.20E-09  ^
    0.18E-09    0.16E-09    0.15E-09    0.14E-09    0.14E-09  ^
    0.14E-09    0.13E-09    0.14E-09    0.14E-09    0.14E-09  ^
    0.14E-09    0.15E-09    0.16E-09    0.17E-09    0.19E-09  ^
    0.21E-09    0.24E-09    0.29E-09    0.34E-09    0.41E-09  ^
    0.49E-09    0.57E-09    0.65E-09    0.72E-09    0.79E-09  ^
    0.86E-09    0.91E-09    0.96E-09    0.99E-09    0.10E-08  ^
    0.10E-08    0.10E-08    0.11E-08    0.11E-08    0.11E-08  ^
    0.11E-08    0.11E-08    0.11E-08    0.11E-08    0.11E-08  ^
    0.12E-08    0.12E-08    0.12E-08    0.12E-08    0.12E-08  ^
    0.11E-08    0.11E-08    0.11E-08    0.11E-08    0.11E-08  ^
    0.10E-08    0.10E-08    0.96E-09    0.92E-09    0.88E-09  ^
    0.83E-09    0.78E-09    0.72E-09    0.66E-09    0.60E-09  ^
    0.54E-09    0.49E-09    0.46E-09    0.52E-09    0.85E-09  ^
    0.18E-08    0.39E-08    0.74E-08    0.12E-07    0.19E-07  ^
    0.28E-07    0.35E-07    0.38E-07    0.35E-07    0.29E-07  ^
    0.21E-07    0.14E-07    0.82E-08    0.46E-08    0.29E-08  ^

H2CO    _ALT     0.34     1.02     1.70     2.38     3.06  ^
     3.74     4.42     5.10     5.78     6.46  ^
     7.14     7.82     8.50     9.18     9.86  ^
    10.54    11.22    11.90    12.58    13.26  ^
    13.94    14.62    15.30    15.98    16.66  ^
    17.34    18.02    18.70    19.38    20.06  ^
    20.74    21.42    22.10    22.78    23.46  ^
    24.14    24.82    25.50    26.18    26.86  ^
    27.54    28.22    28.90    29.58    30.26  ^
    30.94    31.62    32.30    32.98    33.66  ^
    34.34    35.02    35.70    36.38    37.06  ^
    37.74    38.42    39.10    39.78    40.46  ^
    41.14    41.82    42.50    43.18    43.86  ^
    44.54    45.22    45.90    46.58    47.26  ^
    47.94    48.62    49.30    49.98    50.66  ^
    51.34    52.02    52.70    53.38    54.06  ^
    54.74    55.42    56.10    56.78    57.46  ^
    58.14    58.82    59.50    60.18    60.86  ^
    61.54    62.22    62.90    63.58    64.26  ^
    64.94    65.62    66.30    66.98    67.66  ^

Molecule O       

O       _MR    0.58E-16    0.71E-16    0.87E-16    0.11E-15    0.13E-15  ^
    0.16E-15    0.20E-15    0.25E-15    0.30E-15    0.36E-15  ^
    0.43E-15    0.51E-15    0.60E-15    0.69E-15    0.79E-15  ^
    0.89E-15    0.10E-14    0.11E-14    0.13E-14    0.16E-14  ^
    0.19E-14    0.24E-14    0.31E-14    0.39E-14    0.50E-14  ^
    0.64E-14    0.83E-14    0.11E-13    0.14E-13    0.20E-13  ^
    0.28E-13    0.40E-13    0.60E-13    0.95E-13    0.15E-12  ^
    0.24E-12    0.40E-12    0.65E-12    0.10E-11    0.16E-11  ^
    0.24E-11    0.36E-11    0.52E-11    0.73E-11    0.10E-10  ^
    0.14E-10    0.18E-10    0.24E-10    0.31E-10    0.39E-10  ^
    0.49E-10    0.62E-10    0.77E-10    0.97E-10    0.12E-09  ^
    0.16E-09    0.20E-09    0.25E-09    0.33E-09    0.42E-09  ^
    0.53E-09    0.68E-09    0.85E-09    0.11E-08    0.13E-08  ^
    0.16E-08    0.20E-08    0.25E-08    0.30E-08    0.37E-08  ^
    0.45E-08    0.55E-08    0.67E-08    0.81E-08    0.97E-08  ^
    0.12E-07    0.14E-07    0.16E-07    0.19E-07    0.22E-07  ^
    0.25E-07    0.30E-07    0.34E-07    0.40E-07    0.47E-07  ^
    0.55E-07    0.64E-07    0.79E-07    0.11E-06    0.18E-06  ^
    0.32E-06    0.57E-06    0.93E-06    0.14E-05    0.22E-05  ^
    0.33E-05    0.49E-05    0.71E-05    0.10E-04    0.16E-04  ^

O       _ALT     0.34     1.02     1.70     2.38     3.06  ^
     3.74     4.42     5.10     5.78     6.46  ^
     7.14     7.82     8.50     9.18     9.86  ^
    10.54    11.22    11.90    12.58    13.26  ^
    13.94    14.62    15.30    15.98    16.66  ^
    17.34    18.02    18.70    19.38    20.06  ^
    20.74    21.42    22.10    22.78    23.46  ^
    24.14    24.82    25.50    26.18    26.86  ^
    27.54    28.22    28.90    29.58    30.26  ^
    30.94    31.62    32.30    32.98    33.66  ^
    34.34    35.02    35.70    36.38    37.06  ^
    37.74    38.42    39.10    39.78    40.46  ^
    41.14    41.82    42.50    43.18    43.86  ^
    44.54    45.22    45.90    46.58    47.26  ^
    47.94    48.62    49.30    49.98    50.66  ^
    51.34    52.02    52.70    53.38    54.06  ^
    54.74    55.42    56.10    56.78    57.46  ^
    58.14    58.82    59.50    60.18    60.86  ^
    61.54    62.22    62.90    63.58    64.26  ^
    64.94    65.62    66.30    66.98    67.66  ^

Molecule H2O     

H2O     _MR    0.21E-01    0.18E-01    0.15E-01    0.12E-01    0.10E-01  ^
    0.81E-02    0.65E-02    0.50E-02    0.38E-02    0.29E-02  ^
    0.21E-02    0.15E-02    0.97E-03    0.62E-03    0.37E-03  ^
    0.21E-03    0.11E-03    0.54E-04    0.26E-04    0.16E-04  ^
    0.12E-04    0.95E-05    0.75E-05    0.63E-05    0.56E-05  ^
    0.50E-05    0.45E-05    0.42E-05    0.39E-05    0.39E-05  ^
    0.39E-05    0.40E-05    0.40E-05    0.40E-05    0.41E-05  ^
    0.41E-05    0.43E-05    0.44E-05    0.46E-05    0.48E-05  ^
    0.50E-05    0.54E-05    0.57E-05    0.61E-05    0.66E-05  ^
    0.72E-05    0.78E-05    0.84E-05    0.91E-05    0.98E-05  ^
    0.11E-04    0.11E-04    0.12E-04    0.13E-04    0.14E-04  ^
    0.14E-04    0.15E-04    0.16E-04    0.17E-04    0.17E-04  ^
    0.18E-04    0.18E-04    0.19E-04    0.19E-04    0.19E-04  ^
    0.20E-04    0.20E-04    0.20E-04    0.20E-04    0.20E-04  ^
    0.20E-04    0.20E-04    0.20E-04    0.19E-04    0.19E-04  ^
    0.19E-04    0.18E-04    0.17E-04    0.17E-04    0.16E-04  ^
    0.15E-04    0.14E-04    0.13E-04    0.12E-04    0.11E-04  ^
    0.97E-05    0.82E-05    0.66E-05    0.47E-05    0.25E-05  ^
    0.91E-06    0.32E-06    0.13E-06    0.77E-07    0.51E-07  ^
    0.35E-07    0.22E-07    0.14E-07    0.94E-08    0.66E-08  ^

H2O     _ALT     0.34     1.02     1.70     2.38     3.06  ^
     3.74     4.42     5.10     5.78     6.46  ^
     7.14     7.82     8.50     9.18     9.86  ^
    10.54    11.22    11.90    12.58    13.26  ^
    13.94    14.62    15.30    15.98    16.66  ^
    17.34    18.02    18.70    19.38    20.06  ^
    20.74    21.42    22.10    22.78    23.46  ^
    24.14    24.82    25.50    26.18    26.86  ^
    27.54    28.22    28.90    29.58    30.26  ^
    30.94    31.62    32.30    32.98    33.66  ^
    34.34    35.02    35.70    36.38    37.06  ^
    37.74    38.42    39.10    39.78    40.46  ^
    41.14    41.82    42.50    43.18    43.86  ^
    44.54    45.22    45.90    46.58    47.26  ^
    47.94    48.62    49.30    49.98    50.66  ^
    51.34    52.02    52.70    53.38    54.06  ^
    54.74    55.42    56.10    56.78    57.46  ^
    58.14    58.82    59.50    60.18    60.86  ^
    61.54    62.22    62.90    63.58    64.26  ^
    64.94    65.62    66.30    66.98    67.66  ^

Molecule OH      

OH      _MR    0.11E-14    0.13E-14    0.16E-14    0.20E-14    0.24E-14  ^
    0.29E-14    0.35E-14    0.41E-14    0.48E-14    0.55E-14  ^
    0.62E-14    0.68E-14    0.72E-14    0.71E-14    0.65E-14  ^
    0.56E-14    0.50E-14    0.47E-14    0.49E-14    0.53E-14  ^
    0.59E-14    0.67E-14    0.76E-14    0.88E-14    0.10E-13  ^
    0.12E-13    0.14E-13    0.17E-13    0.21E-13    0.26E-13  ^
    0.32E-13    0.40E-13    0.49E-13    0.62E-13    0.79E-13  ^
    0.10E-12    0.13E-12    0.18E-12    0.24E-12    0.32E-12  ^
    0.45E-12    0.62E-12    0.84E-12    0.11E-11    0.15E-11  ^
    0.21E-11    0.27E-11    0.36E-11    0.46E-11    0.59E-11  ^
    0.75E-11    0.95E-11    0.12E-10    0.15E-10    0.18E-10  ^
    0.22E-10    0.27E-10    0.32E-10    0.38E-10    0.44E-10  ^
    0.51E-10    0.59E-10    0.68E-10    0.77E-10    0.87E-10  ^
    0.97E-10    0.11E-09    0.12E-09    0.13E-09    0.15E-09  ^
    0.16E-09    0.18E-09    0.19E-09    0.21E-09    0.22E-09  ^
    0.24E-09    0.26E-09    0.29E-09    0.31E-09    0.34E-09  ^
    0.37E-09    0.40E-09    0.43E-09    0.48E-09    0.54E-09  ^
    0.66E-09    0.85E-09    0.11E-08    0.14E-08    0.16E-08  ^
    0.15E-08    0.15E-08    0.15E-08    0.16E-08    0.17E-08  ^
    0.17E-08    0.17E-08    0.16E-08    0.16E-08    0.15E-08  ^

OH      _ALT     0.34     1.02     1.70     2.38     3.06  ^
     3.74     4.42     5.10     5.78     6.46  ^
     7.14     7.82     8.50     9.18     9.86  ^
    10.54    11.22    11.90    12.58    13.26  ^
    13.94    14.62    15.30    15.98    16.66  ^
    17.34    18.02    18.70    19.38    20.06  ^
    20.74    21.42    22.10    22.78    23.46  ^
    24.14    24.82    25.50    26.18    26.86  ^
    27.54    28.22    28.90    29.58    30.26  ^
    30.94    31.62    32.30    32.98    33.66  ^
    34.34    35.02    35.70    36.38    37.06  ^
    37.74    38.42    39.10    39.78    40.46  ^
    41.14    41.82    42.50    43.18    43.86  ^
    44.54    45.22    45.90    46.58    47.26  ^
    47.94    48.62    49.30    49.98    50.66  ^
    51.34    52.02    52.70    53.38    54.06  ^
    54.74    55.42    56.10    56.78    57.46  ^
    58.14    58.82    59.50    60.18    60.86  ^
    61.54    62.22    62.90    63.58    64.26  ^
    64.94    65.62    66.30    66.98    67.66  ^

Molecule HO2     

HO2     _MR    0.51E-11    0.56E-11    0.61E-11    0.66E-11    0.71E-11  ^
    0.75E-11    0.79E-11    0.82E-11    0.85E-11    0.87E-11  ^
    0.88E-11    0.88E-11    0.87E-11    0.84E-11    0.80E-11  ^
    0.77E-11    0.74E-11    0.74E-11    0.75E-11    0.77E-11  ^
    0.80E-11    0.84E-11    0.87E-11    0.91E-11    0.95E-11  ^
    0.99E-11    0.10E-10    0.11E-10    0.11E-10    0.11E-10  ^
    0.12E-10    0.12E-10    0.12E-10    0.12E-10    0.12E-10  ^
    0.13E-10    0.13E-10    0.14E-10    0.15E-10    0.16E-10  ^
    0.17E-10    0.18E-10    0.19E-10    0.20E-10    0.21E-10  ^
    0.22E-10    0.22E-10    0.23E-10    0.23E-10    0.24E-10  ^
    0.24E-10    0.25E-10    0.26E-10    0.27E-10    0.29E-10  ^
    0.32E-10    0.36E-10    0.41E-10    0.46E-10    0.51E-10  ^
    0.57E-10    0.62E-10    0.68E-10    0.72E-10    0.76E-10  ^
    0.80E-10    0.84E-10    0.87E-10    0.90E-10    0.93E-10  ^
    0.97E-10    0.10E-09    0.10E-09    0.11E-09    0.11E-09  ^
    0.12E-09    0.13E-09    0.14E-09    0.14E-09    0.16E-09  ^
    0.17E-09    0.18E-09    0.19E-09    0.21E-09    0.24E-09  ^
    0.29E-09    0.39E-09    0.51E-09    0.63E-09    0.65E-09  ^
    0.57E-09    0.49E-09    0.45E-09    0.42E-09    0.39E-09  ^
    0.36E-09    0.33E-09    0.30E-09    0.27E-09    0.24E-09  ^

HO2     _ALT     0.34     1.02     1.70     2.38     3.06  ^
     3.74     4.42     5.10     5.78     6.46  ^
     7.14     7.82     8.50     9.18     9.86  ^
    10.54    11.22    11.90    12.58    13.26  ^
    13.94    14.62    15.30    15.98    16.66  ^
    17.34    18.02    18.70    19.38    20.06  ^
    20.74    21.42    22.10    22.78    23.46  ^
    24.14    24.82    25.50    26.18    26.86  ^
    27.54    28.22    28.90    29.58    30.26  ^
    30.94    31.62    32.30    32.98    33.66  ^
    34.34    35.02    35.70    36.38    37.06  ^
    37.74    38.42    39.10    39.78    40.46  ^
    41.14    41.82    42.50    43.18    43.86  ^
    44.54    45.22    45.90    46.58    47.26  ^
    47.94    48.62    49.30    49.98    50.66  ^
    51.34    52.02    52.70    53.38    54.06  ^
    54.74    55.42    56.10    56.78    57.46  ^
    58.14    58.82    59.50    60.18    60.86  ^
    61.54    62.22    62.90    63.58    64.26  ^
    64.94    65.62    66.30    66.98    67.66  ^

Molecule H2O2    

H2O2    _MR    0.81E-09    0.94E-09    0.11E-08    0.13E-08    0.15E-08  ^
    0.17E-08    0.19E-08    0.20E-08    0.22E-08    0.22E-08  ^
    0.23E-08    0.23E-08    0.24E-08    0.24E-08    0.23E-08  ^
    0.23E-08    0.23E-08    0.23E-08    0.23E-08    0.22E-08  ^
    0.22E-08    0.22E-08    0.22E-08    0.21E-08    0.21E-08  ^
    0.21E-08    0.20E-08    0.20E-08    0.19E-08    0.19E-08  ^
    0.18E-08    0.17E-08    0.16E-08    0.14E-08    0.13E-08  ^
    0.11E-08    0.99E-09    0.88E-09    0.81E-09    0.75E-09  ^
    0.70E-09    0.66E-09    0.61E-09    0.55E-09    0.49E-09  ^
    0.43E-09    0.37E-09    0.32E-09    0.27E-09    0.23E-09  ^
    0.19E-09    0.17E-09    0.15E-09    0.14E-09    0.14E-09  ^
    0.14E-09    0.14E-09    0.15E-09    0.16E-09    0.18E-09  ^
    0.19E-09    0.19E-09    0.20E-09    0.20E-09    0.20E-09  ^
    0.20E-09    0.19E-09    0.19E-09    0.18E-09    0.18E-09  ^
    0.17E-09    0.17E-09    0.17E-09    0.17E-09    0.17E-09  ^
    0.18E-09    0.18E-09    0.19E-09    0.21E-09    0.22E-09  ^
    0.24E-09    0.26E-09    0.29E-09    0.34E-09    0.41E-09  ^
    0.54E-09    0.76E-09    0.11E-08    0.13E-08    0.15E-08  ^
    0.14E-08    0.13E-08    0.12E-08    0.12E-08    0.11E-08  ^
    0.11E-08    0.10E-08    0.99E-09    0.95E-09    0.91E-09  ^

H2O2    _ALT     0.34     1.02     1.70     2.38     3.06  ^
     3.74     4.42     5.10     5.78     6.46  ^
     7.14     7.82     8.50     9.18     9.86  ^
    10.54    11.22    11.90    12.58    13.26  ^
    13.94    14.62    15.30    15.98    16.66  ^
    17.34    18.02    18.70    19.38    20.06  ^
    20.74    21.42    22.10    22.78    23.46  ^
    24.14    24.82    25.50    26.18    26.86  ^
    27.54    28.22    28.90    29.58    30.26  ^
    30.94    31.62    32.30    32.98    33.66  ^
    34.34    35.02    35.70    36.38    37.06  ^
    37.74    38.42    39.10    39.78    40.46  ^
    41.14    41.82    42.50    43.18    43.86  ^
    44.54    45.22    45.90    46.58    47.26  ^
    47.94    48.62    49.30    49.98    50.66  ^
    51.34    52.02    52.70    53.38    54.06  ^
    54.74    55.42    56.10    56.78    57.46  ^
    58.14    58.82    59.50    60.18    60.86  ^
    61.54    62.22    62.90    63.58    64.26  ^
    64.94    65.62    66.30    66.98    67.66  ^

Molecule O3      

O3      _MR    0.29E-07    0.31E-07    0.33E-07    0.36E-07    0.40E-07  ^
    0.43E-07    0.47E-07    0.51E-07    0.54E-07    0.58E-07  ^
    0.62E-07    0.65E-07    0.68E-07    0.71E-07    0.73E-07  ^
    0.75E-07    0.78E-07    0.81E-07    0.84E-07    0.87E-07  ^
    0.91E-07    0.95E-07    0.10E-06    0.11E-06    0.11E-06  ^
    0.12E-06    0.13E-06    0.14E-06    0.15E-06    0.17E-06  ^
    0.19E-06    0.22E-06    0.27E-06    0.33E-06    0.43E-06  ^
    0.53E-06    0.69E-06    0.89E-06    0.11E-05    0.14E-05  ^
    0.16E-05    0.19E-05    0.22E-05    0.25E-05    0.28E-05  ^
    0.30E-05    0.32E-05    0.34E-05    0.35E-05    0.35E-05  ^
    0.36E-05    0.36E-05    0.36E-05    0.36E-05    0.36E-05  ^
    0.36E-05    0.36E-05    0.36E-05    0.35E-05    0.35E-05  ^
    0.35E-05    0.34E-05    0.34E-05    0.33E-05    0.32E-05  ^
    0.31E-05    0.29E-05    0.28E-05    0.27E-05    0.26E-05  ^
    0.25E-05    0.24E-05    0.23E-05    0.22E-05    0.21E-05  ^
    0.20E-05    0.19E-05    0.18E-05    0.17E-05    0.16E-05  ^
    0.15E-05    0.14E-05    0.13E-05    0.12E-05    0.12E-05  ^
    0.11E-05    0.10E-05    0.10E-05    0.12E-05    0.17E-05  ^
    0.26E-05    0.40E-05    0.57E-05    0.76E-05    0.96E-05  ^
    0.12E-04    0.14E-04    0.17E-04    0.19E-04    0.23E-04  ^

O3      _ALT     0.34     1.02     1.70     2.38     3.06  ^
     3.74     4.42     5.10     5.78     6.46  ^
     7.14     7.82     8.50     9.18     9.86  ^
    10.54    11.22    11.90    12.58    13.26  ^
    13.94    14.62    15.30    15.98    16.66  ^
    17.34    18.02    18.70    19.38    20.06  ^
    20.74    21.42    22.10    22.78    23.46  ^
    24.14    24.82    25.50    26.18    26.86  ^
    27.54    28.22    28.90    29.58    30.26  ^
    30.94    31.62    32.30    32.98    33.66  ^
    34.34    35.02    35.70    36.38    37.06  ^
    37.74    38.42    39.10    39.78    40.46  ^
    41.14    41.82    42.50    43.18    43.86  ^
    44.54    45.22    45.90    46.58    47.26  ^
    47.94    48.62    49.30    49.98    50.66  ^
    51.34    52.02    52.70    53.38    54.06  ^
    54.74    55.42    56.10    56.78    57.46  ^
    58.14    58.82    59.50    60.18    60.86  ^
    61.54    62.22    62.90    63.58    64.26  ^
    64.94    65.62    66.30    66.98    67.66  ^

Molecule H       

H       _MR    0.22E-20    0.27E-20    0.34E-20    0.42E-20    0.52E-20  ^
    0.64E-20    0.77E-20    0.93E-20    0.11E-19    0.13E-19  ^
    0.15E-19    0.16E-19    0.18E-19    0.17E-19    0.16E-19  ^
    0.14E-19    0.13E-19    0.12E-19    0.12E-19    0.14E-19  ^
    0.16E-19    0.19E-19    0.24E-19    0.30E-19    0.37E-19  ^
    0.47E-19    0.61E-19    0.79E-19    0.10E-18    0.14E-18  ^
    0.19E-18    0.25E-18    0.34E-18    0.47E-18    0.64E-18  ^
    0.88E-18    0.12E-17    0.17E-17    0.24E-17    0.33E-17  ^
    0.45E-17    0.60E-17    0.78E-17    0.10E-16    0.12E-16  ^
    0.15E-16    0.19E-16    0.24E-16    0.29E-16    0.38E-16  ^
    0.49E-16    0.65E-16    0.87E-16    0.12E-15    0.17E-15  ^
    0.23E-15    0.33E-15    0.48E-15    0.70E-15    0.10E-14  ^
    0.15E-14    0.22E-14    0.32E-14    0.47E-14    0.69E-14  ^
    0.10E-13    0.15E-13    0.22E-13    0.32E-13    0.46E-13  ^
    0.67E-13    0.97E-13    0.14E-12    0.20E-12    0.29E-12  ^
    0.42E-12    0.59E-12    0.84E-12    0.12E-11    0.17E-11  ^
    0.23E-11    0.33E-11    0.46E-11    0.67E-11    0.10E-10  ^
    0.16E-10    0.27E-10    0.49E-10    0.92E-10    0.17E-09  ^
    0.29E-09    0.49E-09    0.83E-09    0.14E-08    0.22E-08  ^
    0.34E-08    0.53E-08    0.82E-08    0.13E-07    0.20E-07  ^

H       _ALT     0.34     1.02     1.70     2.38     3.06  ^
     3.74     4.42     5.10     5.78     6.46  ^
     7.14     7.82     8.50     9.18     9.86  ^
    10.54    11.22    11.90    12.58    13.26  ^
    13.94    14.62    15.30    15.98    16.66  ^
    17.34    18.02    18.70    19.38    20.06  ^
    20.74    21.42    22.10    22.78    23.46  ^
    24.14    24.82    25.50    26.18    26.86  ^
    27.54    28.22    28.90    29.58    30.26  ^
    30.94    31.62    32.30    32.98    33.66  ^
    34.34    35.02    35.70    36.38    37.06  ^
    37.74    38.42    39.10    39.78    40.46  ^
    41.14    41.82    42.50    43.18    43.86  ^
    44.54    45.22    45.90    46.58    47.26  ^
    47.94    48.62    49.30    49.98    50.66  ^
    51.34    52.02    52.70    53.38    54.06  ^
    54.74    55.42    56.10    56.78    57.46  ^
    58.14    58.82    59.50    60.18    60.86  ^
    61.54    62.22    62.90    63.58    64.26  ^
    64.94    65.62    66.30    66.98    67.66  ^

Molecule H2      

H2      _MR    0.15E-04    0.15E-04    0.15E-04    0.15E-04    0.15E-04  ^
    0.15E-04    0.15E-04    0.15E-04    0.15E-04    0.15E-04  ^
    0.15E-04    0.15E-04    0.15E-04    0.15E-04    0.15E-04  ^
    0.15E-04    0.15E-04    0.15E-04    0.15E-04    0.15E-04  ^
    0.15E-04    0.15E-04    0.15E-04    0.15E-04    0.15E-04  ^
    0.15E-04    0.15E-04    0.15E-04    0.15E-04    0.15E-04  ^
    0.15E-04    0.15E-04    0.15E-04    0.15E-04    0.15E-04  ^
    0.15E-04    0.15E-04    0.15E-04    0.15E-04    0.15E-04  ^
    0.15E-04    0.15E-04    0.15E-04    0.15E-04    0.15E-04  ^
    0.15E-04    0.15E-04    0.15E-04    0.15E-04    0.15E-04  ^
    0.15E-04    0.15E-04    0.15E-04    0.15E-04    0.15E-04  ^
    0.15E-04    0.15E-04    0.15E-04    0.15E-04    0.16E-04  ^
    0.16E-04    0.16E-04    0.16E-04    0.16E-04    0.16E-04  ^
    0.17E-04    0.17E-04    0.17E-04    0.18E-04    0.18E-04  ^
    0.18E-04    0.19E-04    0.19E-04    0.20E-04    0.20E-04  ^
    0.21E-04    0.22E-04    0.22E-04    0.23E-04    0.24E-04  ^
    0.25E-04    0.26E-04    0.27E-04    0.28E-04    0.30E-04  ^
    0.31E-04    0.33E-04    0.34E-04    0.36E-04    0.38E-04  ^
    0.39E-04    0.40E-04    0.41E-04    0.42E-04    0.42E-04  ^
    0.43E-04    0.43E-04    0.43E-04    0.43E-04    0.43E-04  ^

H2      _ALT     0.34     1.02     1.70     2.38     3.06  ^
     3.74     4.42     5.10     5.78     6.46  ^
     7.14     7.82     8.50     9.18     9.86  ^
    10.54    11.22    11.90    12.58    13.26  ^
    13.94    14.62    15.30    15.98    16.66  ^
    17.34    18.02    18.70    19.38    20.06  ^
    20.74    21.42    22.10    22.78    23.46  ^
    24.14    24.82    25.50    26.18    26.86  ^
    27.54    28.22    28.90    29.58    30.26  ^
    30.94    31.62    32.30    32.98    33.66  ^
    34.34    35.02    35.70    36.38    37.06  ^
    37.74    38.42    39.10    39.78    40.46  ^
    41.14    41.82    42.50    43.18    43.86  ^
    44.54    45.22    45.90    46.58    47.26  ^
    47.94    48.62    49.30    49.98    50.66  ^
    51.34    52.02    52.70    53.38    54.06  ^
    54.74    55.42    56.10    56.78    57.46  ^
    58.14    58.82    59.50    60.18    60.86  ^
    61.54    62.22    62.90    63.58    64.26  ^
    64.94    65.62    66.30    66.98    67.66  ^

Molecule CH4     

CH4     _MR    0.38E-04    0.38E-04    0.38E-04    0.38E-04    0.38E-04  ^
    0.38E-04    0.38E-04    0.38E-04    0.38E-04    0.38E-04  ^
    0.38E-04    0.38E-04    0.38E-04    0.38E-04    0.38E-04  ^
    0.38E-04    0.38E-04    0.38E-04    0.38E-04    0.38E-04  ^
    0.38E-04    0.38E-04    0.38E-04    0.38E-04    0.38E-04  ^
    0.38E-04    0.38E-04    0.38E-04    0.38E-04    0.38E-04  ^
    0.38E-04    0.38E-04    0.38E-04    0.38E-04    0.38E-04  ^
    0.38E-04    0.38E-04    0.38E-04    0.38E-04    0.38E-04  ^
    0.37E-04    0.37E-04    0.37E-04    0.37E-04    0.37E-04  ^
    0.36E-04    0.36E-04    0.35E-04    0.35E-04    0.35E-04  ^
    0.34E-04    0.34E-04    0.33E-04    0.33E-04    0.32E-04  ^
    0.32E-04    0.31E-04    0.30E-04    0.30E-04    0.29E-04  ^
    0.29E-04    0.28E-04    0.28E-04    0.27E-04    0.27E-04  ^
    0.26E-04    0.26E-04    0.25E-04    0.25E-04    0.24E-04  ^
    0.23E-04    0.23E-04    0.22E-04    0.22E-04    0.21E-04  ^
    0.20E-04    0.20E-04    0.19E-04    0.18E-04    0.17E-04  ^
    0.16E-04    0.16E-04    0.14E-04    0.13E-04    0.12E-04  ^
    0.11E-04    0.94E-05    0.79E-05    0.64E-05    0.49E-05  ^
    0.35E-05    0.24E-05    0.15E-05    0.84E-06    0.44E-06  ^
    0.21E-06    0.92E-07    0.37E-07    0.14E-07    0.64E-08  ^

CH4     _ALT     0.34     1.02     1.70     2.38     3.06  ^
     3.74     4.42     5.10     5.78     6.46  ^
     7.14     7.82     8.50     9.18     9.86  ^
    10.54    11.22    11.90    12.58    13.26  ^
    13.94    14.62    15.30    15.98    16.66  ^
    17.34    18.02    18.70    19.38    20.06  ^
    20.74    21.42    22.10    22.78    23.46  ^
    24.14    24.82    25.50    26.18    26.86  ^
    27.54    28.22    28.90    29.58    30.26  ^
    30.94    31.62    32.30    32.98    33.66  ^
    34.34    35.02    35.70    36.38    37.06  ^
    37.74    38.42    39.10    39.78    40.46  ^
    41.14    41.82    42.50    43.18    43.86  ^
    44.54    45.22    45.90    46.58    47.26  ^
    47.94    48.62    49.30    49.98    50.66  ^
    51.34    52.02    52.70    53.38    54.06  ^
    54.74    55.42    56.10    56.78    57.46  ^
    58.14    58.82    59.50    60.18    60.86  ^
    61.54    62.22    62.90    63.58    64.26  ^
    64.94    65.62    66.30    66.98    67.66  ^

Molecule CO      

CO      _MR    0.16E-05    0.16E-05    0.16E-05    0.16E-05    0.16E-05  ^
    0.16E-05    0.16E-05    0.16E-05    0.16E-05    0.16E-05  ^
    0.16E-05    0.16E-05    0.16E-05    0.15E-05    0.15E-05  ^
    0.15E-05    0.15E-05    0.15E-05    0.15E-05    0.15E-05  ^
    0.15E-05    0.15E-05    0.15E-05    0.15E-05    0.15E-05  ^
    0.15E-05    0.15E-05    0.15E-05    0.15E-05    0.15E-05  ^
    0.14E-05    0.14E-05    0.14E-05    0.14E-05    0.13E-05  ^
    0.13E-05    0.12E-05    0.11E-05    0.10E-05    0.89E-06  ^
    0.78E-06    0.67E-06    0.57E-06    0.47E-06    0.38E-06  ^
    0.31E-06    0.25E-06    0.21E-06    0.18E-06    0.15E-06  ^
    0.13E-06    0.12E-06    0.11E-06    0.11E-06    0.10E-06  ^
    0.10E-06    0.10E-06    0.10E-06    0.10E-06    0.10E-06  ^
    0.10E-06    0.10E-06    0.10E-06    0.10E-06    0.10E-06  ^
    0.10E-06    0.10E-06    0.10E-06    0.10E-06    0.99E-07  ^
    0.97E-07    0.96E-07    0.95E-07    0.95E-07    0.95E-07  ^
    0.97E-07    0.10E-06    0.11E-06    0.12E-06    0.15E-06  ^
    0.19E-06    0.24E-06    0.33E-06    0.46E-06    0.64E-06  ^
    0.90E-06    0.13E-05    0.18E-05    0.25E-05    0.34E-05  ^
    0.46E-05    0.62E-05    0.80E-05    0.10E-04    0.13E-04  ^
    0.16E-04    0.20E-04    0.25E-04    0.30E-04    0.36E-04  ^

CO      _ALT     0.34     1.02     1.70     2.38     3.06  ^
     3.74     4.42     5.10     5.78     6.46  ^
     7.14     7.82     8.50     9.18     9.86  ^
    10.54    11.22    11.90    12.58    13.26  ^
    13.94    14.62    15.30    15.98    16.66  ^
    17.34    18.02    18.70    19.38    20.06  ^
    20.74    21.42    22.10    22.78    23.46  ^
    24.14    24.82    25.50    26.18    26.86  ^
    27.54    28.22    28.90    29.58    30.26  ^
    30.94    31.62    32.30    32.98    33.66  ^
    34.34    35.02    35.70    36.38    37.06  ^
    37.74    38.42    39.10    39.78    40.46  ^
    41.14    41.82    42.50    43.18    43.86  ^
    44.54    45.22    45.90    46.58    47.26  ^
    47.94    48.62    49.30    49.98    50.66  ^
    51.34    52.02    52.70    53.38    54.06  ^
    54.74    55.42    56.10    56.78    57.46  ^
    58.14    58.82    59.50    60.18    60.86  ^
    61.54    62.22    62.90    63.58    64.26  ^
    64.94    65.62    66.30    66.98    67.66  ^

Molecule CH3OOH  

CH3OOH  _MR    0.10E-08    0.12E-08    0.13E-08    0.15E-08    0.16E-08  ^
    0.18E-08    0.18E-08    0.19E-08    0.19E-08    0.19E-08  ^
    0.19E-08    0.18E-08    0.17E-08    0.17E-08    0.16E-08  ^
    0.15E-08    0.15E-08    0.14E-08    0.13E-08    0.13E-08  ^
    0.12E-08    0.11E-08    0.11E-08    0.10E-08    0.94E-09  ^
    0.88E-09    0.82E-09    0.77E-09    0.71E-09    0.65E-09  ^
    0.58E-09    0.51E-09    0.44E-09    0.37E-09    0.31E-09  ^
    0.27E-09    0.24E-09    0.23E-09    0.22E-09    0.21E-09  ^
    0.20E-09    0.18E-09    0.17E-09    0.15E-09    0.12E-09  ^
    0.10E-09    0.83E-10    0.67E-10    0.53E-10    0.43E-10  ^
    0.35E-10    0.29E-10    0.25E-10    0.23E-10    0.22E-10  ^
    0.22E-10    0.23E-10    0.25E-10    0.28E-10    0.31E-10  ^
    0.35E-10    0.39E-10    0.43E-10    0.47E-10    0.50E-10  ^
    0.53E-10    0.56E-10    0.58E-10    0.59E-10    0.60E-10  ^
    0.60E-10    0.60E-10    0.60E-10    0.60E-10    0.59E-10  ^
    0.58E-10    0.56E-10    0.54E-10    0.51E-10    0.49E-10  ^
    0.46E-10    0.43E-10    0.39E-10    0.35E-10    0.29E-10  ^
    0.21E-10    0.15E-10    0.10E-10    0.77E-11    0.65E-11  ^
    0.65E-11    0.63E-11    0.52E-11    0.38E-11    0.24E-11  ^
    0.14E-11    0.74E-12    0.35E-12    0.17E-12    0.94E-13  ^

CH3OOH  _ALT     0.34     1.02     1.70     2.38     3.06  ^
     3.74     4.42     5.10     5.78     6.46  ^
     7.14     7.82     8.50     9.18     9.86  ^
    10.54    11.22    11.90    12.58    13.26  ^
    13.94    14.62    15.30    15.98    16.66  ^
    17.34    18.02    18.70    19.38    20.06  ^
    20.74    21.42    22.10    22.78    23.46  ^
    24.14    24.82    25.50    26.18    26.86  ^
    27.54    28.22    28.90    29.58    30.26  ^
    30.94    31.62    32.30    32.98    33.66  ^
    34.34    35.02    35.70    36.38    37.06  ^
    37.74    38.42    39.10    39.78    40.46  ^
    41.14    41.82    42.50    43.18    43.86  ^
    44.54    45.22    45.90    46.58    47.26  ^
    47.94    48.62    49.30    49.98    50.66  ^
    51.34    52.02    52.70    53.38    54.06  ^
    54.74    55.42    56.10    56.78    57.46  ^
    58.14    58.82    59.50    60.18    60.86  ^
    61.54    62.22    62.90    63.58    64.26  ^
    64.94    65.62    66.30    66.98    67.66  ^

Molecule CH3O2   

CH3O2   _MR    0.43E-11    0.44E-11    0.44E-11    0.44E-11    0.44E-11  ^
    0.43E-11    0.42E-11    0.41E-11    0.39E-11    0.37E-11  ^
    0.35E-11    0.33E-11    0.31E-11    0.28E-11    0.26E-11  ^
    0.24E-11    0.22E-11    0.19E-11    0.17E-11    0.15E-11  ^
    0.14E-11    0.14E-11    0.14E-11    0.13E-11    0.13E-11  ^
    0.13E-11    0.12E-11    0.12E-11    0.12E-11    0.12E-11  ^
    0.12E-11    0.12E-11    0.13E-11    0.13E-11    0.14E-11  ^
    0.16E-11    0.18E-11    0.21E-11    0.25E-11    0.30E-11  ^
    0.35E-11    0.40E-11    0.45E-11    0.49E-11    0.53E-11  ^
    0.55E-11    0.56E-11    0.57E-11    0.57E-11    0.57E-11  ^
    0.56E-11    0.57E-11    0.59E-11    0.62E-11    0.67E-11  ^
    0.74E-11    0.83E-11    0.96E-11    0.11E-10    0.13E-10  ^
    0.15E-10    0.18E-10    0.21E-10    0.24E-10    0.28E-10  ^
    0.31E-10    0.35E-10    0.38E-10    0.41E-10    0.44E-10  ^
    0.47E-10    0.49E-10    0.51E-10    0.52E-10    0.52E-10  ^
    0.52E-10    0.51E-10    0.49E-10    0.46E-10    0.43E-10  ^
    0.40E-10    0.37E-10    0.33E-10    0.29E-10    0.23E-10  ^
    0.16E-10    0.11E-10    0.69E-11    0.48E-11    0.39E-11  ^
    0.39E-11    0.37E-11    0.29E-11    0.19E-11    0.11E-11  ^
    0.59E-12    0.27E-12    0.11E-12    0.43E-13    0.21E-13  ^

CH3O2   _ALT     0.34     1.02     1.70     2.38     3.06  ^
     3.74     4.42     5.10     5.78     6.46  ^
     7.14     7.82     8.50     9.18     9.86  ^
    10.54    11.22    11.90    12.58    13.26  ^
    13.94    14.62    15.30    15.98    16.66  ^
    17.34    18.02    18.70    19.38    20.06  ^
    20.74    21.42    22.10    22.78    23.46  ^
    24.14    24.82    25.50    26.18    26.86  ^
    27.54    28.22    28.90    29.58    30.26  ^
    30.94    31.62    32.30    32.98    33.66  ^
    34.34    35.02    35.70    36.38    37.06  ^
    37.74    38.42    39.10    39.78    40.46  ^
    41.14    41.82    42.50    43.18    43.86  ^
    44.54    45.22    45.90    46.58    47.26  ^
    47.94    48.62    49.30    49.98    50.66  ^
    51.34    52.02    52.70    53.38    54.06  ^
    54.74    55.42    56.10    56.78    57.46  ^
    58.14    58.82    59.50    60.18    60.86  ^
    61.54    62.22    62.90    63.58    64.26  ^
    64.94    65.62    66.30    66.98    67.66  ^

Molecule N2O     

N2O     _MR    0.17E-05    0.17E-05    0.17E-05    0.17E-05    0.17E-05  ^
    0.17E-05    0.17E-05    0.17E-05    0.17E-05    0.17E-05  ^
    0.17E-05    0.17E-05    0.17E-05    0.17E-05    0.17E-05  ^
    0.17E-05    0.17E-05    0.17E-05    0.17E-05    0.17E-05  ^
    0.17E-05    0.17E-05    0.17E-05    0.17E-05    0.17E-05  ^
    0.17E-05    0.17E-05    0.17E-05    0.17E-05    0.17E-05  ^
    0.17E-05    0.17E-05    0.17E-05    0.17E-05    0.17E-05  ^
    0.17E-05    0.17E-05    0.17E-05    0.17E-05    0.16E-05  ^
    0.16E-05    0.16E-05    0.16E-05    0.16E-05    0.16E-05  ^
    0.15E-05    0.15E-05    0.15E-05    0.15E-05    0.14E-05  ^
    0.14E-05    0.14E-05    0.13E-05    0.13E-05    0.12E-05  ^
    0.12E-05    0.12E-05    0.11E-05    0.11E-05    0.11E-05  ^
    0.10E-05    0.99E-06    0.96E-06    0.93E-06    0.90E-06  ^
    0.87E-06    0.84E-06    0.82E-06    0.79E-06    0.77E-06  ^
    0.74E-06    0.72E-06    0.70E-06    0.68E-06    0.66E-06  ^
    0.64E-06    0.63E-06    0.61E-06    0.59E-06    0.58E-06  ^
    0.57E-06    0.55E-06    0.54E-06    0.53E-06    0.51E-06  ^
    0.50E-06    0.49E-06    0.48E-06    0.47E-06    0.46E-06  ^
    0.45E-06    0.44E-06    0.43E-06    0.43E-06    0.42E-06  ^
    0.42E-06    0.41E-06    0.41E-06    0.41E-06    0.40E-06  ^

N2O     _ALT     0.34     1.02     1.70     2.38     3.06  ^
     3.74     4.42     5.10     5.78     6.46  ^
     7.14     7.82     8.50     9.18     9.86  ^
    10.54    11.22    11.90    12.58    13.26  ^
    13.94    14.62    15.30    15.98    16.66  ^
    17.34    18.02    18.70    19.38    20.06  ^
    20.74    21.42    22.10    22.78    23.46  ^
    24.14    24.82    25.50    26.18    26.86  ^
    27.54    28.22    28.90    29.58    30.26  ^
    30.94    31.62    32.30    32.98    33.66  ^
    34.34    35.02    35.70    36.38    37.06  ^
    37.74    38.42    39.10    39.78    40.46  ^
    41.14    41.82    42.50    43.18    43.86  ^
    44.54    45.22    45.90    46.58    47.26  ^
    47.94    48.62    49.30    49.98    50.66  ^
    51.34    52.02    52.70    53.38    54.06  ^
    54.74    55.42    56.10    56.78    57.46  ^
    58.14    58.82    59.50    60.18    60.86  ^
    61.54    62.22    62.90    63.58    64.26  ^
    64.94    65.62    66.30    66.98    67.66  ^

Molecule NO      

NO      _MR    0.36E-11    0.44E-11    0.53E-11    0.63E-11    0.76E-11  ^
    0.90E-11    0.11E-10    0.13E-10    0.15E-10    0.17E-10  ^
    0.18E-10    0.20E-10    0.20E-10    0.18E-10    0.15E-10  ^
    0.99E-11    0.61E-11    0.38E-11    0.29E-11    0.28E-11  ^
    0.31E-11    0.37E-11    0.46E-11    0.58E-11    0.73E-11  ^
    0.93E-11    0.12E-10    0.15E-10    0.19E-10    0.24E-10  ^
    0.30E-10    0.38E-10    0.48E-10    0.60E-10    0.74E-10  ^
    0.90E-10    0.11E-09    0.13E-09    0.15E-09    0.18E-09  ^
    0.22E-09    0.26E-09    0.32E-09    0.39E-09    0.49E-09  ^
    0.62E-09    0.78E-09    0.99E-09    0.13E-08    0.16E-08  ^
    0.19E-08    0.24E-08    0.28E-08    0.32E-08    0.36E-08  ^
    0.39E-08    0.41E-08    0.42E-08    0.42E-08    0.41E-08  ^
    0.40E-08    0.38E-08    0.35E-08    0.33E-08    0.31E-08  ^
    0.28E-08    0.26E-08    0.24E-08    0.22E-08    0.20E-08  ^
    0.18E-08    0.17E-08    0.15E-08    0.14E-08    0.12E-08  ^
    0.11E-08    0.10E-08    0.91E-09    0.82E-09    0.73E-09  ^
    0.66E-09    0.60E-09    0.56E-09    0.52E-09    0.50E-09  ^
    0.50E-09    0.51E-09    0.54E-09    0.60E-09    0.67E-09  ^
    0.75E-09    0.84E-09    0.93E-09    0.10E-08    0.11E-08  ^
    0.11E-08    0.11E-08    0.11E-08    0.11E-08    0.11E-08  ^

NO      _ALT     0.34     1.02     1.70     2.38     3.06  ^
     3.74     4.42     5.10     5.78     6.46  ^
     7.14     7.82     8.50     9.18     9.86  ^
    10.54    11.22    11.90    12.58    13.26  ^
    13.94    14.62    15.30    15.98    16.66  ^
    17.34    18.02    18.70    19.38    20.06  ^
    20.74    21.42    22.10    22.78    23.46  ^
    24.14    24.82    25.50    26.18    26.86  ^
    27.54    28.22    28.90    29.58    30.26  ^
    30.94    31.62    32.30    32.98    33.66  ^
    34.34    35.02    35.70    36.38    37.06  ^
    37.74    38.42    39.10    39.78    40.46  ^
    41.14    41.82    42.50    43.18    43.86  ^
    44.54    45.22    45.90    46.58    47.26  ^
    47.94    48.62    49.30    49.98    50.66  ^
    51.34    52.02    52.70    53.38    54.06  ^
    54.74    55.42    56.10    56.78    57.46  ^
    58.14    58.82    59.50    60.18    60.86  ^
    61.54    62.22    62.90    63.58    64.26  ^
    64.94    65.62    66.30    66.98    67.66  ^

Molecule NO2     

NO2     _MR    0.75E-10    0.84E-10    0.95E-10    0.11E-09    0.12E-09  ^
    0.13E-09    0.14E-09    0.16E-09    0.17E-09    0.17E-09  ^
    0.17E-09    0.17E-09    0.15E-09    0.12E-09    0.79E-10  ^
    0.45E-10    0.23E-10    0.12E-10    0.77E-11    0.64E-11  ^
    0.64E-11    0.70E-11    0.79E-11    0.90E-11    0.10E-10  ^
    0.12E-10    0.14E-10    0.16E-10    0.19E-10    0.23E-10  ^
    0.29E-10    0.36E-10    0.46E-10    0.61E-10    0.81E-10  ^
    0.11E-09    0.14E-09    0.19E-09    0.26E-09    0.33E-09  ^
    0.43E-09    0.54E-09    0.67E-09    0.82E-09    0.10E-08  ^
    0.12E-08    0.14E-08    0.17E-08    0.19E-08    0.21E-08  ^
    0.23E-08    0.25E-08    0.26E-08    0.26E-08    0.26E-08  ^
    0.25E-08    0.24E-08    0.23E-08    0.21E-08    0.18E-08  ^
    0.16E-08    0.14E-08    0.12E-08    0.98E-09    0.81E-09  ^
    0.65E-09    0.52E-09    0.41E-09    0.32E-09    0.24E-09  ^
    0.18E-09    0.14E-09    0.10E-09    0.75E-10    0.56E-10  ^
    0.41E-10    0.30E-10    0.23E-10    0.17E-10    0.13E-10  ^
    0.10E-10    0.78E-11    0.62E-11    0.49E-11    0.39E-11  ^
    0.33E-11    0.32E-11    0.35E-11    0.35E-11    0.28E-11  ^
    0.17E-11    0.10E-11    0.67E-12    0.47E-12    0.33E-12  ^
    0.22E-12    0.15E-12    0.10E-12    0.71E-13    0.47E-13  ^

NO2     _ALT     0.34     1.02     1.70     2.38     3.06  ^
     3.74     4.42     5.10     5.78     6.46  ^
     7.14     7.82     8.50     9.18     9.86  ^
    10.54    11.22    11.90    12.58    13.26  ^
    13.94    14.62    15.30    15.98    16.66  ^
    17.34    18.02    18.70    19.38    20.06  ^
    20.74    21.42    22.10    22.78    23.46  ^
    24.14    24.82    25.50    26.18    26.86  ^
    27.54    28.22    28.90    29.58    30.26  ^
    30.94    31.62    32.30    32.98    33.66  ^
    34.34    35.02    35.70    36.38    37.06  ^
    37.74    38.42    39.10    39.78    40.46  ^
    41.14    41.82    42.50    43.18    43.86  ^
    44.54    45.22    45.90    46.58    47.26  ^
    47.94    48.62    49.30    49.98    50.66  ^
    51.34    52.02    52.70    53.38    54.06  ^
    54.74    55.42    56.10    56.78    57.46  ^
    58.14    58.82    59.50    60.18    60.86  ^
    61.54    62.22    62.90    63.58    64.26  ^
    64.94    65.62    66.30    66.98    67.66  ^

Molecule HNO2    

HNO2    _MR    0.26E-15    0.36E-15    0.49E-15    0.65E-15    0.86E-15  ^
    0.11E-14    0.15E-14    0.19E-14    0.23E-14    0.28E-14  ^
    0.32E-14    0.34E-14    0.33E-14    0.28E-14    0.19E-14  ^
    0.10E-14    0.53E-15    0.29E-15    0.21E-15    0.19E-15  ^
    0.21E-15    0.25E-15    0.31E-15    0.39E-15    0.50E-15  ^
    0.63E-15    0.82E-15    0.11E-14    0.14E-14    0.18E-14  ^
    0.24E-14    0.31E-14    0.40E-14    0.53E-14    0.67E-14  ^
    0.84E-14    0.11E-13    0.14E-13    0.18E-13    0.23E-13  ^
    0.31E-13    0.42E-13    0.57E-13    0.77E-13    0.11E-12  ^
    0.14E-12    0.20E-12    0.26E-12    0.35E-12    0.46E-12  ^
    0.59E-12    0.73E-12    0.88E-12    0.10E-11    0.11E-11  ^
    0.12E-11    0.12E-11    0.12E-11    0.11E-11    0.10E-11  ^
    0.91E-12    0.79E-12    0.68E-12    0.58E-12    0.48E-12  ^
    0.40E-12    0.33E-12    0.27E-12    0.22E-12    0.18E-12  ^
    0.14E-12    0.11E-12    0.89E-13    0.70E-13    0.55E-13  ^
    0.44E-13    0.34E-13    0.27E-13    0.22E-13    0.17E-13  ^
    0.14E-13    0.11E-13    0.90E-14    0.74E-14    0.65E-14  ^
    0.63E-14    0.68E-14    0.79E-14    0.93E-14    0.10E-13  ^
    0.98E-14    0.96E-14    0.96E-14    0.95E-14    0.89E-14  ^
    0.79E-14    0.67E-14    0.53E-14    0.43E-14    0.32E-14  ^

HNO2    _ALT     0.34     1.02     1.70     2.38     3.06  ^
     3.74     4.42     5.10     5.78     6.46  ^
     7.14     7.82     8.50     9.18     9.86  ^
    10.54    11.22    11.90    12.58    13.26  ^
    13.94    14.62    15.30    15.98    16.66  ^
    17.34    18.02    18.70    19.38    20.06  ^
    20.74    21.42    22.10    22.78    23.46  ^
    24.14    24.82    25.50    26.18    26.86  ^
    27.54    28.22    28.90    29.58    30.26  ^
    30.94    31.62    32.30    32.98    33.66  ^
    34.34    35.02    35.70    36.38    37.06  ^
    37.74    38.42    39.10    39.78    40.46  ^
    41.14    41.82    42.50    43.18    43.86  ^
    44.54    45.22    45.90    46.58    47.26  ^
    47.94    48.62    49.30    49.98    50.66  ^
    51.34    52.02    52.70    53.38    54.06  ^
    54.74    55.42    56.10    56.78    57.46  ^
    58.14    58.82    59.50    60.18    60.86  ^
    61.54    62.22    62.90    63.58    64.26  ^
    64.94    65.62    66.30    66.98    67.66  ^

Molecule HNO3    

HNO3    _MR    0.12E-09    0.17E-09    0.22E-09    0.27E-09    0.33E-09  ^
    0.38E-09    0.43E-09    0.48E-09    0.51E-09    0.53E-09  ^
    0.54E-09    0.54E-09    0.54E-09    0.53E-09    0.51E-09  ^
    0.50E-09    0.49E-09    0.48E-09    0.47E-09    0.47E-09  ^
    0.46E-09    0.46E-09    0.45E-09    0.45E-09    0.44E-09  ^
    0.44E-09    0.44E-09    0.44E-09    0.44E-09    0.45E-09  ^
    0.46E-09    0.47E-09    0.49E-09    0.54E-09    0.61E-09  ^
    0.71E-09    0.86E-09    0.11E-08    0.13E-08    0.17E-08  ^
    0.21E-08    0.25E-08    0.30E-08    0.36E-08    0.41E-08  ^
    0.47E-08    0.51E-08    0.55E-08    0.58E-08    0.60E-08  ^
    0.60E-08    0.59E-08    0.56E-08    0.52E-08    0.47E-08  ^
    0.41E-08    0.35E-08    0.29E-08    0.24E-08    0.19E-08  ^
    0.15E-08    0.11E-08    0.87E-09    0.64E-09    0.47E-09  ^
    0.34E-09    0.24E-09    0.17E-09    0.11E-09    0.77E-10  ^
    0.52E-10    0.34E-10    0.23E-10    0.15E-10    0.97E-11  ^
    0.63E-11    0.41E-11    0.27E-11    0.18E-11    0.12E-11  ^
    0.80E-12    0.55E-12    0.37E-12    0.26E-12    0.19E-12  ^
    0.14E-12    0.12E-12    0.11E-12    0.10E-12    0.75E-13  ^
    0.46E-13    0.27E-13    0.15E-13    0.85E-14    0.48E-14  ^
    0.26E-14    0.14E-14    0.73E-15    0.39E-15    0.22E-15  ^

HNO3    _ALT     0.34     1.02     1.70     2.38     3.06  ^
     3.74     4.42     5.10     5.78     6.46  ^
     7.14     7.82     8.50     9.18     9.86  ^
    10.54    11.22    11.90    12.58    13.26  ^
    13.94    14.62    15.30    15.98    16.66  ^
    17.34    18.02    18.70    19.38    20.06  ^
    20.74    21.42    22.10    22.78    23.46  ^
    24.14    24.82    25.50    26.18    26.86  ^
    27.54    28.22    28.90    29.58    30.26  ^
    30.94    31.62    32.30    32.98    33.66  ^
    34.34    35.02    35.70    36.38    37.06  ^
    37.74    38.42    39.10    39.78    40.46  ^
    41.14    41.82    42.50    43.18    43.86  ^
    44.54    45.22    45.90    46.58    47.26  ^
    47.94    48.62    49.30    49.98    50.66  ^
    51.34    52.02    52.70    53.38    54.06  ^
    54.74    55.42    56.10    56.78    57.46  ^
    58.14    58.82    59.50    60.18    60.86  ^
    61.54    62.22    62.90    63.58    64.26  ^
    64.94    65.62    66.30    66.98    67.66  ^

Molecule HO2NO2  

HO2NO2  _MR    0.19E-12    0.31E-12    0.50E-12    0.83E-12    0.14E-11  ^
    0.23E-11    0.40E-11    0.68E-11    0.11E-10    0.19E-10  ^
    0.31E-10    0.51E-10    0.84E-10    0.13E-09    0.18E-09  ^
    0.23E-09    0.26E-09    0.28E-09    0.30E-09    0.31E-09  ^
    0.32E-09    0.33E-09    0.34E-09    0.35E-09    0.35E-09  ^
    0.36E-09    0.37E-09    0.37E-09    0.37E-09    0.38E-09  ^
    0.39E-09    0.39E-09    0.40E-09    0.41E-09    0.42E-09  ^
    0.43E-09    0.44E-09    0.45E-09    0.45E-09    0.44E-09  ^
    0.42E-09    0.39E-09    0.35E-09    0.31E-09    0.27E-09  ^
    0.24E-09    0.20E-09    0.17E-09    0.14E-09    0.11E-09  ^
    0.89E-10    0.70E-10    0.55E-10    0.43E-10    0.34E-10  ^
    0.27E-10    0.21E-10    0.16E-10    0.13E-10    0.98E-11  ^
    0.73E-11    0.54E-11    0.38E-11    0.27E-11    0.18E-11  ^
    0.12E-11    0.82E-12    0.54E-12    0.35E-12    0.22E-12  ^
    0.14E-12    0.90E-13    0.57E-13    0.36E-13    0.23E-13  ^
    0.15E-13    0.96E-14    0.63E-14    0.42E-14    0.28E-14  ^
    0.19E-14    0.13E-14    0.93E-15    0.66E-15    0.47E-15  ^
    0.36E-15    0.33E-15    0.33E-15    0.30E-15    0.20E-15  ^
    0.11E-15    0.53E-16    0.28E-16    0.16E-16    0.90E-17  ^
    0.49E-17    0.27E-17    0.14E-17    0.80E-18    0.43E-18  ^

HO2NO2  _ALT     0.34     1.02     1.70     2.38     3.06  ^
     3.74     4.42     5.10     5.78     6.46  ^
     7.14     7.82     8.50     9.18     9.86  ^
    10.54    11.22    11.90    12.58    13.26  ^
    13.94    14.62    15.30    15.98    16.66  ^
    17.34    18.02    18.70    19.38    20.06  ^
    20.74    21.42    22.10    22.78    23.46  ^
    24.14    24.82    25.50    26.18    26.86  ^
    27.54    28.22    28.90    29.58    30.26  ^
    30.94    31.62    32.30    32.98    33.66  ^
    34.34    35.02    35.70    36.38    37.06  ^
    37.74    38.42    39.10    39.78    40.46  ^
    41.14    41.82    42.50    43.18    43.86  ^
    44.54    45.22    45.90    46.58    47.26  ^
    47.94    48.62    49.30    49.98    50.66  ^
    51.34    52.02    52.70    53.38    54.06  ^
    54.74    55.42    56.10    56.78    57.46  ^
    58.14    58.82    59.50    60.18    60.86  ^
    61.54    62.22    62.90    63.58    64.26  ^
    64.94    65.62    66.30    66.98    67.66  ^

Molecule NO3     

NO3     _MR    0.72E-13    0.73E-13    0.74E-13    0.74E-13    0.74E-13  ^
    0.73E-13    0.71E-13    0.68E-13    0.64E-13    0.57E-13  ^
    0.49E-13    0.40E-13    0.30E-13    0.20E-13    0.12E-13  ^
    0.57E-14    0.25E-14    0.11E-14    0.69E-15    0.56E-15  ^
    0.52E-15    0.51E-15    0.51E-15    0.52E-15    0.54E-15  ^
    0.56E-15    0.59E-15    0.63E-15    0.68E-15    0.75E-15  ^
    0.86E-15    0.10E-14    0.13E-14    0.17E-14    0.23E-14  ^
    0.33E-14    0.51E-14    0.79E-14    0.12E-13    0.18E-13  ^
    0.27E-13    0.38E-13    0.52E-13    0.69E-13    0.88E-13  ^
    0.11E-12    0.13E-12    0.15E-12    0.16E-12    0.17E-12  ^
    0.18E-12    0.18E-12    0.18E-12    0.18E-12    0.18E-12  ^
    0.17E-12    0.16E-12    0.15E-12    0.13E-12    0.12E-12  ^
    0.10E-12    0.84E-13    0.68E-13    0.55E-13    0.42E-13  ^
    0.32E-13    0.24E-13    0.17E-13    0.12E-13    0.87E-14  ^
    0.60E-14    0.41E-14    0.28E-14    0.19E-14    0.13E-14  ^
    0.88E-15    0.60E-15    0.41E-15    0.28E-15    0.20E-15  ^
    0.14E-15    0.10E-15    0.73E-16    0.53E-16    0.39E-16  ^
    0.31E-16    0.30E-16    0.33E-16    0.37E-16    0.36E-16  ^
    0.29E-16    0.23E-16    0.18E-16    0.14E-16    0.10E-16  ^
    0.74E-17    0.50E-17    0.34E-17    0.23E-17    0.15E-17  ^

NO3     _ALT     0.34     1.02     1.70     2.38     3.06  ^
     3.74     4.42     5.10     5.78     6.46  ^
     7.14     7.82     8.50     9.18     9.86  ^
    10.54    11.22    11.90    12.58    13.26  ^
    13.94    14.62    15.30    15.98    16.66  ^
    17.34    18.02    18.70    19.38    20.06  ^
    20.74    21.42    22.10    22.78    23.46  ^
    24.14    24.82    25.50    26.18    26.86  ^
    27.54    28.22    28.90    29.58    30.26  ^
    30.94    31.62    32.30    32.98    33.66  ^
    34.34    35.02    35.70    36.38    37.06  ^
    37.74    38.42    39.10    39.78    40.46  ^
    41.14    41.82    42.50    43.18    43.86  ^
    44.54    45.22    45.90    46.58    47.26  ^
    47.94    48.62    49.30    49.98    50.66  ^
    51.34    52.02    52.70    53.38    54.06  ^
    54.74    55.42    56.10    56.78    57.46  ^
    58.14    58.82    59.50    60.18    60.86  ^
    61.54    62.22    62.90    63.58    64.26  ^
    64.94    65.62    66.30    66.98    67.66  ^

Molecule N2O5    

N2O5    _MR    0.13E-14    0.18E-14    0.25E-14    0.34E-14    0.48E-14  ^
    0.66E-14    0.91E-14    0.12E-13    0.17E-13    0.21E-13  ^
    0.26E-13    0.29E-13    0.29E-13    0.25E-13    0.17E-13  ^
    0.87E-14    0.40E-14    0.22E-14    0.17E-14    0.17E-14  ^
    0.19E-14    0.24E-14    0.30E-14    0.37E-14    0.45E-14  ^
    0.55E-14    0.66E-14    0.80E-14    0.97E-14    0.12E-13  ^
    0.16E-13    0.22E-13    0.32E-13    0.50E-13    0.83E-13  ^
    0.14E-12    0.24E-12    0.43E-12    0.72E-12    0.12E-11  ^
    0.19E-11    0.28E-11    0.41E-11    0.56E-11    0.73E-11  ^
    0.90E-11    0.10E-10    0.12E-10    0.12E-10    0.12E-10  ^
    0.11E-10    0.10E-10    0.89E-11    0.74E-11    0.59E-11  ^
    0.45E-11    0.33E-11    0.23E-11    0.15E-11    0.97E-12  ^
    0.59E-12    0.34E-12    0.19E-12    0.10E-12    0.55E-13  ^
    0.27E-13    0.13E-13    0.62E-14    0.28E-14    0.12E-14  ^
    0.53E-15    0.23E-15    0.94E-16    0.39E-16    0.16E-16  ^
    0.66E-17    0.27E-17    0.11E-17    0.49E-18    0.22E-18  ^
    0.98E-19    0.45E-19    0.21E-19    0.99E-20    0.48E-20  ^
    0.26E-20    0.18E-20    0.16E-20    0.15E-20    0.11E-20  ^
    0.59E-21    0.29E-21    0.14E-21    0.71E-22    0.34E-22  ^
    0.16E-22    0.70E-23    0.30E-23    0.13E-23    0.63E-24  ^

N2O5    _ALT     0.34     1.02     1.70     2.38     3.06  ^
     3.74     4.42     5.10     5.78     6.46  ^
     7.14     7.82     8.50     9.18     9.86  ^
    10.54    11.22    11.90    12.58    13.26  ^
    13.94    14.62    15.30    15.98    16.66  ^
    17.34    18.02    18.70    19.38    20.06  ^
    20.74    21.42    22.10    22.78    23.46  ^
    24.14    24.82    25.50    26.18    26.86  ^
    27.54    28.22    28.90    29.58    30.26  ^
    30.94    31.62    32.30    32.98    33.66  ^
    34.34    35.02    35.70    36.38    37.06  ^
    37.74    38.42    39.10    39.78    40.46  ^
    41.14    41.82    42.50    43.18    43.86  ^
    44.54    45.22    45.90    46.58    47.26  ^
    47.94    48.62    49.30    49.98    50.66  ^
    51.34    52.02    52.70    53.38    54.06  ^
    54.74    55.42    56.10    56.78    57.46  ^
    58.14    58.82    59.50    60.18    60.86  ^
    61.54    62.22    62.90    63.58    64.26  ^
    64.94    65.62    66.30    66.98    67.66  ^

Molecule CL2O2   

CL2O2   _MR    0.58E-26    0.97E-26    0.16E-25    0.29E-25    0.50E-25  ^
    0.89E-25    0.16E-24    0.29E-24    0.51E-24    0.93E-24  ^
    0.18E-23    0.35E-23    0.76E-23    0.18E-22    0.51E-22  ^
    0.19E-21    0.82E-21    0.36E-20    0.12E-19    0.26E-19  ^
    0.42E-19    0.59E-19    0.79E-19    0.10E-18    0.13E-18  ^
    0.17E-18    0.20E-18    0.24E-18    0.29E-18    0.35E-18  ^
    0.46E-18    0.64E-18    0.96E-18    0.17E-17    0.33E-17  ^
    0.64E-17    0.15E-16    0.36E-16    0.84E-16    0.19E-15  ^
    0.42E-15    0.87E-15    0.16E-14    0.28E-14    0.45E-14  ^
    0.64E-14    0.84E-14    0.10E-13    0.12E-13    0.13E-13  ^
    0.14E-13    0.15E-13    0.16E-13    0.17E-13    0.19E-13  ^
    0.21E-13    0.24E-13    0.27E-13    0.29E-13    0.32E-13  ^
    0.34E-13    0.35E-13    0.36E-13    0.35E-13    0.33E-13  ^
    0.30E-13    0.26E-13    0.21E-13    0.16E-13    0.12E-13  ^
    0.90E-14    0.64E-14    0.45E-14    0.31E-14    0.21E-14  ^
    0.15E-14    0.10E-14    0.73E-15    0.53E-15    0.39E-15  ^
    0.29E-15    0.22E-15    0.16E-15    0.10E-15    0.49E-16  ^
    0.16E-16    0.42E-17    0.13E-17    0.41E-18    0.12E-18  ^
    0.29E-19    0.90E-20    0.40E-20    0.23E-20    0.16E-20  ^
    0.13E-20    0.12E-20    0.12E-20    0.13E-20    0.10E-20  ^

CL2O2   _ALT     0.34     1.02     1.70     2.38     3.06  ^
     3.74     4.42     5.10     5.78     6.46  ^
     7.14     7.82     8.50     9.18     9.86  ^
    10.54    11.22    11.90    12.58    13.26  ^
    13.94    14.62    15.30    15.98    16.66  ^
    17.34    18.02    18.70    19.38    20.06  ^
    20.74    21.42    22.10    22.78    23.46  ^
    24.14    24.82    25.50    26.18    26.86  ^
    27.54    28.22    28.90    29.58    30.26  ^
    30.94    31.62    32.30    32.98    33.66  ^
    34.34    35.02    35.70    36.38    37.06  ^
    37.74    38.42    39.10    39.78    40.46  ^
    41.14    41.82    42.50    43.18    43.86  ^
    44.54    45.22    45.90    46.58    47.26  ^
    47.94    48.62    49.30    49.98    50.66  ^
    51.34    52.02    52.70    53.38    54.06  ^
    54.74    55.42    56.10    56.78    57.46  ^
    58.14    58.82    59.50    60.18    60.86  ^
    61.54    62.22    62.90    63.58    64.26  ^
    64.94    65.62    66.30    66.98    67.66  ^

Molecule CH3CL   

CH3CL   _MR    0.12E-07    0.12E-07    0.12E-07    0.12E-07    0.12E-07  ^
    0.12E-07    0.12E-07    0.12E-07    0.12E-07    0.12E-07  ^
    0.12E-07    0.12E-07    0.12E-07    0.12E-07    0.12E-07  ^
    0.12E-07    0.12E-07    0.12E-07    0.12E-07    0.12E-07  ^
    0.12E-07    0.12E-07    0.12E-07    0.12E-07    0.12E-07  ^
    0.12E-07    0.11E-07    0.11E-07    0.11E-07    0.11E-07  ^
    0.11E-07    0.11E-07    0.11E-07    0.11E-07    0.11E-07  ^
    0.11E-07    0.11E-07    0.11E-07    0.11E-07    0.10E-07  ^
    0.10E-07    0.99E-08    0.95E-08    0.91E-08    0.87E-08  ^
    0.82E-08    0.77E-08    0.72E-08    0.66E-08    0.61E-08  ^
    0.56E-08    0.51E-08    0.47E-08    0.42E-08    0.38E-08  ^
    0.35E-08    0.31E-08    0.28E-08    0.25E-08    0.23E-08  ^
    0.21E-08    0.19E-08    0.17E-08    0.16E-08    0.14E-08  ^
    0.13E-08    0.12E-08    0.12E-08    0.11E-08    0.10E-08  ^
    0.95E-09    0.90E-09    0.86E-09    0.82E-09    0.79E-09  ^
    0.76E-09    0.73E-09    0.70E-09    0.68E-09    0.67E-09  ^
    0.65E-09    0.64E-09    0.62E-09    0.61E-09    0.60E-09  ^
    0.59E-09    0.58E-09    0.58E-09    0.57E-09    0.57E-09  ^
    0.56E-09    0.56E-09    0.56E-09    0.55E-09    0.55E-09  ^
    0.55E-09    0.55E-09    0.55E-09    0.55E-09    0.54E-09  ^

CH3CL   _ALT     0.34     1.02     1.70     2.38     3.06  ^
     3.74     4.42     5.10     5.78     6.46  ^
     7.14     7.82     8.50     9.18     9.86  ^
    10.54    11.22    11.90    12.58    13.26  ^
    13.94    14.62    15.30    15.98    16.66  ^
    17.34    18.02    18.70    19.38    20.06  ^
    20.74    21.42    22.10    22.78    23.46  ^
    24.14    24.82    25.50    26.18    26.86  ^
    27.54    28.22    28.90    29.58    30.26  ^
    30.94    31.62    32.30    32.98    33.66  ^
    34.34    35.02    35.70    36.38    37.06  ^
    37.74    38.42    39.10    39.78    40.46  ^
    41.14    41.82    42.50    43.18    43.86  ^
    44.54    45.22    45.90    46.58    47.26  ^
    47.94    48.62    49.30    49.98    50.66  ^
    51.34    52.02    52.70    53.38    54.06  ^
    54.74    55.42    56.10    56.78    57.46  ^
    58.14    58.82    59.50    60.18    60.86  ^
    61.54    62.22    62.90    63.58    64.26  ^
    64.94    65.62    66.30    66.98    67.66  ^

Molecule HOCL    

HOCL    _MR    0.76E-14    0.95E-14    0.11E-13    0.13E-13    0.15E-13  ^
    0.17E-13    0.19E-13    0.22E-13    0.24E-13    0.26E-13  ^
    0.29E-13    0.31E-13    0.35E-13    0.39E-13    0.45E-13  ^
    0.56E-13    0.71E-13    0.90E-13    0.11E-12    0.12E-12  ^
    0.13E-12    0.13E-12    0.14E-12    0.14E-12    0.15E-12  ^
    0.15E-12    0.16E-12    0.17E-12    0.18E-12    0.19E-12  ^
    0.22E-12    0.26E-12    0.31E-12    0.41E-12    0.57E-12  ^
    0.81E-12    0.13E-11    0.21E-11    0.33E-11    0.53E-11  ^
    0.84E-11    0.13E-10    0.18E-10    0.25E-10    0.33E-10  ^
    0.40E-10    0.47E-10    0.53E-10    0.58E-10    0.61E-10  ^
    0.65E-10    0.69E-10    0.74E-10    0.83E-10    0.95E-10  ^
    0.11E-09    0.13E-09    0.16E-09    0.18E-09    0.21E-09  ^
    0.25E-09    0.28E-09    0.30E-09    0.32E-09    0.33E-09  ^
    0.33E-09    0.32E-09    0.31E-09    0.28E-09    0.26E-09  ^
    0.23E-09    0.20E-09    0.18E-09    0.16E-09    0.14E-09  ^
    0.12E-09    0.11E-09    0.98E-10    0.90E-10    0.85E-10  ^
    0.80E-10    0.76E-10    0.71E-10    0.63E-10    0.51E-10  ^
    0.36E-10    0.25E-10    0.19E-10    0.14E-10    0.83E-11  ^
    0.41E-11    0.22E-11    0.15E-11    0.12E-11    0.10E-11  ^
    0.99E-12    0.98E-12    0.10E-11    0.12E-11    0.11E-11  ^

HOCL    _ALT     0.34     1.02     1.70     2.38     3.06  ^
     3.74     4.42     5.10     5.78     6.46  ^
     7.14     7.82     8.50     9.18     9.86  ^
    10.54    11.22    11.90    12.58    13.26  ^
    13.94    14.62    15.30    15.98    16.66  ^
    17.34    18.02    18.70    19.38    20.06  ^
    20.74    21.42    22.10    22.78    23.46  ^
    24.14    24.82    25.50    26.18    26.86  ^
    27.54    28.22    28.90    29.58    30.26  ^
    30.94    31.62    32.30    32.98    33.66  ^
    34.34    35.02    35.70    36.38    37.06  ^
    37.74    38.42    39.10    39.78    40.46  ^
    41.14    41.82    42.50    43.18    43.86  ^
    44.54    45.22    45.90    46.58    47.26  ^
    47.94    48.62    49.30    49.98    50.66  ^
    51.34    52.02    52.70    53.38    54.06  ^
    54.74    55.42    56.10    56.78    57.46  ^
    58.14    58.82    59.50    60.18    60.86  ^
    61.54    62.22    62.90    63.58    64.26  ^
    64.94    65.62    66.30    66.98    67.66  ^

Molecule CL      

CL      _MR    0.14E-18    0.17E-18    0.21E-18    0.26E-18    0.32E-18  ^
    0.39E-18    0.48E-18    0.58E-18    0.68E-18    0.80E-18  ^
    0.92E-18    0.10E-17    0.11E-17    0.12E-17    0.11E-17  ^
    0.10E-17    0.10E-17    0.10E-17    0.11E-17    0.12E-17  ^
    0.14E-17    0.16E-17    0.19E-17    0.23E-17    0.28E-17  ^
    0.34E-17    0.41E-17    0.52E-17    0.65E-17    0.84E-17  ^
    0.11E-16    0.15E-16    0.20E-16    0.29E-16    0.42E-16  ^
    0.63E-16    0.98E-16    0.16E-15    0.26E-15    0.42E-15  ^
    0.69E-15    0.11E-14    0.18E-14    0.29E-14    0.45E-14  ^
    0.70E-14    0.11E-13    0.16E-13    0.23E-13    0.33E-13  ^
    0.47E-13    0.66E-13    0.91E-13    0.12E-12    0.16E-12  ^
    0.21E-12    0.27E-12    0.34E-12    0.42E-12    0.50E-12  ^
    0.60E-12    0.71E-12    0.83E-12    0.98E-12    0.11E-11  ^
    0.13E-11    0.15E-11    0.18E-11    0.20E-11    0.23E-11  ^
    0.27E-11    0.30E-11    0.34E-11    0.39E-11    0.45E-11  ^
    0.51E-11    0.59E-11    0.69E-11    0.81E-11    0.96E-11  ^
    0.11E-10    0.14E-10    0.16E-10    0.18E-10    0.18E-10  ^
    0.14E-10    0.10E-10    0.76E-11    0.58E-11    0.40E-11  ^
    0.25E-11    0.18E-11    0.16E-11    0.16E-11    0.19E-11  ^
    0.24E-11    0.33E-11    0.50E-11    0.81E-11    0.11E-10  ^

CL      _ALT     0.34     1.02     1.70     2.38     3.06  ^
     3.74     4.42     5.10     5.78     6.46  ^
     7.14     7.82     8.50     9.18     9.86  ^
    10.54    11.22    11.90    12.58    13.26  ^
    13.94    14.62    15.30    15.98    16.66  ^
    17.34    18.02    18.70    19.38    20.06  ^
    20.74    21.42    22.10    22.78    23.46  ^
    24.14    24.82    25.50    26.18    26.86  ^
    27.54    28.22    28.90    29.58    30.26  ^
    30.94    31.62    32.30    32.98    33.66  ^
    34.34    35.02    35.70    36.38    37.06  ^
    37.74    38.42    39.10    39.78    40.46  ^
    41.14    41.82    42.50    43.18    43.86  ^
    44.54    45.22    45.90    46.58    47.26  ^
    47.94    48.62    49.30    49.98    50.66  ^
    51.34    52.02    52.70    53.38    54.06  ^
    54.74    55.42    56.10    56.78    57.46  ^
    58.14    58.82    59.50    60.18    60.86  ^
    61.54    62.22    62.90    63.58    64.26  ^
    64.94    65.62    66.30    66.98    67.66  ^

Molecule CLO     

CLO     _MR    0.18E-15    0.21E-15    0.25E-15    0.29E-15    0.34E-15  ^
    0.40E-15    0.46E-15    0.54E-15    0.61E-15    0.71E-15  ^
    0.81E-15    0.93E-15    0.11E-14    0.13E-14    0.16E-14  ^
    0.21E-14    0.29E-14    0.40E-14    0.49E-14    0.55E-14  ^
    0.60E-14    0.64E-14    0.69E-14    0.73E-14    0.79E-14  ^
    0.85E-14    0.93E-14    0.10E-13    0.12E-13    0.14E-13  ^
    0.16E-13    0.21E-13    0.28E-13    0.41E-13    0.64E-13  ^
    0.10E-12    0.17E-12    0.30E-12    0.51E-12    0.88E-12  ^
    0.15E-11    0.23E-11    0.35E-11    0.52E-11    0.72E-11  ^
    0.96E-11    0.12E-10    0.15E-10    0.18E-10    0.20E-10  ^
    0.24E-10    0.27E-10    0.31E-10    0.37E-10    0.43E-10  ^
    0.51E-10    0.61E-10    0.73E-10    0.86E-10    0.10E-09  ^
    0.12E-09    0.14E-09    0.16E-09    0.17E-09    0.19E-09  ^
    0.20E-09    0.21E-09    0.21E-09    0.21E-09    0.21E-09  ^
    0.20E-09    0.19E-09    0.18E-09    0.16E-09    0.15E-09  ^
    0.14E-09    0.13E-09    0.12E-09    0.11E-09    0.11E-09  ^
    0.10E-09    0.99E-10    0.93E-10    0.83E-10    0.64E-10  ^
    0.40E-10    0.23E-10    0.13E-10    0.82E-11    0.46E-11  ^
    0.24E-11    0.14E-11    0.95E-12    0.76E-12    0.67E-12  ^
    0.64E-12    0.64E-12    0.70E-12    0.79E-12    0.78E-12  ^

CLO     _ALT     0.34     1.02     1.70     2.38     3.06  ^
     3.74     4.42     5.10     5.78     6.46  ^
     7.14     7.82     8.50     9.18     9.86  ^
    10.54    11.22    11.90    12.58    13.26  ^
    13.94    14.62    15.30    15.98    16.66  ^
    17.34    18.02    18.70    19.38    20.06  ^
    20.74    21.42    22.10    22.78    23.46  ^
    24.14    24.82    25.50    26.18    26.86  ^
    27.54    28.22    28.90    29.58    30.26  ^
    30.94    31.62    32.30    32.98    33.66  ^
    34.34    35.02    35.70    36.38    37.06  ^
    37.74    38.42    39.10    39.78    40.46  ^
    41.14    41.82    42.50    43.18    43.86  ^
    44.54    45.22    45.90    46.58    47.26  ^
    47.94    48.62    49.30    49.98    50.66  ^
    51.34    52.02    52.70    53.38    54.06  ^
    54.74    55.42    56.10    56.78    57.46  ^
    58.14    58.82    59.50    60.18    60.86  ^
    61.54    62.22    62.90    63.58    64.26  ^
    64.94    65.62    66.30    66.98    67.66  ^

Molecule HCL     

HCL     _MR    0.64E-11    0.87E-11    0.12E-10    0.15E-10    0.19E-10  ^
    0.23E-10    0.27E-10    0.31E-10    0.35E-10    0.39E-10  ^
    0.42E-10    0.46E-10    0.49E-10    0.52E-10    0.55E-10  ^
    0.59E-10    0.62E-10    0.65E-10    0.68E-10    0.72E-10  ^
    0.76E-10    0.80E-10    0.84E-10    0.89E-10    0.93E-10  ^
    0.99E-10    0.10E-09    0.11E-09    0.12E-09    0.13E-09  ^
    0.15E-09    0.17E-09    0.20E-09    0.25E-09    0.31E-09  ^
    0.39E-09    0.51E-09    0.67E-09    0.86E-09    0.11E-08  ^
    0.14E-08    0.17E-08    0.20E-08    0.24E-08    0.28E-08  ^
    0.33E-08    0.37E-08    0.42E-08    0.47E-08    0.52E-08  ^
    0.57E-08    0.62E-08    0.67E-08    0.71E-08    0.75E-08  ^
    0.79E-08    0.82E-08    0.85E-08    0.87E-08    0.89E-08  ^
    0.91E-08    0.93E-08    0.94E-08    0.95E-08    0.96E-08  ^
    0.97E-08    0.98E-08    0.99E-08    0.10E-07    0.10E-07  ^
    0.10E-07    0.10E-07    0.10E-07    0.10E-07    0.11E-07  ^
    0.11E-07    0.11E-07    0.11E-07    0.11E-07    0.11E-07  ^
    0.11E-07    0.11E-07    0.11E-07    0.11E-07    0.11E-07  ^
    0.11E-07    0.11E-07    0.11E-07    0.11E-07    0.11E-07  ^
    0.11E-07    0.11E-07    0.11E-07    0.11E-07    0.11E-07  ^
    0.11E-07    0.11E-07    0.11E-07    0.11E-07    0.11E-07  ^

HCL     _ALT     0.34     1.02     1.70     2.38     3.06  ^
     3.74     4.42     5.10     5.78     6.46  ^
     7.14     7.82     8.50     9.18     9.86  ^
    10.54    11.22    11.90    12.58    13.26  ^
    13.94    14.62    15.30    15.98    16.66  ^
    17.34    18.02    18.70    19.38    20.06  ^
    20.74    21.42    22.10    22.78    23.46  ^
    24.14    24.82    25.50    26.18    26.86  ^
    27.54    28.22    28.90    29.58    30.26  ^
    30.94    31.62    32.30    32.98    33.66  ^
    34.34    35.02    35.70    36.38    37.06  ^
    37.74    38.42    39.10    39.78    40.46  ^
    41.14    41.82    42.50    43.18    43.86  ^
    44.54    45.22    45.90    46.58    47.26  ^
    47.94    48.62    49.30    49.98    50.66  ^
    51.34    52.02    52.70    53.38    54.06  ^
    54.74    55.42    56.10    56.78    57.46  ^
    58.14    58.82    59.50    60.18    60.86  ^
    61.54    62.22    62.90    63.58    64.26  ^
    64.94    65.62    66.30    66.98    67.66  ^

Molecule CLONO2  

CLONO2  _MR    0.17E-12    0.22E-12    0.27E-12    0.32E-12    0.37E-12  ^
    0.42E-12    0.46E-12    0.51E-12    0.54E-12    0.57E-12  ^
    0.58E-12    0.57E-12    0.53E-12    0.48E-12    0.40E-12  ^
    0.33E-12    0.26E-12    0.20E-12    0.15E-12    0.12E-12  ^
    0.11E-12    0.94E-13    0.87E-13    0.85E-13    0.85E-13  ^
    0.88E-13    0.92E-13    0.99E-13    0.11E-12    0.13E-12  ^
    0.16E-12    0.20E-12    0.29E-12    0.45E-12    0.73E-12  ^
    0.12E-11    0.22E-11    0.40E-11    0.70E-11    0.12E-10  ^
    0.20E-10    0.32E-10    0.48E-10    0.68E-10    0.91E-10  ^
    0.11E-09    0.14E-09    0.15E-09    0.16E-09    0.17E-09  ^
    0.17E-09    0.16E-09    0.15E-09    0.14E-09    0.13E-09  ^
    0.11E-09    0.98E-10    0.83E-10    0.69E-10    0.55E-10  ^
    0.43E-10    0.33E-10    0.24E-10    0.17E-10    0.12E-10  ^
    0.80E-11    0.51E-11    0.32E-11    0.19E-11    0.11E-11  ^
    0.63E-12    0.35E-12    0.19E-12    0.10E-12    0.56E-13  ^
    0.31E-13    0.17E-13    0.95E-14    0.54E-14    0.32E-14  ^
    0.19E-14    0.12E-14    0.70E-15    0.40E-15    0.21E-15  ^
    0.94E-16    0.44E-16    0.23E-16    0.12E-16    0.46E-17  ^
    0.14E-17    0.39E-18    0.14E-18    0.60E-19    0.31E-19  ^
    0.17E-19    0.98E-20    0.61E-20    0.42E-20    0.25E-20  ^

CLONO2  _ALT     0.34     1.02     1.70     2.38     3.06  ^
     3.74     4.42     5.10     5.78     6.46  ^
     7.14     7.82     8.50     9.18     9.86  ^
    10.54    11.22    11.90    12.58    13.26  ^
    13.94    14.62    15.30    15.98    16.66  ^
    17.34    18.02    18.70    19.38    20.06  ^
    20.74    21.42    22.10    22.78    23.46  ^
    24.14    24.82    25.50    26.18    26.86  ^
    27.54    28.22    28.90    29.58    30.26  ^
    30.94    31.62    32.30    32.98    33.66  ^
    34.34    35.02    35.70    36.38    37.06  ^
    37.74    38.42    39.10    39.78    40.46  ^
    41.14    41.82    42.50    43.18    43.86  ^
    44.54    45.22    45.90    46.58    47.26  ^
    47.94    48.62    49.30    49.98    50.66  ^
    51.34    52.02    52.70    53.38    54.06  ^
    54.74    55.42    56.10    56.78    57.46  ^
    58.14    58.82    59.50    60.18    60.86  ^
    61.54    62.22    62.90    63.58    64.26  ^
    64.94    65.62    66.30    66.98    67.66  ^

Molecule H2S     

H2S     _MR    0.75E-10    0.75E-10    0.76E-10    0.76E-10    0.76E-10  ^
    0.76E-10    0.76E-10    0.76E-10    0.75E-10    0.74E-10  ^
    0.73E-10    0.72E-10    0.70E-10    0.67E-10    0.64E-10  ^
    0.60E-10    0.57E-10    0.55E-10    0.52E-10    0.50E-10  ^
    0.47E-10    0.45E-10    0.43E-10    0.41E-10    0.39E-10  ^
    0.37E-10    0.35E-10    0.33E-10    0.31E-10    0.29E-10  ^
    0.26E-10    0.23E-10    0.19E-10    0.15E-10    0.12E-10  ^
    0.85E-11    0.55E-11    0.32E-11    0.17E-11    0.80E-12  ^
    0.33E-12    0.12E-12    0.37E-13    0.10E-13    0.23E-14  ^
    0.45E-15    0.77E-16    0.12E-16    0.16E-17    0.19E-18  ^
    0.20E-19    0.20E-20    0.18E-21    0.15E-22    0.11E-23  ^
    0.86E-25    0.71E-26    0.13E-26    0.77E-27    0.64E-27  ^
    0.56E-27    0.49E-27    0.44E-27    0.39E-27    0.35E-27  ^
    0.32E-27    0.30E-27    0.28E-27    0.27E-27    0.26E-27  ^
    0.26E-27    0.26E-27    0.27E-27    0.28E-27    0.29E-27  ^
    0.31E-27    0.33E-27    0.36E-27    0.39E-27    0.42E-27  ^
    0.46E-27    0.50E-27    0.55E-27    0.61E-27    0.71E-27  ^
    0.91E-27    0.12E-26    0.16E-26    0.17E-26    0.14E-26  ^
    0.88E-27    0.57E-27    0.42E-27    0.34E-27    0.29E-27  ^
    0.27E-27    0.25E-27    0.25E-27    0.25E-27    0.25E-27  ^

H2S     _ALT     0.34     1.02     1.70     2.38     3.06  ^
     3.74     4.42     5.10     5.78     6.46  ^
     7.14     7.82     8.50     9.18     9.86  ^
    10.54    11.22    11.90    12.58    13.26  ^
    13.94    14.62    15.30    15.98    16.66  ^
    17.34    18.02    18.70    19.38    20.06  ^
    20.74    21.42    22.10    22.78    23.46  ^
    24.14    24.82    25.50    26.18    26.86  ^
    27.54    28.22    28.90    29.58    30.26  ^
    30.94    31.62    32.30    32.98    33.66  ^
    34.34    35.02    35.70    36.38    37.06  ^
    37.74    38.42    39.10    39.78    40.46  ^
    41.14    41.82    42.50    43.18    43.86  ^
    44.54    45.22    45.90    46.58    47.26  ^
    47.94    48.62    49.30    49.98    50.66  ^
    51.34    52.02    52.70    53.38    54.06  ^
    54.74    55.42    56.10    56.78    57.46  ^
    58.14    58.82    59.50    60.18    60.86  ^
    61.54    62.22    62.90    63.58    64.26  ^
    64.94    65.62    66.30    66.98    67.66  ^

Molecule HS      

HS      _MR    0.20E-17    0.24E-17    0.28E-17    0.32E-17    0.37E-17  ^
    0.43E-17    0.49E-17    0.55E-17    0.61E-17    0.66E-17  ^
    0.71E-17    0.74E-17    0.75E-17    0.70E-17    0.60E-17  ^
    0.50E-17    0.42E-17    0.38E-17    0.36E-17    0.37E-17  ^
    0.38E-17    0.40E-17    0.42E-17    0.45E-17    0.48E-17  ^
    0.52E-17    0.55E-17    0.60E-17    0.64E-17    0.67E-17  ^
    0.67E-17    0.65E-17    0.60E-17    0.49E-17    0.38E-17  ^
    0.29E-17    0.19E-17    0.12E-17    0.68E-18    0.36E-18  ^
    0.17E-18    0.72E-19    0.27E-19    0.86E-20    0.24E-20  ^
    0.58E-21    0.13E-21    0.24E-22    0.40E-23    0.60E-24  ^
    0.82E-25    0.10E-25    0.13E-26    0.27E-27    0.14E-27  ^
    0.11E-27    0.92E-28    0.81E-28    0.74E-28    0.68E-28  ^
    0.63E-28    0.59E-28    0.57E-28    0.55E-28    0.53E-28  ^
    0.53E-28    0.53E-28    0.54E-28    0.56E-28    0.59E-28  ^
    0.62E-28    0.67E-28    0.72E-28    0.79E-28    0.86E-28  ^
    0.96E-28    0.11E-27    0.12E-27    0.13E-27    0.15E-27  ^
    0.17E-27    0.18E-27    0.20E-27    0.23E-27    0.26E-27  ^
    0.32E-27    0.42E-27    0.53E-27    0.56E-27    0.45E-27  ^
    0.29E-27    0.21E-27    0.17E-27    0.17E-27    0.17E-27  ^
    0.18E-27    0.20E-27    0.23E-27    0.28E-27    0.32E-27  ^

HS      _ALT     0.34     1.02     1.70     2.38     3.06  ^
     3.74     4.42     5.10     5.78     6.46  ^
     7.14     7.82     8.50     9.18     9.86  ^
    10.54    11.22    11.90    12.58    13.26  ^
    13.94    14.62    15.30    15.98    16.66  ^
    17.34    18.02    18.70    19.38    20.06  ^
    20.74    21.42    22.10    22.78    23.46  ^
    24.14    24.82    25.50    26.18    26.86  ^
    27.54    28.22    28.90    29.58    30.26  ^
    30.94    31.62    32.30    32.98    33.66  ^
    34.34    35.02    35.70    36.38    37.06  ^
    37.74    38.42    39.10    39.78    40.46  ^
    41.14    41.82    42.50    43.18    43.86  ^
    44.54    45.22    45.90    46.58    47.26  ^
    47.94    48.62    49.30    49.98    50.66  ^
    51.34    52.02    52.70    53.38    54.06  ^
    54.74    55.42    56.10    56.78    57.46  ^
    58.14    58.82    59.50    60.18    60.86  ^
    61.54    62.22    62.90    63.58    64.26  ^
    64.94    65.62    66.30    66.98    67.66  ^

Molecule SO      

SO      _MR    0.14E-19    0.22E-19    0.31E-19    0.44E-19    0.61E-19  ^
    0.83E-19    0.11E-18    0.15E-18    0.19E-18    0.25E-18  ^
    0.31E-18    0.38E-18    0.46E-18    0.52E-18    0.55E-18  ^
    0.57E-18    0.62E-18    0.73E-18    0.91E-18    0.11E-17  ^
    0.13E-17    0.16E-17    0.19E-17    0.23E-17    0.27E-17  ^
    0.34E-17    0.42E-17    0.52E-17    0.66E-17    0.84E-17  ^
    0.11E-16    0.13E-16    0.17E-16    0.20E-16    0.23E-16  ^
    0.27E-16    0.31E-16    0.34E-16    0.38E-16    0.41E-16  ^
    0.45E-16    0.47E-16    0.49E-16    0.50E-16    0.49E-16  ^
    0.46E-16    0.43E-16    0.38E-16    0.33E-16    0.28E-16  ^
    0.23E-16    0.19E-16    0.15E-16    0.12E-16    0.94E-17  ^
    0.74E-17    0.58E-17    0.46E-17    0.37E-17    0.30E-17  ^
    0.25E-17    0.22E-17    0.19E-17    0.17E-17    0.16E-17  ^
    0.15E-17    0.14E-17    0.14E-17    0.14E-17    0.14E-17  ^
    0.15E-17    0.15E-17    0.16E-17    0.18E-17    0.19E-17  ^
    0.22E-17    0.24E-17    0.28E-17    0.33E-17    0.38E-17  ^
    0.45E-17    0.53E-17    0.62E-17    0.72E-17    0.81E-17  ^
    0.89E-17    0.93E-17    0.96E-17    0.10E-16    0.12E-16  ^
    0.17E-16    0.24E-16    0.34E-16    0.48E-16    0.68E-16  ^
    0.98E-16    0.14E-15    0.20E-15    0.28E-15    0.38E-15  ^

SO      _ALT     0.34     1.02     1.70     2.38     3.06  ^
     3.74     4.42     5.10     5.78     6.46  ^
     7.14     7.82     8.50     9.18     9.86  ^
    10.54    11.22    11.90    12.58    13.26  ^
    13.94    14.62    15.30    15.98    16.66  ^
    17.34    18.02    18.70    19.38    20.06  ^
    20.74    21.42    22.10    22.78    23.46  ^
    24.14    24.82    25.50    26.18    26.86  ^
    27.54    28.22    28.90    29.58    30.26  ^
    30.94    31.62    32.30    32.98    33.66  ^
    34.34    35.02    35.70    36.38    37.06  ^
    37.74    38.42    39.10    39.78    40.46  ^
    41.14    41.82    42.50    43.18    43.86  ^
    44.54    45.22    45.90    46.58    47.26  ^
    47.94    48.62    49.30    49.98    50.66  ^
    51.34    52.02    52.70    53.38    54.06  ^
    54.74    55.42    56.10    56.78    57.46  ^
    58.14    58.82    59.50    60.18    60.86  ^
    61.54    62.22    62.90    63.58    64.26  ^
    64.94    65.62    66.30    66.98    67.66  ^

Molecule SO2     

SO2     _MR    0.68E-10    0.11E-09    0.16E-09    0.21E-09    0.26E-09  ^
    0.31E-09    0.36E-09    0.41E-09    0.46E-09    0.51E-09  ^
    0.54E-09    0.58E-09    0.60E-09    0.61E-09    0.60E-09  ^
    0.60E-09    0.59E-09    0.59E-09    0.58E-09    0.58E-09  ^
    0.57E-09    0.57E-09    0.57E-09    0.56E-09    0.56E-09  ^
    0.55E-09    0.55E-09    0.54E-09    0.54E-09    0.53E-09  ^
    0.52E-09    0.51E-09    0.50E-09    0.47E-09    0.45E-09  ^
    0.42E-09    0.38E-09    0.33E-09    0.29E-09    0.24E-09  ^
    0.20E-09    0.15E-09    0.12E-09    0.87E-10    0.62E-10  ^
    0.43E-10    0.29E-10    0.20E-10    0.13E-10    0.81E-11  ^
    0.51E-11    0.32E-11    0.20E-11    0.12E-11    0.77E-12  ^
    0.49E-12    0.31E-12    0.20E-12    0.14E-12    0.93E-13  ^
    0.66E-13    0.47E-13    0.35E-13    0.26E-13    0.20E-13  ^
    0.16E-13    0.13E-13    0.11E-13    0.91E-14    0.79E-14  ^
    0.69E-14    0.62E-14    0.56E-14    0.51E-14    0.47E-14  ^
    0.44E-14    0.42E-14    0.39E-14    0.38E-14    0.36E-14  ^
    0.35E-14    0.33E-14    0.32E-14    0.31E-14    0.31E-14  ^
    0.30E-14    0.29E-14    0.28E-14    0.28E-14    0.27E-14  ^
    0.27E-14    0.26E-14    0.26E-14    0.25E-14    0.25E-14  ^
    0.25E-14    0.24E-14    0.23E-14    0.23E-14    0.22E-14  ^

SO2     _ALT     0.34     1.02     1.70     2.38     3.06  ^
     3.74     4.42     5.10     5.78     6.46  ^
     7.14     7.82     8.50     9.18     9.86  ^
    10.54    11.22    11.90    12.58    13.26  ^
    13.94    14.62    15.30    15.98    16.66  ^
    17.34    18.02    18.70    19.38    20.06  ^
    20.74    21.42    22.10    22.78    23.46  ^
    24.14    24.82    25.50    26.18    26.86  ^
    27.54    28.22    28.90    29.58    30.26  ^
    30.94    31.62    32.30    32.98    33.66  ^
    34.34    35.02    35.70    36.38    37.06  ^
    37.74    38.42    39.10    39.78    40.46  ^
    41.14    41.82    42.50    43.18    43.86  ^
    44.54    45.22    45.90    46.58    47.26  ^
    47.94    48.62    49.30    49.98    50.66  ^
    51.34    52.02    52.70    53.38    54.06  ^
    54.74    55.42    56.10    56.78    57.46  ^
    58.14    58.82    59.50    60.18    60.86  ^
    61.54    62.22    62.90    63.58    64.26  ^
    64.94    65.62    66.30    66.98    67.66  ^

Molecule H2SO4   

H2SO4   _MR    0.98E-13    0.18E-12    0.28E-12    0.41E-12    0.58E-12  ^
    0.77E-12    0.98E-12    0.12E-11    0.14E-11    0.16E-11  ^
    0.18E-11    0.19E-11    0.19E-11    0.18E-11    0.16E-11  ^
    0.14E-11    0.12E-11    0.10E-11    0.95E-12    0.90E-12  ^
    0.88E-12    0.87E-12    0.87E-12    0.87E-12    0.88E-12  ^
    0.90E-12    0.92E-12    0.94E-12    0.97E-12    0.10E-11  ^
    0.10E-11    0.11E-11    0.11E-11    0.11E-11    0.12E-11  ^
    0.11E-11    0.11E-11    0.11E-11    0.11E-11    0.10E-11  ^
    0.97E-12    0.88E-12    0.77E-12    0.65E-12    0.53E-12  ^
    0.41E-12    0.31E-12    0.22E-12    0.16E-12    0.11E-12  ^
    0.71E-13    0.47E-13    0.30E-13    0.19E-13    0.12E-13  ^
    0.77E-14    0.48E-14    0.30E-14    0.19E-14    0.12E-14  ^
    0.81E-15    0.54E-15    0.37E-15    0.25E-15    0.18E-15  ^
    0.13E-15    0.95E-16    0.71E-16    0.54E-16    0.42E-16  ^
    0.33E-16    0.26E-16    0.21E-16    0.17E-16    0.14E-16  ^
    0.11E-16    0.92E-17    0.75E-17    0.63E-17    0.53E-17  ^
    0.45E-17    0.39E-17    0.33E-17    0.29E-17    0.26E-17  ^
    0.25E-17    0.25E-17    0.27E-17    0.28E-17    0.27E-17  ^
    0.24E-17    0.22E-17    0.20E-17    0.18E-17    0.16E-17  ^
    0.14E-17    0.12E-17    0.94E-18    0.75E-18    0.60E-18  ^

H2SO4   _ALT     0.34     1.02     1.70     2.38     3.06  ^
     3.74     4.42     5.10     5.78     6.46  ^
     7.14     7.82     8.50     9.18     9.86  ^
    10.54    11.22    11.90    12.58    13.26  ^
    13.94    14.62    15.30    15.98    16.66  ^
    17.34    18.02    18.70    19.38    20.06  ^
    20.74    21.42    22.10    22.78    23.46  ^
    24.14    24.82    25.50    26.18    26.86  ^
    27.54    28.22    28.90    29.58    30.26  ^
    30.94    31.62    32.30    32.98    33.66  ^
    34.34    35.02    35.70    36.38    37.06  ^
    37.74    38.42    39.10    39.78    40.46  ^
    41.14    41.82    42.50    43.18    43.86  ^
    44.54    45.22    45.90    46.58    47.26  ^
    47.94    48.62    49.30    49.98    50.66  ^
    51.34    52.02    52.70    53.38    54.06  ^
    54.74    55.42    56.10    56.78    57.46  ^
    58.14    58.82    59.50    60.18    60.86  ^
    61.54    62.22    62.90    63.58    64.26  ^
    64.94    65.62    66.30    66.98    67.66  ^

Molecule HSO     

HSO     _MR    0.60E-12    0.91E-12    0.11E-11    0.13E-11    0.15E-11  ^
    0.16E-11    0.17E-11    0.17E-11    0.18E-11    0.18E-11  ^
    0.18E-11    0.17E-11    0.16E-11    0.16E-11    0.14E-11  ^
    0.13E-11    0.12E-11    0.11E-11    0.10E-11    0.96E-12  ^
    0.88E-12    0.82E-12    0.76E-12    0.71E-12    0.66E-12  ^
    0.62E-12    0.58E-12    0.54E-12    0.49E-12    0.45E-12  ^
    0.40E-12    0.34E-12    0.28E-12    0.21E-12    0.15E-12  ^
    0.97E-13    0.56E-13    0.29E-13    0.14E-13    0.62E-14  ^
    0.24E-14    0.83E-15    0.25E-15    0.65E-16    0.14E-16  ^
    0.28E-17    0.48E-18    0.73E-19    0.97E-20    0.12E-20  ^
    0.13E-21    0.13E-22    0.13E-23    0.21E-24    0.84E-25  ^
    0.53E-25    0.36E-25    0.25E-25    0.18E-25    0.13E-25  ^
    0.98E-26    0.73E-26    0.56E-26    0.43E-26    0.34E-26  ^
    0.27E-26    0.23E-26    0.19E-26    0.17E-26    0.15E-26  ^
    0.14E-26    0.13E-26    0.13E-26    0.13E-26    0.14E-26  ^
    0.15E-26    0.17E-26    0.20E-26    0.24E-26    0.30E-26  ^
    0.37E-26    0.46E-26    0.58E-26    0.73E-26    0.94E-26  ^
    0.13E-25    0.17E-25    0.23E-25    0.31E-25    0.38E-25  ^
    0.46E-25    0.56E-25    0.72E-25    0.96E-25    0.13E-24  ^
    0.17E-24    0.22E-24    0.29E-24    0.37E-24    0.44E-24  ^

HSO     _ALT     0.34     1.02     1.70     2.38     3.06  ^
     3.74     4.42     5.10     5.78     6.46  ^
     7.14     7.82     8.50     9.18     9.86  ^
    10.54    11.22    11.90    12.58    13.26  ^
    13.94    14.62    15.30    15.98    16.66  ^
    17.34    18.02    18.70    19.38    20.06  ^
    20.74    21.42    22.10    22.78    23.46  ^
    24.14    24.82    25.50    26.18    26.86  ^
    27.54    28.22    28.90    29.58    30.26  ^
    30.94    31.62    32.30    32.98    33.66  ^
    34.34    35.02    35.70    36.38    37.06  ^
    37.74    38.42    39.10    39.78    40.46  ^
    41.14    41.82    42.50    43.18    43.86  ^
    44.54    45.22    45.90    46.58    47.26  ^
    47.94    48.62    49.30    49.98    50.66  ^
    51.34    52.02    52.70    53.38    54.06  ^
    54.74    55.42    56.10    56.78    57.46  ^
    58.14    58.82    59.50    60.18    60.86  ^
    61.54    62.22    62.90    63.58    64.26  ^
    64.94    65.62    66.30    66.98    67.66  ^
