
Molecule O2      

O2      _MR    0.21E+00    0.21E+00    0.21E+00    0.21E+00    0.21E+00  ^
    0.21E+00    0.21E+00    0.21E+00    0.21E+00    0.21E+00  ^
    0.21E+00    0.21E+00    0.21E+00    0.21E+00    0.21E+00  ^
    0.21E+00    0.21E+00    0.21E+00    0.21E+00    0.21E+00  ^
    0.21E+00    0.21E+00    0.21E+00    0.21E+00    0.21E+00  ^
    0.21E+00    0.21E+00    0.21E+00    0.21E+00    0.21E+00  ^
    0.21E+00    0.21E+00    0.21E+00    0.21E+00    0.21E+00  ^
    0.21E+00    0.21E+00    0.21E+00    0.21E+00    0.21E+00  ^
    0.21E+00    0.21E+00    0.21E+00    0.21E+00    0.21E+00  ^
    0.21E+00    0.21E+00    0.21E+00    0.21E+00    0.21E+00  ^
    0.21E+00    0.21E+00    0.21E+00    0.21E+00    0.21E+00  ^
    0.21E+00    0.21E+00    0.21E+00    0.21E+00    0.21E+00  ^
    0.21E+00    0.21E+00    0.21E+00    0.21E+00    0.21E+00  ^
    0.21E+00    0.21E+00    0.21E+00    0.21E+00    0.21E+00  ^
    0.21E+00    0.21E+00    0.21E+00    0.21E+00    0.21E+00  ^
    0.21E+00    0.21E+00    0.21E+00    0.21E+00    0.21E+00  ^
    0.21E+00    0.21E+00    0.21E+00    0.21E+00    0.21E+00  ^
    0.21E+00    0.21E+00    0.21E+00    0.21E+00    0.21E+00  ^
    0.21E+00    0.21E+00    0.21E+00    0.21E+00    0.21E+00  ^
    0.21E+00    0.21E+00    0.21E+00    0.21E+00    0.21E+00  ^

O2      _ALT     0.34     1.02     1.70     2.38     3.06  ^
     3.74     4.42     5.10     5.78     6.46  ^
     7.14     7.82     8.50     9.18     9.86  ^
    10.54    11.22    11.90    12.58    13.26  ^
    13.94    14.62    15.30    15.98    16.66  ^
    17.34    18.02    18.70    19.38    20.06  ^
    20.74    21.42    22.10    22.78    23.46  ^
    24.14    24.82    25.50    26.18    26.86  ^
    27.54    28.22    28.90    29.58    30.26  ^
    30.94    31.62    32.30    32.98    33.66  ^
    34.34    35.02    35.70    36.38    37.06  ^
    37.74    38.42    39.10    39.78    40.46  ^
    41.14    41.82    42.50    43.18    43.86  ^
    44.54    45.22    45.90    46.58    47.26  ^
    47.94    48.62    49.30    49.98    50.66  ^
    51.34    52.02    52.70    53.38    54.06  ^
    54.74    55.42    56.10    56.78    57.46  ^
    58.14    58.82    59.50    60.18    60.86  ^
    61.54    62.22    62.90    63.58    64.26  ^
    64.94    65.62    66.30    66.98    67.66  ^

Molecule CO2     

CO2     _MR    0.36E-03    0.36E-03    0.36E-03    0.36E-03    0.36E-03  ^
    0.36E-03    0.36E-03    0.36E-03    0.36E-03    0.36E-03  ^
    0.36E-03    0.36E-03    0.36E-03    0.36E-03    0.36E-03  ^
    0.36E-03    0.36E-03    0.36E-03    0.36E-03    0.36E-03  ^
    0.36E-03    0.36E-03    0.36E-03    0.36E-03    0.36E-03  ^
    0.36E-03    0.36E-03    0.36E-03    0.36E-03    0.36E-03  ^
    0.36E-03    0.36E-03    0.36E-03    0.36E-03    0.36E-03  ^
    0.36E-03    0.36E-03    0.36E-03    0.36E-03    0.36E-03  ^
    0.36E-03    0.36E-03    0.36E-03    0.36E-03    0.36E-03  ^
    0.36E-03    0.36E-03    0.36E-03    0.36E-03    0.36E-03  ^
    0.36E-03    0.36E-03    0.36E-03    0.36E-03    0.36E-03  ^
    0.36E-03    0.36E-03    0.36E-03    0.36E-03    0.36E-03  ^
    0.36E-03    0.36E-03    0.36E-03    0.36E-03    0.36E-03  ^
    0.36E-03    0.36E-03    0.36E-03    0.36E-03    0.36E-03  ^
    0.36E-03    0.36E-03    0.36E-03    0.36E-03    0.36E-03  ^
    0.36E-03    0.36E-03    0.36E-03    0.36E-03    0.36E-03  ^
    0.36E-03    0.36E-03    0.36E-03    0.36E-03    0.36E-03  ^
    0.36E-03    0.36E-03    0.36E-03    0.36E-03    0.36E-03  ^
    0.36E-03    0.36E-03    0.36E-03    0.36E-03    0.36E-03  ^
    0.36E-03    0.36E-03    0.36E-03    0.36E-03    0.36E-03  ^

CO2     _ALT     0.34     1.02     1.70     2.38     3.06  ^
     3.74     4.42     5.10     5.78     6.46  ^
     7.14     7.82     8.50     9.18     9.86  ^
    10.54    11.22    11.90    12.58    13.26  ^
    13.94    14.62    15.30    15.98    16.66  ^
    17.34    18.02    18.70    19.38    20.06  ^
    20.74    21.42    22.10    22.78    23.46  ^
    24.14    24.82    25.50    26.18    26.86  ^
    27.54    28.22    28.90    29.58    30.26  ^
    30.94    31.62    32.30    32.98    33.66  ^
    34.34    35.02    35.70    36.38    37.06  ^
    37.74    38.42    39.10    39.78    40.46  ^
    41.14    41.82    42.50    43.18    43.86  ^
    44.54    45.22    45.90    46.58    47.26  ^
    47.94    48.62    49.30    49.98    50.66  ^
    51.34    52.02    52.70    53.38    54.06  ^
    54.74    55.42    56.10    56.78    57.46  ^
    58.14    58.82    59.50    60.18    60.86  ^
    61.54    62.22    62.90    63.58    64.26  ^
    64.94    65.62    66.30    66.98    67.66  ^

Molecule H2CO    

H2CO    _MR    0.20E-09    0.21E-09    0.21E-09    0.20E-09    0.19E-09  ^
    0.17E-09    0.14E-09    0.11E-09    0.78E-10    0.56E-10  ^
    0.40E-10    0.29E-10    0.22E-10    0.17E-10    0.13E-10  ^
    0.11E-10    0.10E-10    0.97E-11    0.10E-10    0.11E-10  ^
    0.11E-10    0.12E-10    0.12E-10    0.13E-10    0.14E-10  ^
    0.15E-10    0.17E-10    0.18E-10    0.20E-10    0.22E-10  ^
    0.24E-10    0.27E-10    0.30E-10    0.34E-10    0.38E-10  ^
    0.43E-10    0.48E-10    0.54E-10    0.61E-10    0.70E-10  ^
    0.79E-10    0.89E-10    0.10E-09    0.11E-09    0.12E-09  ^
    0.14E-09    0.15E-09    0.16E-09    0.17E-09    0.18E-09  ^
    0.19E-09    0.19E-09    0.18E-09    0.18E-09    0.16E-09  ^
    0.15E-09    0.14E-09    0.12E-09    0.10E-09    0.90E-10  ^
    0.75E-10    0.62E-10    0.51E-10    0.40E-10    0.32E-10  ^
    0.25E-10    0.19E-10    0.15E-10    0.11E-10    0.88E-11  ^
    0.68E-11    0.53E-11    0.42E-11    0.34E-11    0.27E-11  ^
    0.22E-11    0.18E-11    0.16E-11    0.13E-11    0.12E-11  ^
    0.10E-11    0.91E-12    0.82E-12    0.76E-12    0.70E-12  ^
    0.66E-12    0.63E-12    0.61E-12    0.60E-12    0.59E-12  ^
    0.58E-12    0.58E-12    0.58E-12    0.57E-12    0.56E-12  ^
    0.54E-12    0.52E-12    0.49E-12    0.45E-12    0.39E-12  ^

H2CO    _ALT     0.34     1.02     1.70     2.38     3.06  ^
     3.74     4.42     5.10     5.78     6.46  ^
     7.14     7.82     8.50     9.18     9.86  ^
    10.54    11.22    11.90    12.58    13.26  ^
    13.94    14.62    15.30    15.98    16.66  ^
    17.34    18.02    18.70    19.38    20.06  ^
    20.74    21.42    22.10    22.78    23.46  ^
    24.14    24.82    25.50    26.18    26.86  ^
    27.54    28.22    28.90    29.58    30.26  ^
    30.94    31.62    32.30    32.98    33.66  ^
    34.34    35.02    35.70    36.38    37.06  ^
    37.74    38.42    39.10    39.78    40.46  ^
    41.14    41.82    42.50    43.18    43.86  ^
    44.54    45.22    45.90    46.58    47.26  ^
    47.94    48.62    49.30    49.98    50.66  ^
    51.34    52.02    52.70    53.38    54.06  ^
    54.74    55.42    56.10    56.78    57.46  ^
    58.14    58.82    59.50    60.18    60.86  ^
    61.54    62.22    62.90    63.58    64.26  ^
    64.94    65.62    66.30    66.98    67.66  ^

Molecule O       

O       _MR    0.11E-15    0.13E-15    0.17E-15    0.20E-15    0.24E-15  ^
    0.29E-15    0.35E-15    0.40E-15    0.47E-15    0.53E-15  ^
    0.61E-15    0.69E-15    0.83E-15    0.10E-14    0.14E-14  ^
    0.21E-14    0.34E-14    0.61E-14    0.99E-14    0.16E-13  ^
    0.25E-13    0.38E-13    0.58E-13    0.88E-13    0.13E-12  ^
    0.19E-12    0.28E-12    0.40E-12    0.58E-12    0.84E-12  ^
    0.12E-11    0.17E-11    0.25E-11    0.36E-11    0.52E-11  ^
    0.76E-11    0.11E-10    0.16E-10    0.24E-10    0.35E-10  ^
    0.52E-10    0.76E-10    0.11E-09    0.16E-09    0.24E-09  ^
    0.35E-09    0.51E-09    0.74E-09    0.11E-08    0.15E-08  ^
    0.21E-08    0.30E-08    0.42E-08    0.57E-08    0.78E-08  ^
    0.11E-07    0.14E-07    0.19E-07    0.25E-07    0.33E-07  ^
    0.43E-07    0.56E-07    0.72E-07    0.92E-07    0.12E-06  ^
    0.15E-06    0.18E-06    0.22E-06    0.26E-06    0.31E-06  ^
    0.37E-06    0.43E-06    0.50E-06    0.57E-06    0.64E-06  ^
    0.72E-06    0.81E-06    0.90E-06    0.99E-06    0.11E-05  ^
    0.12E-05    0.13E-05    0.14E-05    0.15E-05    0.16E-05  ^
    0.17E-05    0.18E-05    0.19E-05    0.20E-05    0.21E-05  ^
    0.21E-05    0.22E-05    0.23E-05    0.24E-05    0.25E-05  ^
    0.27E-05    0.30E-05    0.34E-05    0.44E-05    0.73E-05  ^

O       _ALT     0.34     1.02     1.70     2.38     3.06  ^
     3.74     4.42     5.10     5.78     6.46  ^
     7.14     7.82     8.50     9.18     9.86  ^
    10.54    11.22    11.90    12.58    13.26  ^
    13.94    14.62    15.30    15.98    16.66  ^
    17.34    18.02    18.70    19.38    20.06  ^
    20.74    21.42    22.10    22.78    23.46  ^
    24.14    24.82    25.50    26.18    26.86  ^
    27.54    28.22    28.90    29.58    30.26  ^
    30.94    31.62    32.30    32.98    33.66  ^
    34.34    35.02    35.70    36.38    37.06  ^
    37.74    38.42    39.10    39.78    40.46  ^
    41.14    41.82    42.50    43.18    43.86  ^
    44.54    45.22    45.90    46.58    47.26  ^
    47.94    48.62    49.30    49.98    50.66  ^
    51.34    52.02    52.70    53.38    54.06  ^
    54.74    55.42    56.10    56.78    57.46  ^
    58.14    58.82    59.50    60.18    60.86  ^
    61.54    62.22    62.90    63.58    64.26  ^
    64.94    65.62    66.30    66.98    67.66  ^

Molecule H2O     

H2O     _MR    0.66E-02    0.50E-02    0.36E-02    0.25E-02    0.17E-02  ^
    0.11E-02    0.63E-03    0.36E-03    0.19E-03    0.95E-04  ^
    0.45E-04    0.20E-04    0.12E-04    0.74E-05    0.52E-05  ^
    0.49E-05    0.49E-05    0.50E-05    0.51E-05    0.52E-05  ^
    0.54E-05    0.55E-05    0.57E-05    0.59E-05    0.61E-05  ^
    0.63E-05    0.65E-05    0.67E-05    0.70E-05    0.72E-05  ^
    0.74E-05    0.76E-05    0.78E-05    0.80E-05    0.82E-05  ^
    0.84E-05    0.87E-05    0.89E-05    0.91E-05    0.93E-05  ^
    0.96E-05    0.98E-05    0.10E-04    0.10E-04    0.11E-04  ^
    0.11E-04    0.11E-04    0.11E-04    0.12E-04    0.12E-04  ^
    0.12E-04    0.12E-04    0.12E-04    0.13E-04    0.13E-04  ^
    0.13E-04    0.13E-04    0.13E-04    0.13E-04    0.13E-04  ^
    0.14E-04    0.14E-04    0.14E-04    0.14E-04    0.14E-04  ^
    0.14E-04    0.14E-04    0.14E-04    0.14E-04    0.14E-04  ^
    0.14E-04    0.14E-04    0.14E-04    0.14E-04    0.14E-04  ^
    0.14E-04    0.14E-04    0.14E-04    0.13E-04    0.13E-04  ^
    0.13E-04    0.13E-04    0.13E-04    0.13E-04    0.13E-04  ^
    0.13E-04    0.12E-04    0.12E-04    0.12E-04    0.12E-04  ^
    0.12E-04    0.11E-04    0.11E-04    0.11E-04    0.11E-04  ^
    0.10E-04    0.10E-04    0.97E-05    0.94E-05    0.91E-05  ^

H2O     _ALT     0.34     1.02     1.70     2.38     3.06  ^
     3.74     4.42     5.10     5.78     6.46  ^
     7.14     7.82     8.50     9.18     9.86  ^
    10.54    11.22    11.90    12.58    13.26  ^
    13.94    14.62    15.30    15.98    16.66  ^
    17.34    18.02    18.70    19.38    20.06  ^
    20.74    21.42    22.10    22.78    23.46  ^
    24.14    24.82    25.50    26.18    26.86  ^
    27.54    28.22    28.90    29.58    30.26  ^
    30.94    31.62    32.30    32.98    33.66  ^
    34.34    35.02    35.70    36.38    37.06  ^
    37.74    38.42    39.10    39.78    40.46  ^
    41.14    41.82    42.50    43.18    43.86  ^
    44.54    45.22    45.90    46.58    47.26  ^
    47.94    48.62    49.30    49.98    50.66  ^
    51.34    52.02    52.70    53.38    54.06  ^
    54.74    55.42    56.10    56.78    57.46  ^
    58.14    58.82    59.50    60.18    60.86  ^
    61.54    62.22    62.90    63.58    64.26  ^
    64.94    65.62    66.30    66.98    67.66  ^

Molecule OH      

OH      _MR    0.26E-13    0.31E-13    0.36E-13    0.42E-13    0.49E-13  ^
    0.54E-13    0.57E-13    0.54E-13    0.50E-13    0.46E-13  ^
    0.44E-13    0.44E-13    0.44E-13    0.44E-13    0.41E-13  ^
    0.41E-13    0.41E-13    0.44E-13    0.51E-13    0.61E-13  ^
    0.72E-13    0.84E-13    0.99E-13    0.12E-12    0.14E-12  ^
    0.17E-12    0.20E-12    0.25E-12    0.30E-12    0.37E-12  ^
    0.46E-12    0.56E-12    0.68E-12    0.84E-12    0.10E-11  ^
    0.13E-11    0.15E-11    0.19E-11    0.23E-11    0.29E-11  ^
    0.36E-11    0.45E-11    0.56E-11    0.71E-11    0.90E-11  ^
    0.11E-10    0.15E-10    0.19E-10    0.24E-10    0.32E-10  ^
    0.42E-10    0.55E-10    0.72E-10    0.95E-10    0.13E-09  ^
    0.16E-09    0.22E-09    0.28E-09    0.36E-09    0.46E-09  ^
    0.58E-09    0.72E-09    0.86E-09    0.10E-08    0.12E-08  ^
    0.13E-08    0.15E-08    0.16E-08    0.18E-08    0.19E-08  ^
    0.20E-08    0.22E-08    0.23E-08    0.25E-08    0.27E-08  ^
    0.29E-08    0.30E-08    0.32E-08    0.35E-08    0.37E-08  ^
    0.40E-08    0.42E-08    0.46E-08    0.49E-08    0.53E-08  ^
    0.57E-08    0.62E-08    0.67E-08    0.73E-08    0.81E-08  ^
    0.89E-08    0.10E-07    0.11E-07    0.13E-07    0.15E-07  ^
    0.17E-07    0.20E-07    0.24E-07    0.30E-07    0.40E-07  ^

OH      _ALT     0.34     1.02     1.70     2.38     3.06  ^
     3.74     4.42     5.10     5.78     6.46  ^
     7.14     7.82     8.50     9.18     9.86  ^
    10.54    11.22    11.90    12.58    13.26  ^
    13.94    14.62    15.30    15.98    16.66  ^
    17.34    18.02    18.70    19.38    20.06  ^
    20.74    21.42    22.10    22.78    23.46  ^
    24.14    24.82    25.50    26.18    26.86  ^
    27.54    28.22    28.90    29.58    30.26  ^
    30.94    31.62    32.30    32.98    33.66  ^
    34.34    35.02    35.70    36.38    37.06  ^
    37.74    38.42    39.10    39.78    40.46  ^
    41.14    41.82    42.50    43.18    43.86  ^
    44.54    45.22    45.90    46.58    47.26  ^
    47.94    48.62    49.30    49.98    50.66  ^
    51.34    52.02    52.70    53.38    54.06  ^
    54.74    55.42    56.10    56.78    57.46  ^
    58.14    58.82    59.50    60.18    60.86  ^
    61.54    62.22    62.90    63.58    64.26  ^
    64.94    65.62    66.30    66.98    67.66  ^

Molecule HO2     

HO2     _MR    0.72E-11    0.75E-11    0.75E-11    0.74E-11    0.71E-11  ^
    0.66E-11    0.58E-11    0.48E-11    0.37E-11    0.27E-11  ^
    0.18E-11    0.13E-11    0.99E-12    0.79E-12    0.62E-12  ^
    0.57E-12    0.55E-12    0.57E-12    0.64E-12    0.72E-12  ^
    0.82E-12    0.94E-12    0.11E-11    0.13E-11    0.15E-11  ^
    0.19E-11    0.23E-11    0.28E-11    0.36E-11    0.45E-11  ^
    0.57E-11    0.72E-11    0.90E-11    0.11E-10    0.14E-10  ^
    0.18E-10    0.22E-10    0.28E-10    0.35E-10    0.43E-10  ^
    0.53E-10    0.66E-10    0.81E-10    0.10E-09    0.12E-09  ^
    0.15E-09    0.18E-09    0.21E-09    0.24E-09    0.28E-09  ^
    0.32E-09    0.36E-09    0.39E-09    0.42E-09    0.45E-09  ^
    0.47E-09    0.49E-09    0.50E-09    0.51E-09    0.51E-09  ^
    0.52E-09    0.52E-09    0.54E-09    0.55E-09    0.58E-09  ^
    0.61E-09    0.65E-09    0.69E-09    0.73E-09    0.78E-09  ^
    0.83E-09    0.89E-09    0.95E-09    0.10E-08    0.11E-08  ^
    0.12E-08    0.12E-08    0.13E-08    0.14E-08    0.15E-08  ^
    0.16E-08    0.17E-08    0.19E-08    0.20E-08    0.22E-08  ^
    0.24E-08    0.26E-08    0.28E-08    0.31E-08    0.34E-08  ^
    0.38E-08    0.43E-08    0.48E-08    0.55E-08    0.64E-08  ^
    0.74E-08    0.87E-08    0.10E-07    0.12E-07    0.15E-07  ^

HO2     _ALT     0.34     1.02     1.70     2.38     3.06  ^
     3.74     4.42     5.10     5.78     6.46  ^
     7.14     7.82     8.50     9.18     9.86  ^
    10.54    11.22    11.90    12.58    13.26  ^
    13.94    14.62    15.30    15.98    16.66  ^
    17.34    18.02    18.70    19.38    20.06  ^
    20.74    21.42    22.10    22.78    23.46  ^
    24.14    24.82    25.50    26.18    26.86  ^
    27.54    28.22    28.90    29.58    30.26  ^
    30.94    31.62    32.30    32.98    33.66  ^
    34.34    35.02    35.70    36.38    37.06  ^
    37.74    38.42    39.10    39.78    40.46  ^
    41.14    41.82    42.50    43.18    43.86  ^
    44.54    45.22    45.90    46.58    47.26  ^
    47.94    48.62    49.30    49.98    50.66  ^
    51.34    52.02    52.70    53.38    54.06  ^
    54.74    55.42    56.10    56.78    57.46  ^
    58.14    58.82    59.50    60.18    60.86  ^
    61.54    62.22    62.90    63.58    64.26  ^
    64.94    65.62    66.30    66.98    67.66  ^

Molecule H2O2    

H2O2    _MR    0.58E-09    0.61E-09    0.61E-09    0.58E-09    0.53E-09  ^
    0.46E-09    0.38E-09    0.29E-09    0.22E-09    0.15E-09  ^
    0.10E-09    0.71E-10    0.49E-10    0.31E-10    0.15E-10  ^
    0.65E-11    0.27E-11    0.18E-11    0.18E-11    0.19E-11  ^
    0.21E-11    0.24E-11    0.28E-11    0.33E-11    0.41E-11  ^
    0.52E-11    0.68E-11    0.91E-11    0.12E-10    0.17E-10  ^
    0.23E-10    0.31E-10    0.42E-10    0.57E-10    0.75E-10  ^
    0.10E-09    0.13E-09    0.17E-09    0.22E-09    0.28E-09  ^
    0.36E-09    0.45E-09    0.55E-09    0.67E-09    0.79E-09  ^
    0.91E-09    0.10E-08    0.11E-08    0.11E-08    0.11E-08  ^
    0.10E-08    0.91E-09    0.79E-09    0.67E-09    0.54E-09  ^
    0.43E-09    0.34E-09    0.27E-09    0.21E-09    0.16E-09  ^
    0.13E-09    0.10E-09    0.88E-10    0.77E-10    0.70E-10  ^
    0.65E-10    0.62E-10    0.60E-10    0.59E-10    0.59E-10  ^
    0.59E-10    0.59E-10    0.60E-10    0.62E-10    0.64E-10  ^
    0.66E-10    0.69E-10    0.73E-10    0.77E-10    0.82E-10  ^
    0.88E-10    0.96E-10    0.10E-09    0.11E-09    0.13E-09  ^
    0.14E-09    0.16E-09    0.19E-09    0.23E-09    0.27E-09  ^
    0.33E-09    0.41E-09    0.51E-09    0.65E-09    0.83E-09  ^
    0.11E-08    0.14E-08    0.19E-08    0.25E-08    0.33E-08  ^

H2O2    _ALT     0.34     1.02     1.70     2.38     3.06  ^
     3.74     4.42     5.10     5.78     6.46  ^
     7.14     7.82     8.50     9.18     9.86  ^
    10.54    11.22    11.90    12.58    13.26  ^
    13.94    14.62    15.30    15.98    16.66  ^
    17.34    18.02    18.70    19.38    20.06  ^
    20.74    21.42    22.10    22.78    23.46  ^
    24.14    24.82    25.50    26.18    26.86  ^
    27.54    28.22    28.90    29.58    30.26  ^
    30.94    31.62    32.30    32.98    33.66  ^
    34.34    35.02    35.70    36.38    37.06  ^
    37.74    38.42    39.10    39.78    40.46  ^
    41.14    41.82    42.50    43.18    43.86  ^
    44.54    45.22    45.90    46.58    47.26  ^
    47.94    48.62    49.30    49.98    50.66  ^
    51.34    52.02    52.70    53.38    54.06  ^
    54.74    55.42    56.10    56.78    57.46  ^
    58.14    58.82    59.50    60.18    60.86  ^
    61.54    62.22    62.90    63.58    64.26  ^
    64.94    65.62    66.30    66.98    67.66  ^

Molecule O3      

O3      _MR    0.52E-07    0.56E-07    0.61E-07    0.66E-07    0.71E-07  ^
    0.76E-07    0.81E-07    0.86E-07    0.90E-07    0.94E-07  ^
    0.98E-07    0.10E-06    0.10E-06    0.11E-06    0.12E-06  ^
    0.14E-06    0.19E-06    0.27E-06    0.35E-06    0.44E-06  ^
    0.54E-06    0.67E-06    0.81E-06    0.97E-06    0.11E-05  ^
    0.13E-05    0.15E-05    0.17E-05    0.20E-05    0.23E-05  ^
    0.25E-05    0.29E-05    0.32E-05    0.37E-05    0.41E-05  ^
    0.47E-05    0.53E-05    0.60E-05    0.68E-05    0.77E-05  ^
    0.88E-05    0.99E-05    0.11E-04    0.13E-04    0.14E-04  ^
    0.16E-04    0.18E-04    0.19E-04    0.21E-04    0.22E-04  ^
    0.23E-04    0.24E-04    0.24E-04    0.24E-04    0.24E-04  ^
    0.23E-04    0.22E-04    0.21E-04    0.19E-04    0.17E-04  ^
    0.15E-04    0.14E-04    0.12E-04    0.10E-04    0.89E-05  ^
    0.77E-05    0.67E-05    0.59E-05    0.52E-05    0.47E-05  ^
    0.42E-05    0.38E-05    0.35E-05    0.32E-05    0.30E-05  ^
    0.28E-05    0.26E-05    0.25E-05    0.23E-05    0.22E-05  ^
    0.21E-05    0.19E-05    0.18E-05    0.17E-05    0.16E-05  ^
    0.16E-05    0.15E-05    0.15E-05    0.14E-05    0.14E-05  ^
    0.14E-05    0.13E-05    0.13E-05    0.12E-05    0.12E-05  ^
    0.11E-05    0.11E-05    0.11E-05    0.13E-05    0.16E-05  ^

O3      _ALT     0.34     1.02     1.70     2.38     3.06  ^
     3.74     4.42     5.10     5.78     6.46  ^
     7.14     7.82     8.50     9.18     9.86  ^
    10.54    11.22    11.90    12.58    13.26  ^
    13.94    14.62    15.30    15.98    16.66  ^
    17.34    18.02    18.70    19.38    20.06  ^
    20.74    21.42    22.10    22.78    23.46  ^
    24.14    24.82    25.50    26.18    26.86  ^
    27.54    28.22    28.90    29.58    30.26  ^
    30.94    31.62    32.30    32.98    33.66  ^
    34.34    35.02    35.70    36.38    37.06  ^
    37.74    38.42    39.10    39.78    40.46  ^
    41.14    41.82    42.50    43.18    43.86  ^
    44.54    45.22    45.90    46.58    47.26  ^
    47.94    48.62    49.30    49.98    50.66  ^
    51.34    52.02    52.70    53.38    54.06  ^
    54.74    55.42    56.10    56.78    57.46  ^
    58.14    58.82    59.50    60.18    60.86  ^
    61.54    62.22    62.90    63.58    64.26  ^
    64.94    65.62    66.30    66.98    67.66  ^

Molecule H       

H       _MR    0.41E-20    0.47E-20    0.54E-20    0.61E-20    0.68E-20  ^
    0.73E-20    0.74E-20    0.68E-20    0.60E-20    0.53E-20  ^
    0.50E-20    0.48E-20    0.50E-20    0.51E-20    0.50E-20  ^
    0.52E-20    0.52E-20    0.54E-20    0.62E-20    0.72E-20  ^
    0.83E-20    0.97E-20    0.11E-19    0.14E-19    0.17E-19  ^
    0.21E-19    0.27E-19    0.35E-19    0.48E-19    0.65E-19  ^
    0.90E-19    0.13E-18    0.18E-18    0.26E-18    0.37E-18  ^
    0.53E-18    0.79E-18    0.12E-17    0.18E-17    0.27E-17  ^
    0.42E-17    0.66E-17    0.11E-16    0.18E-16    0.31E-16  ^
    0.54E-16    0.96E-16    0.18E-15    0.33E-15    0.63E-15  ^
    0.12E-14    0.23E-14    0.43E-14    0.83E-14    0.16E-13  ^
    0.30E-13    0.56E-13    0.10E-12    0.19E-12    0.35E-12  ^
    0.64E-12    0.11E-11    0.19E-11    0.32E-11    0.52E-11  ^
    0.82E-11    0.12E-10    0.18E-10    0.26E-10    0.36E-10  ^
    0.50E-10    0.67E-10    0.89E-10    0.12E-09    0.15E-09  ^
    0.19E-09    0.24E-09    0.31E-09    0.38E-09    0.48E-09  ^
    0.59E-09    0.72E-09    0.88E-09    0.11E-08    0.13E-08  ^
    0.16E-08    0.19E-08    0.22E-08    0.26E-08    0.31E-08  ^
    0.37E-08    0.45E-08    0.56E-08    0.69E-08    0.88E-08  ^
    0.11E-07    0.15E-07    0.22E-07    0.36E-07    0.77E-07  ^

H       _ALT     0.34     1.02     1.70     2.38     3.06  ^
     3.74     4.42     5.10     5.78     6.46  ^
     7.14     7.82     8.50     9.18     9.86  ^
    10.54    11.22    11.90    12.58    13.26  ^
    13.94    14.62    15.30    15.98    16.66  ^
    17.34    18.02    18.70    19.38    20.06  ^
    20.74    21.42    22.10    22.78    23.46  ^
    24.14    24.82    25.50    26.18    26.86  ^
    27.54    28.22    28.90    29.58    30.26  ^
    30.94    31.62    32.30    32.98    33.66  ^
    34.34    35.02    35.70    36.38    37.06  ^
    37.74    38.42    39.10    39.78    40.46  ^
    41.14    41.82    42.50    43.18    43.86  ^
    44.54    45.22    45.90    46.58    47.26  ^
    47.94    48.62    49.30    49.98    50.66  ^
    51.34    52.02    52.70    53.38    54.06  ^
    54.74    55.42    56.10    56.78    57.46  ^
    58.14    58.82    59.50    60.18    60.86  ^
    61.54    62.22    62.90    63.58    64.26  ^
    64.94    65.62    66.30    66.98    67.66  ^

Molecule H2      

H2      _MR    0.17E-05    0.17E-05    0.17E-05    0.17E-05    0.17E-05  ^
    0.17E-05    0.17E-05    0.17E-05    0.17E-05    0.17E-05  ^
    0.17E-05    0.17E-05    0.17E-05    0.17E-05    0.17E-05  ^
    0.17E-05    0.17E-05    0.17E-05    0.17E-05    0.17E-05  ^
    0.16E-05    0.16E-05    0.16E-05    0.16E-05    0.15E-05  ^
    0.15E-05    0.15E-05    0.15E-05    0.14E-05    0.14E-05  ^
    0.14E-05    0.13E-05    0.13E-05    0.13E-05    0.12E-05  ^
    0.12E-05    0.12E-05    0.11E-05    0.11E-05    0.10E-05  ^
    0.99E-06    0.94E-06    0.90E-06    0.85E-06    0.80E-06  ^
    0.75E-06    0.70E-06    0.65E-06    0.61E-06    0.56E-06  ^
    0.51E-06    0.46E-06    0.41E-06    0.37E-06    0.32E-06  ^
    0.29E-06    0.25E-06    0.22E-06    0.19E-06    0.16E-06  ^
    0.14E-06    0.12E-06    0.10E-06    0.94E-07    0.87E-07  ^
    0.85E-07    0.86E-07    0.91E-07    0.10E-06    0.11E-06  ^
    0.13E-06    0.16E-06    0.19E-06    0.23E-06    0.27E-06  ^
    0.33E-06    0.39E-06    0.47E-06    0.55E-06    0.65E-06  ^
    0.76E-06    0.88E-06    0.10E-05    0.12E-05    0.13E-05  ^
    0.15E-05    0.17E-05    0.18E-05    0.20E-05    0.22E-05  ^
    0.24E-05    0.27E-05    0.29E-05    0.32E-05    0.34E-05  ^
    0.37E-05    0.40E-05    0.43E-05    0.46E-05    0.48E-05  ^

H2      _ALT     0.34     1.02     1.70     2.38     3.06  ^
     3.74     4.42     5.10     5.78     6.46  ^
     7.14     7.82     8.50     9.18     9.86  ^
    10.54    11.22    11.90    12.58    13.26  ^
    13.94    14.62    15.30    15.98    16.66  ^
    17.34    18.02    18.70    19.38    20.06  ^
    20.74    21.42    22.10    22.78    23.46  ^
    24.14    24.82    25.50    26.18    26.86  ^
    27.54    28.22    28.90    29.58    30.26  ^
    30.94    31.62    32.30    32.98    33.66  ^
    34.34    35.02    35.70    36.38    37.06  ^
    37.74    38.42    39.10    39.78    40.46  ^
    41.14    41.82    42.50    43.18    43.86  ^
    44.54    45.22    45.90    46.58    47.26  ^
    47.94    48.62    49.30    49.98    50.66  ^
    51.34    52.02    52.70    53.38    54.06  ^
    54.74    55.42    56.10    56.78    57.46  ^
    58.14    58.82    59.50    60.18    60.86  ^
    61.54    62.22    62.90    63.58    64.26  ^
    64.94    65.62    66.30    66.98    67.66  ^

Molecule CH4     

CH4     _MR    0.38E-05    0.37E-05    0.37E-05    0.37E-05    0.37E-05  ^
    0.37E-05    0.37E-05    0.37E-05    0.37E-05    0.37E-05  ^
    0.37E-05    0.37E-05    0.37E-05    0.37E-05    0.37E-05  ^
    0.37E-05    0.37E-05    0.36E-05    0.36E-05    0.35E-05  ^
    0.35E-05    0.34E-05    0.33E-05    0.33E-05    0.32E-05  ^
    0.31E-05    0.30E-05    0.29E-05    0.28E-05    0.27E-05  ^
    0.26E-05    0.25E-05    0.25E-05    0.24E-05    0.23E-05  ^
    0.22E-05    0.21E-05    0.20E-05    0.19E-05    0.18E-05  ^
    0.17E-05    0.16E-05    0.15E-05    0.14E-05    0.13E-05  ^
    0.12E-05    0.11E-05    0.10E-05    0.94E-06    0.85E-06  ^
    0.77E-06    0.68E-06    0.61E-06    0.53E-06    0.46E-06  ^
    0.40E-06    0.34E-06    0.29E-06    0.24E-06    0.20E-06  ^
    0.17E-06    0.14E-06    0.11E-06    0.91E-07    0.74E-07  ^
    0.60E-07    0.48E-07    0.39E-07    0.32E-07    0.26E-07  ^
    0.22E-07    0.18E-07    0.15E-07    0.13E-07    0.11E-07  ^
    0.98E-08    0.86E-08    0.76E-08    0.68E-08    0.61E-08  ^
    0.56E-08    0.51E-08    0.48E-08    0.45E-08    0.42E-08  ^
    0.40E-08    0.38E-08    0.37E-08    0.35E-08    0.34E-08  ^
    0.33E-08    0.33E-08    0.32E-08    0.32E-08    0.31E-08  ^
    0.31E-08    0.30E-08    0.30E-08    0.30E-08    0.30E-08  ^

CH4     _ALT     0.34     1.02     1.70     2.38     3.06  ^
     3.74     4.42     5.10     5.78     6.46  ^
     7.14     7.82     8.50     9.18     9.86  ^
    10.54    11.22    11.90    12.58    13.26  ^
    13.94    14.62    15.30    15.98    16.66  ^
    17.34    18.02    18.70    19.38    20.06  ^
    20.74    21.42    22.10    22.78    23.46  ^
    24.14    24.82    25.50    26.18    26.86  ^
    27.54    28.22    28.90    29.58    30.26  ^
    30.94    31.62    32.30    32.98    33.66  ^
    34.34    35.02    35.70    36.38    37.06  ^
    37.74    38.42    39.10    39.78    40.46  ^
    41.14    41.82    42.50    43.18    43.86  ^
    44.54    45.22    45.90    46.58    47.26  ^
    47.94    48.62    49.30    49.98    50.66  ^
    51.34    52.02    52.70    53.38    54.06  ^
    54.74    55.42    56.10    56.78    57.46  ^
    58.14    58.82    59.50    60.18    60.86  ^
    61.54    62.22    62.90    63.58    64.26  ^
    64.94    65.62    66.30    66.98    67.66  ^

Molecule CO      

CO      _MR    0.15E-06    0.14E-06    0.14E-06    0.13E-06    0.13E-06  ^
    0.13E-06    0.12E-06    0.12E-06    0.12E-06    0.11E-06  ^
    0.11E-06    0.11E-06    0.11E-06    0.11E-06    0.10E-06  ^
    0.98E-07    0.89E-07    0.77E-07    0.67E-07    0.58E-07  ^
    0.50E-07    0.43E-07    0.38E-07    0.33E-07    0.30E-07  ^
    0.27E-07    0.25E-07    0.24E-07    0.23E-07    0.22E-07  ^
    0.22E-07    0.22E-07    0.22E-07    0.22E-07    0.23E-07  ^
    0.24E-07    0.24E-07    0.25E-07    0.26E-07    0.27E-07  ^
    0.28E-07    0.30E-07    0.31E-07    0.32E-07    0.33E-07  ^
    0.35E-07    0.36E-07    0.37E-07    0.39E-07    0.40E-07  ^
    0.41E-07    0.42E-07    0.42E-07    0.43E-07    0.43E-07  ^
    0.43E-07    0.43E-07    0.43E-07    0.43E-07    0.43E-07  ^
    0.43E-07    0.43E-07    0.44E-07    0.45E-07    0.46E-07  ^
    0.48E-07    0.51E-07    0.54E-07    0.58E-07    0.62E-07  ^
    0.67E-07    0.73E-07    0.78E-07    0.85E-07    0.92E-07  ^
    0.99E-07    0.11E-06    0.12E-06    0.13E-06    0.14E-06  ^
    0.15E-06    0.16E-06    0.18E-06    0.20E-06    0.22E-06  ^
    0.25E-06    0.28E-06    0.31E-06    0.35E-06    0.40E-06  ^
    0.46E-06    0.54E-06    0.64E-06    0.77E-06    0.96E-06  ^
    0.12E-05    0.16E-05    0.20E-05    0.28E-05    0.38E-05  ^

CO      _ALT     0.34     1.02     1.70     2.38     3.06  ^
     3.74     4.42     5.10     5.78     6.46  ^
     7.14     7.82     8.50     9.18     9.86  ^
    10.54    11.22    11.90    12.58    13.26  ^
    13.94    14.62    15.30    15.98    16.66  ^
    17.34    18.02    18.70    19.38    20.06  ^
    20.74    21.42    22.10    22.78    23.46  ^
    24.14    24.82    25.50    26.18    26.86  ^
    27.54    28.22    28.90    29.58    30.26  ^
    30.94    31.62    32.30    32.98    33.66  ^
    34.34    35.02    35.70    36.38    37.06  ^
    37.74    38.42    39.10    39.78    40.46  ^
    41.14    41.82    42.50    43.18    43.86  ^
    44.54    45.22    45.90    46.58    47.26  ^
    47.94    48.62    49.30    49.98    50.66  ^
    51.34    52.02    52.70    53.38    54.06  ^
    54.74    55.42    56.10    56.78    57.46  ^
    58.14    58.82    59.50    60.18    60.86  ^
    61.54    62.22    62.90    63.58    64.26  ^
    64.94    65.62    66.30    66.98    67.66  ^

Molecule CH3OOH  

CH3OOH  _MR    0.41E-09    0.41E-09    0.38E-09    0.33E-09    0.27E-09  ^
    0.21E-09    0.15E-09    0.11E-09    0.73E-10    0.46E-10  ^
    0.28E-10    0.17E-10    0.10E-10    0.58E-11    0.25E-11  ^
    0.11E-11    0.64E-12    0.60E-12    0.68E-12    0.79E-12  ^
    0.91E-12    0.10E-11    0.12E-11    0.14E-11    0.16E-11  ^
    0.19E-11    0.24E-11    0.29E-11    0.37E-11    0.46E-11  ^
    0.59E-11    0.75E-11    0.95E-11    0.12E-10    0.15E-10  ^
    0.18E-10    0.22E-10    0.26E-10    0.31E-10    0.36E-10  ^
    0.41E-10    0.47E-10    0.53E-10    0.60E-10    0.67E-10  ^
    0.74E-10    0.81E-10    0.87E-10    0.90E-10    0.89E-10  ^
    0.85E-10    0.77E-10    0.66E-10    0.54E-10    0.43E-10  ^
    0.33E-10    0.24E-10    0.18E-10    0.13E-10    0.91E-11  ^
    0.65E-11    0.48E-11    0.35E-11    0.27E-11    0.21E-11  ^
    0.17E-11    0.14E-11    0.11E-11    0.93E-12    0.77E-12  ^
    0.64E-12    0.53E-12    0.44E-12    0.37E-12    0.31E-12  ^
    0.26E-12    0.22E-12    0.19E-12    0.16E-12    0.14E-12  ^
    0.12E-12    0.11E-12    0.94E-13    0.83E-13    0.75E-13  ^
    0.67E-13    0.60E-13    0.53E-13    0.48E-13    0.43E-13  ^
    0.39E-13    0.36E-13    0.32E-13    0.29E-13    0.26E-13  ^
    0.23E-13    0.21E-13    0.18E-13    0.15E-13    0.11E-13  ^

CH3OOH  _ALT     0.34     1.02     1.70     2.38     3.06  ^
     3.74     4.42     5.10     5.78     6.46  ^
     7.14     7.82     8.50     9.18     9.86  ^
    10.54    11.22    11.90    12.58    13.26  ^
    13.94    14.62    15.30    15.98    16.66  ^
    17.34    18.02    18.70    19.38    20.06  ^
    20.74    21.42    22.10    22.78    23.46  ^
    24.14    24.82    25.50    26.18    26.86  ^
    27.54    28.22    28.90    29.58    30.26  ^
    30.94    31.62    32.30    32.98    33.66  ^
    34.34    35.02    35.70    36.38    37.06  ^
    37.74    38.42    39.10    39.78    40.46  ^
    41.14    41.82    42.50    43.18    43.86  ^
    44.54    45.22    45.90    46.58    47.26  ^
    47.94    48.62    49.30    49.98    50.66  ^
    51.34    52.02    52.70    53.38    54.06  ^
    54.74    55.42    56.10    56.78    57.46  ^
    58.14    58.82    59.50    60.18    60.86  ^
    61.54    62.22    62.90    63.58    64.26  ^
    64.94    65.62    66.30    66.98    67.66  ^

Molecule CH3O2   

CH3O2   _MR    0.44E-11    0.42E-11    0.38E-11    0.34E-11    0.29E-11  ^
    0.24E-11    0.19E-11    0.14E-11    0.95E-12    0.58E-12  ^
    0.33E-12    0.19E-12    0.13E-12    0.95E-13    0.73E-13  ^
    0.69E-13    0.72E-13    0.82E-13    0.99E-13    0.12E-12  ^
    0.14E-12    0.16E-12    0.18E-12    0.21E-12    0.24E-12  ^
    0.27E-12    0.32E-12    0.37E-12    0.45E-12    0.53E-12  ^
    0.64E-12    0.78E-12    0.94E-12    0.11E-11    0.14E-11  ^
    0.16E-11    0.20E-11    0.23E-11    0.27E-11    0.31E-11  ^
    0.36E-11    0.42E-11    0.49E-11    0.57E-11    0.68E-11  ^
    0.81E-11    0.97E-11    0.12E-10    0.14E-10    0.16E-10  ^
    0.18E-10    0.20E-10    0.22E-10    0.23E-10    0.23E-10  ^
    0.23E-10    0.22E-10    0.21E-10    0.20E-10    0.18E-10  ^
    0.17E-10    0.15E-10    0.14E-10    0.13E-10    0.11E-10  ^
    0.99E-11    0.87E-11    0.76E-11    0.66E-11    0.57E-11  ^
    0.49E-11    0.41E-11    0.35E-11    0.30E-11    0.25E-11  ^
    0.21E-11    0.18E-11    0.16E-11    0.13E-11    0.11E-11  ^
    0.99E-12    0.85E-12    0.75E-12    0.65E-12    0.57E-12  ^
    0.50E-12    0.42E-12    0.36E-12    0.30E-12    0.26E-12  ^
    0.22E-12    0.18E-12    0.15E-12    0.13E-12    0.11E-12  ^
    0.88E-13    0.73E-13    0.59E-13    0.47E-13    0.33E-13  ^

CH3O2   _ALT     0.34     1.02     1.70     2.38     3.06  ^
     3.74     4.42     5.10     5.78     6.46  ^
     7.14     7.82     8.50     9.18     9.86  ^
    10.54    11.22    11.90    12.58    13.26  ^
    13.94    14.62    15.30    15.98    16.66  ^
    17.34    18.02    18.70    19.38    20.06  ^
    20.74    21.42    22.10    22.78    23.46  ^
    24.14    24.82    25.50    26.18    26.86  ^
    27.54    28.22    28.90    29.58    30.26  ^
    30.94    31.62    32.30    32.98    33.66  ^
    34.34    35.02    35.70    36.38    37.06  ^
    37.74    38.42    39.10    39.78    40.46  ^
    41.14    41.82    42.50    43.18    43.86  ^
    44.54    45.22    45.90    46.58    47.26  ^
    47.94    48.62    49.30    49.98    50.66  ^
    51.34    52.02    52.70    53.38    54.06  ^
    54.74    55.42    56.10    56.78    57.46  ^
    58.14    58.82    59.50    60.18    60.86  ^
    61.54    62.22    62.90    63.58    64.26  ^
    64.94    65.62    66.30    66.98    67.66  ^

Molecule N2O     

N2O     _MR    0.13E-06    0.13E-06    0.13E-06    0.13E-06    0.13E-06  ^
    0.13E-06    0.13E-06    0.13E-06    0.13E-06    0.13E-06  ^
    0.13E-06    0.13E-06    0.13E-06    0.13E-06    0.13E-06  ^
    0.13E-06    0.13E-06    0.13E-06    0.13E-06    0.13E-06  ^
    0.13E-06    0.12E-06    0.12E-06    0.12E-06    0.11E-06  ^
    0.11E-06    0.10E-06    0.10E-06    0.97E-07    0.93E-07  ^
    0.90E-07    0.86E-07    0.82E-07    0.78E-07    0.74E-07  ^
    0.70E-07    0.65E-07    0.61E-07    0.57E-07    0.52E-07  ^
    0.48E-07    0.43E-07    0.38E-07    0.34E-07    0.29E-07  ^
    0.25E-07    0.21E-07    0.17E-07    0.14E-07    0.11E-07  ^
    0.82E-08    0.61E-08    0.44E-08    0.30E-08    0.21E-08  ^
    0.14E-08    0.89E-09    0.56E-09    0.35E-09    0.21E-09  ^
    0.13E-09    0.78E-10    0.47E-10    0.28E-10    0.17E-10  ^
    0.10E-10    0.67E-11    0.44E-11    0.30E-11    0.21E-11  ^
    0.16E-11    0.12E-11    0.98E-12    0.82E-12    0.69E-12  ^
    0.60E-12    0.52E-12    0.46E-12    0.41E-12    0.37E-12  ^
    0.33E-12    0.29E-12    0.26E-12    0.24E-12    0.21E-12  ^
    0.19E-12    0.17E-12    0.16E-12    0.14E-12    0.13E-12  ^
    0.12E-12    0.11E-12    0.10E-12    0.91E-13    0.82E-13  ^
    0.74E-13    0.68E-13    0.63E-13    0.60E-13    0.59E-13  ^

N2O     _ALT     0.34     1.02     1.70     2.38     3.06  ^
     3.74     4.42     5.10     5.78     6.46  ^
     7.14     7.82     8.50     9.18     9.86  ^
    10.54    11.22    11.90    12.58    13.26  ^
    13.94    14.62    15.30    15.98    16.66  ^
    17.34    18.02    18.70    19.38    20.06  ^
    20.74    21.42    22.10    22.78    23.46  ^
    24.14    24.82    25.50    26.18    26.86  ^
    27.54    28.22    28.90    29.58    30.26  ^
    30.94    31.62    32.30    32.98    33.66  ^
    34.34    35.02    35.70    36.38    37.06  ^
    37.74    38.42    39.10    39.78    40.46  ^
    41.14    41.82    42.50    43.18    43.86  ^
    44.54    45.22    45.90    46.58    47.26  ^
    47.94    48.62    49.30    49.98    50.66  ^
    51.34    52.02    52.70    53.38    54.06  ^
    54.74    55.42    56.10    56.78    57.46  ^
    58.14    58.82    59.50    60.18    60.86  ^
    61.54    62.22    62.90    63.58    64.26  ^
    64.94    65.62    66.30    66.98    67.66  ^

Molecule NO      

NO      _MR    0.69E-11    0.86E-11    0.11E-10    0.14E-10    0.17E-10  ^
    0.21E-10    0.25E-10    0.27E-10    0.30E-10    0.37E-10  ^
    0.52E-10    0.71E-10    0.90E-10    0.11E-09    0.13E-09  ^
    0.13E-09    0.13E-09    0.12E-09    0.12E-09    0.12E-09  ^
    0.12E-09    0.13E-09    0.13E-09    0.14E-09    0.15E-09  ^
    0.15E-09    0.16E-09    0.17E-09    0.18E-09    0.19E-09  ^
    0.19E-09    0.20E-09    0.21E-09    0.22E-09    0.23E-09  ^
    0.25E-09    0.27E-09    0.29E-09    0.32E-09    0.35E-09  ^
    0.40E-09    0.45E-09    0.50E-09    0.55E-09    0.60E-09  ^
    0.64E-09    0.68E-09    0.72E-09    0.76E-09    0.80E-09  ^
    0.85E-09    0.92E-09    0.10E-08    0.11E-08    0.13E-08  ^
    0.14E-08    0.17E-08    0.19E-08    0.23E-08    0.26E-08  ^
    0.30E-08    0.34E-08    0.37E-08    0.41E-08    0.44E-08  ^
    0.46E-08    0.48E-08    0.49E-08    0.50E-08    0.51E-08  ^
    0.52E-08    0.52E-08    0.52E-08    0.53E-08    0.53E-08  ^
    0.53E-08    0.53E-08    0.53E-08    0.53E-08    0.53E-08  ^
    0.53E-08    0.53E-08    0.53E-08    0.53E-08    0.53E-08  ^
    0.53E-08    0.53E-08    0.53E-08    0.53E-08    0.53E-08  ^
    0.53E-08    0.52E-08    0.52E-08    0.52E-08    0.52E-08  ^
    0.52E-08    0.52E-08    0.52E-08    0.52E-08    0.52E-08  ^

NO      _ALT     0.34     1.02     1.70     2.38     3.06  ^
     3.74     4.42     5.10     5.78     6.46  ^
     7.14     7.82     8.50     9.18     9.86  ^
    10.54    11.22    11.90    12.58    13.26  ^
    13.94    14.62    15.30    15.98    16.66  ^
    17.34    18.02    18.70    19.38    20.06  ^
    20.74    21.42    22.10    22.78    23.46  ^
    24.14    24.82    25.50    26.18    26.86  ^
    27.54    28.22    28.90    29.58    30.26  ^
    30.94    31.62    32.30    32.98    33.66  ^
    34.34    35.02    35.70    36.38    37.06  ^
    37.74    38.42    39.10    39.78    40.46  ^
    41.14    41.82    42.50    43.18    43.86  ^
    44.54    45.22    45.90    46.58    47.26  ^
    47.94    48.62    49.30    49.98    50.66  ^
    51.34    52.02    52.70    53.38    54.06  ^
    54.74    55.42    56.10    56.78    57.46  ^
    58.14    58.82    59.50    60.18    60.86  ^
    61.54    62.22    62.90    63.58    64.26  ^
    64.94    65.62    66.30    66.98    67.66  ^

Molecule NO2     

NO2     _MR    0.28E-10    0.31E-10    0.35E-10    0.39E-10    0.44E-10  ^
    0.46E-10    0.45E-10    0.41E-10    0.37E-10    0.37E-10  ^
    0.40E-10    0.43E-10    0.45E-10    0.48E-10    0.52E-10  ^
    0.54E-10    0.62E-10    0.74E-10    0.84E-10    0.96E-10  ^
    0.11E-09    0.13E-09    0.15E-09    0.17E-09    0.19E-09  ^
    0.21E-09    0.24E-09    0.26E-09    0.28E-09    0.31E-09  ^
    0.34E-09    0.38E-09    0.42E-09    0.46E-09    0.52E-09  ^
    0.60E-09    0.69E-09    0.81E-09    0.96E-09    0.12E-08  ^
    0.14E-08    0.17E-08    0.21E-08    0.24E-08    0.28E-08  ^
    0.32E-08    0.35E-08    0.38E-08    0.41E-08    0.42E-08  ^
    0.43E-08    0.44E-08    0.44E-08    0.43E-08    0.42E-08  ^
    0.40E-08    0.38E-08    0.36E-08    0.33E-08    0.29E-08  ^
    0.25E-08    0.21E-08    0.18E-08    0.14E-08    0.11E-08  ^
    0.87E-09    0.67E-09    0.52E-09    0.41E-09    0.32E-09  ^
    0.26E-09    0.21E-09    0.17E-09    0.14E-09    0.11E-09  ^
    0.95E-10    0.79E-10    0.67E-10    0.57E-10    0.49E-10  ^
    0.42E-10    0.36E-10    0.32E-10    0.28E-10    0.25E-10  ^
    0.22E-10    0.20E-10    0.18E-10    0.17E-10    0.15E-10  ^
    0.15E-10    0.14E-10    0.14E-10    0.14E-10    0.14E-10  ^
    0.15E-10    0.15E-10    0.15E-10    0.14E-10    0.10E-10  ^

NO2     _ALT     0.34     1.02     1.70     2.38     3.06  ^
     3.74     4.42     5.10     5.78     6.46  ^
     7.14     7.82     8.50     9.18     9.86  ^
    10.54    11.22    11.90    12.58    13.26  ^
    13.94    14.62    15.30    15.98    16.66  ^
    17.34    18.02    18.70    19.38    20.06  ^
    20.74    21.42    22.10    22.78    23.46  ^
    24.14    24.82    25.50    26.18    26.86  ^
    27.54    28.22    28.90    29.58    30.26  ^
    30.94    31.62    32.30    32.98    33.66  ^
    34.34    35.02    35.70    36.38    37.06  ^
    37.74    38.42    39.10    39.78    40.46  ^
    41.14    41.82    42.50    43.18    43.86  ^
    44.54    45.22    45.90    46.58    47.26  ^
    47.94    48.62    49.30    49.98    50.66  ^
    51.34    52.02    52.70    53.38    54.06  ^
    54.74    55.42    56.10    56.78    57.46  ^
    58.14    58.82    59.50    60.18    60.86  ^
    61.54    62.22    62.90    63.58    64.26  ^
    64.94    65.62    66.30    66.98    67.66  ^

Molecule HNO2    

HNO2    _MR    0.15E-13    0.20E-13    0.27E-13    0.37E-13    0.50E-13  ^
    0.63E-13    0.71E-13    0.69E-13    0.66E-13    0.71E-13  ^
    0.88E-13    0.11E-12    0.13E-12    0.14E-12    0.13E-12  ^
    0.11E-12    0.92E-13    0.78E-13    0.76E-13    0.76E-13  ^
    0.77E-13    0.78E-13    0.81E-13    0.84E-13    0.88E-13  ^
    0.93E-13    0.98E-13    0.10E-12    0.11E-12    0.11E-12  ^
    0.12E-12    0.12E-12    0.13E-12    0.13E-12    0.14E-12  ^
    0.14E-12    0.15E-12    0.16E-12    0.17E-12    0.19E-12  ^
    0.21E-12    0.23E-12    0.25E-12    0.28E-12    0.31E-12  ^
    0.33E-12    0.36E-12    0.38E-12    0.41E-12    0.45E-12  ^
    0.50E-12    0.56E-12    0.64E-12    0.76E-12    0.91E-12  ^
    0.11E-11    0.14E-11    0.17E-11    0.21E-11    0.25E-11  ^
    0.30E-11    0.34E-11    0.37E-11    0.40E-11    0.41E-11  ^
    0.41E-11    0.40E-11    0.38E-11    0.36E-11    0.34E-11  ^
    0.32E-11    0.30E-11    0.29E-11    0.27E-11    0.26E-11  ^
    0.24E-11    0.23E-11    0.22E-11    0.21E-11    0.20E-11  ^
    0.20E-11    0.19E-11    0.19E-11    0.18E-11    0.18E-11  ^
    0.18E-11    0.18E-11    0.19E-11    0.20E-11    0.21E-11  ^
    0.22E-11    0.23E-11    0.25E-11    0.26E-11    0.29E-11  ^
    0.31E-11    0.34E-11    0.38E-11    0.44E-11    0.52E-11  ^

HNO2    _ALT     0.34     1.02     1.70     2.38     3.06  ^
     3.74     4.42     5.10     5.78     6.46  ^
     7.14     7.82     8.50     9.18     9.86  ^
    10.54    11.22    11.90    12.58    13.26  ^
    13.94    14.62    15.30    15.98    16.66  ^
    17.34    18.02    18.70    19.38    20.06  ^
    20.74    21.42    22.10    22.78    23.46  ^
    24.14    24.82    25.50    26.18    26.86  ^
    27.54    28.22    28.90    29.58    30.26  ^
    30.94    31.62    32.30    32.98    33.66  ^
    34.34    35.02    35.70    36.38    37.06  ^
    37.74    38.42    39.10    39.78    40.46  ^
    41.14    41.82    42.50    43.18    43.86  ^
    44.54    45.22    45.90    46.58    47.26  ^
    47.94    48.62    49.30    49.98    50.66  ^
    51.34    52.02    52.70    53.38    54.06  ^
    54.74    55.42    56.10    56.78    57.46  ^
    58.14    58.82    59.50    60.18    60.86  ^
    61.54    62.22    62.90    63.58    64.26  ^
    64.94    65.62    66.30    66.98    67.66  ^

Molecule HNO3    

HNO3    _MR    0.12E-09    0.16E-09    0.21E-09    0.26E-09    0.31E-09  ^
    0.35E-09    0.38E-09    0.40E-09    0.42E-09    0.43E-09  ^
    0.44E-09    0.45E-09    0.46E-09    0.48E-09    0.51E-09  ^
    0.54E-09    0.58E-09    0.66E-09    0.74E-09    0.82E-09  ^
    0.91E-09    0.10E-08    0.11E-08    0.13E-08    0.14E-08  ^
    0.15E-08    0.17E-08    0.18E-08    0.19E-08    0.20E-08  ^
    0.21E-08    0.23E-08    0.23E-08    0.24E-08    0.25E-08  ^
    0.25E-08    0.26E-08    0.26E-08    0.25E-08    0.24E-08  ^
    0.22E-08    0.20E-08    0.18E-08    0.15E-08    0.12E-08  ^
    0.97E-09    0.75E-09    0.57E-09    0.43E-09    0.32E-09  ^
    0.24E-09    0.18E-09    0.14E-09    0.11E-09    0.82E-10  ^
    0.64E-10    0.50E-10    0.40E-10    0.31E-10    0.24E-10  ^
    0.19E-10    0.14E-10    0.10E-10    0.70E-11    0.48E-11  ^
    0.33E-11    0.22E-11    0.15E-11    0.10E-11    0.71E-12  ^
    0.50E-12    0.36E-12    0.26E-12    0.19E-12    0.14E-12  ^
    0.11E-12    0.84E-13    0.66E-13    0.52E-13    0.42E-13  ^
    0.34E-13    0.28E-13    0.23E-13    0.19E-13    0.16E-13  ^
    0.14E-13    0.13E-13    0.12E-13    0.11E-13    0.11E-13  ^
    0.10E-13    0.11E-13    0.11E-13    0.11E-13    0.12E-13  ^
    0.13E-13    0.15E-13    0.15E-13    0.15E-13    0.13E-13  ^

HNO3    _ALT     0.34     1.02     1.70     2.38     3.06  ^
     3.74     4.42     5.10     5.78     6.46  ^
     7.14     7.82     8.50     9.18     9.86  ^
    10.54    11.22    11.90    12.58    13.26  ^
    13.94    14.62    15.30    15.98    16.66  ^
    17.34    18.02    18.70    19.38    20.06  ^
    20.74    21.42    22.10    22.78    23.46  ^
    24.14    24.82    25.50    26.18    26.86  ^
    27.54    28.22    28.90    29.58    30.26  ^
    30.94    31.62    32.30    32.98    33.66  ^
    34.34    35.02    35.70    36.38    37.06  ^
    37.74    38.42    39.10    39.78    40.46  ^
    41.14    41.82    42.50    43.18    43.86  ^
    44.54    45.22    45.90    46.58    47.26  ^
    47.94    48.62    49.30    49.98    50.66  ^
    51.34    52.02    52.70    53.38    54.06  ^
    54.74    55.42    56.10    56.78    57.46  ^
    58.14    58.82    59.50    60.18    60.86  ^
    61.54    62.22    62.90    63.58    64.26  ^
    64.94    65.62    66.30    66.98    67.66  ^

Molecule HO2NO2  

HO2NO2  _MR    0.11E-11    0.21E-11    0.41E-11    0.79E-11    0.16E-10  ^
    0.33E-10    0.61E-10    0.99E-10    0.13E-09    0.15E-09  ^
    0.15E-09    0.14E-09    0.12E-09    0.10E-09    0.78E-10  ^
    0.61E-10    0.53E-10    0.54E-10    0.56E-10    0.58E-10  ^
    0.62E-10    0.66E-10    0.71E-10    0.76E-10    0.83E-10  ^
    0.89E-10    0.96E-10    0.10E-09    0.11E-09    0.12E-09  ^
    0.13E-09    0.13E-09    0.14E-09    0.15E-09    0.16E-09  ^
    0.17E-09    0.18E-09    0.19E-09    0.20E-09    0.21E-09  ^
    0.22E-09    0.21E-09    0.21E-09    0.19E-09    0.16E-09  ^
    0.13E-09    0.94E-10    0.65E-10    0.43E-10    0.27E-10  ^
    0.16E-10    0.93E-11    0.53E-11    0.31E-11    0.18E-11  ^
    0.10E-11    0.60E-12    0.34E-12    0.19E-12    0.10E-12  ^
    0.55E-13    0.29E-13    0.15E-13    0.76E-14    0.41E-14  ^
    0.23E-14    0.13E-14    0.82E-15    0.53E-15    0.35E-15  ^
    0.25E-15    0.19E-15    0.15E-15    0.12E-15    0.10E-15  ^
    0.89E-16    0.81E-16    0.75E-16    0.71E-16    0.71E-16  ^
    0.74E-16    0.78E-16    0.81E-16    0.85E-16    0.94E-16  ^
    0.11E-15    0.14E-15    0.17E-15    0.19E-15    0.20E-15  ^
    0.21E-15    0.22E-15    0.23E-15    0.25E-15    0.27E-15  ^
    0.29E-15    0.32E-15    0.34E-15    0.33E-15    0.26E-15  ^

HO2NO2  _ALT     0.34     1.02     1.70     2.38     3.06  ^
     3.74     4.42     5.10     5.78     6.46  ^
     7.14     7.82     8.50     9.18     9.86  ^
    10.54    11.22    11.90    12.58    13.26  ^
    13.94    14.62    15.30    15.98    16.66  ^
    17.34    18.02    18.70    19.38    20.06  ^
    20.74    21.42    22.10    22.78    23.46  ^
    24.14    24.82    25.50    26.18    26.86  ^
    27.54    28.22    28.90    29.58    30.26  ^
    30.94    31.62    32.30    32.98    33.66  ^
    34.34    35.02    35.70    36.38    37.06  ^
    37.74    38.42    39.10    39.78    40.46  ^
    41.14    41.82    42.50    43.18    43.86  ^
    44.54    45.22    45.90    46.58    47.26  ^
    47.94    48.62    49.30    49.98    50.66  ^
    51.34    52.02    52.70    53.38    54.06  ^
    54.74    55.42    56.10    56.78    57.46  ^
    58.14    58.82    59.50    60.18    60.86  ^
    61.54    62.22    62.90    63.58    64.26  ^
    64.94    65.62    66.30    66.98    67.66  ^

Molecule NO3     

NO3     _MR    0.31E-13    0.29E-13    0.28E-13    0.26E-13    0.24E-13  ^
    0.21E-13    0.17E-13    0.13E-13    0.98E-14    0.74E-14  ^
    0.57E-14    0.44E-14    0.36E-14    0.32E-14    0.29E-14  ^
    0.31E-14    0.39E-14    0.60E-14    0.87E-14    0.12E-13  ^
    0.17E-13    0.24E-13    0.33E-13    0.44E-13    0.58E-13  ^
    0.74E-13    0.94E-13    0.12E-12    0.15E-12    0.18E-12  ^
    0.22E-12    0.27E-12    0.32E-12    0.39E-12    0.47E-12  ^
    0.57E-12    0.70E-12    0.86E-12    0.11E-11    0.14E-11  ^
    0.18E-11    0.23E-11    0.31E-11    0.40E-11    0.52E-11  ^
    0.65E-11    0.81E-11    0.98E-11    0.11E-10    0.13E-10  ^
    0.14E-10    0.15E-10    0.15E-10    0.15E-10    0.14E-10  ^
    0.12E-10    0.11E-10    0.88E-11    0.70E-11    0.54E-11  ^
    0.39E-11    0.28E-11    0.19E-11    0.13E-11    0.83E-12  ^
    0.54E-12    0.35E-12    0.23E-12    0.16E-12    0.11E-12  ^
    0.76E-13    0.55E-13    0.40E-13    0.30E-13    0.22E-13  ^
    0.17E-13    0.13E-13    0.10E-13    0.82E-14    0.65E-14  ^
    0.53E-14    0.43E-14    0.35E-14    0.29E-14    0.25E-14  ^
    0.21E-14    0.19E-14    0.16E-14    0.15E-14    0.14E-14  ^
    0.13E-14    0.12E-14    0.12E-14    0.12E-14    0.12E-14  ^
    0.12E-14    0.12E-14    0.11E-14    0.10E-14    0.77E-15  ^

NO3     _ALT     0.34     1.02     1.70     2.38     3.06  ^
     3.74     4.42     5.10     5.78     6.46  ^
     7.14     7.82     8.50     9.18     9.86  ^
    10.54    11.22    11.90    12.58    13.26  ^
    13.94    14.62    15.30    15.98    16.66  ^
    17.34    18.02    18.70    19.38    20.06  ^
    20.74    21.42    22.10    22.78    23.46  ^
    24.14    24.82    25.50    26.18    26.86  ^
    27.54    28.22    28.90    29.58    30.26  ^
    30.94    31.62    32.30    32.98    33.66  ^
    34.34    35.02    35.70    36.38    37.06  ^
    37.74    38.42    39.10    39.78    40.46  ^
    41.14    41.82    42.50    43.18    43.86  ^
    44.54    45.22    45.90    46.58    47.26  ^
    47.94    48.62    49.30    49.98    50.66  ^
    51.34    52.02    52.70    53.38    54.06  ^
    54.74    55.42    56.10    56.78    57.46  ^
    58.14    58.82    59.50    60.18    60.86  ^
    61.54    62.22    62.90    63.58    64.26  ^
    64.94    65.62    66.30    66.98    67.66  ^

Molecule N2O5    

N2O5    _MR    0.81E-15    0.12E-14    0.18E-14    0.27E-14    0.42E-14  ^
    0.63E-14    0.86E-14    0.11E-13    0.14E-13    0.21E-13  ^
    0.34E-13    0.51E-13    0.60E-13    0.68E-13    0.72E-13  ^
    0.74E-13    0.95E-13    0.16E-12    0.23E-12    0.33E-12  ^
    0.46E-12    0.66E-12    0.92E-12    0.12E-11    0.16E-11  ^
    0.20E-11    0.25E-11    0.29E-11    0.35E-11    0.40E-11  ^
    0.46E-11    0.52E-11    0.59E-11    0.66E-11    0.75E-11  ^
    0.86E-11    0.98E-11    0.11E-10    0.13E-10    0.16E-10  ^
    0.18E-10    0.20E-10    0.22E-10    0.21E-10    0.20E-10  ^
    0.16E-10    0.12E-10    0.84E-11    0.53E-11    0.32E-11  ^
    0.18E-11    0.95E-12    0.50E-12    0.25E-12    0.13E-12  ^
    0.62E-13    0.30E-13    0.14E-13    0.58E-14    0.24E-14  ^
    0.91E-15    0.33E-15    0.11E-15    0.37E-16    0.12E-16  ^
    0.42E-17    0.15E-17    0.58E-18    0.23E-18    0.10E-18  ^
    0.48E-19    0.25E-19    0.13E-19    0.73E-20    0.43E-20  ^
    0.28E-20    0.18E-20    0.13E-20    0.90E-21    0.68E-21  ^
    0.54E-21    0.45E-21    0.37E-21    0.31E-21    0.28E-21  ^
    0.30E-21    0.36E-21    0.45E-21    0.55E-21    0.62E-21  ^
    0.64E-21    0.64E-21    0.63E-21    0.62E-21    0.61E-21  ^
    0.61E-21    0.60E-21    0.55E-21    0.44E-21    0.24E-21  ^

N2O5    _ALT     0.34     1.02     1.70     2.38     3.06  ^
     3.74     4.42     5.10     5.78     6.46  ^
     7.14     7.82     8.50     9.18     9.86  ^
    10.54    11.22    11.90    12.58    13.26  ^
    13.94    14.62    15.30    15.98    16.66  ^
    17.34    18.02    18.70    19.38    20.06  ^
    20.74    21.42    22.10    22.78    23.46  ^
    24.14    24.82    25.50    26.18    26.86  ^
    27.54    28.22    28.90    29.58    30.26  ^
    30.94    31.62    32.30    32.98    33.66  ^
    34.34    35.02    35.70    36.38    37.06  ^
    37.74    38.42    39.10    39.78    40.46  ^
    41.14    41.82    42.50    43.18    43.86  ^
    44.54    45.22    45.90    46.58    47.26  ^
    47.94    48.62    49.30    49.98    50.66  ^
    51.34    52.02    52.70    53.38    54.06  ^
    54.74    55.42    56.10    56.78    57.46  ^
    58.14    58.82    59.50    60.18    60.86  ^
    61.54    62.22    62.90    63.58    64.26  ^
    64.94    65.62    66.30    66.98    67.66  ^

Molecule CL2O2   

CL2O2   _MR    0.84E-22    0.17E-21    0.31E-21    0.57E-21    0.11E-20  ^
    0.21E-20    0.44E-20    0.94E-20    0.19E-19    0.34E-19  ^
    0.53E-19    0.81E-19    0.10E-18    0.97E-19    0.91E-19  ^
    0.13E-18    0.35E-18    0.15E-17    0.47E-17    0.13E-16  ^
    0.31E-16    0.69E-16    0.14E-15    0.28E-15    0.50E-15  ^
    0.87E-15    0.15E-14    0.24E-14    0.37E-14    0.56E-14  ^
    0.81E-14    0.11E-13    0.15E-13    0.19E-13    0.22E-13  ^
    0.24E-13    0.25E-13    0.24E-13    0.21E-13    0.18E-13  ^
    0.15E-13    0.12E-13    0.88E-14    0.66E-14    0.49E-14  ^
    0.35E-14    0.24E-14    0.17E-14    0.11E-14    0.71E-15  ^
    0.45E-15    0.29E-15    0.19E-15    0.12E-15    0.84E-16  ^
    0.60E-16    0.43E-16    0.31E-16    0.22E-16    0.15E-16  ^
    0.10E-16    0.68E-17    0.44E-17    0.28E-17    0.18E-17  ^
    0.11E-17    0.70E-18    0.43E-18    0.27E-18    0.17E-18  ^
    0.10E-18    0.68E-19    0.43E-19    0.28E-19    0.19E-19  ^
    0.13E-19    0.89E-20    0.63E-20    0.45E-20    0.34E-20  ^
    0.27E-20    0.22E-20    0.18E-20    0.14E-20    0.13E-20  ^
    0.13E-20    0.16E-20    0.20E-20    0.27E-20    0.37E-20  ^
    0.48E-20    0.60E-20    0.68E-20    0.70E-20    0.65E-20  ^
    0.55E-20    0.43E-20    0.32E-20    0.23E-20    0.14E-20  ^

CL2O2   _ALT     0.34     1.02     1.70     2.38     3.06  ^
     3.74     4.42     5.10     5.78     6.46  ^
     7.14     7.82     8.50     9.18     9.86  ^
    10.54    11.22    11.90    12.58    13.26  ^
    13.94    14.62    15.30    15.98    16.66  ^
    17.34    18.02    18.70    19.38    20.06  ^
    20.74    21.42    22.10    22.78    23.46  ^
    24.14    24.82    25.50    26.18    26.86  ^
    27.54    28.22    28.90    29.58    30.26  ^
    30.94    31.62    32.30    32.98    33.66  ^
    34.34    35.02    35.70    36.38    37.06  ^
    37.74    38.42    39.10    39.78    40.46  ^
    41.14    41.82    42.50    43.18    43.86  ^
    44.54    45.22    45.90    46.58    47.26  ^
    47.94    48.62    49.30    49.98    50.66  ^
    51.34    52.02    52.70    53.38    54.06  ^
    54.74    55.42    56.10    56.78    57.46  ^
    58.14    58.82    59.50    60.18    60.86  ^
    61.54    62.22    62.90    63.58    64.26  ^
    64.94    65.62    66.30    66.98    67.66  ^

Molecule CH3CL   

CH3CL   _MR    0.11E-08    0.11E-08    0.11E-08    0.11E-08    0.11E-08  ^
    0.11E-08    0.11E-08    0.11E-08    0.11E-08    0.11E-08  ^
    0.11E-08    0.11E-08    0.11E-08    0.11E-08    0.11E-08  ^
    0.11E-08    0.10E-08    0.10E-08    0.96E-09    0.92E-09  ^
    0.88E-09    0.84E-09    0.79E-09    0.74E-09    0.69E-09  ^
    0.64E-09    0.60E-09    0.56E-09    0.52E-09    0.48E-09  ^
    0.45E-09    0.42E-09    0.38E-09    0.35E-09    0.33E-09  ^
    0.30E-09    0.27E-09    0.25E-09    0.23E-09    0.20E-09  ^
    0.18E-09    0.16E-09    0.14E-09    0.13E-09    0.11E-09  ^
    0.94E-10    0.80E-10    0.67E-10    0.56E-10    0.46E-10  ^
    0.37E-10    0.30E-10    0.23E-10    0.18E-10    0.14E-10  ^
    0.10E-10    0.73E-11    0.52E-11    0.36E-11    0.24E-11  ^
    0.16E-11    0.11E-11    0.69E-12    0.44E-12    0.28E-12  ^
    0.17E-12    0.11E-12    0.71E-13    0.45E-13    0.29E-13  ^
    0.19E-13    0.13E-13    0.87E-14    0.60E-14    0.42E-14  ^
    0.30E-14    0.21E-14    0.16E-14    0.12E-14    0.88E-15  ^
    0.68E-15    0.52E-15    0.41E-15    0.33E-15    0.26E-15  ^
    0.21E-15    0.17E-15    0.14E-15    0.12E-15    0.10E-15  ^
    0.85E-16    0.73E-16    0.62E-16    0.53E-16    0.45E-16  ^
    0.39E-16    0.33E-16    0.29E-16    0.26E-16    0.24E-16  ^

CH3CL   _ALT     0.34     1.02     1.70     2.38     3.06  ^
     3.74     4.42     5.10     5.78     6.46  ^
     7.14     7.82     8.50     9.18     9.86  ^
    10.54    11.22    11.90    12.58    13.26  ^
    13.94    14.62    15.30    15.98    16.66  ^
    17.34    18.02    18.70    19.38    20.06  ^
    20.74    21.42    22.10    22.78    23.46  ^
    24.14    24.82    25.50    26.18    26.86  ^
    27.54    28.22    28.90    29.58    30.26  ^
    30.94    31.62    32.30    32.98    33.66  ^
    34.34    35.02    35.70    36.38    37.06  ^
    37.74    38.42    39.10    39.78    40.46  ^
    41.14    41.82    42.50    43.18    43.86  ^
    44.54    45.22    45.90    46.58    47.26  ^
    47.94    48.62    49.30    49.98    50.66  ^
    51.34    52.02    52.70    53.38    54.06  ^
    54.74    55.42    56.10    56.78    57.46  ^
    58.14    58.82    59.50    60.18    60.86  ^
    61.54    62.22    62.90    63.58    64.26  ^
    64.94    65.62    66.30    66.98    67.66  ^

Molecule HOCL    

HOCL    _MR    0.79E-13    0.89E-13    0.92E-13    0.91E-13    0.87E-13  ^
    0.81E-13    0.71E-13    0.58E-13    0.42E-13    0.26E-13  ^
    0.14E-13    0.80E-14    0.51E-14    0.34E-14    0.24E-14  ^
    0.24E-14    0.37E-14    0.77E-14    0.15E-13    0.27E-13  ^
    0.46E-13    0.78E-13    0.13E-12    0.20E-12    0.33E-12  ^
    0.51E-12    0.81E-12    0.13E-11    0.20E-11    0.31E-11  ^
    0.47E-11    0.71E-11    0.10E-10    0.15E-10    0.21E-10  ^
    0.30E-10    0.40E-10    0.52E-10    0.66E-10    0.82E-10  ^
    0.10E-09    0.12E-09    0.15E-09    0.17E-09    0.20E-09  ^
    0.24E-09    0.27E-09    0.30E-09    0.32E-09    0.34E-09  ^
    0.35E-09    0.36E-09    0.35E-09    0.34E-09    0.33E-09  ^
    0.31E-09    0.29E-09    0.26E-09    0.23E-09    0.20E-09  ^
    0.18E-09    0.15E-09    0.13E-09    0.11E-09    0.90E-10  ^
    0.75E-10    0.61E-10    0.50E-10    0.40E-10    0.32E-10  ^
    0.26E-10    0.21E-10    0.17E-10    0.13E-10    0.11E-10  ^
    0.88E-11    0.73E-11    0.60E-11    0.50E-11    0.43E-11  ^
    0.37E-11    0.32E-11    0.28E-11    0.25E-11    0.23E-11  ^
    0.22E-11    0.22E-11    0.22E-11    0.23E-11    0.24E-11  ^
    0.25E-11    0.26E-11    0.27E-11    0.28E-11    0.29E-11  ^
    0.29E-11    0.30E-11    0.31E-11    0.31E-11    0.29E-11  ^

HOCL    _ALT     0.34     1.02     1.70     2.38     3.06  ^
     3.74     4.42     5.10     5.78     6.46  ^
     7.14     7.82     8.50     9.18     9.86  ^
    10.54    11.22    11.90    12.58    13.26  ^
    13.94    14.62    15.30    15.98    16.66  ^
    17.34    18.02    18.70    19.38    20.06  ^
    20.74    21.42    22.10    22.78    23.46  ^
    24.14    24.82    25.50    26.18    26.86  ^
    27.54    28.22    28.90    29.58    30.26  ^
    30.94    31.62    32.30    32.98    33.66  ^
    34.34    35.02    35.70    36.38    37.06  ^
    37.74    38.42    39.10    39.78    40.46  ^
    41.14    41.82    42.50    43.18    43.86  ^
    44.54    45.22    45.90    46.58    47.26  ^
    47.94    48.62    49.30    49.98    50.66  ^
    51.34    52.02    52.70    53.38    54.06  ^
    54.74    55.42    56.10    56.78    57.46  ^
    58.14    58.82    59.50    60.18    60.86  ^
    61.54    62.22    62.90    63.58    64.26  ^
    64.94    65.62    66.30    66.98    67.66  ^

Molecule CL      

CL      _MR    0.35E-17    0.46E-17    0.58E-17    0.71E-17    0.87E-17  ^
    0.10E-16    0.12E-16    0.13E-16    0.13E-16    0.14E-16  ^
    0.15E-16    0.17E-16    0.19E-16    0.20E-16    0.21E-16  ^
    0.24E-16    0.31E-16    0.48E-16    0.71E-16    0.10E-15  ^
    0.15E-15    0.21E-15    0.29E-15    0.39E-15    0.52E-15  ^
    0.70E-15    0.92E-15    0.12E-14    0.16E-14    0.20E-14  ^
    0.25E-14    0.32E-14    0.39E-14    0.47E-14    0.57E-14  ^
    0.68E-14    0.80E-14    0.94E-14    0.11E-13    0.13E-13  ^
    0.15E-13    0.17E-13    0.20E-13    0.24E-13    0.29E-13  ^
    0.35E-13    0.43E-13    0.54E-13    0.70E-13    0.92E-13  ^
    0.12E-12    0.17E-12    0.23E-12    0.32E-12    0.46E-12  ^
    0.65E-12    0.94E-12    0.14E-11    0.20E-11    0.30E-11  ^
    0.44E-11    0.64E-11    0.91E-11    0.13E-10    0.18E-10  ^
    0.23E-10    0.30E-10    0.37E-10    0.43E-10    0.50E-10  ^
    0.55E-10    0.59E-10    0.63E-10    0.65E-10    0.66E-10  ^
    0.67E-10    0.66E-10    0.66E-10    0.65E-10    0.64E-10  ^
    0.63E-10    0.62E-10    0.61E-10    0.60E-10    0.59E-10  ^
    0.59E-10    0.59E-10    0.59E-10    0.60E-10    0.60E-10  ^
    0.61E-10    0.61E-10    0.62E-10    0.62E-10    0.62E-10  ^
    0.61E-10    0.61E-10    0.61E-10    0.62E-10    0.66E-10  ^

CL      _ALT     0.34     1.02     1.70     2.38     3.06  ^
     3.74     4.42     5.10     5.78     6.46  ^
     7.14     7.82     8.50     9.18     9.86  ^
    10.54    11.22    11.90    12.58    13.26  ^
    13.94    14.62    15.30    15.98    16.66  ^
    17.34    18.02    18.70    19.38    20.06  ^
    20.74    21.42    22.10    22.78    23.46  ^
    24.14    24.82    25.50    26.18    26.86  ^
    27.54    28.22    28.90    29.58    30.26  ^
    30.94    31.62    32.30    32.98    33.66  ^
    34.34    35.02    35.70    36.38    37.06  ^
    37.74    38.42    39.10    39.78    40.46  ^
    41.14    41.82    42.50    43.18    43.86  ^
    44.54    45.22    45.90    46.58    47.26  ^
    47.94    48.62    49.30    49.98    50.66  ^
    51.34    52.02    52.70    53.38    54.06  ^
    54.74    55.42    56.10    56.78    57.46  ^
    58.14    58.82    59.50    60.18    60.86  ^
    61.54    62.22    62.90    63.58    64.26  ^
    64.94    65.62    66.30    66.98    67.66  ^

Molecule CLO     

CLO     _MR    0.84E-14    0.98E-14    0.11E-13    0.12E-13    0.13E-13  ^
    0.14E-13    0.15E-13    0.15E-13    0.14E-13    0.12E-13  ^
    0.99E-14    0.81E-14    0.72E-14    0.67E-14    0.66E-14  ^
    0.85E-14    0.15E-13    0.35E-13    0.68E-13    0.12E-12  ^
    0.22E-12    0.36E-12    0.58E-12    0.90E-12    0.14E-11  ^
    0.20E-11    0.29E-11    0.42E-11    0.60E-11    0.85E-11  ^
    0.12E-10    0.16E-10    0.22E-10    0.29E-10    0.38E-10  ^
    0.48E-10    0.60E-10    0.73E-10    0.87E-10    0.10E-09  ^
    0.12E-09    0.13E-09    0.15E-09    0.17E-09    0.19E-09  ^
    0.22E-09    0.24E-09    0.26E-09    0.29E-09    0.31E-09  ^
    0.33E-09    0.35E-09    0.37E-09    0.40E-09    0.42E-09  ^
    0.44E-09    0.47E-09    0.49E-09    0.51E-09    0.52E-09  ^
    0.53E-09    0.54E-09    0.53E-09    0.51E-09    0.49E-09  ^
    0.45E-09    0.41E-09    0.37E-09    0.32E-09    0.28E-09  ^
    0.24E-09    0.20E-09    0.17E-09    0.14E-09    0.12E-09  ^
    0.99E-10    0.83E-10    0.69E-10    0.58E-10    0.48E-10  ^
    0.41E-10    0.35E-10    0.30E-10    0.26E-10    0.22E-10  ^
    0.20E-10    0.18E-10    0.16E-10    0.15E-10    0.14E-10  ^
    0.13E-10    0.11E-10    0.10E-10    0.93E-11    0.83E-11  ^
    0.73E-11    0.64E-11    0.56E-11    0.48E-11    0.38E-11  ^

CLO     _ALT     0.34     1.02     1.70     2.38     3.06  ^
     3.74     4.42     5.10     5.78     6.46  ^
     7.14     7.82     8.50     9.18     9.86  ^
    10.54    11.22    11.90    12.58    13.26  ^
    13.94    14.62    15.30    15.98    16.66  ^
    17.34    18.02    18.70    19.38    20.06  ^
    20.74    21.42    22.10    22.78    23.46  ^
    24.14    24.82    25.50    26.18    26.86  ^
    27.54    28.22    28.90    29.58    30.26  ^
    30.94    31.62    32.30    32.98    33.66  ^
    34.34    35.02    35.70    36.38    37.06  ^
    37.74    38.42    39.10    39.78    40.46  ^
    41.14    41.82    42.50    43.18    43.86  ^
    44.54    45.22    45.90    46.58    47.26  ^
    47.94    48.62    49.30    49.98    50.66  ^
    51.34    52.02    52.70    53.38    54.06  ^
    54.74    55.42    56.10    56.78    57.46  ^
    58.14    58.82    59.50    60.18    60.86  ^
    61.54    62.22    62.90    63.58    64.26  ^
    64.94    65.62    66.30    66.98    67.66  ^

Molecule HCL     

HCL     _MR    0.75E-11    0.99E-11    0.12E-10    0.15E-10    0.17E-10  ^
    0.20E-10    0.21E-10    0.23E-10    0.24E-10    0.26E-10  ^
    0.27E-10    0.28E-10    0.30E-10    0.33E-10    0.38E-10  ^
    0.48E-10    0.69E-10    0.11E-09    0.14E-09    0.18E-09  ^
    0.22E-09    0.26E-09    0.31E-09    0.35E-09    0.39E-09  ^
    0.43E-09    0.47E-09    0.50E-09    0.53E-09    0.55E-09  ^
    0.57E-09    0.58E-09    0.59E-09    0.59E-09    0.59E-09  ^
    0.58E-09    0.57E-09    0.55E-09    0.53E-09    0.51E-09  ^
    0.49E-09    0.46E-09    0.44E-09    0.42E-09    0.40E-09  ^
    0.38E-09    0.37E-09    0.36E-09    0.35E-09    0.34E-09  ^
    0.34E-09    0.34E-09    0.34E-09    0.34E-09    0.34E-09  ^
    0.34E-09    0.34E-09    0.35E-09    0.36E-09    0.37E-09  ^
    0.39E-09    0.41E-09    0.44E-09    0.47E-09    0.51E-09  ^
    0.56E-09    0.60E-09    0.65E-09    0.70E-09    0.74E-09  ^
    0.78E-09    0.82E-09    0.85E-09    0.88E-09    0.91E-09  ^
    0.93E-09    0.95E-09    0.96E-09    0.98E-09    0.99E-09  ^
    0.10E-08    0.10E-08    0.10E-08    0.10E-08    0.10E-08  ^
    0.10E-08    0.10E-08    0.10E-08    0.10E-08    0.10E-08  ^
    0.10E-08    0.10E-08    0.10E-08    0.10E-08    0.10E-08  ^
    0.10E-08    0.10E-08    0.10E-08    0.10E-08    0.10E-08  ^

HCL     _ALT     0.34     1.02     1.70     2.38     3.06  ^
     3.74     4.42     5.10     5.78     6.46  ^
     7.14     7.82     8.50     9.18     9.86  ^
    10.54    11.22    11.90    12.58    13.26  ^
    13.94    14.62    15.30    15.98    16.66  ^
    17.34    18.02    18.70    19.38    20.06  ^
    20.74    21.42    22.10    22.78    23.46  ^
    24.14    24.82    25.50    26.18    26.86  ^
    27.54    28.22    28.90    29.58    30.26  ^
    30.94    31.62    32.30    32.98    33.66  ^
    34.34    35.02    35.70    36.38    37.06  ^
    37.74    38.42    39.10    39.78    40.46  ^
    41.14    41.82    42.50    43.18    43.86  ^
    44.54    45.22    45.90    46.58    47.26  ^
    47.94    48.62    49.30    49.98    50.66  ^
    51.34    52.02    52.70    53.38    54.06  ^
    54.74    55.42    56.10    56.78    57.46  ^
    58.14    58.82    59.50    60.18    60.86  ^
    61.54    62.22    62.90    63.58    64.26  ^
    64.94    65.62    66.30    66.98    67.66  ^

Molecule CLONO2  

CLONO2  _MR    0.60E-12    0.73E-12    0.83E-12    0.90E-12    0.95E-12  ^
    0.96E-12    0.91E-12    0.80E-12    0.66E-12    0.54E-12  ^
    0.44E-12    0.36E-12    0.30E-12    0.25E-12    0.22E-12  ^
    0.24E-12    0.39E-12    0.86E-12    0.15E-11    0.26E-11  ^
    0.41E-11    0.64E-11    0.95E-11    0.14E-10    0.18E-10  ^
    0.24E-10    0.32E-10    0.40E-10    0.49E-10    0.60E-10  ^
    0.72E-10    0.85E-10    0.10E-09    0.11E-09    0.13E-09  ^
    0.15E-09    0.16E-09    0.18E-09    0.19E-09    0.21E-09  ^
    0.22E-09    0.22E-09    0.22E-09    0.22E-09    0.20E-09  ^
    0.18E-09    0.15E-09    0.12E-09    0.87E-10    0.62E-10  ^
    0.42E-10    0.28E-10    0.18E-10    0.12E-10    0.76E-11  ^
    0.49E-11    0.31E-11    0.20E-11    0.12E-11    0.76E-12  ^
    0.45E-12    0.26E-12    0.15E-12    0.81E-13    0.43E-13  ^
    0.23E-13    0.12E-13    0.63E-14    0.33E-14    0.18E-14  ^
    0.98E-15    0.54E-15    0.30E-15    0.17E-15    0.10E-15  ^
    0.59E-16    0.36E-16    0.22E-16    0.13E-16    0.86E-17  ^
    0.56E-17    0.37E-17    0.25E-17    0.17E-17    0.12E-17  ^
    0.90E-18    0.71E-18    0.58E-18    0.49E-18    0.42E-18  ^
    0.36E-18    0.32E-18    0.28E-18    0.25E-18    0.22E-18  ^
    0.20E-18    0.17E-18    0.13E-18    0.95E-19    0.45E-19  ^

CLONO2  _ALT     0.34     1.02     1.70     2.38     3.06  ^
     3.74     4.42     5.10     5.78     6.46  ^
     7.14     7.82     8.50     9.18     9.86  ^
    10.54    11.22    11.90    12.58    13.26  ^
    13.94    14.62    15.30    15.98    16.66  ^
    17.34    18.02    18.70    19.38    20.06  ^
    20.74    21.42    22.10    22.78    23.46  ^
    24.14    24.82    25.50    26.18    26.86  ^
    27.54    28.22    28.90    29.58    30.26  ^
    30.94    31.62    32.30    32.98    33.66  ^
    34.34    35.02    35.70    36.38    37.06  ^
    37.74    38.42    39.10    39.78    40.46  ^
    41.14    41.82    42.50    43.18    43.86  ^
    44.54    45.22    45.90    46.58    47.26  ^
    47.94    48.62    49.30    49.98    50.66  ^
    51.34    52.02    52.70    53.38    54.06  ^
    54.74    55.42    56.10    56.78    57.46  ^
    58.14    58.82    59.50    60.18    60.86  ^
    61.54    62.22    62.90    63.58    64.26  ^
    64.94    65.62    66.30    66.98    67.66  ^

Molecule H2S     

H2S     _MR    0.45E-11    0.46E-11    0.46E-11    0.48E-11    0.50E-11  ^
    0.54E-11    0.59E-11    0.67E-11    0.77E-11    0.87E-11  ^
    0.97E-11    0.10E-10    0.11E-10    0.11E-10    0.75E-11  ^
    0.48E-11    0.23E-11    0.81E-12    0.30E-12    0.11E-12  ^
    0.35E-13    0.11E-13    0.31E-14    0.90E-15    0.26E-15  ^
    0.74E-16    0.21E-16    0.61E-17    0.18E-17    0.52E-18  ^
    0.15E-18    0.44E-19    0.13E-19    0.37E-20    0.10E-20  ^
    0.29E-21    0.79E-22    0.21E-22    0.52E-23    0.13E-23  ^
    0.28E-24    0.57E-25    0.11E-25    0.24E-26    0.15E-26  ^
    0.21E-26    0.34E-26    0.53E-26    0.80E-26    0.12E-25  ^
    0.16E-25    0.22E-25    0.29E-25    0.37E-25    0.45E-25  ^
    0.53E-25    0.61E-25    0.69E-25    0.77E-25    0.85E-25  ^
    0.93E-25    0.10E-24    0.11E-24    0.12E-24    0.14E-24  ^
    0.15E-24    0.16E-24    0.17E-24    0.18E-24    0.18E-24  ^
    0.19E-24    0.19E-24    0.20E-24    0.20E-24    0.21E-24  ^
    0.21E-24    0.22E-24    0.23E-24    0.24E-24    0.26E-24  ^
    0.28E-24    0.30E-24    0.32E-24    0.36E-24    0.40E-24  ^
    0.45E-24    0.51E-24    0.59E-24    0.69E-24    0.82E-24  ^
    0.99E-24    0.12E-23    0.15E-23    0.19E-23    0.25E-23  ^
    0.32E-23    0.40E-23    0.50E-23    0.58E-23    0.59E-23  ^

H2S     _ALT     0.34     1.02     1.70     2.38     3.06  ^
     3.74     4.42     5.10     5.78     6.46  ^
     7.14     7.82     8.50     9.18     9.86  ^
    10.54    11.22    11.90    12.58    13.26  ^
    13.94    14.62    15.30    15.98    16.66  ^
    17.34    18.02    18.70    19.38    20.06  ^
    20.74    21.42    22.10    22.78    23.46  ^
    24.14    24.82    25.50    26.18    26.86  ^
    27.54    28.22    28.90    29.58    30.26  ^
    30.94    31.62    32.30    32.98    33.66  ^
    34.34    35.02    35.70    36.38    37.06  ^
    37.74    38.42    39.10    39.78    40.46  ^
    41.14    41.82    42.50    43.18    43.86  ^
    44.54    45.22    45.90    46.58    47.26  ^
    47.94    48.62    49.30    49.98    50.66  ^
    51.34    52.02    52.70    53.38    54.06  ^
    54.74    55.42    56.10    56.78    57.46  ^
    58.14    58.82    59.50    60.18    60.86  ^
    61.54    62.22    62.90    63.58    64.26  ^
    64.94    65.62    66.30    66.98    67.66  ^

Molecule HS      

HS      _MR    0.21E-17    0.24E-17    0.27E-17    0.31E-17    0.36E-17  ^
    0.41E-17    0.46E-17    0.49E-17    0.49E-17    0.51E-17  ^
    0.53E-17    0.56E-17    0.59E-17    0.56E-17    0.34E-17  ^
    0.19E-17    0.74E-18    0.21E-18    0.69E-19    0.23E-19  ^
    0.74E-20    0.22E-20    0.63E-21    0.18E-21    0.53E-22  ^
    0.16E-22    0.47E-23    0.14E-23    0.45E-24    0.14E-24  ^
    0.45E-25    0.14E-25    0.45E-26    0.14E-26    0.44E-27  ^
    0.13E-27    0.41E-28    0.12E-28    0.43E-29    0.24E-29  ^
    0.27E-29    0.42E-29    0.76E-29    0.14E-28    0.29E-28  ^
    0.58E-28    0.12E-27    0.24E-27    0.48E-27    0.93E-27  ^
    0.17E-26    0.32E-26    0.56E-26    0.95E-26    0.15E-25  ^
    0.24E-25    0.37E-25    0.54E-25    0.77E-25    0.11E-24  ^
    0.15E-24    0.20E-24    0.26E-24    0.34E-24    0.43E-24  ^
    0.52E-24    0.62E-24    0.71E-24    0.79E-24    0.87E-24  ^
    0.94E-24    0.10E-23    0.11E-23    0.11E-23    0.12E-23  ^
    0.13E-23    0.14E-23    0.14E-23    0.15E-23    0.17E-23  ^
    0.18E-23    0.19E-23    0.21E-23    0.23E-23    0.25E-23  ^
    0.28E-23    0.31E-23    0.34E-23    0.38E-23    0.44E-23  ^
    0.50E-23    0.59E-23    0.69E-23    0.82E-23    0.98E-23  ^
    0.12E-22    0.14E-22    0.16E-22    0.18E-22    0.17E-22  ^

HS      _ALT     0.34     1.02     1.70     2.38     3.06  ^
     3.74     4.42     5.10     5.78     6.46  ^
     7.14     7.82     8.50     9.18     9.86  ^
    10.54    11.22    11.90    12.58    13.26  ^
    13.94    14.62    15.30    15.98    16.66  ^
    17.34    18.02    18.70    19.38    20.06  ^
    20.74    21.42    22.10    22.78    23.46  ^
    24.14    24.82    25.50    26.18    26.86  ^
    27.54    28.22    28.90    29.58    30.26  ^
    30.94    31.62    32.30    32.98    33.66  ^
    34.34    35.02    35.70    36.38    37.06  ^
    37.74    38.42    39.10    39.78    40.46  ^
    41.14    41.82    42.50    43.18    43.86  ^
    44.54    45.22    45.90    46.58    47.26  ^
    47.94    48.62    49.30    49.98    50.66  ^
    51.34    52.02    52.70    53.38    54.06  ^
    54.74    55.42    56.10    56.78    57.46  ^
    58.14    58.82    59.50    60.18    60.86  ^
    61.54    62.22    62.90    63.58    64.26  ^
    64.94    65.62    66.30    66.98    67.66  ^

Molecule SO      

SO      _MR    0.49E-19    0.72E-19    0.98E-19    0.13E-18    0.19E-18  ^
    0.27E-18    0.38E-18    0.50E-18    0.66E-18    0.89E-18  ^
    0.12E-17    0.18E-17    0.23E-17    0.25E-17    0.18E-17  ^
    0.11E-17    0.54E-18    0.20E-18    0.84E-19    0.35E-19  ^
    0.13E-19    0.48E-20    0.20E-20    0.12E-20    0.12E-20  ^
    0.15E-20    0.20E-20    0.27E-20    0.35E-20    0.44E-20  ^
    0.54E-20    0.66E-20    0.79E-20    0.92E-20    0.11E-19  ^
    0.12E-19    0.15E-19    0.17E-19    0.21E-19    0.26E-19  ^
    0.34E-19    0.47E-19    0.70E-19    0.11E-18    0.18E-18  ^
    0.30E-18    0.49E-18    0.81E-18    0.13E-17    0.21E-17  ^
    0.33E-17    0.49E-17    0.72E-17    0.10E-16    0.14E-16  ^
    0.19E-16    0.25E-16    0.31E-16    0.38E-16    0.46E-16  ^
    0.53E-16    0.60E-16    0.67E-16    0.74E-16    0.81E-16  ^
    0.88E-16    0.96E-16    0.10E-15    0.11E-15    0.12E-15  ^
    0.13E-15    0.15E-15    0.16E-15    0.18E-15    0.20E-15  ^
    0.22E-15    0.24E-15    0.27E-15    0.31E-15    0.34E-15  ^
    0.39E-15    0.44E-15    0.50E-15    0.57E-15    0.66E-15  ^
    0.77E-15    0.93E-15    0.11E-14    0.14E-14    0.18E-14  ^
    0.22E-14    0.28E-14    0.35E-14    0.43E-14    0.54E-14  ^
    0.67E-14    0.81E-14    0.97E-14    0.11E-13    0.12E-13  ^

SO      _ALT     0.34     1.02     1.70     2.38     3.06  ^
     3.74     4.42     5.10     5.78     6.46  ^
     7.14     7.82     8.50     9.18     9.86  ^
    10.54    11.22    11.90    12.58    13.26  ^
    13.94    14.62    15.30    15.98    16.66  ^
    17.34    18.02    18.70    19.38    20.06  ^
    20.74    21.42    22.10    22.78    23.46  ^
    24.14    24.82    25.50    26.18    26.86  ^
    27.54    28.22    28.90    29.58    30.26  ^
    30.94    31.62    32.30    32.98    33.66  ^
    34.34    35.02    35.70    36.38    37.06  ^
    37.74    38.42    39.10    39.78    40.46  ^
    41.14    41.82    42.50    43.18    43.86  ^
    44.54    45.22    45.90    46.58    47.26  ^
    47.94    48.62    49.30    49.98    50.66  ^
    51.34    52.02    52.70    53.38    54.06  ^
    54.74    55.42    56.10    56.78    57.46  ^
    58.14    58.82    59.50    60.18    60.86  ^
    61.54    62.22    62.90    63.58    64.26  ^
    64.94    65.62    66.30    66.98    67.66  ^

Molecule SO2     

SO2     _MR    0.39E-10    0.62E-10    0.85E-10    0.11E-09    0.13E-09  ^
    0.15E-09    0.18E-09    0.21E-09    0.23E-09    0.26E-09  ^
    0.28E-09    0.30E-09    0.31E-09    0.31E-09    0.28E-09  ^
    0.24E-09    0.18E-09    0.12E-09    0.77E-10    0.51E-10  ^
    0.33E-10    0.20E-10    0.13E-10    0.78E-11    0.49E-11  ^
    0.31E-11    0.20E-11    0.13E-11    0.85E-12    0.57E-12  ^
    0.39E-12    0.27E-12    0.19E-12    0.14E-12    0.10E-12  ^
    0.74E-13    0.56E-13    0.43E-13    0.35E-13    0.29E-13  ^
    0.26E-13    0.24E-13    0.24E-13    0.26E-13    0.29E-13  ^
    0.33E-13    0.38E-13    0.45E-13    0.52E-13    0.60E-13  ^
    0.69E-13    0.77E-13    0.86E-13    0.94E-13    0.10E-12  ^
    0.11E-12    0.11E-12    0.12E-12    0.12E-12    0.13E-12  ^
    0.13E-12    0.13E-12    0.14E-12    0.14E-12    0.14E-12  ^
    0.14E-12    0.14E-12    0.15E-12    0.15E-12    0.15E-12  ^
    0.15E-12    0.15E-12    0.15E-12    0.15E-12    0.15E-12  ^
    0.15E-12    0.15E-12    0.16E-12    0.16E-12    0.16E-12  ^
    0.16E-12    0.16E-12    0.16E-12    0.16E-12    0.16E-12  ^
    0.16E-12    0.16E-12    0.16E-12    0.16E-12    0.16E-12  ^
    0.16E-12    0.16E-12    0.16E-12    0.16E-12    0.16E-12  ^
    0.16E-12    0.16E-12    0.16E-12    0.15E-12    0.15E-12  ^

SO2     _ALT     0.34     1.02     1.70     2.38     3.06  ^
     3.74     4.42     5.10     5.78     6.46  ^
     7.14     7.82     8.50     9.18     9.86  ^
    10.54    11.22    11.90    12.58    13.26  ^
    13.94    14.62    15.30    15.98    16.66  ^
    17.34    18.02    18.70    19.38    20.06  ^
    20.74    21.42    22.10    22.78    23.46  ^
    24.14    24.82    25.50    26.18    26.86  ^
    27.54    28.22    28.90    29.58    30.26  ^
    30.94    31.62    32.30    32.98    33.66  ^
    34.34    35.02    35.70    36.38    37.06  ^
    37.74    38.42    39.10    39.78    40.46  ^
    41.14    41.82    42.50    43.18    43.86  ^
    44.54    45.22    45.90    46.58    47.26  ^
    47.94    48.62    49.30    49.98    50.66  ^
    51.34    52.02    52.70    53.38    54.06  ^
    54.74    55.42    56.10    56.78    57.46  ^
    58.14    58.82    59.50    60.18    60.86  ^
    61.54    62.22    62.90    63.58    64.26  ^
    64.94    65.62    66.30    66.98    67.66  ^

Molecule H2SO4   

H2SO4   _MR    0.14E-11    0.25E-11    0.37E-11    0.50E-11    0.65E-11  ^
    0.78E-11    0.88E-11    0.92E-11    0.92E-11    0.91E-11  ^
    0.89E-11    0.87E-11    0.84E-11    0.77E-11    0.60E-11  ^
    0.44E-11    0.28E-11    0.17E-11    0.11E-11    0.73E-12  ^
    0.47E-12    0.30E-12    0.18E-12    0.11E-12    0.73E-13  ^
    0.47E-13    0.31E-13    0.21E-13    0.14E-13    0.10E-13  ^
    0.81E-14    0.84E-14    0.13E-13    0.31E-13    0.68E-13  ^
    0.94E-13    0.11E-12    0.12E-12    0.13E-12    0.14E-12  ^
    0.14E-12    0.14E-12    0.14E-12    0.14E-12    0.14E-12  ^
    0.13E-12    0.13E-12    0.12E-12    0.12E-12    0.11E-12  ^
    0.99E-13    0.90E-13    0.81E-13    0.73E-13    0.66E-13  ^
    0.59E-13    0.53E-13    0.48E-13    0.43E-13    0.39E-13  ^
    0.36E-13    0.33E-13    0.31E-13    0.28E-13    0.26E-13  ^
    0.25E-13    0.23E-13    0.22E-13    0.20E-13    0.19E-13  ^
    0.18E-13    0.17E-13    0.16E-13    0.15E-13    0.14E-13  ^
    0.13E-13    0.12E-13    0.11E-13    0.11E-13    0.99E-14  ^
    0.91E-14    0.84E-14    0.77E-14    0.71E-14    0.65E-14  ^
    0.60E-14    0.55E-14    0.50E-14    0.46E-14    0.43E-14  ^
    0.40E-14    0.37E-14    0.34E-14    0.32E-14    0.30E-14  ^
    0.28E-14    0.27E-14    0.26E-14    0.25E-14    0.24E-14  ^

H2SO4   _ALT     0.34     1.02     1.70     2.38     3.06  ^
     3.74     4.42     5.10     5.78     6.46  ^
     7.14     7.82     8.50     9.18     9.86  ^
    10.54    11.22    11.90    12.58    13.26  ^
    13.94    14.62    15.30    15.98    16.66  ^
    17.34    18.02    18.70    19.38    20.06  ^
    20.74    21.42    22.10    22.78    23.46  ^
    24.14    24.82    25.50    26.18    26.86  ^
    27.54    28.22    28.90    29.58    30.26  ^
    30.94    31.62    32.30    32.98    33.66  ^
    34.34    35.02    35.70    36.38    37.06  ^
    37.74    38.42    39.10    39.78    40.46  ^
    41.14    41.82    42.50    43.18    43.86  ^
    44.54    45.22    45.90    46.58    47.26  ^
    47.94    48.62    49.30    49.98    50.66  ^
    51.34    52.02    52.70    53.38    54.06  ^
    54.74    55.42    56.10    56.78    57.46  ^
    58.14    58.82    59.50    60.18    60.86  ^
    61.54    62.22    62.90    63.58    64.26  ^
    64.94    65.62    66.30    66.98    67.66  ^

Molecule HSO     

HSO     _MR    0.10E-12    0.12E-12    0.12E-12    0.12E-12    0.13E-12  ^
    0.14E-12    0.15E-12    0.17E-12    0.18E-12    0.20E-12  ^
    0.21E-12    0.22E-12    0.23E-12    0.22E-12    0.16E-12  ^
    0.10E-12    0.52E-13    0.19E-13    0.69E-14    0.24E-14  ^
    0.79E-15    0.23E-15    0.66E-16    0.18E-16    0.49E-17  ^
    0.13E-17    0.36E-18    0.96E-19    0.26E-19    0.71E-20  ^
    0.19E-20    0.51E-21    0.14E-21    0.36E-22    0.93E-23  ^
    0.24E-23    0.60E-24    0.15E-24    0.42E-25    0.19E-25  ^
    0.17E-25    0.22E-25    0.31E-25    0.48E-25    0.75E-25  ^
    0.12E-24    0.19E-24    0.31E-24    0.47E-24    0.70E-24  ^
    0.10E-23    0.14E-23    0.19E-23    0.24E-23    0.28E-23  ^
    0.32E-23    0.36E-23    0.38E-23    0.38E-23    0.38E-23  ^
    0.36E-23    0.34E-23    0.31E-23    0.28E-23    0.25E-23  ^
    0.22E-23    0.20E-23    0.17E-23    0.15E-23    0.14E-23  ^
    0.13E-23    0.13E-23    0.13E-23    0.13E-23    0.14E-23  ^
    0.16E-23    0.17E-23    0.20E-23    0.23E-23    0.27E-23  ^
    0.32E-23    0.39E-23    0.46E-23    0.56E-23    0.70E-23  ^
    0.89E-23    0.12E-22    0.15E-22    0.21E-22    0.29E-22  ^
    0.40E-22    0.56E-22    0.80E-22    0.11E-21    0.16E-21  ^
    0.24E-21    0.34E-21    0.48E-21    0.66E-21    0.89E-21  ^

HSO     _ALT     0.34     1.02     1.70     2.38     3.06  ^
     3.74     4.42     5.10     5.78     6.46  ^
     7.14     7.82     8.50     9.18     9.86  ^
    10.54    11.22    11.90    12.58    13.26  ^
    13.94    14.62    15.30    15.98    16.66  ^
    17.34    18.02    18.70    19.38    20.06  ^
    20.74    21.42    22.10    22.78    23.46  ^
    24.14    24.82    25.50    26.18    26.86  ^
    27.54    28.22    28.90    29.58    30.26  ^
    30.94    31.62    32.30    32.98    33.66  ^
    34.34    35.02    35.70    36.38    37.06  ^
    37.74    38.42    39.10    39.78    40.46  ^
    41.14    41.82    42.50    43.18    43.86  ^
    44.54    45.22    45.90    46.58    47.26  ^
    47.94    48.62    49.30    49.98    50.66  ^
    51.34    52.02    52.70    53.38    54.06  ^
    54.74    55.42    56.10    56.78    57.46  ^
    58.14    58.82    59.50    60.18    60.86  ^
    61.54    62.22    62.90    63.58    64.26  ^
    64.94    65.62    66.30    66.98    67.66  ^
