
*** Output file for diagnostics after 20 coupled iterations ***

*** PHOTOCHEMICAL MODEL output

 Ozone column depth =  3.1389E+18 cm^-2

 Results sorted by Lower Boundary Condition

  Species with fixed surface FLUX
      Specified flux   Calculated flux    calc/spec      TL
 H2        -3.32E+09    -3.32E+09          9.99E-01    3.63E+10
 CH4        1.31E+11     1.31E+11          1.00E+00    1.31E+11
 CO         2.30E+11     2.30E+11          1.00E+00    3.47E+11
 N2O        6.75E+08     6.63E+08          9.82E-01    5.20E+08
 CH3CL      3.31E+08     3.31E+08          1.00E+00    3.31E+08
 
  Species with fixed VELOCITY DEPOSITION
               TL         TP         TL/TP
 H2CO       1.19E+11    1.20E+11    9.91E-01
 O          1.20E+15    1.20E+15    1.00E+00
 OH         1.69E+12    1.69E+12    1.00E+00
 HO2        1.57E+12    1.57E+12    1.00E+00
 H2O2       9.00E+10    9.55E+10    9.43E-01
 O3         1.20E+15    1.20E+15    1.00E+00
 H          1.19E+12    1.19E+12    1.00E+00
 CH3OOH     9.33E+10    9.60E+10    9.72E-01
 CH3O2      2.04E+11    2.05E+11    9.99E-01
 NO         1.27E+13    1.27E+13    1.00E+00
 NO2        1.28E+13    1.28E+13    1.00E+00
 HNO2       6.83E+09    6.83E+09    1.00E+00
 HNO3       1.92E+10    2.08E+10    9.26E-01
 HO2NO2     1.02E+11    1.02E+11    1.00E+00
 NO3        1.45E+10    1.45E+10    1.00E+00
 N2O5       2.50E+08    2.50E+08    1.00E+00
 CL2O2      3.38E+05    3.38E+05    1.00E+00
 HOCL       6.79E+08    6.82E+08    9.96E-01
 CL         9.72E+13    9.72E+13    1.00E+00
 CLO        3.71E+11    3.71E+11    1.00E+00
 HCL        8.32E+08    9.22E+08    9.02E-01
 CLONO2     1.44E+09    1.45E+09    9.95E-01
 H2S        3.33E+08    3.34E+08    9.97E-01
 HS         3.33E+08    3.33E+08    1.00E+00
 SO         3.32E+08    3.32E+08    1.00E+00
 SO2        2.00E+11    2.01E+11    9.97E-01
 H2SO4      2.41E+09    6.86E+09    3.52E-01
 HSO        1.84E+08    1.85E+08    9.96E-01
 SO4AER     2.30E+09    2.32E+09    9.92E-01

*** CLIMATE MODEL output

   Selected temperatures for diagnostic
 Layer    T_Ncoup-1       T_Ncoup       (T_n-1)-(T_n)     DIVF_Nstep
 100      2.8900E+02      2.8899E+02      4.4382E-03     -1.9202E+00
  99      2.8708E+02      2.8708E+02      4.6000E-03     -1.3075E+00
  Last convective layer 
  86      2.2302E+02      2.2301E+02      1.0214E-02     -1.9669E-02
  At the cold trap 
  74      1.9947E+02      1.9945E+02      1.4106E-02     -8.1964E-04
   2      2.0279E+02      2.0280E+02      3.6513E-03     -3.5504E-05
   1      1.9729E+02      1.9729E+02      3.5574E-03      0.0000E+00

  ** PARAMETERS OF THE ATMOSPHERE AT STEADY STATE **


 Factor for stellar flux =     1.0000


 Ozone column depth =  3.1389E+18 cm^-2

   *** Surface fluxes (cm^-2 s^-1) ***

     H2         CH4        CO         N2O        CH3CL 
 -3.317E+09  1.310E+11  2.300E+11  6.626E+08  3.310E+08

   *** Mixing ratios ***

 Z (km) P(dyn/cm^2)   H2O       H2        CH4       CO        N2O       CH3CL   
  0.34   9.726E+05 1.234E-02 3.962E-07 1.407E-06 7.921E-08 3.358E-07 4.370E-10
  1.02   8.967E+05 9.846E-03 3.963E-07 1.404E-06 7.356E-08 3.358E-07 4.287E-10
  1.70   8.259E+05 7.816E-03 3.964E-07 1.401E-06 6.839E-08 3.358E-07 4.209E-10
  2.38   7.599E+05 6.101E-03 3.966E-07 1.398E-06 6.367E-08 3.358E-07 4.137E-10
  3.06   6.984E+05 4.606E-03 3.968E-07 1.396E-06 5.940E-08 3.358E-07 4.073E-10
  3.74   6.412E+05 3.363E-03 3.970E-07 1.394E-06 5.555E-08 3.357E-07 4.016E-10
  4.42   5.879E+05 2.397E-03 3.971E-07 1.392E-06 5.210E-08 3.357E-07 3.966E-10
  5.10   5.384E+05 1.643E-03 3.973E-07 1.390E-06 4.906E-08 3.357E-07 3.924E-10
  5.78   4.923E+05 1.075E-03 3.975E-07 1.389E-06 4.639E-08 3.357E-07 3.890E-10
  6.46   4.494E+05 6.666E-04 3.976E-07 1.388E-06 4.410E-08 3.356E-07 3.862E-10
  7.14   4.094E+05 3.890E-04 3.977E-07 1.388E-06 4.215E-08 3.356E-07 3.841E-10
  7.82   3.722E+05 2.129E-04 3.978E-07 1.387E-06 4.049E-08 3.356E-07 3.824E-10
  8.50   3.376E+05 1.091E-04 3.979E-07 1.387E-06 3.906E-08 3.355E-07 3.811E-10
  9.18   3.055E+05 5.246E-05 3.980E-07 1.386E-06 3.784E-08 3.355E-07 3.801E-10
  9.86   2.756E+05 2.370E-05 3.981E-07 1.386E-06 3.678E-08 3.354E-07 3.792E-10
 10.54   2.479E+05 1.058E-05 3.981E-07 1.386E-06 3.586E-08 3.354E-07 3.785E-10
 11.22   2.224E+05 5.780E-06 3.982E-07 1.385E-06 3.504E-08 3.354E-07 3.779E-10
 11.90   1.992E+05 4.003E-06 3.982E-07 1.385E-06 3.430E-08 3.353E-07 3.773E-10
 12.58   1.782E+05 3.001E-06 3.982E-07 1.385E-06 3.362E-08 3.353E-07 3.767E-10
 13.26   1.593E+05 2.329E-06 3.983E-07 1.385E-06 3.299E-08 3.352E-07 3.762E-10
 13.94   1.422E+05 1.857E-06 3.983E-07 1.384E-06 3.238E-08 3.351E-07 3.756E-10
 14.62   1.269E+05 1.542E-06 3.983E-07 1.384E-06 3.178E-08 3.350E-07 3.750E-10
 15.30   1.132E+05 1.409E-06 3.984E-07 1.384E-06 3.115E-08 3.349E-07 3.743E-10
 15.98   1.008E+05 1.410E-06 3.984E-07 1.383E-06 3.038E-08 3.348E-07 3.734E-10
 16.66   8.982E+04 1.412E-06 3.985E-07 1.382E-06 2.938E-08 3.345E-07 3.721E-10
 17.34   7.998E+04 1.414E-06 3.986E-07 1.380E-06 2.817E-08 3.342E-07 3.702E-10
 18.02   7.121E+04 1.419E-06 3.988E-07 1.378E-06 2.660E-08 3.336E-07 3.674E-10
 18.70   6.340E+04 1.425E-06 3.990E-07 1.375E-06 2.477E-08 3.326E-07 3.635E-10
 19.38   5.646E+04 1.434E-06 3.993E-07 1.370E-06 2.284E-08 3.313E-07 3.584E-10
 20.06   5.030E+04 1.446E-06 3.996E-07 1.363E-06 2.076E-08 3.294E-07 3.517E-10
 20.74   4.484E+04 1.463E-06 4.000E-07 1.353E-06 1.868E-08 3.269E-07 3.431E-10
 21.42   3.999E+04 1.486E-06 4.005E-07 1.341E-06 1.669E-08 3.234E-07 3.324E-10
 22.10   3.570E+04 1.513E-06 4.010E-07 1.325E-06 1.498E-08 3.191E-07 3.200E-10
 22.78   3.189E+04 1.548E-06 4.014E-07 1.306E-06 1.353E-08 3.135E-07 3.053E-10
 23.46   2.851E+04 1.590E-06 4.017E-07 1.282E-06 1.240E-08 3.069E-07 2.889E-10
 24.14   2.550E+04 1.639E-06 4.018E-07 1.256E-06 1.158E-08 2.992E-07 2.712E-10
 24.82   2.283E+04 1.694E-06 4.016E-07 1.225E-06 1.102E-08 2.904E-07 2.523E-10
 25.50   2.045E+04 1.754E-06 4.009E-07 1.192E-06 1.064E-08 2.805E-07 2.327E-10
 26.18   1.832E+04 1.821E-06 3.997E-07 1.155E-06 1.038E-08 2.697E-07 2.128E-10
 26.86   1.642E+04 1.892E-06 3.979E-07 1.116E-06 1.018E-08 2.581E-07 1.929E-10
 27.54   1.473E+04 1.969E-06 3.954E-07 1.075E-06 9.983E-09 2.457E-07 1.732E-10
 28.22   1.321E+04 2.049E-06 3.921E-07 1.031E-06 9.774E-09 2.327E-07 1.539E-10
 28.90   1.186E+04 2.133E-06 3.879E-07 9.856E-07 9.533E-09 2.191E-07 1.353E-10
 29.58   1.064E+04 2.219E-06 3.829E-07 9.392E-07 9.263E-09 2.053E-07 1.178E-10
 30.26   9.557E+03 2.305E-06 3.771E-07 8.926E-07 8.976E-09 1.915E-07 1.017E-10
 30.94   8.586E+03 2.391E-06 3.706E-07 8.461E-07 8.684E-09 1.778E-07 8.702E-11
 31.62   7.717E+03 2.476E-06 3.633E-07 7.999E-07 8.403E-09 1.645E-07 7.381E-11
 32.30   6.940E+03 2.560E-06 3.554E-07 7.543E-07 8.144E-09 1.515E-07 6.206E-11
 32.98   6.245E+03 2.642E-06 3.469E-07 7.094E-07 7.921E-09 1.389E-07 5.176E-11
 33.66   5.623E+03 2.722E-06 3.378E-07 6.657E-07 7.743E-09 1.269E-07 4.287E-11
 34.34   5.066E+03 2.798E-06 3.284E-07 6.235E-07 7.618E-09 1.155E-07 3.533E-11
 35.02   4.567E+03 2.870E-06 3.186E-07 5.826E-07 7.547E-09 1.047E-07 2.896E-11
 35.70   4.120E+03 2.939E-06 3.085E-07 5.435E-07 7.533E-09 9.460E-08 2.367E-11
 36.38   3.720E+03 3.003E-06 2.984E-07 5.061E-07 7.575E-09 8.524E-08 1.930E-11
 37.06   3.360E+03 3.062E-06 2.881E-07 4.706E-07 7.668E-09 7.659E-08 1.571E-11
 37.74   3.038E+03 3.116E-06 2.779E-07 4.369E-07 7.806E-09 6.864E-08 1.277E-11
 38.42   2.748E+03 3.165E-06 2.676E-07 4.049E-07 7.977E-09 6.137E-08 1.037E-11
 39.10   2.488E+03 3.209E-06 2.575E-07 3.748E-07 8.170E-09 5.473E-08 8.413E-12
 39.78   2.255E+03 3.248E-06 2.476E-07 3.464E-07 8.374E-09 4.870E-08 6.814E-12
 40.46   2.045E+03 3.281E-06 2.378E-07 3.198E-07 8.579E-09 4.323E-08 5.511E-12
 41.14   1.856E+03 3.309E-06 2.284E-07 2.950E-07 8.780E-09 3.830E-08 4.453E-12
 41.82   1.686E+03 3.330E-06 2.194E-07 2.721E-07 8.977E-09 3.390E-08 3.603E-12
 42.50   1.533E+03 3.345E-06 2.110E-07 2.512E-07 9.174E-09 2.999E-08 2.923E-12
 43.18   1.394E+03 3.355E-06 2.031E-07 2.321E-07 9.378E-09 2.651E-08 2.379E-12
 43.86   1.269E+03 3.358E-06 1.958E-07 2.147E-07 9.601E-09 2.343E-08 1.944E-12
 44.54   1.155E+03 3.355E-06 1.892E-07 1.989E-07 9.857E-09 2.068E-08 1.597E-12
 45.22   1.052E+03 3.345E-06 1.832E-07 1.846E-07 1.016E-08 1.825E-08 1.319E-12
 45.90   9.580E+02 3.330E-06 1.780E-07 1.718E-07 1.054E-08 1.611E-08 1.097E-12
 46.58   8.726E+02 3.309E-06 1.734E-07 1.603E-07 1.102E-08 1.423E-08 9.214E-13
 47.26   7.949E+02 3.282E-06 1.696E-07 1.501E-07 1.161E-08 1.258E-08 7.810E-13
 47.94   7.240E+02 3.250E-06 1.665E-07 1.410E-07 1.235E-08 1.114E-08 6.684E-13
 48.62   6.594E+02 3.213E-06 1.640E-07 1.329E-07 1.330E-08 9.870E-09 5.778E-13
 49.30   6.003E+02 3.170E-06 1.621E-07 1.256E-07 1.449E-08 8.754E-09 5.042E-13
 49.98   5.464E+02 3.122E-06 1.609E-07 1.190E-07 1.602E-08 7.769E-09 4.439E-13
 50.66   4.971E+02 3.070E-06 1.602E-07 1.130E-07 1.797E-08 6.903E-09 3.945E-13
 51.34   4.521E+02 3.012E-06 1.601E-07 1.076E-07 2.046E-08 6.142E-09 3.539E-13
 52.02   4.110E+02 2.949E-06 1.605E-07 1.026E-07 2.367E-08 5.472E-09 3.203E-13
 52.70   3.733E+02 2.882E-06 1.614E-07 9.812E-08 2.780E-08 4.883E-09 2.923E-13
 53.38   3.389E+02 2.810E-06 1.628E-07 9.394E-08 3.313E-08 4.362E-09 2.688E-13
 54.06   3.074E+02 2.734E-06 1.646E-07 9.006E-08 3.998E-08 3.905E-09 2.491E-13
 54.74   2.787E+02 2.653E-06 1.669E-07 8.645E-08 4.874E-08 3.503E-09 2.326E-13
 55.42   2.524E+02 2.567E-06 1.696E-07 8.306E-08 5.990E-08 3.151E-09 2.186E-13
 56.10   2.284E+02 2.478E-06 1.727E-07 7.984E-08 7.403E-08 2.842E-09 2.068E-13
 56.78   2.064E+02 2.384E-06 1.762E-07 7.675E-08 9.194E-08 2.569E-09 1.967E-13
 57.46   1.864E+02 2.285E-06 1.800E-07 7.375E-08 1.146E-07 2.327E-09 1.880E-13
 58.14   1.681E+02 2.181E-06 1.842E-07 7.081E-08 1.430E-07 2.112E-09 1.805E-13
 58.82   1.514E+02 2.072E-06 1.887E-07 6.790E-08 1.784E-07 1.923E-09 1.740E-13
 59.50   1.362E+02 1.958E-06 1.936E-07 6.500E-08 2.224E-07 1.754E-09 1.684E-13
 60.18   1.223E+02 1.838E-06 1.988E-07 6.209E-08 2.765E-07 1.606E-09 1.636E-13
 60.86   1.096E+02 1.714E-06 2.041E-07 5.919E-08 3.423E-07 1.476E-09 1.594E-13
 61.54   9.785E+01 1.585E-06 2.097E-07 5.626E-08 4.219E-07 1.362E-09 1.558E-13
 62.22   8.704E+01 1.450E-06 2.156E-07 5.331E-08 5.178E-07 1.263E-09 1.527E-13
 62.90   7.713E+01 1.310E-06 2.216E-07 5.032E-08 6.328E-07 1.177E-09 1.500E-13
 63.58   6.806E+01 1.164E-06 2.278E-07 4.730E-08 7.698E-07 1.104E-09 1.477E-13
 64.26   5.980E+01 1.011E-06 2.340E-07 4.426E-08 9.319E-07 1.043E-09 1.457E-13
 64.94   5.231E+01 8.499E-07 2.402E-07 4.126E-08 1.122E-06 9.916E-10 1.440E-13
 65.62   4.555E+01 6.798E-07 2.462E-07 3.838E-08 1.343E-06 9.508E-10 1.426E-13
 66.30   3.948E+01 5.002E-07 2.515E-07 3.579E-08 1.595E-06 9.198E-10 1.415E-13
 66.98   3.405E+01 3.097E-07 2.558E-07 3.370E-08 1.877E-06 8.986E-10 1.407E-13
 67.66   2.923E+01 1.828E-07 2.584E-07 3.242E-08 2.184E-06 8.874E-10 1.403E-13

   *** Number densities (cm^-3) ***

  Z(km) P(dyn/cm^2)   Total  OH          O3      
  0.34   9.726E+05 2.453E+19 1.431E+06 3.957E+11
  1.02   8.967E+05 2.288E+19 1.562E+06 4.074E+11
  1.70   8.259E+05 2.133E+19 1.706E+06 4.276E+11
  2.38   7.599E+05 1.988E+19 1.851E+06 4.538E+11
  3.06   6.984E+05 1.852E+19 1.978E+06 4.837E+11
  3.74   6.412E+05 1.724E+19 2.076E+06 5.146E+11
  4.42   5.879E+05 1.604E+19 2.156E+06 5.443E+11
  5.10   5.384E+05 1.493E+19 2.192E+06 5.708E+11
  5.78   4.923E+05 1.389E+19 2.155E+06 5.923E+11
  6.46   4.494E+05 1.293E+19 2.000E+06 6.076E+11
  7.14   4.094E+05 1.204E+19 1.748E+06 6.170E+11
  7.82   3.722E+05 1.121E+19 1.479E+06 6.213E+11
  8.50   3.376E+05 1.043E+19 1.258E+06 6.213E+11
  9.18   3.055E+05 9.702E+18 1.075E+06 6.171E+11
  9.86   2.756E+05 9.006E+18 9.009E+05 6.091E+11
 10.54   2.479E+05 8.323E+18 7.495E+05 5.964E+11
 11.22   2.224E+05 7.624E+18 6.417E+05 5.776E+11
 11.90   1.992E+05 6.920E+18 5.698E+05 5.538E+11
 12.58   1.782E+05 6.250E+18 5.217E+05 5.283E+11
 13.26   1.593E+05 5.631E+18 4.918E+05 5.030E+11
 13.94   1.422E+05 5.063E+18 4.748E+05 4.794E+11
 14.62   1.269E+05 4.546E+18 4.685E+05 4.584E+11
 15.30   1.132E+05 4.076E+18 4.697E+05 4.428E+11
 15.98   1.008E+05 3.650E+18 4.735E+05 4.372E+11
 16.66   8.982E+04 3.264E+18 4.729E+05 4.483E+11
 17.34   7.998E+04 2.913E+18 4.714E+05 4.773E+11
 18.02   7.121E+04 2.596E+18 4.664E+05 5.364E+11
 18.70   6.340E+04 2.309E+18 4.649E+05 6.235E+11
 19.38   5.646E+04 2.052E+18 4.718E+05 7.295E+11
 20.06   5.030E+04 1.821E+18 4.834E+05 8.652E+11
 20.74   4.484E+04 1.614E+18 5.015E+05 1.019E+12
 21.42   3.999E+04 1.431E+18 5.255E+05 1.185E+12
 22.10   3.570E+04 1.270E+18 5.582E+05 1.335E+12
 22.78   3.189E+04 1.127E+18 5.976E+05 1.472E+12
 23.46   2.851E+04 1.001E+18 6.464E+05 1.575E+12
 24.14   2.550E+04 8.905E+17 7.061E+05 1.634E+12
 24.82   2.283E+04 7.929E+17 7.782E+05 1.649E+12
 25.50   2.045E+04 7.069E+17 8.652E+05 1.622E+12
 26.18   1.832E+04 6.308E+17 9.689E+05 1.563E+12
 26.86   1.642E+04 5.636E+17 1.092E+06 1.482E+12
 27.54   1.473E+04 5.040E+17 1.238E+06 1.388E+12
 28.22   1.321E+04 4.510E+17 1.413E+06 1.290E+12
 28.90   1.186E+04 4.036E+17 1.619E+06 1.193E+12
 29.58   1.064E+04 3.613E+17 1.866E+06 1.098E+12
 30.26   9.557E+03 3.233E+17 2.158E+06 1.008E+12
 30.94   8.586E+03 2.892E+17 2.497E+06 9.225E+11
 31.62   7.717E+03 2.587E+17 2.880E+06 8.420E+11
 32.30   6.940E+03 2.315E+17 3.301E+06 7.670E+11
 32.98   6.245E+03 2.071E+17 3.746E+06 6.976E+11
 33.66   5.623E+03 1.854E+17 4.196E+06 6.339E+11
 34.34   5.066E+03 1.661E+17 4.630E+06 5.759E+11
 35.02   4.567E+03 1.488E+17 5.027E+06 5.232E+11
 35.70   4.120E+03 1.334E+17 5.374E+06 4.752E+11
 36.38   3.720E+03 1.197E+17 5.667E+06 4.313E+11
 37.06   3.360E+03 1.074E+17 5.910E+06 3.908E+11
 37.74   3.038E+03 9.639E+16 6.116E+06 3.531E+11
 38.42   2.748E+03 8.655E+16 6.297E+06 3.178E+11
 39.10   2.488E+03 7.774E+16 6.466E+06 2.849E+11
 39.78   2.255E+03 6.986E+16 6.630E+06 2.543E+11
 40.46   2.045E+03 6.284E+16 6.789E+06 2.262E+11
 41.14   1.856E+03 5.658E+16 6.936E+06 2.006E+11
 41.82   1.686E+03 5.102E+16 7.058E+06 1.773E+11
 42.50   1.533E+03 4.607E+16 7.142E+06 1.563E+11
 43.18   1.394E+03 4.167E+16 7.177E+06 1.373E+11
 43.86   1.269E+03 3.775E+16 7.156E+06 1.203E+11
 44.54   1.155E+03 3.425E+16 7.078E+06 1.051E+11
 45.22   1.052E+03 3.111E+16 6.946E+06 9.154E+10
 45.90   9.580E+02 2.830E+16 6.766E+06 7.958E+10
 46.58   8.726E+02 2.577E+16 6.550E+06 6.911E+10
 47.26   7.949E+02 2.348E+16 6.308E+06 5.999E+10
 47.94   7.240E+02 2.142E+16 6.049E+06 5.210E+10
 48.62   6.594E+02 1.956E+16 5.780E+06 4.528E+10
 49.30   6.003E+02 1.786E+16 5.508E+06 3.938E+10
 49.98   5.464E+02 1.632E+16 5.238E+06 3.428E+10
 50.66   4.971E+02 1.492E+16 4.974E+06 2.986E+10
 51.34   4.521E+02 1.364E+16 4.719E+06 2.603E+10
 52.02   4.110E+02 1.247E+16 4.475E+06 2.271E+10
 52.70   3.733E+02 1.141E+16 4.245E+06 1.981E+10
 53.38   3.389E+02 1.043E+16 4.028E+06 1.729E+10
 54.06   3.074E+02 9.542E+15 3.826E+06 1.508E+10
 54.74   2.787E+02 8.725E+15 3.639E+06 1.314E+10
 55.42   2.524E+02 7.975E+15 3.467E+06 1.144E+10
 56.10   2.284E+02 7.286E+15 3.310E+06 9.931E+09
 56.78   2.064E+02 6.655E+15 3.166E+06 8.614E+09
 57.46   1.864E+02 6.076E+15 3.035E+06 7.468E+09
 58.14   1.681E+02 5.546E+15 2.914E+06 6.473E+09
 58.82   1.514E+02 5.059E+15 2.802E+06 5.612E+09
 59.50   1.362E+02 4.614E+15 2.696E+06 4.883E+09
 60.18   1.223E+02 4.220E+15 2.598E+06 4.328E+09
 60.86   1.096E+02 3.881E+15 2.508E+06 3.967E+09
 61.54   9.785E+01 3.581E+15 2.422E+06 3.729E+09
 62.22   8.704E+01 3.294E+15 2.333E+06 3.524E+09
 62.90   7.713E+01 3.019E+15 2.250E+06 3.325E+09
 63.58   6.806E+01 2.755E+15 2.182E+06 3.134E+09
 64.26   5.980E+01 2.504E+15 2.131E+06 2.955E+09
 64.94   5.231E+01 2.265E+15 2.093E+06 2.809E+09
 65.62   4.555E+01 2.040E+15 2.046E+06 2.739E+09
 66.30   3.948E+01 1.829E+15 1.957E+06 2.857E+09
 66.98   3.405E+01 1.632E+15 1.774E+06 3.525E+09
 67.66   2.923E+01 1.448E+15 1.476E+06 5.778E+09

    ENERGY FLUXES IN W/m^2/nm and photons/m^2/s/nm (NOT DIURNALLY AVERAGED)

        WAV        EFLUX        GFLUX        PhEFLUX      PhGFLUX
    1.21600E+03  1.30757E-02  0.00000E+00  1.60000E+14  0.00000E+00
    1.32500E+03  2.10000E-04  0.00000E+00  1.40000E+14  0.00000E+00
    1.37500E+03  2.02364E-04  0.00000E+00  1.40000E+14  0.00000E+00
    1.42500E+03  2.23158E-04  0.00000E+00  1.60000E+14  0.00000E+00
    1.47500E+03  2.82966E-04  0.00000E+00  2.10000E+14  0.00000E+00
    1.52500E+03  3.64918E-04  0.00000E+00  2.80000E+14  0.00000E+00
    1.57500E+03  3.40714E-04  0.00000E+00  2.70000E+14  0.00000E+00
    1.62500E+03  3.30231E-04  0.00000E+00  2.70000E+14  0.00000E+00
    1.67500E+03  4.15299E-04  0.00000E+00  3.50000E+14  0.00000E+00
    1.72500E+03  4.72391E-04  0.00000E+00  4.10000E+14  0.00000E+00
    1.76200E+03  6.36462E-04  0.00000E+00  5.64250E+14  0.00000E+00
    1.77800E+03  7.25192E-04  0.00000E+00  6.48750E+14  0.00000E+00
    1.79400E+03  7.71347E-04  0.00000E+00  6.96250E+14  0.00000E+00
    1.81000E+03  1.10013E-03  0.00000E+00  1.00188E+15  0.00000E+00
    1.82700E+03  9.81892E-04  0.00000E+00  9.02353E+14  0.00000E+00
    1.84400E+03  9.12590E-04  0.00000E+00  8.46471E+14  0.00000E+00
    1.86100E+03  1.08963E-03  0.00000E+00  1.02000E+15  0.00000E+00
    1.87800E+03  1.28408E-03  0.00000E+00  1.21333E+15  0.00000E+00
    1.89600E+03  1.48795E-03  0.00000E+00  1.41944E+15  0.00000E+00
    1.91400E+03  1.66952E-03  0.00000E+00  1.60778E+15  0.00000E+00
    1.93300E+03  1.61631E-03  0.00000E+00  1.57158E+15  0.00000E+00
    1.95200E+03  1.98222E-03  0.00000E+00  1.94632E+15  0.00000E+00
    1.97100E+03  1.64884E-03  0.00000E+00  1.63474E+15  0.00000E+00
    1.99000E+03  1.43420E-03  0.00000E+00  1.43600E+15  0.00000E+00
    2.01000E+03  1.33439E-03  2.19850-121  1.34950E+15  2.22339-103
    2.03100E+03  1.37222E-03  1.28146-102  1.40190E+15  1.30918E-84
    2.05200E+03  1.56070E-03  2.14658E-96  1.61095E+15  2.21570E-78
    2.07300E+03  1.87322E-03  6.24747E-31  1.95333E+15  6.51466E-13
    2.09400E+03  2.35732E-03  6.30500E-30  2.48364E+15  6.64285E-12
    2.11700E+03  3.03191E-03  1.84355E-28  3.22870E+15  1.96320E-10
    2.14000E+03  3.87980E-03  1.53351E-26  4.17652E+15  1.65079E-08
    2.16300E+03  4.96301E-03  3.08534E-25  5.40000E+15  3.35701E-07
    2.18700E+03  6.23562E-03  3.59472E-24  6.86154E+15  3.95555E-06
    2.21100E+03  7.61217E-03  5.79283E-24  8.46818E+15  6.44425E-06
    2.23500E+03  9.26462E-03  1.10785E-23  1.04160E+16  1.24553E-05
    2.26000E+03  1.13243E-02  1.00087E-23  1.28769E+16  1.13810E-05
    2.28600E+03  1.34961E-02  5.97217E-24  1.55231E+16  6.86912E-06
    2.31300E+03  3.60655E-02  3.77670E-24  4.19630E+16  4.39427E-06
    2.34000E+03  2.30320E-02  1.85407E-25  2.71111E+16  2.18244E-07
    2.36700E+03  3.29271E-02  1.19601E-26  3.92143E+16  1.42438E-08
    2.39600E+03  2.12827E-02  3.62932E-28  2.56517E+16  4.37436E-10
    2.42500E+03  3.47973E-02  3.99856E-29  4.24483E+16  4.87774E-11
    2.45400E+03  2.43160E-02  1.41467E-28  3.00233E+16  1.74672E-10
    2.48500E+03  2.51471E-02  5.99518E-31  3.14355E+16  7.49435E-13
    2.51600E+03  2.11927E-02  5.33180E-31  2.68281E+16  6.74959E-13
    2.54800E+03  4.77033E-02  4.98636E-33  6.11562E+16  6.39258E-15
    2.58100E+03  8.16645E-02  2.25319E-30  1.06030E+17  2.92546E-12
    2.61500E+03  7.61270E-02  2.18611E-30  1.00143E+17  2.87577E-12
    2.65000E+03  1.99816E-01  1.26331E-26  2.66371E+17  1.68410E-08
    2.68500E+03  1.93466E-01  2.12221E-23  2.61361E+17  2.86699E-05
    2.72200E+03  1.48092E-01  4.86849E-20  2.02784E+17  6.66646E-02
    2.75900E+03  1.33704E-01  2.77065E-16  1.85605E+17  3.84615E+02
    2.79800E+03  7.76947E-02  1.08286E-12  1.09359E+17  1.52418E+06
    2.83700E+03  1.44071E-01  2.95585E-09  2.05650E+17  4.21924E+09
    2.87800E+03  2.32825E-01  2.27640E-06  3.37143E+17  3.29634E+12
    2.92000E+03  4.10011E-01  3.19571E-04  6.02381E+17  4.69508E+14
    2.96300E+03  3.69382E-01  4.32688E-03  5.50682E+17  6.45059E+15
    3.00800E+03  3.45844E-01  2.36711E-02  5.23333E+17  3.58193E+16
    3.05400E+03  4.52301E-01  8.39241E-02  6.94894E+17  1.28937E+17
    3.10100E+03  4.94311E-01  1.64305E-01  7.71250E+17  2.56358E+17
    3.15000E+03  5.35805E-01  2.45850E-01  8.49200E+17  3.89649E+17
    3.20000E+03  5.56252E-01  3.04421E-01  8.95600E+17  4.90138E+17
    3.25000E+03  6.69879E-01  4.06867E-01  1.09540E+18  6.65317E+17
    3.30000E+03  7.83436E-01  5.03901E-01  1.30080E+18  8.36667E+17
    3.35000E+03  6.71004E-01  4.50341E-01  1.13100E+18  7.59065E+17
    3.40000E+03  6.21269E-01  4.30005E-01  1.06280E+18  7.35606E+17
    3.43800E+03  6.78092E-01  4.78310E-01  1.17280E+18  8.27266E+17
    3.50000E+03  7.93864E-01  5.75594E-01  1.39800E+18  1.01362E+18
    3.60000E+03  7.77885E-01  5.86121E-01  1.40900E+18  1.06165E+18
    3.70000E+03  9.19622E-01  7.17377E-01  1.71200E+18  1.33549E+18
    3.80000E+03  8.07030E-01  6.49601E-01  1.54300E+18  1.24200E+18
    3.90000E+03  7.51683E-01  6.22461E-01  1.47500E+18  1.22143E+18
    4.00000E+03  1.16617E+00  9.90799E-01  2.34700E+18  1.99406E+18
    4.10000E+03  1.43876E+00  1.25100E+00  2.96800E+18  2.58067E+18
    4.20000E+03  1.41680E+00  1.25805E+00  2.99400E+18  2.65851E+18
    4.30000E+03  1.26276E+00  1.14270E+00  2.73200E+18  2.47227E+18
    4.40000E+03  1.51005E+00  1.38993E+00  3.34300E+18  3.07707E+18
    4.50000E+03  1.78698E+00  1.67057E+00  4.04600E+18  3.78243E+18
    4.60000E+03  1.88985E+00  1.79034E+00  4.37400E+18  4.14369E+18
    4.70000E+03  1.90377E+00  1.82662E+00  4.50200E+18  4.31956E+18
    4.80000E+03  1.96224E+00  1.90170E+00  4.73900E+18  4.59278E+18
    4.90000E+03  1.82282E+00  1.78447E+00  4.49400E+18  4.39944E+18
    5.00000E+03  1.82731E+00  1.80246E+00  4.59700E+18  4.53450E+18
    5.10000E+03  1.82149E+00  1.80853E+00  4.67400E+18  4.64076E+18
    5.20000E+03  1.64619E+00  1.64604E+00  4.30700E+18  4.30663E+18
    5.30000E+03  1.78163E+00  1.78612E+00  4.75100E+18  4.76298E+18
    5.40000E+03  1.80826E+00  1.82213E+00  4.91300E+18  4.95069E+18
    5.50000E+03  1.81838E+00  1.84072E+00  5.03200E+18  5.09381E+18
    5.60000E+03  1.80117E+00  1.82612E+00  5.07500E+18  5.14530E+18
    5.70000E+03  1.80095E+00  1.82675E+00  5.16500E+18  5.23897E+18
    5.80000E+03  1.81034E+00  1.84673E+00  5.28300E+18  5.38920E+18
    5.90000E+03  1.75136E+00  1.79718E+00  5.19900E+18  5.33503E+18
    6.00000E+03  1.75496E+00  1.80303E+00  5.29800E+18  5.44310E+18
    6.10000E+03  1.71088E+00  1.76922E+00  5.25100E+18  5.43005E+18
    6.20000E+03  1.65251E+00  1.72167E+00  5.15500E+18  5.37075E+18
    6.30000E+03  1.62786E+00  1.70718E+00  5.16000E+18  5.41144E+18
    6.40000E+03  1.60832E+00  1.69954E+00  5.17900E+18  5.47272E+18
    6.50000E+03  1.57379E+00  1.67114E+00  5.14700E+18  5.46538E+18
    6.60000E+03  1.52706E+00  1.63010E+00  5.07100E+18  5.41316E+18
    6.70000E+03  1.53423E+00  1.64507E+00  5.17200E+18  5.54565E+18
    6.80000E+03  1.50495E+00  1.62060E+00  5.14900E+18  5.54470E+18
    6.90000E+03  1.47046E+00  1.59001E+00  5.10500E+18  5.52004E+18
    7.00000E+03  1.43412E+00  1.55573E+00  5.05100E+18  5.47929E+18
    7.10000E+03  1.40609E+00  1.52974E+00  5.02300E+18  5.46474E+18
    7.20000E+03  1.35702E+00  1.48037E+00  4.91600E+18  5.36286E+18
    7.30000E+03  1.33925E+00  1.46441E+00  4.91900E+18  5.37872E+18
    7.40000E+03  1.30692E+00  1.43208E+00  4.86600E+18  5.33201E+18
    7.50000E+03  1.29135E+00  1.41777E+00  4.87300E+18  5.35009E+18
    7.60000E+03  1.27017E+00  1.39720E+00  4.85700E+18  5.34275E+18
    7.70000E+03  1.23690E+00  1.36266E+00  4.79200E+18  5.27925E+18
    7.80000E+03  1.21849E+00  1.34390E+00  4.78200E+18  5.27417E+18
    7.90000E+03  1.18797E+00  1.31234E+00  4.72200E+18  5.21634E+18
    8.00000E+03  1.16120E+00  1.28462E+00  4.67400E+18  5.17080E+18
    8.10000E+03  1.13508E+00  1.25683E+00  4.62600E+18  5.12218E+18
    8.20000E+03  1.10282E+00  1.22245E+00  4.55000E+18  5.04355E+18
    8.30000E+03  1.08642E+00  1.20558E+00  4.53700E+18  5.03461E+18
    8.40000E+03  1.05929E+00  1.17650E+00  4.47700E+18  4.97238E+18
    8.50000E+03  1.02321E+00  1.13731E+00  4.37600E+18  4.86396E+18


   **** From the climate model ****

     P (atm)     Alt (km)         T         DIVF
   8.3911E-05   6.1615E+01   1.9729E+02   0.0000E+00
   9.2317E-05   6.1059E+01   2.0280E+02  -3.5504E-05
   1.0157E-04   6.0489E+01   2.0793E+02  -3.5644E-05
   1.1174E-04   5.9906E+01   2.1193E+02  -3.4020E-05
   1.2293E-04   5.9313E+01   2.1484E+02  -3.2900E-05
   1.3525E-04   5.8713E+01   2.1733E+02  -3.2539E-05
   1.4880E-04   5.8106E+01   2.1977E+02  -3.2689E-05
   1.6370E-04   5.7493E+01   2.2215E+02  -3.2468E-05
   1.8010E-04   5.6872E+01   2.2444E+02  -3.2456E-05
   1.9814E-04   5.6246E+01   2.2662E+02  -3.2192E-05
   2.1799E-04   5.5614E+01   2.2871E+02  -3.2028E-05
   2.3983E-04   5.4976E+01   2.3074E+02  -3.1964E-05
   2.6385E-04   5.4332E+01   2.3270E+02  -3.1771E-05
   2.9028E-04   5.3683E+01   2.3457E+02  -3.1687E-05
   3.1936E-04   5.3030E+01   2.3632E+02  -3.1173E-05
   3.5136E-04   5.2371E+01   2.3794E+02  -3.0967E-05
   3.8655E-04   5.1708E+01   2.3945E+02  -3.0555E-05
   4.2528E-04   5.1041E+01   2.4080E+02  -2.9997E-05
   4.6788E-04   5.0371E+01   2.4199E+02  -2.9423E-05
   5.1475E-04   4.9697E+01   2.4303E+02  -2.8743E-05
   5.6631E-04   4.9021E+01   2.4390E+02  -2.8059E-05
   6.2304E-04   4.8343E+01   2.4460E+02  -2.7112E-05
   6.8546E-04   4.7663E+01   2.4511E+02  -2.6199E-05
   7.5412E-04   4.6982E+01   2.4538E+02  -2.4515E-05
   8.2966E-04   4.6300E+01   2.4542E+02  -2.3027E-05
   9.1278E-04   4.5619E+01   2.4522E+02  -2.1366E-05
   1.0042E-03   4.4939E+01   2.4478E+02  -1.9129E-05
   1.1048E-03   4.4260E+01   2.4411E+02  -1.7512E-05
   1.2155E-03   4.3583E+01   2.4317E+02  -1.4403E-05
   1.3372E-03   4.2909E+01   2.4197E+02  -1.1819E-05
   1.4712E-03   4.2239E+01   2.4054E+02  -8.6403E-06
   1.6186E-03   4.1574E+01   2.3891E+02  -6.2100E-06
   1.7807E-03   4.0913E+01   2.3714E+02  -4.2509E-06
   1.9591E-03   4.0257E+01   2.3528E+02  -2.3021E-06
   2.1554E-03   3.9606E+01   2.3340E+02  -2.5205E-06
   2.3713E-03   3.8960E+01   2.3157E+02  -3.2676E-06
   2.6088E-03   3.8319E+01   2.2984E+02  -5.7753E-06
   2.8702E-03   3.7683E+01   2.2822E+02  -8.1909E-06
   3.1577E-03   3.7052E+01   2.2672E+02  -1.1680E-05
   3.4740E-03   3.6424E+01   2.2533E+02  -1.4358E-05
   3.8220E-03   3.5800E+01   2.2401E+02  -1.7129E-05
   4.2049E-03   3.5180E+01   2.2274E+02  -1.8559E-05
   4.6261E-03   3.4563E+01   2.2151E+02  -2.0167E-05
   5.0895E-03   3.3949E+01   2.2031E+02  -2.1253E-05
   5.5993E-03   3.3339E+01   2.1915E+02  -2.2894E-05
   6.1603E-03   3.2732E+01   2.1802E+02  -2.4202E-05
   6.7774E-03   3.2128E+01   2.1696E+02  -2.8300E-05
   7.4563E-03   3.1527E+01   2.1598E+02  -3.3392E-05
   8.2032E-03   3.0928E+01   2.1509E+02  -3.9607E-05
   9.0250E-03   3.0332E+01   2.1430E+02  -4.6343E-05
   9.9291E-03   2.9738E+01   2.1362E+02  -5.5489E-05
   1.0924E-02   2.9145E+01   2.1306E+02  -6.8628E-05
   1.2018E-02   2.8554E+01   2.1258E+02  -7.5782E-05
   1.3222E-02   2.7964E+01   2.1211E+02  -7.7407E-05
   1.4546E-02   2.7376E+01   2.1163E+02  -7.4827E-05
   1.6004E-02   2.6789E+01   2.1109E+02  -6.8193E-05
   1.7607E-02   2.6204E+01   2.1048E+02  -5.6075E-05
   1.9370E-02   2.5620E+01   2.0976E+02  -4.0426E-05
   2.1311E-02   2.5039E+01   2.0895E+02  -2.0363E-05
   2.3446E-02   2.4460E+01   2.0806E+02  -7.6555E-06
   2.5794E-02   2.3883E+01   2.0711E+02   6.9243E-06
   2.8378E-02   2.3309E+01   2.0609E+02   2.1048E-05
   3.1221E-02   2.2738E+01   2.0500E+02   4.0761E-05
   3.4349E-02   2.2171E+01   2.0389E+02   4.9522E-05
   3.7790E-02   2.1606E+01   2.0280E+02   4.2991E-05
   4.1575E-02   2.1044E+01   2.0177E+02   2.1190E-05
   4.5740E-02   2.0485E+01   2.0083E+02  -1.4606E-05
   5.0322E-02   1.9928E+01   2.0003E+02  -7.1021E-05
   5.5363E-02   1.9374E+01   1.9941E+02  -1.5400E-04
   6.0909E-02   1.8821E+01   1.9899E+02  -2.6145E-04
   6.7011E-02   1.8268E+01   1.9879E+02  -3.8032E-04
   7.3723E-02   1.7716E+01   1.9880E+02  -5.1513E-04
   8.1109E-02   1.7164E+01   1.9902E+02  -6.5967E-04
   8.9234E-02   1.6610E+01   1.9945E+02  -8.1964E-04
   9.8173E-02   1.6056E+01   2.0007E+02  -9.7031E-04
   1.0801E-01   1.5499E+01   2.0084E+02  -1.1141E-03
   1.1883E-01   1.4940E+01   2.0172E+02  -1.2240E-03
   1.3073E-01   1.4378E+01   2.0270E+02  -1.3206E-03
   1.4383E-01   1.3814E+01   2.0379E+02  -1.4441E-03
   1.5823E-01   1.3246E+01   2.0500E+02  -1.6103E-03
   1.7408E-01   1.2675E+01   2.0636E+02  -1.8382E-03
   1.9152E-01   1.2100E+01   2.0794E+02  -2.1469E-03
   2.1071E-01   1.1519E+01   2.0991E+02  -2.7014E-03
   2.3182E-01   1.0932E+01   2.1288E+02  -4.1999E-03
   2.5504E-01   1.0335E+01   2.1739E+02  -8.9003E-03
   2.8059E-01   9.7234E+00   2.2301E+02  -1.9669E-02
   3.0870E-01   9.0958E+00   2.2897E+02  -3.8142E-02
   3.3962E-01   8.4516E+00   2.3494E+02  -6.4698E-02
   3.7364E-01   7.7909E+00   2.4084E+02  -9.8710E-02
   4.1107E-01   7.1140E+00   2.4657E+02  -1.3947E-01
   4.5225E-01   6.4215E+00   2.5206E+02  -1.8882E-01
   4.9755E-01   5.7140E+00   2.5723E+02  -2.4858E-01
   5.4740E-01   4.9925E+00   2.6207E+02  -3.1905E-01
   6.0223E-01   4.2578E+00   2.6659E+02  -4.0348E-01
   6.6256E-01   3.5107E+00   2.7080E+02  -5.0560E-01
   7.2893E-01   2.7516E+00   2.7496E+02  -6.2724E-01
   8.0195E-01   1.9803E+00   2.7916E+02  -7.6910E-01
   8.8229E-01   1.1970E+00   2.8318E+02  -9.6414E-01
   9.7067E-01   4.0193E-01   2.8708E+02  -1.3075E+00
   1.0181E+00   0.0000E+00   2.8899E+02  -1.9202E+00
