
*** Output file for diagnostics after 20 coupled iterations ***

*** PHOTOCHEMICAL MODEL output

 Ozone column depth =  2.7828E+18 cm^-2

 Results sorted by Lower Boundary Condition

  Species with fixed surface FLUX
      Specified flux   Calculated flux    calc/spec      TL
 H2        -3.32E+09    -3.23E+09          9.73E-01    1.38E+10
 CH4        1.31E+11     1.25E+11          9.52E-01    5.03E+10
 CO         2.30E+11     2.30E+11          9.98E-01    2.66E+11
 N2O        6.75E+08     6.27E+08          9.29E-01    1.60E+08
 CH3CL      3.31E+08     3.20E+08          9.68E-01    1.90E+08
 
  Species with fixed VELOCITY DEPOSITION
               TL         TP         TL/TP
 H2CO       4.22E+10    4.32E+10    9.78E-01
 O          5.56E+14    5.56E+14    1.00E+00
 OH         6.99E+11    6.99E+11    1.00E+00
 HO2        7.05E+11    7.06E+11    1.00E+00
 H2O2       3.45E+10    3.82E+10    9.04E-01
 O3         5.55E+14    5.55E+14    1.00E+00
 H          5.66E+11    5.66E+11    1.00E+00
 CH3OOH     2.37E+10    2.54E+10    9.35E-01
 CH3O2      6.53E+10    6.54E+10    9.99E-01
 NO         2.07E+12    2.07E+12    1.00E+00
 NO2        2.24E+12    2.24E+12    1.00E+00
 HNO2       5.99E+08    5.99E+08    1.00E+00
 HNO3       5.80E+09    7.27E+09    7.97E-01
 HO2NO2     1.58E+11    1.58E+11    1.00E+00
 NO3        1.04E+10    1.04E+10    1.00E+00
 N2O5       5.99E+08    5.99E+08    1.00E+00
 CL2O2      1.14E+04    1.14E+04    1.00E+00
 HOCL       9.02E+07    9.15E+07    9.86E-01
 CL         1.90E+13    1.90E+13    1.00E+00
 CLO        4.97E+09    4.97E+09    1.00E+00
 HCL        1.88E+08    2.37E+08    7.94E-01
 CLONO2     2.80E+08    2.94E+08    9.52E-01
 H2S        3.29E+08    3.34E+08    9.87E-01
 HS         3.29E+08    3.29E+08    1.00E+00
 SO         3.27E+08    3.27E+08    1.00E+00
 SO2        1.13E+11    1.14E+11    9.90E-01
 H2SO4      1.37E+09    1.39E+09    9.85E-01
 HSO        1.91E+08    1.95E+08    9.83E-01
 SO4AER     1.31E+09    1.32E+09    9.92E-01

*** CLIMATE MODEL output

   Selected temperatures for diagnostic
 Layer    T_Ncoup-1       T_Ncoup       (T_n-1)-(T_n)     DIVF_Nstep
 100      2.9311E+02      2.9311E+02      3.2990E-03     -2.3468E+00
  99      2.9127E+02      2.9127E+02      3.3808E-03     -1.4489E+00
  Last convective layer 
  85      2.2393E+02      2.2394E+02      9.0042E-03     -1.7445E-02
  At the cold trap 
  71      1.9484E+02      1.9485E+02      5.9000E-03     -4.3468E-04
   2      1.7374E+02      1.7396E+02      2.2284E-01     -1.2233E-05
   1      1.6888E+02      1.6910E+02      2.1658E-01     -8.2824E-10

  ** PARAMETERS OF THE ATMOSPHERE AT STEADY STATE **


 Factor for stellar flux =     1.0000


 Ozone column depth =  2.7828E+18 cm^-2

   *** Surface fluxes (cm^-2 s^-1) ***

     H2         CH4        CO         N2O        CH3CL 
 -3.232E+09  1.247E+11  2.296E+11  6.269E+08  3.203E+08

   *** Mixing ratios ***

 Z (km) P(dyn/cm^2)   H2O       H2        CH4       CO        N2O       CH3CL   
  0.34   9.732E+05 1.612E-02 5.311E-07 1.919E-06 1.989E-07 3.027E-07 9.009E-10
  1.02   8.983E+05 1.323E-02 5.312E-07 1.916E-06 1.929E-07 3.027E-07 8.922E-10
  1.70   8.285E+05 1.076E-02 5.313E-07 1.912E-06 1.872E-07 3.027E-07 8.837E-10
  2.38   7.634E+05 8.675E-03 5.314E-07 1.909E-06 1.817E-07 3.027E-07 8.757E-10
  3.06   7.028E+05 6.902E-03 5.316E-07 1.906E-06 1.766E-07 3.027E-07 8.680E-10
  3.74   6.463E+05 5.372E-03 5.317E-07 1.903E-06 1.719E-07 3.026E-07 8.608E-10
  4.42   5.938E+05 4.029E-03 5.319E-07 1.900E-06 1.675E-07 3.026E-07 8.540E-10
  5.10   5.449E+05 2.968E-03 5.320E-07 1.898E-06 1.636E-07 3.026E-07 8.476E-10
  5.78   4.994E+05 2.118E-03 5.322E-07 1.895E-06 1.600E-07 3.026E-07 8.418E-10
  6.46   4.572E+05 1.453E-03 5.323E-07 1.893E-06 1.568E-07 3.026E-07 8.364E-10
  7.14   4.178E+05 9.517E-04 5.324E-07 1.890E-06 1.541E-07 3.025E-07 8.314E-10
  7.82   3.813E+05 5.907E-04 5.325E-07 1.888E-06 1.517E-07 3.025E-07 8.269E-10
  8.50   3.473E+05 3.452E-04 5.326E-07 1.886E-06 1.497E-07 3.025E-07 8.227E-10
  9.18   3.156E+05 1.890E-04 5.327E-07 1.884E-06 1.480E-07 3.025E-07 8.188E-10
  9.86   2.862E+05 9.685E-05 5.328E-07 1.883E-06 1.464E-07 3.025E-07 8.151E-10
 10.54   2.588E+05 4.646E-05 5.329E-07 1.881E-06 1.449E-07 3.025E-07 8.116E-10
 11.22   2.334E+05 2.091E-05 5.329E-07 1.879E-06 1.435E-07 3.024E-07 8.082E-10
 11.90   2.099E+05 9.495E-06 5.330E-07 1.878E-06 1.422E-07 3.024E-07 8.050E-10
 12.58   1.883E+05 5.426E-06 5.330E-07 1.876E-06 1.409E-07 3.024E-07 8.018E-10
 13.26   1.687E+05 3.727E-06 5.331E-07 1.874E-06 1.397E-07 3.024E-07 7.987E-10
 13.94   1.508E+05 2.682E-06 5.331E-07 1.873E-06 1.386E-07 3.024E-07 7.957E-10
 14.62   1.347E+05 1.972E-06 5.332E-07 1.871E-06 1.375E-07 3.024E-07 7.927E-10
 15.30   1.202E+05 1.543E-06 5.332E-07 1.870E-06 1.364E-07 3.023E-07 7.898E-10
 15.98   1.072E+05 1.337E-06 5.333E-07 1.869E-06 1.354E-07 3.023E-07 7.869E-10
 16.66   9.549E+04 1.179E-06 5.333E-07 1.867E-06 1.344E-07 3.023E-07 7.839E-10
 17.34   8.498E+04 1.065E-06 5.334E-07 1.866E-06 1.334E-07 3.023E-07 7.809E-10
 18.02   7.557E+04 9.904E-07 5.334E-07 1.864E-06 1.323E-07 3.022E-07 7.773E-10
 18.70   6.717E+04 9.909E-07 5.335E-07 1.862E-06 1.310E-07 3.022E-07 7.729E-10
 19.38   5.966E+04 9.916E-07 5.336E-07 1.859E-06 1.293E-07 3.022E-07 7.671E-10
 20.06   5.298E+04 9.927E-07 5.337E-07 1.855E-06 1.272E-07 3.021E-07 7.597E-10
 20.74   4.704E+04 9.948E-07 5.339E-07 1.851E-06 1.246E-07 3.020E-07 7.501E-10
 21.42   4.176E+04 9.986E-07 5.341E-07 1.845E-06 1.213E-07 3.018E-07 7.376E-10
 22.10   3.708E+04 1.005E-06 5.344E-07 1.838E-06 1.173E-07 3.016E-07 7.222E-10
 22.78   3.294E+04 1.017E-06 5.349E-07 1.829E-06 1.121E-07 3.013E-07 7.018E-10
 23.46   2.927E+04 1.038E-06 5.354E-07 1.817E-06 1.058E-07 3.009E-07 6.769E-10
 24.14   2.603E+04 1.068E-06 5.361E-07 1.805E-06 9.874E-08 3.004E-07 6.484E-10
 24.82   2.317E+04 1.116E-06 5.370E-07 1.789E-06 9.011E-08 2.997E-07 6.127E-10
 25.50   2.063E+04 1.181E-06 5.381E-07 1.772E-06 8.099E-08 2.988E-07 5.737E-10
 26.18   1.838E+04 1.258E-06 5.392E-07 1.755E-06 7.228E-08 2.978E-07 5.350E-10
 26.86   1.639E+04 1.356E-06 5.405E-07 1.737E-06 6.362E-08 2.965E-07 4.947E-10
 27.54   1.462E+04 1.476E-06 5.418E-07 1.720E-06 5.534E-08 2.951E-07 4.539E-10
 28.22   1.304E+04 1.626E-06 5.433E-07 1.701E-06 4.747E-08 2.933E-07 4.125E-10
 28.90   1.163E+04 1.805E-06 5.449E-07 1.683E-06 4.032E-08 2.913E-07 3.721E-10
 29.58   1.038E+04 2.004E-06 5.465E-07 1.665E-06 3.406E-08 2.890E-07 3.336E-10
 30.26   9.266E+03 2.223E-06 5.482E-07 1.647E-06 2.860E-08 2.863E-07 2.968E-10
 30.94   8.270E+03 2.457E-06 5.498E-07 1.630E-06 2.402E-08 2.834E-07 2.624E-10
 31.62   7.381E+03 2.703E-06 5.516E-07 1.613E-06 2.027E-08 2.801E-07 2.310E-10
 32.30   6.589E+03 2.963E-06 5.533E-07 1.596E-06 1.725E-08 2.766E-07 2.022E-10
 32.98   5.881E+03 3.232E-06 5.551E-07 1.580E-06 1.486E-08 2.728E-07 1.762E-10
 33.66   5.250E+03 3.507E-06 5.569E-07 1.563E-06 1.300E-08 2.686E-07 1.526E-10
 34.34   4.685E+03 3.779E-06 5.589E-07 1.546E-06 1.161E-08 2.642E-07 1.318E-10
 35.02   4.182E+03 4.043E-06 5.610E-07 1.530E-06 1.060E-08 2.596E-07 1.135E-10
 35.70   3.732E+03 4.297E-06 5.633E-07 1.513E-06 9.890E-09 2.549E-07 9.751E-11
 36.38   3.331E+03 4.536E-06 5.659E-07 1.496E-06 9.429E-09 2.500E-07 8.360E-11
 37.06   2.972E+03 4.754E-06 5.688E-07 1.478E-06 9.168E-09 2.450E-07 7.160E-11
 37.74   2.653E+03 4.951E-06 5.722E-07 1.460E-06 9.067E-09 2.399E-07 6.124E-11
 38.42   2.369E+03 5.124E-06 5.761E-07 1.442E-06 9.094E-09 2.348E-07 5.231E-11
 39.10   2.115E+03 5.272E-06 5.806E-07 1.423E-06 9.223E-09 2.296E-07 4.461E-11
 39.78   1.890E+03 5.392E-06 5.858E-07 1.403E-06 9.435E-09 2.244E-07 3.802E-11
 40.46   1.689E+03 5.480E-06 5.919E-07 1.383E-06 9.711E-09 2.193E-07 3.239E-11
 41.14   1.510E+03 5.535E-06 5.989E-07 1.362E-06 1.004E-08 2.143E-07 2.758E-11
 41.82   1.350E+03 5.556E-06 6.071E-07 1.341E-06 1.043E-08 2.093E-07 2.349E-11
 42.50   1.207E+03 5.544E-06 6.164E-07 1.320E-06 1.086E-08 2.044E-07 2.003E-11
 43.18   1.080E+03 5.501E-06 6.272E-07 1.298E-06 1.138E-08 1.997E-07 1.709E-11
 43.86   9.666E+02 5.430E-06 6.394E-07 1.277E-06 1.199E-08 1.951E-07 1.461E-11
 44.54   8.651E+02 5.332E-06 6.534E-07 1.254E-06 1.277E-08 1.907E-07 1.252E-11
 45.22   7.743E+02 5.207E-06 6.691E-07 1.232E-06 1.382E-08 1.865E-07 1.075E-11
 45.90   6.930E+02 5.058E-06 6.869E-07 1.209E-06 1.528E-08 1.824E-07 9.254E-12
 46.58   6.202E+02 4.885E-06 7.069E-07 1.186E-06 1.740E-08 1.785E-07 7.989E-12
 47.26   5.549E+02 4.694E-06 7.292E-07 1.163E-06 2.054E-08 1.747E-07 6.917E-12
 47.94   4.963E+02 4.489E-06 7.540E-07 1.138E-06 2.519E-08 1.712E-07 6.006E-12
 48.62   4.438E+02 4.275E-06 7.814E-07 1.113E-06 3.203E-08 1.678E-07 5.233E-12
 49.30   3.966E+02 4.054E-06 8.115E-07 1.087E-06 4.193E-08 1.645E-07 4.575E-12
 49.98   3.542E+02 3.830E-06 8.445E-07 1.060E-06 5.603E-08 1.615E-07 4.013E-12
 50.66   3.162E+02 3.604E-06 8.806E-07 1.031E-06 7.582E-08 1.586E-07 3.530E-12
 51.34   2.821E+02 3.378E-06 9.203E-07 1.001E-06 1.031E-07 1.558E-07 3.111E-12
 52.02   2.514E+02 3.154E-06 9.636E-07 9.677E-07 1.400E-07 1.531E-07 2.749E-12
 52.70   2.240E+02 2.933E-06 1.011E-06 9.324E-07 1.892E-07 1.505E-07 2.432E-12
 53.38   1.994E+02 2.717E-06 1.063E-06 8.941E-07 2.539E-07 1.480E-07 2.154E-12
 54.06   1.773E+02 2.508E-06 1.120E-06 8.528E-07 3.371E-07 1.456E-07 1.910E-12
 54.74   1.576E+02 2.308E-06 1.182E-06 8.083E-07 4.425E-07 1.433E-07 1.698E-12
 55.42   1.399E+02 2.114E-06 1.250E-06 7.603E-07 5.749E-07 1.411E-07 1.511E-12
 56.10   1.240E+02 1.926E-06 1.323E-06 7.085E-07 7.394E-07 1.389E-07 1.347E-12
 56.78   1.098E+02 1.740E-06 1.402E-06 6.526E-07 9.426E-07 1.368E-07 1.202E-12
 57.46   9.704E+01 1.550E-06 1.489E-06 5.923E-07 1.193E-06 1.348E-07 1.074E-12
 58.14   8.549E+01 1.347E-06 1.581E-06 5.280E-07 1.502E-06 1.328E-07 9.621E-13
 58.82   7.499E+01 1.122E-06 1.680E-06 4.600E-07 1.888E-06 1.310E-07 8.639E-13
 59.50   6.544E+01 8.676E-07 1.784E-06 3.896E-07 2.377E-06 1.292E-07 7.787E-13
 60.18   5.680E+01 5.787E-07 1.890E-06 3.184E-07 3.011E-06 1.275E-07 7.048E-13
 60.86   4.903E+01 2.526E-07 1.996E-06 2.486E-07 3.842E-06 1.259E-07 6.407E-13
 61.54   4.207E+01 8.402E-08 2.098E-06 1.837E-07 4.909E-06 1.243E-07 5.851E-13
 62.22   3.588E+01 2.661E-08 2.191E-06 1.272E-07 6.244E-06 1.229E-07 5.370E-13
 62.90   3.041E+01 9.721E-09 2.272E-06 8.193E-08 7.885E-06 1.215E-07 4.957E-13
 63.58   2.560E+01 4.868E-09 2.339E-06 4.880E-08 9.875E-06 1.203E-07 4.605E-13
 64.26   2.141E+01 3.160E-09 2.392E-06 2.678E-08 1.227E-05 1.193E-07 4.308E-13
 64.94   1.777E+01 2.238E-09 2.433E-06 1.357E-08 1.509E-05 1.184E-07 4.063E-13
 65.62   1.465E+01 1.595E-09 2.465E-06 6.394E-09 1.835E-05 1.176E-07 3.867E-13
 66.30   1.198E+01 1.137E-09 2.489E-06 2.825E-09 2.209E-05 1.170E-07 3.718E-13
 66.98   9.716E+00 7.386E-10 2.505E-06 1.213E-09 2.631E-05 1.166E-07 3.616E-13
 67.66   7.816E+00 4.222E-10 2.513E-06 6.027E-10 3.097E-05 1.163E-07 3.563E-13

   *** Number densities (cm^-3) ***

  Z(km) P(dyn/cm^2)   Total  OH          O3      
  0.34   9.732E+05 2.418E+19 3.407E+05 5.323E+11
  1.02   8.983E+05 2.256E+19 3.775E+05 5.369E+11
  1.70   8.285E+05 2.103E+19 4.123E+05 5.449E+11
  2.38   7.634E+05 1.960E+19 4.463E+05 5.550E+11
  3.06   7.028E+05 1.826E+19 4.784E+05 5.657E+11
  3.74   6.463E+05 1.701E+19 5.064E+05 5.759E+11
  4.42   5.938E+05 1.583E+19 5.261E+05 5.843E+11
  5.10   5.449E+05 1.472E+19 5.403E+05 5.898E+11
  5.78   4.994E+05 1.369E+19 5.442E+05 5.923E+11
  6.46   4.572E+05 1.274E+19 5.308E+05 5.912E+11
  7.14   4.178E+05 1.185E+19 4.974E+05 5.865E+11
  7.82   3.813E+05 1.102E+19 4.391E+05 5.788E+11
  8.50   3.473E+05 1.026E+19 3.582E+05 5.688E+11
  9.18   3.156E+05 9.545E+18 2.749E+05 5.574E+11
  9.86   2.862E+05 8.879E+18 2.116E+05 5.453E+11
 10.54   2.588E+05 8.252E+18 1.732E+05 5.329E+11
 11.22   2.334E+05 7.655E+18 1.579E+05 5.198E+11
 11.90   2.099E+05 7.067E+18 1.548E+05 5.046E+11
 12.58   1.883E+05 6.466E+18 1.554E+05 4.857E+11
 13.26   1.687E+05 5.869E+18 1.553E+05 4.639E+11
 13.94   1.508E+05 5.305E+18 1.539E+05 4.417E+11
 14.62   1.347E+05 4.786E+18 1.516E+05 4.200E+11
 15.30   1.202E+05 4.309E+18 1.492E+05 3.992E+11
 15.98   1.072E+05 3.875E+18 1.470E+05 3.793E+11
 16.66   9.549E+04 3.479E+18 1.448E+05 3.612E+11
 17.34   8.498E+04 3.118E+18 1.424E+05 3.452E+11
 18.02   7.557E+04 2.790E+18 1.392E+05 3.330E+11
 18.70   6.717E+04 2.492E+18 1.344E+05 3.276E+11
 19.38   5.966E+04 2.222E+18 1.276E+05 3.315E+11
 20.06   5.298E+04 1.978E+18 1.204E+05 3.448E+11
 20.74   4.704E+04 1.758E+18 1.141E+05 3.700E+11
 21.42   4.176E+04 1.560E+18 1.101E+05 4.099E+11
 22.10   3.708E+04 1.382E+18 1.103E+05 4.618E+11
 22.78   3.294E+04 1.223E+18 1.147E+05 5.359E+11
 23.46   2.927E+04 1.082E+18 1.238E+05 6.247E+11
 24.14   2.603E+04 9.572E+17 1.369E+05 7.194E+11
 24.82   2.317E+04 8.469E+17 1.539E+05 8.374E+11
 25.50   2.063E+04 7.500E+17 1.740E+05 9.507E+11
 26.18   1.838E+04 6.652E+17 1.968E+05 1.040E+12
 26.86   1.639E+04 5.909E+17 2.224E+05 1.118E+12
 27.54   1.462E+04 5.256E+17 2.514E+05 1.177E+12
 28.22   1.304E+04 4.681E+17 2.850E+05 1.218E+12
 28.90   1.163E+04 4.173E+17 3.241E+05 1.236E+12
 29.58   1.038E+04 3.721E+17 3.694E+05 1.228E+12
 30.26   9.266E+03 3.319E+17 4.220E+05 1.200E+12
 30.94   8.270E+03 2.961E+17 4.825E+05 1.152E+12
 31.62   7.381E+03 2.642E+17 5.517E+05 1.089E+12
 32.30   6.589E+03 2.358E+17 6.305E+05 1.017E+12
 32.98   5.881E+03 2.106E+17 7.191E+05 9.409E+11
 33.66   5.250E+03 1.881E+17 8.175E+05 8.645E+11
 34.34   4.685E+03 1.680E+17 9.248E+05 7.907E+11
 35.02   4.182E+03 1.501E+17 1.039E+06 7.213E+11
 35.70   3.732E+03 1.340E+17 1.160E+06 6.574E+11
 36.38   3.331E+03 1.196E+17 1.284E+06 5.989E+11
 37.06   2.972E+03 1.066E+17 1.409E+06 5.457E+11
 37.74   2.653E+03 9.507E+16 1.536E+06 4.972E+11
 38.42   2.369E+03 8.471E+16 1.665E+06 4.529E+11
 39.10   2.115E+03 7.547E+16 1.796E+06 4.121E+11
 39.78   1.890E+03 6.723E+16 1.931E+06 3.744E+11
 40.46   1.689E+03 5.991E+16 2.069E+06 3.394E+11
 41.14   1.510E+03 5.341E+16 2.208E+06 3.067E+11
 41.82   1.350E+03 4.764E+16 2.344E+06 2.761E+11
 42.50   1.207E+03 4.253E+16 2.470E+06 2.472E+11
 43.18   1.080E+03 3.798E+16 2.578E+06 2.199E+11
 43.86   9.666E+02 3.394E+16 2.660E+06 1.941E+11
 44.54   8.651E+02 3.035E+16 2.709E+06 1.702E+11
 45.22   7.743E+02 2.716E+16 2.722E+06 1.483E+11
 45.90   6.930E+02 2.433E+16 2.699E+06 1.286E+11
 46.58   6.202E+02 2.181E+16 2.641E+06 1.109E+11
 47.26   5.549E+02 1.956E+16 2.554E+06 9.524E+10
 47.94   4.963E+02 1.756E+16 2.444E+06 8.156E+10
 48.62   4.438E+02 1.577E+16 2.320E+06 6.965E+10
 49.30   3.966E+02 1.416E+16 2.186E+06 5.935E+10
 49.98   3.542E+02 1.271E+16 2.049E+06 5.047E+10
 50.66   3.162E+02 1.141E+16 1.914E+06 4.285E+10
 51.34   2.821E+02 1.024E+16 1.782E+06 3.631E+10
 52.02   2.514E+02 9.191E+15 1.658E+06 3.071E+10
 52.70   2.240E+02 8.241E+15 1.541E+06 2.592E+10
 53.38   1.994E+02 7.387E+15 1.431E+06 2.185E+10
 54.06   1.773E+02 6.617E+15 1.331E+06 1.840E+10
 54.74   1.576E+02 5.926E+15 1.238E+06 1.548E+10
 55.42   1.399E+02 5.307E+15 1.155E+06 1.304E+10
 56.10   1.240E+02 4.757E+15 1.082E+06 1.103E+10
 56.78   1.098E+02 4.273E+15 1.029E+06 9.385E+09
 57.46   9.704E+01 3.851E+15 1.011E+06 8.074E+09
 58.14   8.549E+01 3.494E+15 1.049E+06 7.139E+09
 58.82   7.499E+01 3.181E+15 1.150E+06 6.591E+09
 59.50   6.544E+01 2.888E+15 1.291E+06 6.537E+09
 60.18   5.680E+01 2.607E+15 1.395E+06 7.293E+09
 60.86   4.903E+01 2.340E+15 1.295E+06 9.466E+09
 61.54   4.207E+01 2.088E+15 1.131E+06 1.284E+10
 62.22   3.588E+01 1.852E+15 1.014E+06 1.656E+10
 62.90   3.041E+01 1.633E+15 9.344E+05 1.989E+10
 63.58   2.560E+01 1.430E+15 8.584E+05 2.255E+10
 64.26   2.141E+01 1.243E+15 7.681E+05 2.449E+10
 64.94   1.777E+01 1.074E+15 6.637E+05 2.567E+10
 65.62   1.465E+01 9.202E+14 5.560E+05 2.590E+10
 66.30   1.198E+01 7.826E+14 4.610E+05 2.515E+10
 66.98   9.716E+00 6.603E+14 3.500E+05 2.472E+10
 67.66   7.816E+00 5.525E+14 2.209E+05 2.468E+10

    ENERGY FLUXES IN W/m^2/nm and photons/m^2/s/nm (NOT DIURNALLY AVERAGED)

        WAV        EFLUX        GFLUX        PhEFLUX      PhGFLUX
    1.21600E+03  2.61513E-02  0.00000E+00  3.20000E+14  0.00000E+00
    1.32500E+03  1.38000E-04  0.00000E+00  9.20000E+13  0.00000E+00
    1.37500E+03  2.45727E-05  0.00000E+00  1.70000E+13  0.00000E+00
    1.42500E+03  7.39211E-05  0.00000E+00  5.30000E+13  0.00000E+00
    1.47500E+03  9.56695E-05  0.00000E+00  7.10000E+13  0.00000E+00
    1.52500E+03  1.43361E-04  0.00000E+00  1.10000E+14  0.00000E+00
    1.57500E+03  7.82381E-05  0.00000E+00  6.20000E+13  0.00000E+00
    1.62500E+03  1.22308E-04  0.00000E+00  1.00000E+14  0.00000E+00
    1.67500E+03  1.54254E-04  0.00000E+00  1.30000E+14  0.00000E+00
    1.72500E+03  7.60435E-05  0.00000E+00  6.60000E+13  0.00000E+00
    1.76200E+03  5.19928E-05  0.00000E+00  4.60938E+13  0.00000E+00
    1.77800E+03  4.74239E-05  0.00000E+00  4.24250E+13  0.00000E+00
    1.79400E+03  4.55538E-05  0.00000E+00  4.11188E+13  0.00000E+00
    1.81000E+03  4.03745E-04  0.00000E+00  3.67688E+14  0.00000E+00
    1.82700E+03  1.51444E-04  0.00000E+00  1.39176E+14  0.00000E+00
    1.84400E+03  5.47618E-05  0.00000E+00  5.07941E+13  0.00000E+00
    1.86100E+03  6.52268E-05  0.00000E+00  6.10588E+13  0.00000E+00
    1.87800E+03  7.06126E-05  0.00000E+00  6.67222E+13  0.00000E+00
    1.89600E+03  1.14260E-04  0.00000E+00  1.09000E+14  0.00000E+00
    1.91400E+03  1.13647E-04  0.00000E+00  1.09444E+14  0.00000E+00
    1.93300E+03  1.19464E-04  0.00000E+00  1.16158E+14  0.00000E+00
    1.95200E+03  1.45638E-04  0.00000E+00  1.43000E+14  0.00000E+00
    1.97100E+03  1.56550E-04  0.00000E+00  1.55211E+14  0.00000E+00
    1.99000E+03  1.62496E-04  0.00000E+00  1.62700E+14  0.00000E+00
    2.01000E+03  1.68938E-04  6.00005-123  1.70850E+14  6.06798-105
    2.03100E+03  1.75769E-04  1.28638-103  1.79571E+14  1.31422E-85
    2.05200E+03  1.92192E-04  2.77507E-97  1.98381E+14  2.86443E-79
    2.07300E+03  3.01441E-04  1.27134E-31  3.14333E+14  1.32571E-13
    2.09400E+03  6.05293E-04  2.15774E-30  6.37727E+14  2.27336E-12
    2.11700E+03  6.36921E-04  5.71572E-29  6.78261E+14  6.08671E-11
    2.14000E+03  7.66590E-04  5.22833E-27  8.25217E+14  5.62819E-09
    2.16300E+03  7.14481E-04  9.62268E-26  7.77391E+14  1.04700E-07
    2.18700E+03  5.48763E-04  8.37667E-25  6.03846E+14  9.21750E-07
    2.21100E+03  1.16532E-03  3.25619E-24  1.29636E+15  3.62235E-06
    2.23500E+03  1.54482E-03  9.99973E-24  1.73680E+15  1.12425E-05
    2.26000E+03  2.18977E-03  1.53437E-23  2.49000E+15  1.74475E-05
    2.28600E+03  2.05117E-03  1.18399E-23  2.35923E+15  1.36181E-05
    2.31300E+03  2.01527E-03  4.46795E-24  2.34481E+15  5.19855E-06
    2.34000E+03  3.56492E-03  1.09126E-24  4.19630E+15  1.28453E-06
    2.36700E+03  3.88348E-03  1.00307E-25  4.62500E+15  1.19460E-07
    2.39600E+03  4.55180E-03  1.02167E-26  5.48621E+15  1.23140E-08
    2.42500E+03  3.73979E-03  9.87747E-28  4.56207E+15  1.20493E-09
    2.45400E+03  3.97932E-03  9.32803E-27  4.91333E+15  1.15175E-08
    2.48500E+03  3.96109E-03  6.65413E-29  4.95161E+15  8.31809E-11
    2.51600E+03  4.34469E-03  7.74300E-29  5.50000E+15  9.80196E-11
    2.54800E+03  5.92818E-03  7.75510E-31  7.60000E+15  9.94214E-13
    2.58100E+03  7.13251E-03  1.40869E-28  9.26061E+15  1.82899E-10
    2.61500E+03  1.01430E-02  2.09618E-28  1.33429E+16  2.75747E-10
    2.65000E+03  1.21544E-02  2.74408E-25  1.62029E+16  3.65808E-07
    2.68500E+03  1.23083E-02  2.33043E-22  1.66278E+16  3.14828E-04
    2.72200E+03  1.27150E-02  3.47959E-19  1.74108E+16  4.76463E-01
    2.75900E+03  1.64491E-02  1.23491E-15  2.28342E+16  1.71428E+03
    2.79800E+03  2.65601E-02  5.66934E-12  3.73846E+16  7.97987E+06
    2.83700E+03  1.66962E-02  2.38283E-09  2.38325E+16  3.40130E+09
    2.87800E+03  2.61435E-02  8.96386E-07  3.78571E+16  1.29801E+12
    2.92000E+03  4.79697E-02  8.04579E-05  7.04762E+16  1.18207E+14
    2.96300E+03  4.01854E-02  7.31286E-04  5.99091E+16  1.09021E+15
    3.00800E+03  3.94600E-02  3.45204E-03  5.97111E+16  5.22366E+15
    3.05400E+03  6.30258E-02  1.34426E-02  9.68298E+16  2.06526E+16
    3.10100E+03  9.31340E-02  3.33781E-02  1.45312E+17  5.20783E+16
    3.15000E+03  1.23881E-01  5.92551E-02  1.96340E+17  9.39137E+16
    3.20000E+03  1.28815E-01  7.22293E-02  2.07400E+17  1.16294E+17
    3.25000E+03  2.48529E-01  1.53295E-01  4.06400E+17  2.50671E+17
    3.30000E+03  3.18482E-01  2.07272E-01  5.28800E+17  3.44149E+17
    3.35000E+03  2.30906E-01  1.56490E-01  3.89200E+17  2.63770E+17
    3.40000E+03  1.88228E-01  1.31484E-01  3.22000E+17  2.24928E+17
    3.43800E+03  2.29238E-01  1.63194E-01  3.96480E+17  2.82254E+17
    3.50000E+03  2.88415E-01  2.11052E-01  5.07900E+17  3.71663E+17
    3.60000E+03  3.07842E-01  2.34217E-01  5.57600E+17  4.24242E+17
    3.70000E+03  4.02120E-01  3.16913E-01  7.48600E+17  5.89977E+17
    3.80000E+03  3.08952E-01  2.51362E-01  5.90700E+17  4.80591E+17
    3.90000E+03  2.90532E-01  2.43275E-01  5.70100E+17  4.77370E+17
    4.00000E+03  5.89294E-01  5.06444E-01  1.18600E+18  1.01926E+18
    4.10000E+03  7.57674E-01  6.66582E-01  1.56300E+18  1.37509E+18
    4.20000E+03  6.96098E-01  6.25553E-01  1.47100E+18  1.32192E+18
    4.30000E+03  7.17811E-01  6.57539E-01  1.55300E+18  1.42260E+18
    4.40000E+03  9.43611E-01  8.79377E-01  2.08900E+18  1.94680E+18
    4.50000E+03  1.18499E+00  1.12177E+00  2.68300E+18  2.53985E+18
    4.60000E+03  1.32298E+00  1.26938E+00  3.06200E+18  2.93794E+18
    4.70000E+03  1.35319E+00  1.31510E+00  3.20000E+18  3.10991E+18
    4.80000E+03  1.38048E+00  1.35542E+00  3.33400E+18  3.27347E+18
    4.90000E+03  1.33933E+00  1.32847E+00  3.30200E+18  3.27523E+18
    5.00000E+03  1.24735E+00  1.24699E+00  3.13800E+18  3.13709E+18
    5.10000E+03  1.12664E+00  1.13404E+00  2.89100E+18  2.90998E+18
    5.20000E+03  1.02509E+00  1.03926E+00  2.68200E+18  2.71907E+18
    5.30000E+03  1.38150E+00  1.40503E+00  3.68400E+18  3.74674E+18
    5.40000E+03  1.41996E+00  1.45184E+00  3.85800E+18  3.94462E+18
    5.50000E+03  1.46063E+00  1.50054E+00  4.04200E+18  4.15244E+18
    5.60000E+03  1.48104E+00  1.52459E+00  4.17300E+18  4.29570E+18
    5.70000E+03  1.51259E+00  1.55863E+00  4.33800E+18  4.47004E+18
    5.80000E+03  1.54580E+00  1.60176E+00  4.51100E+18  4.67431E+18
    5.90000E+03  1.45458E+00  1.51593E+00  4.31800E+18  4.50013E+18
    6.00000E+03  1.53402E+00  1.60115E+00  4.63100E+18  4.83367E+18
    6.10000E+03  1.50007E+00  1.57545E+00  4.60400E+18  4.83534E+18
    6.20000E+03  1.44991E+00  1.53348E+00  4.52300E+18  4.78369E+18
    6.30000E+03  1.44362E+00  1.53630E+00  4.57600E+18  4.86980E+18
    6.40000E+03  1.45056E+00  1.55463E+00  4.67100E+18  5.00609E+18
    6.50000E+03  1.42427E+00  1.53351E+00  4.65800E+18  5.01526E+18
    6.60000E+03  1.42709E+00  1.54419E+00  4.73900E+18  5.12787E+18
    6.70000E+03  1.42358E+00  1.54692E+00  4.79900E+18  5.21477E+18
    6.80000E+03  1.41142E+00  1.53992E+00  4.82900E+18  5.26867E+18
    6.90000E+03  1.38779E+00  1.52005E+00  4.81800E+18  5.27717E+18
    7.00000E+03  1.36144E+00  1.49579E+00  4.79500E+18  5.26818E+18
    7.10000E+03  1.34198E+00  1.47852E+00  4.79400E+18  5.28174E+18
    7.20000E+03  1.30071E+00  1.43677E+00  4.71200E+18  5.20491E+18
    7.30000E+03  1.29705E+00  1.43597E+00  4.76400E+18  5.27426E+18
    7.40000E+03  1.27630E+00  1.41589E+00  4.75200E+18  5.27174E+18
    7.50000E+03  1.27041E+00  1.41202E+00  4.79400E+18  5.32839E+18
    7.60000E+03  1.26206E+00  1.40535E+00  4.82600E+18  5.37390E+18
    7.70000E+03  1.23406E+00  1.37621E+00  4.78100E+18  5.33173E+18
    7.80000E+03  1.22843E+00  1.37149E+00  4.82100E+18  5.38244E+18
    7.90000E+03  1.20131E+00  1.34330E+00  4.77500E+18  5.33941E+18
    8.00000E+03  1.17685E+00  1.31784E+00  4.73700E+18  5.30452E+18
    8.10000E+03  1.15520E+00  1.29473E+00  4.70800E+18  5.27665E+18
    8.20000E+03  1.12754E+00  1.26511E+00  4.65200E+18  5.21957E+18
    8.30000E+03  1.12018E+00  1.25822E+00  4.67800E+18  5.25447E+18
    8.40000E+03  1.08887E+00  1.22411E+00  4.60200E+18  5.17362E+18
    8.50000E+03  1.06811E+00  1.20170E+00  4.56800E+18  5.13934E+18


   **** From the climate model ****

     P (atm)     Alt (km)         T         DIVF
   6.3027E-05   5.8994E+01   1.6910E+02  -8.2824E-10
   6.9546E-05   5.8503E+01   1.7396E+02  -1.2233E-05
   7.6739E-05   5.7998E+01   1.7861E+02  -1.2593E-05
   8.4676E-05   5.7481E+01   1.8250E+02  -1.1816E-05
   9.3435E-05   5.6954E+01   1.8550E+02  -1.1134E-05
   1.0310E-04   5.6420E+01   1.8783E+02  -1.0594E-05
   1.1376E-04   5.5879E+01   1.8968E+02  -1.0159E-05
   1.2553E-04   5.5334E+01   1.9122E+02  -9.8373E-06
   1.3851E-04   5.4784E+01   1.9256E+02  -9.6474E-06
   1.5284E-04   5.4231E+01   1.9380E+02  -9.5248E-06
   1.6865E-04   5.3675E+01   1.9497E+02  -9.4355E-06
   1.8609E-04   5.3115E+01   1.9611E+02  -9.4112E-06
   2.0534E-04   5.2552E+01   1.9722E+02  -9.3481E-06
   2.2658E-04   5.1985E+01   1.9830E+02  -9.2857E-06
   2.5002E-04   5.1416E+01   1.9937E+02  -9.2877E-06
   2.7588E-04   5.0844E+01   2.0042E+02  -9.2421E-06
   3.0441E-04   5.0268E+01   2.0144E+02  -9.1480E-06
   3.3590E-04   4.9690E+01   2.0240E+02  -9.0099E-06
   3.7064E-04   4.9110E+01   2.0329E+02  -8.7973E-06
   4.0898E-04   4.8526E+01   2.0411E+02  -8.5556E-06
   4.5128E-04   4.7941E+01   2.0483E+02  -8.2265E-06
   4.9796E-04   4.7353E+01   2.0546E+02  -7.7997E-06
   5.4946E-04   4.6765E+01   2.0596E+02  -7.2972E-06
   6.0630E-04   4.6174E+01   2.0632E+02  -6.5204E-06
   6.6901E-04   4.5583E+01   2.0653E+02  -5.7403E-06
   7.3821E-04   4.4992E+01   2.0661E+02  -4.9430E-06
   8.1456E-04   4.4400E+01   2.0655E+02  -4.1067E-06
   8.9881E-04   4.3809E+01   2.0638E+02  -3.1712E-06
   9.9178E-04   4.3219E+01   2.0611E+02  -2.2274E-06
   1.0944E-03   4.2629E+01   2.0581E+02  -2.2139E-06
   1.2076E-03   4.2040E+01   2.0547E+02  -2.0027E-06
   1.3325E-03   4.1452E+01   2.0508E+02  -1.1450E-06
   1.4703E-03   4.0866E+01   2.0462E+02  -3.5674E-07
   1.6224E-03   4.0281E+01   2.0412E+02   1.4786E-07
   1.7902E-03   3.9697E+01   2.0362E+02   2.5756E-07
   1.9753E-03   3.9115E+01   2.0313E+02   1.2002E-08
   2.1796E-03   3.8534E+01   2.0270E+02  -1.0048E-06
   2.4051E-03   3.7954E+01   2.0233E+02  -2.3932E-06
   2.6539E-03   3.7375E+01   2.0206E+02  -4.4521E-06
   2.9284E-03   3.6797E+01   2.0190E+02  -6.8683E-06
   3.2312E-03   3.6219E+01   2.0183E+02  -9.7175E-06
   3.5655E-03   3.5641E+01   2.0185E+02  -1.2163E-05
   3.9342E-03   3.5063E+01   2.0194E+02  -1.4533E-05
   4.3412E-03   3.4484E+01   2.0206E+02  -1.5734E-05
   4.7902E-03   3.3905E+01   2.0220E+02  -1.6284E-05
   5.2857E-03   3.3326E+01   2.0233E+02  -1.5508E-05
   5.8324E-03   3.2747E+01   2.0242E+02  -1.4276E-05
   6.4357E-03   3.2167E+01   2.0247E+02  -1.1707E-05
   7.1013E-03   3.1588E+01   2.0248E+02  -9.0105E-06
   7.8358E-03   3.1008E+01   2.0243E+02  -5.3220E-06
   8.6463E-03   3.0428E+01   2.0234E+02  -2.4804E-06
   9.5406E-03   2.9849E+01   2.0222E+02   3.1324E-07
   1.0527E-02   2.9270E+01   2.0212E+02  -2.0894E-06
   1.1616E-02   2.8692E+01   2.0200E+02  -2.4680E-06
   1.2818E-02   2.8114E+01   2.0182E+02   5.1604E-06
   1.4144E-02   2.7536E+01   2.0152E+02   1.9747E-05
   1.5607E-02   2.6960E+01   2.0110E+02   3.4390E-05
   1.7221E-02   2.6385E+01   2.0052E+02   5.8432E-05
   1.9002E-02   2.5812E+01   1.9979E+02   8.1185E-05
   2.0967E-02   2.5241E+01   1.9893E+02   1.0466E-04
   2.3136E-02   2.4673E+01   1.9799E+02   1.2276E-04
   2.5529E-02   2.4107E+01   1.9703E+02   1.2818E-04
   2.8170E-02   2.3544E+01   1.9613E+02   1.0937E-04
   3.1084E-02   2.2984E+01   1.9533E+02   8.3270E-05
   3.4299E-02   2.2426E+01   1.9468E+02   4.1872E-05
   3.7846E-02   2.1869E+01   1.9420E+02  -8.9453E-06
   4.1761E-02   2.1313E+01   1.9392E+02  -8.0655E-05
   4.6080E-02   2.0758E+01   1.9385E+02  -1.5905E-04
   5.0847E-02   2.0203E+01   1.9399E+02  -2.4876E-04
   5.6106E-02   1.9647E+01   1.9433E+02  -3.4206E-04
   6.1909E-02   1.9090E+01   1.9485E+02  -4.3468E-04
   6.8312E-02   1.8531E+01   1.9553E+02  -5.2416E-04
   7.5378E-02   1.7970E+01   1.9638E+02  -6.2624E-04
   8.3175E-02   1.7406E+01   1.9738E+02  -7.2880E-04
   9.1778E-02   1.6839E+01   1.9851E+02  -8.3475E-04
   1.0127E-01   1.6269E+01   1.9979E+02  -9.4679E-04
   1.1175E-01   1.5695E+01   2.0118E+02  -1.0703E-03
   1.2330E-01   1.5117E+01   2.0267E+02  -1.1531E-03
   1.3606E-01   1.4534E+01   2.0427E+02  -1.2723E-03
   1.5013E-01   1.3947E+01   2.0601E+02  -1.4435E-03
   1.6566E-01   1.3355E+01   2.0790E+02  -1.6510E-03
   1.8279E-01   1.2756E+01   2.1013E+02  -1.9946E-03
   2.0170E-01   1.2150E+01   2.1334E+02  -3.1864E-03
   2.2256E-01   1.1532E+01   2.1811E+02  -7.4658E-03
   2.4558E-01   1.0899E+01   2.2394E+02  -1.7445E-02
   2.7099E-01   1.0249E+01   2.3005E+02  -3.4727E-02
   2.9901E-01   9.5820E+00   2.3614E+02  -5.9441E-02
   3.2994E-01   8.8973E+00   2.4210E+02  -9.0383E-02
   3.6407E-01   8.1958E+00   2.4783E+02  -1.2616E-01
   4.0173E-01   7.4783E+00   2.5326E+02  -1.6824E-01
   4.4328E-01   6.7456E+00   2.5833E+02  -2.1894E-01
   4.8913E-01   5.9988E+00   2.6304E+02  -2.7714E-01
   5.3972E-01   5.2387E+00   2.6742E+02  -3.4476E-01
   5.9554E-01   4.4662E+00   2.7151E+02  -4.2569E-01
   6.5714E-01   3.6815E+00   2.7562E+02  -5.2226E-01
   7.2511E-01   2.8845E+00   2.7975E+02  -6.3263E-01
   8.0012E-01   2.0752E+00   2.8370E+02  -7.7183E-01
   8.8287E-01   1.2540E+00   2.8753E+02  -9.9462E-01
   9.7419E-01   4.2096E-01   2.9127E+02  -1.4489E+00
   1.0233E+00   0.0000E+00   2.9311E+02  -2.3468E+00
