
*** Output file for diagnostics after 20 coupled iterations ***

*** PHOTOCHEMICAL MODEL output

 Ozone column depth =  3.4067E+18 cm^-2

 Results sorted by Lower Boundary Condition

  Species with fixed surface FLUX
      Specified flux   Calculated flux    calc/spec      TL
 H2        -3.32E+09    -3.38E+09          1.02E+00    2.41E+10
 CH4        1.31E+11     1.28E+11          9.77E-01    9.16E+10
 CO         2.30E+11     2.30E+11          1.00E+00    3.07E+11
 N2O        6.75E+08     6.43E+08          9.52E-01    3.10E+08
 CH3CL      3.31E+08     3.30E+08          9.96E-01    3.14E+08
 
  Species with fixed VELOCITY DEPOSITION
               TL         TP         TL/TP
 H2CO       7.93E+10    8.05E+10    9.85E-01
 O          8.72E+14    8.72E+14    1.00E+00
 OH         1.10E+12    1.10E+12    1.00E+00
 HO2        1.08E+12    1.08E+12    1.00E+00
 H2O2       5.78E+10    6.26E+10    9.23E-01
 O3         8.70E+14    8.70E+14    1.00E+00
 H          8.09E+11    8.09E+11    1.00E+00
 CH3OOH     5.59E+10    5.85E+10    9.55E-01
 CH3O2      1.31E+11    1.31E+11    9.99E-01
 NO         4.29E+12    4.29E+12    1.00E+00
 NO2        4.45E+12    4.45E+12    1.00E+00
 HNO2       1.59E+09    1.59E+09    1.00E+00
 HNO3       9.06E+09    1.06E+10    8.59E-01
 HO2NO2     1.41E+11    1.41E+11    1.00E+00
 NO3        1.03E+10    1.03E+10    1.00E+00
 N2O5       3.39E+08    3.39E+08    1.00E+00
 CL2O2      1.65E+05    1.65E+05    1.00E+00
 HOCL       3.86E+08    3.88E+08    9.95E-01
 CL         4.07E+13    4.07E+13    1.00E+00
 CLO        8.09E+10    8.09E+10    1.00E+00
 HCL        4.50E+08    5.33E+08    8.45E-01
 CLONO2     7.82E+08    7.95E+08    9.83E-01
 H2S        3.32E+08    3.34E+08    9.93E-01
 HS         3.32E+08    3.32E+08    1.00E+00
 SO         3.30E+08    3.30E+08    1.00E+00
 SO2        1.61E+11    1.62E+11    9.94E-01
 H2SO4      1.83E+09    1.87E+09    9.79E-01
 HSO        1.91E+08    1.93E+08    9.91E-01
 SO4AER     1.75E+09    1.77E+09    9.92E-01

*** CLIMATE MODEL output

   Selected temperatures for diagnostic
 Layer    T_Ncoup-1       T_Ncoup       (T_n-1)-(T_n)     DIVF_Nstep
 100      2.9204E+02      2.9205E+02      8.6407E-03     -2.2449E+00
  99      2.9018E+02      2.9019E+02      8.8746E-03     -1.4213E+00
  Last convective layer 
  85      2.2210E+02      2.2212E+02      2.2668E-02     -1.4004E-02
  At the cold trap 
  73      1.9846E+02      1.9847E+02      6.5156E-03     -6.4357E-04
   2      1.8559E+02      1.8565E+02      6.1328E-02     -2.0201E-05
   1      1.8045E+02      1.8051E+02      5.9614E-02      1.6694E-15

  ** PARAMETERS OF THE ATMOSPHERE AT STEADY STATE **


 Factor for stellar flux =     1.0000


 Ozone column depth =  3.4067E+18 cm^-2

   *** Surface fluxes (cm^-2 s^-1) ***

     H2         CH4        CO         N2O        CH3CL 
 -3.378E+09  1.279E+11  2.299E+11  6.425E+08  3.298E+08

   *** Mixing ratios ***

 Z (km) P(dyn/cm^2)   H2O       H2        CH4       CO        N2O       CH3CL   
  0.34   9.730E+05 1.509E-02 5.221E-07 1.967E-06 1.344E-07 3.046E-07 8.300E-10
  1.02   8.979E+05 1.234E-02 5.222E-07 1.964E-06 1.285E-07 3.046E-07 8.214E-10
  1.70   8.278E+05 9.938E-03 5.224E-07 1.961E-06 1.230E-07 3.046E-07 8.134E-10
  2.38   7.625E+05 7.898E-03 5.225E-07 1.958E-06 1.178E-07 3.046E-07 8.058E-10
  3.06   7.017E+05 6.204E-03 5.227E-07 1.955E-06 1.130E-07 3.045E-07 7.989E-10
  3.74   6.450E+05 4.789E-03 5.229E-07 1.952E-06 1.085E-07 3.045E-07 7.926E-10
  4.42   5.923E+05 3.554E-03 5.231E-07 1.950E-06 1.044E-07 3.045E-07 7.870E-10
  5.10   5.432E+05 2.575E-03 5.232E-07 1.948E-06 1.008E-07 3.045E-07 7.820E-10
  5.78   4.976E+05 1.799E-03 5.234E-07 1.946E-06 9.745E-08 3.045E-07 7.778E-10
  6.46   4.552E+05 1.203E-03 5.235E-07 1.944E-06 9.453E-08 3.044E-07 7.742E-10
  7.14   4.157E+05 7.652E-04 5.236E-07 1.943E-06 9.198E-08 3.044E-07 7.713E-10
  7.82   3.790E+05 4.595E-04 5.237E-07 1.941E-06 8.978E-08 3.044E-07 7.689E-10
  8.50   3.449E+05 2.592E-04 5.238E-07 1.940E-06 8.787E-08 3.044E-07 7.670E-10
  9.18   3.131E+05 1.370E-04 5.239E-07 1.939E-06 8.618E-08 3.043E-07 7.653E-10
  9.86   2.835E+05 6.777E-05 5.240E-07 1.938E-06 8.466E-08 3.043E-07 7.639E-10
 10.54   2.561E+05 3.146E-05 5.240E-07 1.937E-06 8.326E-08 3.043E-07 7.626E-10
 11.22   2.306E+05 1.372E-05 5.240E-07 1.936E-06 8.198E-08 3.042E-07 7.614E-10
 11.90   2.071E+05 7.186E-06 5.241E-07 1.935E-06 8.079E-08 3.042E-07 7.603E-10
 12.58   1.856E+05 4.797E-06 5.241E-07 1.934E-06 7.969E-08 3.042E-07 7.593E-10
 13.26   1.662E+05 3.527E-06 5.241E-07 1.933E-06 7.867E-08 3.041E-07 7.583E-10
 13.94   1.486E+05 2.662E-06 5.242E-07 1.932E-06 7.771E-08 3.041E-07 7.573E-10
 14.62   1.328E+05 2.045E-06 5.242E-07 1.931E-06 7.681E-08 3.041E-07 7.564E-10
 15.30   1.185E+05 1.711E-06 5.242E-07 1.930E-06 7.594E-08 3.040E-07 7.554E-10
 15.98   1.057E+05 1.544E-06 5.243E-07 1.929E-06 7.507E-08 3.040E-07 7.543E-10
 16.66   9.420E+04 1.430E-06 5.243E-07 1.928E-06 7.413E-08 3.039E-07 7.531E-10
 17.34   8.390E+04 1.432E-06 5.243E-07 1.927E-06 7.299E-08 3.038E-07 7.515E-10
 18.02   7.469E+04 1.436E-06 5.244E-07 1.925E-06 7.152E-08 3.036E-07 7.493E-10
 18.70   6.646E+04 1.441E-06 5.245E-07 1.922E-06 6.972E-08 3.034E-07 7.462E-10
 19.38   5.913E+04 1.450E-06 5.247E-07 1.918E-06 6.740E-08 3.031E-07 7.419E-10
 20.06   5.260E+04 1.462E-06 5.249E-07 1.912E-06 6.452E-08 3.026E-07 7.359E-10
 20.74   4.681E+04 1.480E-06 5.253E-07 1.905E-06 6.119E-08 3.019E-07 7.281E-10
 21.42   4.166E+04 1.509E-06 5.258E-07 1.895E-06 5.672E-08 3.007E-07 7.163E-10
 22.10   3.711E+04 1.549E-06 5.265E-07 1.881E-06 5.169E-08 2.992E-07 7.010E-10
 22.78   3.307E+04 1.601E-06 5.273E-07 1.865E-06 4.656E-08 2.972E-07 6.830E-10
 23.46   2.949E+04 1.667E-06 5.283E-07 1.846E-06 4.129E-08 2.946E-07 6.611E-10
 24.14   2.631E+04 1.746E-06 5.295E-07 1.825E-06 3.638E-08 2.914E-07 6.369E-10
 24.82   2.350E+04 1.845E-06 5.308E-07 1.799E-06 3.163E-08 2.875E-07 6.086E-10
 25.50   2.100E+04 1.963E-06 5.323E-07 1.771E-06 2.734E-08 2.828E-07 5.774E-10
 26.18   1.877E+04 2.097E-06 5.337E-07 1.740E-06 2.365E-08 2.774E-07 5.441E-10
 26.86   1.679E+04 2.249E-06 5.352E-07 1.707E-06 2.052E-08 2.711E-07 5.089E-10
 27.54   1.502E+04 2.415E-06 5.365E-07 1.671E-06 1.797E-08 2.641E-07 4.728E-10
 28.22   1.344E+04 2.595E-06 5.376E-07 1.633E-06 1.592E-08 2.563E-07 4.360E-10
 28.90   1.203E+04 2.787E-06 5.384E-07 1.593E-06 1.431E-08 2.479E-07 3.993E-10
 29.58   1.077E+04 2.990E-06 5.389E-07 1.552E-06 1.305E-08 2.387E-07 3.629E-10
 30.26   9.643E+03 3.200E-06 5.390E-07 1.509E-06 1.208E-08 2.289E-07 3.274E-10
 30.94   8.634E+03 3.416E-06 5.386E-07 1.464E-06 1.133E-08 2.186E-07 2.933E-10
 31.62   7.731E+03 3.632E-06 5.377E-07 1.419E-06 1.075E-08 2.080E-07 2.610E-10
 32.30   6.925E+03 3.847E-06 5.363E-07 1.374E-06 1.030E-08 1.972E-07 2.309E-10
 32.98   6.203E+03 4.060E-06 5.343E-07 1.328E-06 9.944E-09 1.862E-07 2.031E-10
 33.66   5.558E+03 4.266E-06 5.319E-07 1.281E-06 9.673E-09 1.752E-07 1.778E-10
 34.34   4.982E+03 4.465E-06 5.290E-07 1.236E-06 9.475E-09 1.644E-07 1.551E-10
 35.02   4.466E+03 4.655E-06 5.257E-07 1.190E-06 9.345E-09 1.538E-07 1.348E-10
 35.70   4.004E+03 4.836E-06 5.220E-07 1.145E-06 9.283E-09 1.434E-07 1.167E-10
 36.38   3.592E+03 5.007E-06 5.179E-07 1.100E-06 9.288E-09 1.334E-07 1.007E-10
 37.06   3.222E+03 5.167E-06 5.136E-07 1.055E-06 9.361E-09 1.237E-07 8.675E-11
 37.74   2.892E+03 5.315E-06 5.091E-07 1.012E-06 9.496E-09 1.145E-07 7.457E-11
 38.42   2.597E+03 5.450E-06 5.044E-07 9.689E-07 9.684E-09 1.058E-07 6.396E-11
 39.10   2.334E+03 5.573E-06 4.997E-07 9.269E-07 9.912E-09 9.760E-08 5.475E-11
 39.78   2.098E+03 5.684E-06 4.949E-07 8.858E-07 1.017E-08 8.984E-08 4.675E-11
 40.46   1.887E+03 5.781E-06 4.902E-07 8.457E-07 1.044E-08 8.257E-08 3.984E-11
 41.14   1.698E+03 5.864E-06 4.857E-07 8.070E-07 1.070E-08 7.579E-08 3.391E-11
 41.82   1.530E+03 5.934E-06 4.815E-07 7.696E-07 1.096E-08 6.948E-08 2.883E-11
 42.50   1.378E+03 5.989E-06 4.777E-07 7.338E-07 1.121E-08 6.363E-08 2.451E-11
 43.18   1.243E+03 6.029E-06 4.746E-07 6.997E-07 1.144E-08 5.823E-08 2.086E-11
 43.86   1.121E+03 6.054E-06 4.721E-07 6.675E-07 1.167E-08 5.326E-08 1.779E-11
 44.54   1.012E+03 6.064E-06 4.706E-07 6.372E-07 1.189E-08 4.869E-08 1.523E-11
 45.22   9.130E+02 6.057E-06 4.700E-07 6.090E-07 1.212E-08 4.452E-08 1.311E-11
 45.90   8.242E+02 6.036E-06 4.705E-07 5.829E-07 1.239E-08 4.075E-08 1.136E-11
 46.58   7.441E+02 5.999E-06 4.722E-07 5.588E-07 1.271E-08 3.731E-08 9.919E-12
 47.26   6.717E+02 5.947E-06 4.751E-07 5.364E-07 1.313E-08 3.419E-08 8.724E-12
 47.94   6.063E+02 5.881E-06 4.792E-07 5.155E-07 1.371E-08 3.135E-08 7.732E-12
 48.62   5.471E+02 5.799E-06 4.846E-07 4.959E-07 1.453E-08 2.876E-08 6.902E-12
 49.30   4.935E+02 5.704E-06 4.912E-07 4.773E-07 1.571E-08 2.639E-08 6.205E-12
 49.98   4.450E+02 5.594E-06 4.992E-07 4.598E-07 1.744E-08 2.424E-08 5.619E-12
 50.66   4.010E+02 5.472E-06 5.083E-07 4.432E-07 1.996E-08 2.230E-08 5.126E-12
 51.34   3.612E+02 5.336E-06 5.187E-07 4.271E-07 2.366E-08 2.054E-08 4.706E-12
 52.02   3.250E+02 5.188E-06 5.303E-07 4.116E-07 2.906E-08 1.894E-08 4.348E-12
 52.70   2.923E+02 5.028E-06 5.432E-07 3.963E-07 3.690E-08 1.749E-08 4.038E-12
 53.38   2.626E+02 4.854E-06 5.574E-07 3.810E-07 4.823E-08 1.616E-08 3.770E-12
 54.06   2.357E+02 4.667E-06 5.730E-07 3.657E-07 6.451E-08 1.495E-08 3.534E-12
 54.74   2.114E+02 4.465E-06 5.899E-07 3.501E-07 8.774E-08 1.383E-08 3.326E-12
 55.42   1.894E+02 4.249E-06 6.083E-07 3.341E-07 1.204E-07 1.282E-08 3.142E-12
 56.10   1.695E+02 4.019E-06 6.280E-07 3.177E-07 1.660E-07 1.189E-08 2.979E-12
 56.78   1.515E+02 3.775E-06 6.492E-07 3.006E-07 2.292E-07 1.104E-08 2.835E-12
 57.46   1.353E+02 3.514E-06 6.719E-07 2.828E-07 3.156E-07 1.027E-08 2.705E-12
 58.14   1.206E+02 3.236E-06 6.962E-07 2.641E-07 4.333E-07 9.551E-09 2.590E-12
 58.82   1.074E+02 2.942E-06 7.220E-07 2.446E-07 5.902E-07 8.900E-09 2.487E-12
 59.50   9.544E+01 2.633E-06 7.491E-07 2.242E-07 7.963E-07 8.311E-09 2.395E-12
 60.18   8.452E+01 2.310E-06 7.773E-07 2.031E-07 1.062E-06 7.782E-09 2.315E-12
 60.86   7.452E+01 1.974E-06 8.063E-07 1.814E-07 1.401E-06 7.312E-09 2.244E-12
 61.54   6.540E+01 1.622E-06 8.361E-07 1.592E-07 1.830E-06 6.893E-09 2.181E-12
 62.22   5.712E+01 1.251E-06 8.663E-07 1.366E-07 2.374E-06 6.522E-09 2.126E-12
 62.90   4.963E+01 8.554E-07 8.965E-07 1.140E-07 3.059E-06 6.192E-09 2.076E-12
 63.58   4.290E+01 4.333E-07 9.256E-07 9.215E-08 3.909E-06 5.903E-09 2.033E-12
 64.26   3.689E+01 1.702E-07 9.526E-07 7.181E-08 4.929E-06 5.652E-09 1.996E-12
 64.94   3.153E+01 6.088E-08 9.764E-07 5.384E-08 6.108E-06 5.440E-09 1.964E-12
 65.62   2.680E+01 2.151E-08 9.961E-07 3.896E-08 7.424E-06 5.266E-09 1.937E-12
 66.30   2.264E+01 8.246E-09 1.011E-06 2.755E-08 8.853E-06 5.131E-09 1.916E-12
 66.98   1.901E+01 3.804E-09 1.022E-06 1.975E-08 1.037E-05 5.036E-09 1.901E-12
 67.66   1.585E+01 2.136E-09 1.027E-06 1.564E-08 1.195E-05 4.985E-09 1.893E-12

   *** Number densities (cm^-3) ***

  Z(km) P(dyn/cm^2)   Total  OH          O3      
  0.34   9.730E+05 2.427E+19 6.387E+05 4.825E+11
  1.02   8.979E+05 2.264E+19 7.010E+05 4.900E+11
  1.70   8.278E+05 2.111E+19 7.598E+05 5.031E+11
  2.38   7.625E+05 1.967E+19 8.161E+05 5.198E+11
  3.06   7.017E+05 1.833E+19 8.706E+05 5.385E+11
  3.74   6.450E+05 1.707E+19 9.207E+05 5.575E+11
  4.42   5.923E+05 1.588E+19 9.543E+05 5.750E+11
  5.10   5.432E+05 1.477E+19 9.781E+05 5.900E+11
  5.78   4.976E+05 1.374E+19 9.819E+05 6.015E+11
  6.46   4.552E+05 1.278E+19 9.502E+05 6.088E+11
  7.14   4.157E+05 1.189E+19 8.761E+05 6.118E+11
  7.82   3.790E+05 1.107E+19 7.586E+05 6.111E+11
  8.50   3.449E+05 1.030E+19 6.192E+05 6.074E+11
  9.18   3.131E+05 9.587E+18 4.981E+05 6.019E+11
  9.86   2.835E+05 8.915E+18 4.184E+05 5.949E+11
 10.54   2.561E+05 8.281E+18 3.728E+05 5.865E+11
 11.22   2.306E+05 7.667E+18 3.513E+05 5.756E+11
 11.90   2.071E+05 7.042E+18 3.360E+05 5.598E+11
 12.58   1.856E+05 6.406E+18 3.195E+05 5.389E+11
 13.26   1.662E+05 5.794E+18 3.025E+05 5.159E+11
 13.94   1.486E+05 5.228E+18 2.869E+05 4.930E+11
 14.62   1.328E+05 4.709E+18 2.739E+05 4.706E+11
 15.30   1.185E+05 4.235E+18 2.635E+05 4.501E+11
 15.98   1.057E+05 3.804E+18 2.558E+05 4.320E+11
 16.66   9.420E+04 3.412E+18 2.486E+05 4.188E+11
 17.34   8.390E+04 3.055E+18 2.408E+05 4.147E+11
 18.02   7.469E+04 2.730E+18 2.316E+05 4.244E+11
 18.70   6.646E+04 2.436E+18 2.245E+05 4.487E+11
 19.38   5.913E+04 2.171E+18 2.206E+05 4.937E+11
 20.06   5.260E+04 1.930E+18 2.224E+05 5.614E+11
 20.74   4.681E+04 1.714E+18 2.310E+05 6.463E+11
 21.42   4.166E+04 1.520E+18 2.434E+05 7.812E+11
 22.10   3.711E+04 1.347E+18 2.616E+05 9.376E+11
 22.78   3.307E+04 1.194E+18 2.848E+05 1.094E+12
 23.46   2.949E+04 1.058E+18 3.115E+05 1.253E+12
 24.14   2.631E+04 9.388E+17 3.425E+05 1.390E+12
 24.82   2.350E+04 8.337E+17 3.779E+05 1.518E+12
 25.50   2.100E+04 7.412E+17 4.193E+05 1.618E+12
 26.18   1.877E+04 6.598E+17 4.685E+05 1.681E+12
 26.86   1.679E+04 5.882E+17 5.272E+05 1.710E+12
 27.54   1.502E+04 5.251E+17 5.976E+05 1.703E+12
 28.22   1.344E+04 4.693E+17 6.819E+05 1.665E+12
 28.90   1.203E+04 4.198E+17 7.827E+05 1.601E+12
 29.58   1.077E+04 3.755E+17 9.023E+05 1.517E+12
 30.26   9.643E+03 3.359E+17 1.043E+06 1.419E+12
 30.94   8.634E+03 3.004E+17 1.205E+06 1.312E+12
 31.62   7.731E+03 2.687E+17 1.390E+06 1.204E+12
 32.30   6.925E+03 2.402E+17 1.597E+06 1.099E+12
 32.98   6.203E+03 2.149E+17 1.824E+06 9.995E+11
 33.66   5.558E+03 1.922E+17 2.067E+06 9.081E+11
 34.34   4.982E+03 1.719E+17 2.321E+06 8.254E+11
 35.02   4.466E+03 1.538E+17 2.580E+06 7.515E+11
 35.70   4.004E+03 1.376E+17 2.837E+06 6.857E+11
 36.38   3.592E+03 1.231E+17 3.088E+06 6.267E+11
 37.06   3.222E+03 1.101E+17 3.331E+06 5.734E+11
 37.74   2.892E+03 9.847E+16 3.566E+06 5.247E+11
 38.42   2.597E+03 8.804E+16 3.802E+06 4.796E+11
 39.10   2.334E+03 7.871E+16 4.045E+06 4.374E+11
 39.78   2.098E+03 7.038E+16 4.303E+06 3.976E+11
 40.46   1.887E+03 6.295E+16 4.581E+06 3.597E+11
 41.14   1.698E+03 5.633E+16 4.875E+06 3.235E+11
 41.82   1.530E+03 5.045E+16 5.173E+06 2.889E+11
 42.50   1.378E+03 4.522E+16 5.455E+06 2.561E+11
 43.18   1.243E+03 4.059E+16 5.699E+06 2.252E+11
 43.86   1.121E+03 3.648E+16 5.884E+06 1.964E+11
 44.54   1.012E+03 3.283E+16 5.993E+06 1.699E+11
 45.22   9.130E+02 2.957E+16 6.019E+06 1.459E+11
 45.90   8.242E+02 2.667E+16 5.967E+06 1.247E+11
 46.58   7.441E+02 2.409E+16 5.846E+06 1.061E+11
 47.26   6.717E+02 2.177E+16 5.671E+06 9.015E+10
 47.94   6.063E+02 1.969E+16 5.458E+06 7.651E+10
 48.62   5.471E+02 1.783E+16 5.220E+06 6.494E+10
 49.30   4.935E+02 1.615E+16 4.971E+06 5.516E+10
 49.98   4.450E+02 1.463E+16 4.719E+06 4.690E+10
 50.66   4.010E+02 1.326E+16 4.473E+06 3.993E+10
 51.34   3.612E+02 1.202E+16 4.239E+06 3.403E+10
 52.02   3.250E+02 1.090E+16 4.021E+06 2.900E+10
 52.70   2.923E+02 9.883E+15 3.819E+06 2.470E+10
 53.38   2.626E+02 8.957E+15 3.635E+06 2.102E+10
 54.06   2.357E+02 8.114E+15 3.469E+06 1.785E+10
 54.74   2.114E+02 7.345E+15 3.318E+06 1.513E+10
 55.42   1.894E+02 6.643E+15 3.179E+06 1.279E+10
 56.10   1.695E+02 6.003E+15 3.050E+06 1.079E+10
 56.78   1.515E+02 5.419E+15 2.927E+06 9.092E+09
 57.46   1.353E+02 4.888E+15 2.805E+06 7.677E+09
 58.14   1.206E+02 4.411E+15 2.683E+06 6.538E+09
 58.82   1.074E+02 3.989E+15 2.562E+06 5.675E+09
 59.50   9.544E+01 3.627E+15 2.446E+06 5.104E+09
 60.18   8.452E+01 3.321E+15 2.346E+06 4.790E+09
 60.86   7.452E+01 3.038E+15 2.270E+06 4.555E+09
 61.54   6.540E+01 2.766E+15 2.223E+06 4.338E+09
 62.22   5.712E+01 2.506E+15 2.184E+06 4.204E+09
 62.90   4.963E+01 2.259E+15 2.085E+06 4.307E+09
 63.58   4.290E+01 2.026E+15 1.775E+06 4.990E+09
 64.26   3.689E+01 1.807E+15 1.382E+06 6.292E+09
 64.94   3.153E+01 1.603E+15 1.073E+06 7.897E+09
 65.62   2.680E+01 1.413E+15 8.689E+05 9.427E+09
 66.30   2.264E+01 1.239E+15 7.488E+05 1.076E+10
 66.98   1.901E+01 1.079E+15 6.583E+05 1.275E+10
 67.66   1.585E+01 9.336E+14 4.935E+05 1.725E+10

    ENERGY FLUXES IN W/m^2/nm and photons/m^2/s/nm (NOT DIURNALLY AVERAGED)

        WAV        EFLUX        GFLUX        PhEFLUX      PhGFLUX
    1.21600E+03  1.87963E-02  0.00000E+00  2.30000E+14  0.00000E+00
    1.32500E+03  4.20000E-04  0.00000E+00  2.80000E+14  0.00000E+00
    1.37500E+03  2.02364E-04  0.00000E+00  1.40000E+14  0.00000E+00
    1.42500E+03  2.09211E-04  0.00000E+00  1.50000E+14  0.00000E+00
    1.47500E+03  2.15593E-04  0.00000E+00  1.60000E+14  0.00000E+00
    1.52500E+03  4.56148E-04  0.00000E+00  3.50000E+14  0.00000E+00
    1.57500E+03  3.78571E-04  0.00000E+00  3.00000E+14  0.00000E+00
    1.62500E+03  4.52538E-04  0.00000E+00  3.70000E+14  0.00000E+00
    1.67500E+03  4.98358E-04  0.00000E+00  4.20000E+14  0.00000E+00
    1.72500E+03  3.22609E-04  0.00000E+00  2.80000E+14  0.00000E+00
    1.76200E+03  3.19007E-04  0.00000E+00  2.82812E+14  0.00000E+00
    1.77800E+03  3.52186E-04  0.00000E+00  3.15062E+14  0.00000E+00
    1.79400E+03  3.55900E-04  0.00000E+00  3.21250E+14  0.00000E+00
    1.81000E+03  1.66288E-03  0.00000E+00  1.51438E+15  0.00000E+00
    1.82700E+03  6.83612E-04  0.00000E+00  6.28235E+14  0.00000E+00
    1.84400E+03  4.53315E-04  0.00000E+00  4.20471E+14  0.00000E+00
    1.86100E+03  5.36267E-04  0.00000E+00  5.02000E+14  0.00000E+00
    1.87800E+03  5.55670E-04  0.00000E+00  5.25056E+14  0.00000E+00
    1.89600E+03  7.34946E-04  0.00000E+00  7.01111E+14  0.00000E+00
    1.91400E+03  6.62846E-04  0.00000E+00  6.38333E+14  0.00000E+00
    1.93300E+03  7.12886E-04  0.00000E+00  6.93158E+14  0.00000E+00
    1.95200E+03  7.68660E-04  0.00000E+00  7.54737E+14  0.00000E+00
    1.97100E+03  8.74321E-04  0.00000E+00  8.66842E+14  0.00000E+00
    1.99000E+03  0.00000E+00  0.00000E+00  0.00000E+00  0.00000E+00
    2.01000E+03  1.33884E-03  5.33424-122  1.35400E+15  5.39463-104
    2.03100E+03  3.40817E-04  1.93171-103  3.48190E+14  1.97350E-85
    2.05200E+03  1.05830E-03  1.06712E-96  1.09238E+15  1.10148E-78
    2.07300E+03  1.32751E-03  3.46358E-31  1.38429E+15  3.61171E-13
    2.09400E+03  1.93279E-03  3.91368E-30  2.03636E+15  4.12340E-12
    2.11700E+03  2.43826E-03  1.03844E-28  2.59652E+15  1.10584E-10
    2.14000E+03  2.65560E-03  6.52498E-27  2.85870E+15  7.02400E-09
    2.16300E+03  2.76042E-03  8.93069E-26  3.00348E+15  9.71704E-08
    2.18700E+03  3.08880E-03  7.92365E-25  3.39885E+15  8.71901E-07
    2.21100E+03  4.22081E-03  1.09976E-24  4.69545E+15  1.22343E-06
    2.23500E+03  5.32609E-03  1.59450E-24  5.98800E+15  1.79266E-06
    2.26000E+03  6.60922E-03  1.07114E-24  7.51538E+15  1.21800E-06
    2.28600E+03  6.63771E-03  3.56965E-25  7.63462E+15  4.10578E-07
    2.31300E+03  7.18444E-03  6.09274E-26  8.35926E+15  7.08904E-08
    2.34000E+03  9.88613E-03  3.91627E-27  1.16370E+16  4.60986E-09
    2.36700E+03  1.05918E-02  1.10803E-28  1.26143E+16  1.31960E-10
    2.39600E+03  1.25139E-02  3.63613E-30  1.50828E+16  4.38257E-12
    2.42500E+03  1.17536E-02  1.43753E-31  1.43379E+16  1.75360E-13
    2.45400E+03  1.12981E-02  4.33396E-31  1.39500E+16  5.35122E-13
    2.48500E+03  1.11969E-02  1.11295E-33  1.39968E+16  1.39126E-15
    2.51600E+03  1.14739E-02  1.20426E-33  1.45250E+16  1.52448E-15
    2.54800E+03  1.68412E-02  4.64872E-36  2.15906E+16  5.95972E-18
    2.58100E+03  2.60001E-02  2.99535E-33  3.37576E+16  3.88906E-15
    2.61500E+03  3.21883E-02  3.86089E-33  4.23429E+16  5.07889E-15
    2.65000E+03  5.01738E-02  2.55520E-29  6.68857E+16  3.40629E-11
    2.68500E+03  5.29054E-02  8.41418E-26  7.14722E+16  1.13671E-07
    2.72200E+03  4.84166E-02  4.48196E-22  6.62973E+16  6.13719E-04
    2.75900E+03  5.49187E-02  6.71925E-18  7.62368E+16  9.32751E+00
    2.79800E+03  6.43782E-02  1.16200E-13  9.06154E+16  1.63557E+05
    2.83700E+03  6.17547E-02  3.07635E-10  8.81500E+16  4.39125E+08
    2.87800E+03  8.72437E-02  3.50877E-07  1.26333E+17  5.08088E+11
    2.92000E+03  1.76159E-01  8.17843E-05  2.58810E+17  1.20156E+14
    2.96300E+03  1.38225E-01  1.18742E-03  2.06068E+17  1.77023E+15
    3.00800E+03  1.17499E-01  6.80501E-03  1.77800E+17  1.02974E+16
    3.05400E+03  1.85297E-01  3.15350E-02  2.84681E+17  4.84489E+16
    3.10100E+03  2.39278E-01  7.62029E-02  3.73333E+17  1.18896E+17
    3.15000E+03  2.76862E-01  1.24590E-01  4.38800E+17  1.97463E+17
    3.20000E+03  2.88933E-01  1.56898E-01  4.65200E+17  2.52616E+17
    3.25000E+03  3.74751E-01  2.27264E-01  6.12800E+17  3.71627E+17
    3.30000E+03  4.58811E-01  2.95414E-01  7.61800E+17  4.90498E+17
    3.35000E+03  3.53241E-01  2.37689E-01  5.95400E+17  4.00633E+17
    3.40000E+03  2.99060E-01  2.07709E-01  5.11600E+17  3.55326E+17
    3.43800E+03  3.48991E-01  2.47135E-01  6.03600E+17  4.27435E+17
    3.50000E+03  4.28448E-01  3.11951E-01  7.54500E+17  5.49348E+17
    3.60000E+03  4.35815E-01  3.29837E-01  7.89400E+17  5.97441E+17
    3.70000E+03  5.52740E-01  4.33208E-01  1.02900E+18  8.06474E+17
    3.80000E+03  4.28411E-01  3.46541E-01  8.19100E+17  6.62568E+17
    3.90000E+03  4.04584E-01  3.36750E-01  7.93900E+17  6.60792E+17
    4.00000E+03  7.68666E-01  6.56531E-01  1.54700E+18  1.32132E+18
    4.10000E+03  9.70482E-01  8.48402E-01  2.00200E+18  1.75016E+18
    4.20000E+03  9.15670E-01  8.17557E-01  1.93500E+18  1.72767E+18
    4.30000E+03  8.89291E-01  8.09255E-01  1.92400E+18  1.75084E+18
    4.40000E+03  1.12655E+00  1.04279E+00  2.49400E+18  2.30858E+18
    4.50000E+03  1.39522E+00  1.31175E+00  3.15900E+18  2.97001E+18
    4.60000E+03  1.52821E+00  1.45588E+00  3.53700E+18  3.36959E+18
    4.70000E+03  1.56124E+00  1.50639E+00  3.69200E+18  3.56228E+18
    4.80000E+03  1.61484E+00  1.57354E+00  3.90000E+18  3.80026E+18
    4.90000E+03  1.52916E+00  1.50506E+00  3.77000E+18  3.71059E+18
    5.00000E+03  1.48864E+00  1.47604E+00  3.74500E+18  3.71331E+18
    5.10000E+03  1.42593E+00  1.42286E+00  3.65900E+18  3.65112E+18
    5.20000E+03  1.26512E+00  1.27119E+00  3.31000E+18  3.32588E+18
    5.30000E+03  1.54012E+00  1.55089E+00  4.10700E+18  4.13570E+18
    5.40000E+03  1.57969E+00  1.59864E+00  4.29200E+18  4.34347E+18
    5.50000E+03  1.61204E+00  1.63856E+00  4.46100E+18  4.53439E+18
    5.60000E+03  1.61875E+00  1.64730E+00  4.56100E+18  4.64146E+18
    5.70000E+03  1.63742E+00  1.66635E+00  4.69600E+18  4.77897E+18
    5.80000E+03  1.66333E+00  1.70244E+00  4.85400E+18  4.96812E+18
    5.90000E+03  1.59034E+00  1.63756E+00  4.72100E+18  4.86118E+18
    6.00000E+03  1.63737E+00  1.68753E+00  4.94300E+18  5.09443E+18
    6.10000E+03  1.59945E+00  1.65955E+00  4.90900E+18  5.09347E+18
    6.20000E+03  1.54608E+00  1.61671E+00  4.82300E+18  5.04332E+18
    6.30000E+03  1.53258E+00  1.61358E+00  4.85800E+18  5.11476E+18
    6.40000E+03  1.52882E+00  1.62247E+00  4.92300E+18  5.22456E+18
    6.50000E+03  1.50102E+00  1.60096E+00  4.90900E+18  5.23585E+18
    6.60000E+03  1.48641E+00  1.59409E+00  4.93600E+18  5.29359E+18
    6.70000E+03  1.48469E+00  1.59961E+00  5.00500E+18  5.39240E+18
    6.80000E+03  1.46637E+00  1.58690E+00  5.01700E+18  5.42938E+18
    6.90000E+03  1.43791E+00  1.56278E+00  4.99200E+18  5.42549E+18
    7.00000E+03  1.40573E+00  1.53288E+00  4.95100E+18  5.39881E+18
    7.10000E+03  1.38341E+00  1.51304E+00  4.94200E+18  5.40506E+18
    7.20000E+03  1.33825E+00  1.46772E+00  4.84800E+18  5.31703E+18
    7.30000E+03  1.32890E+00  1.46096E+00  4.88100E+18  5.36605E+18
    7.40000E+03  1.30396E+00  1.43663E+00  4.85500E+18  5.34896E+18
    7.50000E+03  1.29479E+00  1.42936E+00  4.88600E+18  5.39381E+18
    7.60000E+03  1.28168E+00  1.41766E+00  4.90100E+18  5.42097E+18
    7.70000E+03  1.25238E+00  1.38738E+00  4.85200E+18  5.37501E+18
    7.80000E+03  1.24219E+00  1.37762E+00  4.87500E+18  5.40651E+18
    7.90000E+03  1.21036E+00  1.34454E+00  4.81100E+18  5.34434E+18
    8.00000E+03  1.18380E+00  1.31702E+00  4.76500E+18  5.30121E+18
    8.10000E+03  1.15888E+00  1.29039E+00  4.72300E+18  5.25894E+18
    8.20000E+03  1.12972E+00  1.25932E+00  4.66100E+18  5.19570E+18
    8.30000E+03  1.11947E+00  1.24928E+00  4.67500E+18  5.21710E+18
    8.40000E+03  1.08958E+00  1.21699E+00  4.60500E+18  5.14348E+18
    8.50000E+03  1.06413E+00  1.18947E+00  4.55100E+18  5.08706E+18


   **** From the climate model ****

     P (atm)     Alt (km)         T         DIVF
   6.8251E-05   6.0578E+01   1.8051E+02   1.6694E-15
   7.5248E-05   6.0058E+01   1.8565E+02  -2.0201E-05
   8.2963E-05   5.9524E+01   1.9050E+02  -2.1074E-05
   9.1469E-05   5.8978E+01   1.9435E+02  -1.9969E-05
   1.0085E-04   5.8422E+01   1.9710E+02  -1.8998E-05
   1.1119E-04   5.7860E+01   1.9922E+02  -1.8526E-05
   1.2259E-04   5.7291E+01   2.0105E+02  -1.8274E-05
   1.3516E-04   5.6718E+01   2.0274E+02  -1.8113E-05
   1.4901E-04   5.6140E+01   2.0443E+02  -1.8121E-05
   1.6429E-04   5.5557E+01   2.0615E+02  -1.8249E-05
   1.8113E-04   5.4969E+01   2.0788E+02  -1.8211E-05
   1.9971E-04   5.4377E+01   2.0960E+02  -1.8164E-05
   2.2018E-04   5.3779E+01   2.1132E+02  -1.8227E-05
   2.4275E-04   5.3177E+01   2.1303E+02  -1.8185E-05
   2.6764E-04   5.2570E+01   2.1466E+02  -1.8015E-05
   2.9508E-04   5.1958E+01   2.1620E+02  -1.7773E-05
   3.2534E-04   5.1342E+01   2.1766E+02  -1.7571E-05
   3.5869E-04   5.0722E+01   2.1902E+02  -1.7368E-05
   3.9547E-04   5.0099E+01   2.2022E+02  -1.6759E-05
   4.3602E-04   4.9472E+01   2.2127E+02  -1.6198E-05
   4.8072E-04   4.8842E+01   2.2216E+02  -1.5664E-05
   5.3001E-04   4.8210E+01   2.2289E+02  -1.4941E-05
   5.8435E-04   4.7577E+01   2.2343E+02  -1.4016E-05
   6.4426E-04   4.6942E+01   2.2378E+02  -1.3060E-05
   7.1031E-04   4.6306E+01   2.2394E+02  -1.1913E-05
   7.8314E-04   4.5671E+01   2.2391E+02  -1.0820E-05
   8.6343E-04   4.5035E+01   2.2366E+02  -9.1592E-06
   9.5195E-04   4.4401E+01   2.2321E+02  -7.5485E-06
   1.0496E-03   4.3768E+01   2.2258E+02  -6.0563E-06
   1.1572E-03   4.3137E+01   2.2180E+02  -4.8421E-06
   1.2758E-03   4.2509E+01   2.2087E+02  -2.9444E-06
   1.4066E-03   4.1883E+01   2.1982E+02  -1.7846E-06
   1.5508E-03   4.1260E+01   2.1868E+02  -4.0776E-07
   1.7098E-03   4.0641E+01   2.1753E+02  -4.4747E-07
   1.8851E-03   4.0025E+01   2.1641E+02  -9.6174E-07
   2.0784E-03   3.9412E+01   2.1533E+02  -1.6521E-06
   2.2915E-03   3.8802E+01   2.1433E+02  -2.9885E-06
   2.5264E-03   3.8195E+01   2.1344E+02  -5.4901E-06
   2.7855E-03   3.7590E+01   2.1267E+02  -8.1241E-06
   3.0710E-03   3.6987E+01   2.1200E+02  -1.0942E-05
   3.3859E-03   3.6386E+01   2.1144E+02  -1.3782E-05
   3.7331E-03   3.5786E+01   2.1096E+02  -1.6380E-05
   4.1158E-03   3.5188E+01   2.1054E+02  -1.8339E-05
   4.5378E-03   3.4591E+01   2.1016E+02  -2.0001E-05
   5.0030E-03   3.3994E+01   2.0980E+02  -2.0280E-05
   5.5160E-03   3.3399E+01   2.0945E+02  -2.0929E-05
   6.0815E-03   3.2805E+01   2.0912E+02  -2.1941E-05
   6.7050E-03   3.2212E+01   2.0881E+02  -2.2841E-05
   7.3925E-03   3.1619E+01   2.0854E+02  -2.5027E-05
   8.1504E-03   3.1027E+01   2.0829E+02  -2.7047E-05
   8.9860E-03   3.0436E+01   2.0807E+02  -2.8810E-05
   9.9073E-03   2.9846E+01   2.0790E+02  -3.2230E-05
   1.0923E-02   2.9256E+01   2.0779E+02  -3.9881E-05
   1.2043E-02   2.8666E+01   2.0769E+02  -4.1109E-05
   1.3278E-02   2.8076E+01   2.0754E+02  -3.5679E-05
   1.4639E-02   2.7487E+01   2.0729E+02  -2.2706E-05
   1.6140E-02   2.6899E+01   2.0690E+02  -3.4183E-06
   1.7795E-02   2.6313E+01   2.0633E+02   2.2880E-05
   1.9619E-02   2.5728E+01   2.0561E+02   5.0908E-05
   2.1631E-02   2.5145E+01   2.0477E+02   6.8998E-05
   2.3848E-02   2.4565E+01   2.0383E+02   8.7341E-05
   2.6293E-02   2.3988E+01   2.0284E+02   1.0384E-04
   2.8989E-02   2.3414E+01   2.0181E+02   1.0761E-04
   3.1961E-02   2.2842E+01   2.0081E+02   1.0436E-04
   3.5238E-02   2.2273E+01   1.9986E+02   8.8927E-05
   3.8851E-02   2.1707E+01   1.9900E+02   5.9082E-05
   4.2835E-02   2.1143E+01   1.9828E+02   8.0592E-06
   4.7226E-02   2.0581E+01   1.9776E+02  -6.2273E-05
   5.2068E-02   2.0020E+01   1.9745E+02  -1.6735E-04
   5.7407E-02   1.9459E+01   1.9738E+02  -2.7467E-04
   6.3292E-02   1.8898E+01   1.9754E+02  -3.9653E-04
   6.9781E-02   1.8337E+01   1.9791E+02  -5.2067E-04
   7.6936E-02   1.7774E+01   1.9847E+02  -6.4357E-04
   8.4824E-02   1.7210E+01   1.9920E+02  -7.5724E-04
   9.3521E-02   1.6643E+01   2.0010E+02  -8.8852E-04
   1.0311E-01   1.6073E+01   2.0115E+02  -1.0201E-03
   1.1368E-01   1.5500E+01   2.0232E+02  -1.1464E-03
   1.2534E-01   1.4924E+01   2.0359E+02  -1.2263E-03
   1.3819E-01   1.4344E+01   2.0495E+02  -1.3404E-03
   1.5235E-01   1.3760E+01   2.0644E+02  -1.4972E-03
   1.6797E-01   1.3172E+01   2.0809E+02  -1.7070E-03
   1.8520E-01   1.2578E+01   2.1001E+02  -2.0338E-03
   2.0418E-01   1.1978E+01   2.1262E+02  -2.9074E-03
   2.2512E-01   1.1369E+01   2.1665E+02  -5.8172E-03
   2.4820E-01   1.0746E+01   2.2212E+02  -1.4004E-02
   2.7365E-01   1.0106E+01   2.2818E+02  -2.9429E-02
   3.0170E-01   9.4499E+00   2.3425E+02  -5.2673E-02
   3.3263E-01   8.7763E+00   2.4024E+02  -8.2979E-02
   3.6674E-01   8.0859E+00   2.4604E+02  -1.1895E-01
   4.0434E-01   7.3793E+00   2.5156E+02  -1.6127E-01
   4.4579E-01   6.6575E+00   2.5675E+02  -2.1257E-01
   4.9150E-01   5.9212E+00   2.6159E+02  -2.7248E-01
   5.4189E-01   5.1715E+00   2.6609E+02  -3.4220E-01
   5.9745E-01   4.4091E+00   2.7029E+02  -4.2564E-01
   6.5871E-01   3.6347E+00   2.7434E+02  -5.2531E-01
   7.2624E-01   2.8481E+00   2.7851E+02  -6.3843E-01
   8.0070E-01   2.0493E+00   2.8252E+02  -7.7945E-01
   8.8279E-01   1.2384E+00   2.8641E+02  -9.9763E-01
   9.7330E-01   4.1576E-01   2.9019E+02  -1.4213E+00
   1.0220E+00   0.0000E+00   2.9205E+02  -2.2449E+00
