
Molecule O2      

O2      _MR    0.21E+00    0.21E+00    0.21E+00    0.21E+00    0.21E+00  ^
    0.21E+00    0.21E+00    0.21E+00    0.21E+00    0.21E+00  ^
    0.21E+00    0.21E+00    0.21E+00    0.21E+00    0.21E+00  ^
    0.21E+00    0.21E+00    0.21E+00    0.21E+00    0.21E+00  ^
    0.21E+00    0.21E+00    0.21E+00    0.21E+00    0.21E+00  ^
    0.21E+00    0.21E+00    0.21E+00    0.21E+00    0.21E+00  ^
    0.21E+00    0.21E+00    0.21E+00    0.21E+00    0.21E+00  ^
    0.21E+00    0.21E+00    0.21E+00    0.21E+00    0.21E+00  ^
    0.21E+00    0.21E+00    0.21E+00    0.21E+00    0.21E+00  ^
    0.21E+00    0.21E+00    0.21E+00    0.21E+00    0.21E+00  ^
    0.21E+00    0.21E+00    0.21E+00    0.21E+00    0.21E+00  ^
    0.21E+00    0.21E+00    0.21E+00    0.21E+00    0.21E+00  ^
    0.21E+00    0.21E+00    0.21E+00    0.21E+00    0.21E+00  ^
    0.21E+00    0.21E+00    0.21E+00    0.21E+00    0.21E+00  ^
    0.21E+00    0.21E+00    0.21E+00    0.21E+00    0.21E+00  ^
    0.21E+00    0.21E+00    0.21E+00    0.21E+00    0.21E+00  ^
    0.21E+00    0.21E+00    0.21E+00    0.21E+00    0.21E+00  ^
    0.21E+00    0.21E+00    0.21E+00    0.21E+00    0.21E+00  ^
    0.21E+00    0.21E+00    0.21E+00    0.21E+00    0.21E+00  ^
    0.21E+00    0.21E+00    0.21E+00    0.21E+00    0.21E+00  ^

O2      _ALT     0.33     0.98     1.62     2.28     2.93  ^
     3.58     4.23     4.88     5.53     6.18  ^
     6.83     7.48     8.12     8.78     9.42  ^
    10.07    10.72    11.38    12.03    12.67  ^
    13.32    13.97    14.62    15.28    15.93  ^
    16.57    17.23    17.88    18.52    19.18  ^
    19.82    20.48    21.12    21.77    22.43  ^
    23.07    23.73    24.38    25.02    25.68  ^
    26.32    26.98    27.62    28.27    28.93  ^
    29.57    30.23    30.88    31.53    32.18  ^
    32.83    33.48    34.13    34.78    35.43  ^
    36.08    36.73    37.38    38.03    38.68  ^
    39.33    39.98    40.63    41.28    41.93  ^
    42.58    43.23    43.88    44.53    45.18  ^
    45.83    46.48    47.13    47.78    48.43  ^
    49.08    49.73    50.38    51.03    51.68  ^
    52.33    52.98    53.63    54.28    54.93  ^
    55.58    56.23    56.88    57.53    58.18  ^
    58.83    59.48    60.13    60.78    61.43  ^
    62.08    62.73    63.38    64.03    64.67  ^

Molecule CO2     

CO2     _MR    0.36E-03    0.36E-03    0.36E-03    0.36E-03    0.36E-03  ^
    0.36E-03    0.36E-03    0.36E-03    0.36E-03    0.36E-03  ^
    0.36E-03    0.36E-03    0.36E-03    0.36E-03    0.36E-03  ^
    0.36E-03    0.36E-03    0.36E-03    0.36E-03    0.36E-03  ^
    0.36E-03    0.36E-03    0.36E-03    0.36E-03    0.36E-03  ^
    0.36E-03    0.36E-03    0.36E-03    0.36E-03    0.36E-03  ^
    0.36E-03    0.36E-03    0.36E-03    0.36E-03    0.36E-03  ^
    0.36E-03    0.36E-03    0.36E-03    0.36E-03    0.36E-03  ^
    0.36E-03    0.36E-03    0.36E-03    0.36E-03    0.36E-03  ^
    0.36E-03    0.36E-03    0.36E-03    0.36E-03    0.36E-03  ^
    0.36E-03    0.36E-03    0.36E-03    0.36E-03    0.36E-03  ^
    0.36E-03    0.36E-03    0.36E-03    0.36E-03    0.36E-03  ^
    0.36E-03    0.36E-03    0.36E-03    0.36E-03    0.36E-03  ^
    0.36E-03    0.36E-03    0.36E-03    0.36E-03    0.36E-03  ^
    0.36E-03    0.36E-03    0.36E-03    0.36E-03    0.36E-03  ^
    0.36E-03    0.36E-03    0.36E-03    0.36E-03    0.36E-03  ^
    0.36E-03    0.36E-03    0.36E-03    0.36E-03    0.36E-03  ^
    0.36E-03    0.36E-03    0.36E-03    0.36E-03    0.36E-03  ^
    0.36E-03    0.36E-03    0.36E-03    0.36E-03    0.36E-03  ^
    0.36E-03    0.36E-03    0.36E-03    0.36E-03    0.36E-03  ^

CO2     _ALT     0.33     0.98     1.62     2.28     2.93  ^
     3.58     4.23     4.88     5.53     6.18  ^
     6.83     7.48     8.12     8.78     9.42  ^
    10.07    10.72    11.38    12.03    12.67  ^
    13.32    13.97    14.62    15.28    15.93  ^
    16.57    17.23    17.88    18.52    19.18  ^
    19.82    20.48    21.12    21.77    22.43  ^
    23.07    23.73    24.38    25.02    25.68  ^
    26.32    26.98    27.62    28.27    28.93  ^
    29.57    30.23    30.88    31.53    32.18  ^
    32.83    33.48    34.13    34.78    35.43  ^
    36.08    36.73    37.38    38.03    38.68  ^
    39.33    39.98    40.63    41.28    41.93  ^
    42.58    43.23    43.88    44.53    45.18  ^
    45.83    46.48    47.13    47.78    48.43  ^
    49.08    49.73    50.38    51.03    51.68  ^
    52.33    52.98    53.63    54.28    54.93  ^
    55.58    56.23    56.88    57.53    58.18  ^
    58.83    59.48    60.13    60.78    61.43  ^
    62.08    62.73    63.38    64.03    64.67  ^

Molecule H2CO    

H2CO    _MR    0.21E-09    0.22E-09    0.22E-09    0.22E-09    0.21E-09  ^
    0.20E-09    0.19E-09    0.17E-09    0.15E-09    0.12E-09  ^
    0.97E-10    0.73E-10    0.54E-10    0.39E-10    0.27E-10  ^
    0.20E-10    0.15E-10    0.12E-10    0.10E-10    0.92E-11  ^
    0.85E-11    0.79E-11    0.75E-11    0.72E-11    0.69E-11  ^
    0.67E-11    0.68E-11    0.71E-11    0.76E-11    0.84E-11  ^
    0.93E-11    0.11E-10    0.12E-10    0.14E-10    0.16E-10  ^
    0.18E-10    0.21E-10    0.24E-10    0.27E-10    0.31E-10  ^
    0.35E-10    0.38E-10    0.42E-10    0.46E-10    0.49E-10  ^
    0.53E-10    0.56E-10    0.58E-10    0.61E-10    0.63E-10  ^
    0.64E-10    0.65E-10    0.66E-10    0.66E-10    0.65E-10  ^
    0.64E-10    0.63E-10    0.62E-10    0.60E-10    0.58E-10  ^
    0.55E-10    0.52E-10    0.50E-10    0.47E-10    0.43E-10  ^
    0.40E-10    0.36E-10    0.33E-10    0.29E-10    0.26E-10  ^
    0.23E-10    0.21E-10    0.18E-10    0.16E-10    0.14E-10  ^
    0.13E-10    0.11E-10    0.99E-11    0.89E-11    0.80E-11  ^
    0.72E-11    0.66E-11    0.60E-11    0.55E-11    0.51E-11  ^
    0.47E-11    0.44E-11    0.41E-11    0.39E-11    0.37E-11  ^
    0.35E-11    0.33E-11    0.31E-11    0.30E-11    0.28E-11  ^
    0.27E-11    0.25E-11    0.24E-11    0.24E-11    0.25E-11  ^

H2CO    _ALT     0.33     0.98     1.62     2.28     2.93  ^
     3.58     4.23     4.88     5.53     6.18  ^
     6.83     7.48     8.12     8.78     9.42  ^
    10.07    10.72    11.38    12.03    12.67  ^
    13.32    13.97    14.62    15.28    15.93  ^
    16.57    17.23    17.88    18.52    19.18  ^
    19.82    20.48    21.12    21.77    22.43  ^
    23.07    23.73    24.38    25.02    25.68  ^
    26.32    26.98    27.62    28.27    28.93  ^
    29.57    30.23    30.88    31.53    32.18  ^
    32.83    33.48    34.13    34.78    35.43  ^
    36.08    36.73    37.38    38.03    38.68  ^
    39.33    39.98    40.63    41.28    41.93  ^
    42.58    43.23    43.88    44.53    45.18  ^
    45.83    46.48    47.13    47.78    48.43  ^
    49.08    49.73    50.38    51.03    51.68  ^
    52.33    52.98    53.63    54.28    54.93  ^
    55.58    56.23    56.88    57.53    58.18  ^
    58.83    59.48    60.13    60.78    61.43  ^
    62.08    62.73    63.38    64.03    64.67  ^

Molecule O       

O       _MR    0.59E-16    0.73E-16    0.91E-16    0.11E-15    0.14E-15  ^
    0.18E-15    0.23E-15    0.28E-15    0.34E-15    0.41E-15  ^
    0.48E-15    0.56E-15    0.65E-15    0.75E-15    0.85E-15  ^
    0.99E-15    0.12E-14    0.15E-14    0.19E-14    0.24E-14  ^
    0.31E-14    0.41E-14    0.56E-14    0.80E-14    0.13E-13  ^
    0.20E-13    0.33E-13    0.56E-13    0.95E-13    0.16E-12  ^
    0.25E-12    0.41E-12    0.64E-12    0.98E-12    0.15E-11  ^
    0.22E-11    0.32E-11    0.47E-11    0.67E-11    0.94E-11  ^
    0.13E-10    0.18E-10    0.24E-10    0.33E-10    0.44E-10  ^
    0.58E-10    0.77E-10    0.10E-09    0.13E-09    0.18E-09  ^
    0.23E-09    0.30E-09    0.40E-09    0.52E-09    0.67E-09  ^
    0.88E-09    0.11E-08    0.15E-08    0.19E-08    0.25E-08  ^
    0.33E-08    0.43E-08    0.57E-08    0.74E-08    0.97E-08  ^
    0.13E-07    0.16E-07    0.20E-07    0.26E-07    0.32E-07  ^
    0.39E-07    0.47E-07    0.56E-07    0.66E-07    0.78E-07  ^
    0.91E-07    0.10E-06    0.12E-06    0.14E-06    0.15E-06  ^
    0.17E-06    0.20E-06    0.22E-06    0.24E-06    0.27E-06  ^
    0.29E-06    0.32E-06    0.35E-06    0.38E-06    0.41E-06  ^
    0.43E-06    0.46E-06    0.49E-06    0.51E-06    0.54E-06  ^
    0.58E-06    0.63E-06    0.71E-06    0.85E-06    0.13E-05  ^

O       _ALT     0.33     0.98     1.62     2.28     2.93  ^
     3.58     4.23     4.88     5.53     6.18  ^
     6.83     7.48     8.12     8.78     9.42  ^
    10.07    10.72    11.38    12.03    12.67  ^
    13.32    13.97    14.62    15.28    15.93  ^
    16.57    17.23    17.88    18.52    19.18  ^
    19.82    20.48    21.12    21.77    22.43  ^
    23.07    23.73    24.38    25.02    25.68  ^
    26.32    26.98    27.62    28.27    28.93  ^
    29.57    30.23    30.88    31.53    32.18  ^
    32.83    33.48    34.13    34.78    35.43  ^
    36.08    36.73    37.38    38.03    38.68  ^
    39.33    39.98    40.63    41.28    41.93  ^
    42.58    43.23    43.88    44.53    45.18  ^
    45.83    46.48    47.13    47.78    48.43  ^
    49.08    49.73    50.38    51.03    51.68  ^
    52.33    52.98    53.63    54.28    54.93  ^
    55.58    56.23    56.88    57.53    58.18  ^
    58.83    59.48    60.13    60.78    61.43  ^
    62.08    62.73    63.38    64.03    64.67  ^

Molecule H2O     

H2O     _MR    0.12E-01    0.94E-02    0.75E-02    0.58E-02    0.45E-02  ^
    0.33E-02    0.24E-02    0.16E-02    0.11E-02    0.68E-03  ^
    0.41E-03    0.23E-03    0.12E-03    0.61E-04    0.29E-04  ^
    0.13E-04    0.85E-05    0.65E-05    0.53E-05    0.45E-05  ^
    0.40E-05    0.39E-05    0.38E-05    0.39E-05    0.39E-05  ^
    0.39E-05    0.39E-05    0.39E-05    0.39E-05    0.40E-05  ^
    0.40E-05    0.41E-05    0.41E-05    0.42E-05    0.43E-05  ^
    0.44E-05    0.45E-05    0.46E-05    0.47E-05    0.48E-05  ^
    0.50E-05    0.51E-05    0.52E-05    0.53E-05    0.55E-05  ^
    0.56E-05    0.57E-05    0.58E-05    0.60E-05    0.61E-05  ^
    0.62E-05    0.63E-05    0.64E-05    0.65E-05    0.66E-05  ^
    0.67E-05    0.68E-05    0.69E-05    0.70E-05    0.71E-05  ^
    0.71E-05    0.72E-05    0.73E-05    0.73E-05    0.74E-05  ^
    0.74E-05    0.75E-05    0.75E-05    0.75E-05    0.76E-05  ^
    0.76E-05    0.76E-05    0.76E-05    0.77E-05    0.77E-05  ^
    0.77E-05    0.77E-05    0.77E-05    0.77E-05    0.77E-05  ^
    0.77E-05    0.77E-05    0.77E-05    0.77E-05    0.77E-05  ^
    0.77E-05    0.77E-05    0.77E-05    0.77E-05    0.77E-05  ^
    0.77E-05    0.77E-05    0.77E-05    0.77E-05    0.77E-05  ^
    0.77E-05    0.77E-05    0.76E-05    0.76E-05    0.76E-05  ^

H2O     _ALT     0.33     0.98     1.62     2.28     2.93  ^
     3.58     4.23     4.88     5.53     6.18  ^
     6.83     7.48     8.12     8.78     9.42  ^
    10.07    10.72    11.38    12.03    12.67  ^
    13.32    13.97    14.62    15.28    15.93  ^
    16.57    17.23    17.88    18.52    19.18  ^
    19.82    20.48    21.12    21.77    22.43  ^
    23.07    23.73    24.38    25.02    25.68  ^
    26.32    26.98    27.62    28.27    28.93  ^
    29.57    30.23    30.88    31.53    32.18  ^
    32.83    33.48    34.13    34.78    35.43  ^
    36.08    36.73    37.38    38.03    38.68  ^
    39.33    39.98    40.63    41.28    41.93  ^
    42.58    43.23    43.88    44.53    45.18  ^
    45.83    46.48    47.13    47.78    48.43  ^
    49.08    49.73    50.38    51.03    51.68  ^
    52.33    52.98    53.63    54.28    54.93  ^
    55.58    56.23    56.88    57.53    58.18  ^
    58.83    59.48    60.13    60.78    61.43  ^
    62.08    62.73    63.38    64.03    64.67  ^

Molecule OH      

OH      _MR    0.49E-13    0.57E-13    0.66E-13    0.75E-13    0.86E-13  ^
    0.96E-13    0.11E-12    0.12E-12    0.12E-12    0.12E-12  ^
    0.12E-12    0.10E-12    0.94E-13    0.87E-13    0.80E-13  ^
    0.75E-13    0.73E-13    0.74E-13    0.77E-13    0.82E-13  ^
    0.89E-13    0.97E-13    0.11E-12    0.11E-12    0.12E-12  ^
    0.13E-12    0.15E-12    0.17E-12    0.19E-12    0.22E-12  ^
    0.25E-12    0.30E-12    0.36E-12    0.43E-12    0.53E-12  ^
    0.65E-12    0.81E-12    0.10E-11    0.13E-11    0.16E-11  ^
    0.20E-11    0.26E-11    0.33E-11    0.42E-11    0.53E-11  ^
    0.67E-11    0.85E-11    0.11E-10    0.13E-10    0.17E-10  ^
    0.20E-10    0.25E-10    0.30E-10    0.36E-10    0.43E-10  ^
    0.51E-10    0.60E-10    0.71E-10    0.84E-10    0.98E-10  ^
    0.12E-09    0.13E-09    0.16E-09    0.18E-09    0.21E-09  ^
    0.24E-09    0.27E-09    0.31E-09    0.34E-09    0.37E-09  ^
    0.41E-09    0.44E-09    0.47E-09    0.49E-09    0.52E-09  ^
    0.55E-09    0.57E-09    0.60E-09    0.62E-09    0.65E-09  ^
    0.68E-09    0.71E-09    0.74E-09    0.77E-09    0.80E-09  ^
    0.84E-09    0.89E-09    0.94E-09    0.10E-08    0.11E-08  ^
    0.12E-08    0.13E-08    0.14E-08    0.15E-08    0.17E-08  ^
    0.19E-08    0.22E-08    0.25E-08    0.29E-08    0.37E-08  ^

OH      _ALT     0.33     0.98     1.62     2.28     2.93  ^
     3.58     4.23     4.88     5.53     6.18  ^
     6.83     7.48     8.12     8.78     9.42  ^
    10.07    10.72    11.38    12.03    12.67  ^
    13.32    13.97    14.62    15.28    15.93  ^
    16.57    17.23    17.88    18.52    19.18  ^
    19.82    20.48    21.12    21.77    22.43  ^
    23.07    23.73    24.38    25.02    25.68  ^
    26.32    26.98    27.62    28.27    28.93  ^
    29.57    30.23    30.88    31.53    32.18  ^
    32.83    33.48    34.13    34.78    35.43  ^
    36.08    36.73    37.38    38.03    38.68  ^
    39.33    39.98    40.63    41.28    41.93  ^
    42.58    43.23    43.88    44.53    45.18  ^
    45.83    46.48    47.13    47.78    48.43  ^
    49.08    49.73    50.38    51.03    51.68  ^
    52.33    52.98    53.63    54.28    54.93  ^
    55.58    56.23    56.88    57.53    58.18  ^
    58.83    59.48    60.13    60.78    61.43  ^
    62.08    62.73    63.38    64.03    64.67  ^

Molecule HO2     

HO2     _MR    0.10E-10    0.10E-10    0.11E-10    0.11E-10    0.11E-10  ^
    0.10E-10    0.98E-11    0.91E-11    0.81E-11    0.69E-11  ^
    0.57E-11    0.44E-11    0.31E-11    0.21E-11    0.14E-11  ^
    0.99E-12    0.76E-12    0.63E-12    0.55E-12    0.51E-12  ^
    0.48E-12    0.46E-12    0.44E-12    0.43E-12    0.41E-12  ^
    0.41E-12    0.43E-12    0.47E-12    0.55E-12    0.66E-12  ^
    0.81E-12    0.10E-11    0.13E-11    0.17E-11    0.21E-11  ^
    0.28E-11    0.35E-11    0.45E-11    0.57E-11    0.71E-11  ^
    0.87E-11    0.11E-10    0.13E-10    0.15E-10    0.18E-10  ^
    0.22E-10    0.25E-10    0.29E-10    0.34E-10    0.39E-10  ^
    0.44E-10    0.50E-10    0.56E-10    0.62E-10    0.68E-10  ^
    0.75E-10    0.81E-10    0.88E-10    0.95E-10    0.10E-09  ^
    0.11E-09    0.12E-09    0.13E-09    0.13E-09    0.14E-09  ^
    0.15E-09    0.16E-09    0.17E-09    0.18E-09    0.19E-09  ^
    0.20E-09    0.21E-09    0.22E-09    0.23E-09    0.24E-09  ^
    0.25E-09    0.26E-09    0.27E-09    0.28E-09    0.29E-09  ^
    0.30E-09    0.31E-09    0.33E-09    0.34E-09    0.35E-09  ^
    0.37E-09    0.39E-09    0.41E-09    0.44E-09    0.47E-09  ^
    0.51E-09    0.56E-09    0.61E-09    0.68E-09    0.76E-09  ^
    0.85E-09    0.96E-09    0.11E-08    0.13E-08    0.15E-08  ^

HO2     _ALT     0.33     0.98     1.62     2.28     2.93  ^
     3.58     4.23     4.88     5.53     6.18  ^
     6.83     7.48     8.12     8.78     9.42  ^
    10.07    10.72    11.38    12.03    12.67  ^
    13.32    13.97    14.62    15.28    15.93  ^
    16.57    17.23    17.88    18.52    19.18  ^
    19.82    20.48    21.12    21.77    22.43  ^
    23.07    23.73    24.38    25.02    25.68  ^
    26.32    26.98    27.62    28.27    28.93  ^
    29.57    30.23    30.88    31.53    32.18  ^
    32.83    33.48    34.13    34.78    35.43  ^
    36.08    36.73    37.38    38.03    38.68  ^
    39.33    39.98    40.63    41.28    41.93  ^
    42.58    43.23    43.88    44.53    45.18  ^
    45.83    46.48    47.13    47.78    48.43  ^
    49.08    49.73    50.38    51.03    51.68  ^
    52.33    52.98    53.63    54.28    54.93  ^
    55.58    56.23    56.88    57.53    58.18  ^
    58.83    59.48    60.13    60.78    61.43  ^
    62.08    62.73    63.38    64.03    64.67  ^

Molecule H2O2    

H2O2    _MR    0.97E-09    0.10E-08    0.10E-08    0.10E-08    0.99E-09  ^
    0.91E-09    0.80E-09    0.69E-09    0.56E-09    0.44E-09  ^
    0.34E-09    0.25E-09    0.18E-09    0.12E-09    0.82E-10  ^
    0.56E-10    0.38E-10    0.26E-10    0.18E-10    0.12E-10  ^
    0.85E-11    0.55E-11    0.33E-11    0.19E-11    0.10E-11  ^
    0.65E-12    0.53E-12    0.53E-12    0.60E-12    0.75E-12  ^
    0.98E-12    0.13E-11    0.18E-11    0.26E-11    0.36E-11  ^
    0.50E-11    0.69E-11    0.94E-11    0.13E-10    0.17E-10  ^
    0.21E-10    0.26E-10    0.32E-10    0.39E-10    0.45E-10  ^
    0.52E-10    0.59E-10    0.66E-10    0.73E-10    0.79E-10  ^
    0.84E-10    0.88E-10    0.90E-10    0.92E-10    0.93E-10  ^
    0.94E-10    0.93E-10    0.91E-10    0.89E-10    0.86E-10  ^
    0.83E-10    0.80E-10    0.76E-10    0.73E-10    0.70E-10  ^
    0.67E-10    0.65E-10    0.63E-10    0.62E-10    0.61E-10  ^
    0.60E-10    0.59E-10    0.58E-10    0.57E-10    0.56E-10  ^
    0.56E-10    0.55E-10    0.54E-10    0.54E-10    0.54E-10  ^
    0.54E-10    0.54E-10    0.54E-10    0.55E-10    0.56E-10  ^
    0.58E-10    0.60E-10    0.64E-10    0.69E-10    0.75E-10  ^
    0.83E-10    0.95E-10    0.11E-09    0.13E-09    0.15E-09  ^
    0.18E-09    0.23E-09    0.28E-09    0.37E-09    0.47E-09  ^

H2O2    _ALT     0.33     0.98     1.62     2.28     2.93  ^
     3.58     4.23     4.88     5.53     6.18  ^
     6.83     7.48     8.12     8.78     9.42  ^
    10.07    10.72    11.38    12.03    12.67  ^
    13.32    13.97    14.62    15.28    15.93  ^
    16.57    17.23    17.88    18.52    19.18  ^
    19.82    20.48    21.12    21.77    22.43  ^
    23.07    23.73    24.38    25.02    25.68  ^
    26.32    26.98    27.62    28.27    28.93  ^
    29.57    30.23    30.88    31.53    32.18  ^
    32.83    33.48    34.13    34.78    35.43  ^
    36.08    36.73    37.38    38.03    38.68  ^
    39.33    39.98    40.63    41.28    41.93  ^
    42.58    43.23    43.88    44.53    45.18  ^
    45.83    46.48    47.13    47.78    48.43  ^
    49.08    49.73    50.38    51.03    51.68  ^
    52.33    52.98    53.63    54.28    54.93  ^
    55.58    56.23    56.88    57.53    58.18  ^
    58.83    59.48    60.13    60.78    61.43  ^
    62.08    62.73    63.38    64.03    64.67  ^

Molecule O3      

O3      _MR    0.24E-07    0.26E-07    0.29E-07    0.32E-07    0.36E-07  ^
    0.40E-07    0.44E-07    0.48E-07    0.53E-07    0.57E-07  ^
    0.61E-07    0.65E-07    0.69E-07    0.73E-07    0.76E-07  ^
    0.80E-07    0.84E-07    0.88E-07    0.92E-07    0.96E-07  ^
    0.10E-06    0.11E-06    0.12E-06    0.14E-06    0.18E-06  ^
    0.24E-06    0.31E-06    0.42E-06    0.56E-06    0.74E-06  ^
    0.94E-06    0.12E-05    0.14E-05    0.17E-05    0.21E-05  ^
    0.24E-05    0.28E-05    0.31E-05    0.35E-05    0.38E-05  ^
    0.41E-05    0.44E-05    0.47E-05    0.50E-05    0.53E-05  ^
    0.55E-05    0.57E-05    0.59E-05    0.61E-05    0.62E-05  ^
    0.63E-05    0.63E-05    0.64E-05    0.64E-05    0.64E-05  ^
    0.64E-05    0.63E-05    0.63E-05    0.62E-05    0.61E-05  ^
    0.60E-05    0.58E-05    0.56E-05    0.54E-05    0.52E-05  ^
    0.50E-05    0.47E-05    0.45E-05    0.42E-05    0.40E-05  ^
    0.38E-05    0.35E-05    0.33E-05    0.31E-05    0.30E-05  ^
    0.28E-05    0.26E-05    0.25E-05    0.23E-05    0.22E-05  ^
    0.21E-05    0.20E-05    0.19E-05    0.18E-05    0.17E-05  ^
    0.16E-05    0.15E-05    0.14E-05    0.13E-05    0.12E-05  ^
    0.11E-05    0.11E-05    0.99E-06    0.92E-06    0.86E-06  ^
    0.81E-06    0.78E-06    0.78E-06    0.85E-06    0.11E-05  ^

O3      _ALT     0.33     0.98     1.62     2.28     2.93  ^
     3.58     4.23     4.88     5.53     6.18  ^
     6.83     7.48     8.12     8.78     9.42  ^
    10.07    10.72    11.38    12.03    12.67  ^
    13.32    13.97    14.62    15.28    15.93  ^
    16.57    17.23    17.88    18.52    19.18  ^
    19.82    20.48    21.12    21.77    22.43  ^
    23.07    23.73    24.38    25.02    25.68  ^
    26.32    26.98    27.62    28.27    28.93  ^
    29.57    30.23    30.88    31.53    32.18  ^
    32.83    33.48    34.13    34.78    35.43  ^
    36.08    36.73    37.38    38.03    38.68  ^
    39.33    39.98    40.63    41.28    41.93  ^
    42.58    43.23    43.88    44.53    45.18  ^
    45.83    46.48    47.13    47.78    48.43  ^
    49.08    49.73    50.38    51.03    51.68  ^
    52.33    52.98    53.63    54.28    54.93  ^
    55.58    56.23    56.88    57.53    58.18  ^
    58.83    59.48    60.13    60.78    61.43  ^
    62.08    62.73    63.38    64.03    64.67  ^

Molecule H       

H       _MR    0.47E-20    0.53E-20    0.59E-20    0.65E-20    0.71E-20  ^
    0.77E-20    0.82E-20    0.87E-20    0.88E-20    0.86E-20  ^
    0.78E-20    0.68E-20    0.60E-20    0.53E-20    0.47E-20  ^
    0.43E-20    0.43E-20    0.45E-20    0.50E-20    0.56E-20  ^
    0.65E-20    0.75E-20    0.86E-20    0.99E-20    0.11E-19  ^
    0.12E-19    0.14E-19    0.16E-19    0.18E-19    0.21E-19  ^
    0.25E-19    0.31E-19    0.39E-19    0.51E-19    0.68E-19  ^
    0.94E-19    0.13E-18    0.19E-18    0.28E-18    0.42E-18  ^
    0.62E-18    0.94E-18    0.14E-17    0.21E-17    0.33E-17  ^
    0.51E-17    0.81E-17    0.13E-16    0.21E-16    0.35E-16  ^
    0.57E-16    0.95E-16    0.16E-15    0.26E-15    0.44E-15  ^
    0.73E-15    0.12E-14    0.20E-14    0.34E-14    0.56E-14  ^
    0.94E-14    0.16E-13    0.26E-13    0.44E-13    0.72E-13  ^
    0.12E-12    0.18E-12    0.29E-12    0.43E-12    0.63E-12  ^
    0.91E-12    0.13E-11    0.18E-11    0.24E-11    0.32E-11  ^
    0.43E-11    0.56E-11    0.72E-11    0.92E-11    0.12E-10  ^
    0.15E-10    0.18E-10    0.23E-10    0.29E-10    0.35E-10  ^
    0.44E-10    0.54E-10    0.66E-10    0.82E-10    0.10E-09  ^
    0.12E-09    0.15E-09    0.19E-09    0.24E-09    0.30E-09  ^
    0.39E-09    0.52E-09    0.71E-09    0.10E-08    0.20E-08  ^

H       _ALT     0.33     0.98     1.62     2.28     2.93  ^
     3.58     4.23     4.88     5.53     6.18  ^
     6.83     7.48     8.12     8.78     9.42  ^
    10.07    10.72    11.38    12.03    12.67  ^
    13.32    13.97    14.62    15.28    15.93  ^
    16.57    17.23    17.88    18.52    19.18  ^
    19.82    20.48    21.12    21.77    22.43  ^
    23.07    23.73    24.38    25.02    25.68  ^
    26.32    26.98    27.62    28.27    28.93  ^
    29.57    30.23    30.88    31.53    32.18  ^
    32.83    33.48    34.13    34.78    35.43  ^
    36.08    36.73    37.38    38.03    38.68  ^
    39.33    39.98    40.63    41.28    41.93  ^
    42.58    43.23    43.88    44.53    45.18  ^
    45.83    46.48    47.13    47.78    48.43  ^
    49.08    49.73    50.38    51.03    51.68  ^
    52.33    52.98    53.63    54.28    54.93  ^
    55.58    56.23    56.88    57.53    58.18  ^
    58.83    59.48    60.13    60.78    61.43  ^
    62.08    62.73    63.38    64.03    64.67  ^

Molecule H2      

H2      _MR    0.61E-06    0.61E-06    0.61E-06    0.61E-06    0.61E-06  ^
    0.61E-06    0.61E-06    0.61E-06    0.61E-06    0.61E-06  ^
    0.61E-06    0.61E-06    0.61E-06    0.61E-06    0.61E-06  ^
    0.61E-06    0.61E-06    0.61E-06    0.61E-06    0.61E-06  ^
    0.61E-06    0.61E-06    0.61E-06    0.61E-06    0.61E-06  ^
    0.61E-06    0.61E-06    0.61E-06    0.61E-06    0.61E-06  ^
    0.60E-06    0.60E-06    0.60E-06    0.59E-06    0.59E-06  ^
    0.58E-06    0.58E-06    0.57E-06    0.56E-06    0.55E-06  ^
    0.54E-06    0.53E-06    0.52E-06    0.50E-06    0.49E-06  ^
    0.48E-06    0.46E-06    0.44E-06    0.43E-06    0.41E-06  ^
    0.39E-06    0.37E-06    0.36E-06    0.34E-06    0.32E-06  ^
    0.30E-06    0.28E-06    0.27E-06    0.25E-06    0.23E-06  ^
    0.22E-06    0.20E-06    0.19E-06    0.17E-06    0.16E-06  ^
    0.15E-06    0.14E-06    0.13E-06    0.12E-06    0.11E-06  ^
    0.11E-06    0.10E-06    0.97E-07    0.94E-07    0.91E-07  ^
    0.90E-07    0.89E-07    0.89E-07    0.89E-07    0.90E-07  ^
    0.92E-07    0.94E-07    0.97E-07    0.10E-06    0.10E-06  ^
    0.11E-06    0.11E-06    0.12E-06    0.12E-06    0.13E-06  ^
    0.13E-06    0.14E-06    0.15E-06    0.15E-06    0.16E-06  ^
    0.16E-06    0.17E-06    0.17E-06    0.18E-06    0.18E-06  ^

H2      _ALT     0.33     0.98     1.62     2.28     2.93  ^
     3.58     4.23     4.88     5.53     6.18  ^
     6.83     7.48     8.12     8.78     9.42  ^
    10.07    10.72    11.38    12.03    12.67  ^
    13.32    13.97    14.62    15.28    15.93  ^
    16.57    17.23    17.88    18.52    19.18  ^
    19.82    20.48    21.12    21.77    22.43  ^
    23.07    23.73    24.38    25.02    25.68  ^
    26.32    26.98    27.62    28.27    28.93  ^
    29.57    30.23    30.88    31.53    32.18  ^
    32.83    33.48    34.13    34.78    35.43  ^
    36.08    36.73    37.38    38.03    38.68  ^
    39.33    39.98    40.63    41.28    41.93  ^
    42.58    43.23    43.88    44.53    45.18  ^
    45.83    46.48    47.13    47.78    48.43  ^
    49.08    49.73    50.38    51.03    51.68  ^
    52.33    52.98    53.63    54.28    54.93  ^
    55.58    56.23    56.88    57.53    58.18  ^
    58.83    59.48    60.13    60.78    61.43  ^
    62.08    62.73    63.38    64.03    64.67  ^

Molecule CH4     

CH4     _MR    0.17E-05    0.17E-05    0.17E-05    0.17E-05    0.17E-05  ^
    0.17E-05    0.17E-05    0.17E-05    0.17E-05    0.17E-05  ^
    0.17E-05    0.17E-05    0.17E-05    0.17E-05    0.17E-05  ^
    0.17E-05    0.17E-05    0.17E-05    0.17E-05    0.17E-05  ^
    0.17E-05    0.17E-05    0.17E-05    0.17E-05    0.17E-05  ^
    0.17E-05    0.17E-05    0.17E-05    0.17E-05    0.16E-05  ^
    0.16E-05    0.16E-05    0.16E-05    0.15E-05    0.15E-05  ^
    0.14E-05    0.14E-05    0.14E-05    0.13E-05    0.12E-05  ^
    0.12E-05    0.11E-05    0.11E-05    0.10E-05    0.96E-06  ^
    0.90E-06    0.85E-06    0.80E-06    0.74E-06    0.69E-06  ^
    0.64E-06    0.60E-06    0.55E-06    0.51E-06    0.47E-06  ^
    0.43E-06    0.39E-06    0.36E-06    0.33E-06    0.30E-06  ^
    0.27E-06    0.24E-06    0.22E-06    0.19E-06    0.17E-06  ^
    0.15E-06    0.14E-06    0.12E-06    0.11E-06    0.99E-07  ^
    0.88E-07    0.80E-07    0.72E-07    0.66E-07    0.60E-07  ^
    0.55E-07    0.51E-07    0.48E-07    0.45E-07    0.42E-07  ^
    0.40E-07    0.38E-07    0.36E-07    0.35E-07    0.34E-07  ^
    0.33E-07    0.32E-07    0.31E-07    0.31E-07    0.30E-07  ^
    0.30E-07    0.29E-07    0.29E-07    0.29E-07    0.28E-07  ^
    0.28E-07    0.28E-07    0.28E-07    0.28E-07    0.28E-07  ^

CH4     _ALT     0.33     0.98     1.62     2.28     2.93  ^
     3.58     4.23     4.88     5.53     6.18  ^
     6.83     7.48     8.12     8.78     9.42  ^
    10.07    10.72    11.38    12.03    12.67  ^
    13.32    13.97    14.62    15.28    15.93  ^
    16.57    17.23    17.88    18.52    19.18  ^
    19.82    20.48    21.12    21.77    22.43  ^
    23.07    23.73    24.38    25.02    25.68  ^
    26.32    26.98    27.62    28.27    28.93  ^
    29.57    30.23    30.88    31.53    32.18  ^
    32.83    33.48    34.13    34.78    35.43  ^
    36.08    36.73    37.38    38.03    38.68  ^
    39.33    39.98    40.63    41.28    41.93  ^
    42.58    43.23    43.88    44.53    45.18  ^
    45.83    46.48    47.13    47.78    48.43  ^
    49.08    49.73    50.38    51.03    51.68  ^
    52.33    52.98    53.63    54.28    54.93  ^
    55.58    56.23    56.88    57.53    58.18  ^
    58.83    59.48    60.13    60.78    61.43  ^
    62.08    62.73    63.38    64.03    64.67  ^

Molecule CO      

CO      _MR    0.92E-07    0.86E-07    0.81E-07    0.77E-07    0.72E-07  ^
    0.68E-07    0.65E-07    0.62E-07    0.59E-07    0.57E-07  ^
    0.55E-07    0.53E-07    0.51E-07    0.50E-07    0.49E-07  ^
    0.48E-07    0.47E-07    0.46E-07    0.45E-07    0.44E-07  ^
    0.43E-07    0.42E-07    0.41E-07    0.39E-07    0.37E-07  ^
    0.34E-07    0.31E-07    0.28E-07    0.25E-07    0.22E-07  ^
    0.19E-07    0.17E-07    0.16E-07    0.14E-07    0.13E-07  ^
    0.13E-07    0.12E-07    0.12E-07    0.12E-07    0.12E-07  ^
    0.12E-07    0.12E-07    0.12E-07    0.12E-07    0.12E-07  ^
    0.12E-07    0.11E-07    0.11E-07    0.11E-07    0.11E-07  ^
    0.11E-07    0.10E-07    0.10E-07    0.99E-08    0.97E-08  ^
    0.95E-08    0.93E-08    0.91E-08    0.89E-08    0.87E-08  ^
    0.85E-08    0.84E-08    0.82E-08    0.80E-08    0.79E-08  ^
    0.77E-08    0.76E-08    0.75E-08    0.75E-08    0.75E-08  ^
    0.76E-08    0.77E-08    0.80E-08    0.83E-08    0.87E-08  ^
    0.92E-08    0.98E-08    0.11E-07    0.12E-07    0.13E-07  ^
    0.14E-07    0.16E-07    0.17E-07    0.20E-07    0.22E-07  ^
    0.26E-07    0.30E-07    0.34E-07    0.40E-07    0.47E-07  ^
    0.56E-07    0.67E-07    0.80E-07    0.97E-07    0.12E-06  ^
    0.15E-06    0.18E-06    0.22E-06    0.28E-06    0.35E-06  ^

CO      _ALT     0.33     0.98     1.62     2.28     2.93  ^
     3.58     4.23     4.88     5.53     6.18  ^
     6.83     7.48     8.12     8.78     9.42  ^
    10.07    10.72    11.38    12.03    12.67  ^
    13.32    13.97    14.62    15.28    15.93  ^
    16.57    17.23    17.88    18.52    19.18  ^
    19.82    20.48    21.12    21.77    22.43  ^
    23.07    23.73    24.38    25.02    25.68  ^
    26.32    26.98    27.62    28.27    28.93  ^
    29.57    30.23    30.88    31.53    32.18  ^
    32.83    33.48    34.13    34.78    35.43  ^
    36.08    36.73    37.38    38.03    38.68  ^
    39.33    39.98    40.63    41.28    41.93  ^
    42.58    43.23    43.88    44.53    45.18  ^
    45.83    46.48    47.13    47.78    48.43  ^
    49.08    49.73    50.38    51.03    51.68  ^
    52.33    52.98    53.63    54.28    54.93  ^
    55.58    56.23    56.88    57.53    58.18  ^
    58.83    59.48    60.13    60.78    61.43  ^
    62.08    62.73    63.38    64.03    64.67  ^

Molecule CH3OOH  

CH3OOH  _MR    0.54E-09    0.55E-09    0.53E-09    0.49E-09    0.43E-09  ^
    0.37E-09    0.30E-09    0.23E-09    0.17E-09    0.12E-09  ^
    0.85E-10    0.56E-10    0.35E-10    0.21E-10    0.13E-10  ^
    0.74E-11    0.44E-11    0.27E-11    0.17E-11    0.11E-11  ^
    0.71E-12    0.45E-12    0.29E-12    0.19E-12    0.14E-12  ^
    0.11E-12    0.10E-12    0.11E-12    0.11E-12    0.13E-12  ^
    0.16E-12    0.19E-12    0.24E-12    0.29E-12    0.37E-12  ^
    0.45E-12    0.55E-12    0.66E-12    0.77E-12    0.88E-12  ^
    0.98E-12    0.11E-11    0.11E-11    0.12E-11    0.12E-11  ^
    0.12E-11    0.12E-11    0.12E-11    0.12E-11    0.12E-11  ^
    0.12E-11    0.11E-11    0.11E-11    0.11E-11    0.10E-11  ^
    0.10E-11    0.99E-12    0.96E-12    0.92E-12    0.89E-12  ^
    0.85E-12    0.82E-12    0.78E-12    0.75E-12    0.72E-12  ^
    0.69E-12    0.66E-12    0.64E-12    0.61E-12    0.59E-12  ^
    0.57E-12    0.54E-12    0.52E-12    0.50E-12    0.48E-12  ^
    0.47E-12    0.45E-12    0.43E-12    0.41E-12    0.40E-12  ^
    0.38E-12    0.37E-12    0.36E-12    0.34E-12    0.33E-12  ^
    0.32E-12    0.31E-12    0.29E-12    0.28E-12    0.27E-12  ^
    0.25E-12    0.24E-12    0.23E-12    0.21E-12    0.20E-12  ^
    0.18E-12    0.17E-12    0.16E-12    0.15E-12    0.15E-12  ^

CH3OOH  _ALT     0.33     0.98     1.62     2.28     2.93  ^
     3.58     4.23     4.88     5.53     6.18  ^
     6.83     7.48     8.12     8.78     9.42  ^
    10.07    10.72    11.38    12.03    12.67  ^
    13.32    13.97    14.62    15.28    15.93  ^
    16.57    17.23    17.88    18.52    19.18  ^
    19.82    20.48    21.12    21.77    22.43  ^
    23.07    23.73    24.38    25.02    25.68  ^
    26.32    26.98    27.62    28.27    28.93  ^
    29.57    30.23    30.88    31.53    32.18  ^
    32.83    33.48    34.13    34.78    35.43  ^
    36.08    36.73    37.38    38.03    38.68  ^
    39.33    39.98    40.63    41.28    41.93  ^
    42.58    43.23    43.88    44.53    45.18  ^
    45.83    46.48    47.13    47.78    48.43  ^
    49.08    49.73    50.38    51.03    51.68  ^
    52.33    52.98    53.63    54.28    54.93  ^
    55.58    56.23    56.88    57.53    58.18  ^
    58.83    59.48    60.13    60.78    61.43  ^
    62.08    62.73    63.38    64.03    64.67  ^

Molecule CH3O2   

CH3O2   _MR    0.57E-11    0.57E-11    0.56E-11    0.54E-11    0.51E-11  ^
    0.46E-11    0.40E-11    0.34E-11    0.28E-11    0.21E-11  ^
    0.16E-11    0.11E-11    0.70E-12    0.41E-12    0.22E-12  ^
    0.13E-12    0.91E-13    0.71E-13    0.60E-13    0.53E-13  ^
    0.50E-13    0.47E-13    0.44E-13    0.42E-13    0.40E-13  ^
    0.39E-13    0.40E-13    0.42E-13    0.45E-13    0.50E-13  ^
    0.56E-13    0.64E-13    0.74E-13    0.86E-13    0.10E-12  ^
    0.12E-12    0.14E-12    0.16E-12    0.18E-12    0.21E-12  ^
    0.23E-12    0.26E-12    0.28E-12    0.31E-12    0.33E-12  ^
    0.36E-12    0.39E-12    0.41E-12    0.45E-12    0.48E-12  ^
    0.51E-12    0.55E-12    0.58E-12    0.62E-12    0.67E-12  ^
    0.71E-12    0.76E-12    0.81E-12    0.87E-12    0.93E-12  ^
    0.99E-12    0.11E-11    0.11E-11    0.12E-11    0.13E-11  ^
    0.13E-11    0.14E-11    0.14E-11    0.15E-11    0.15E-11  ^
    0.15E-11    0.15E-11    0.15E-11    0.15E-11    0.14E-11  ^
    0.14E-11    0.14E-11    0.14E-11    0.13E-11    0.13E-11  ^
    0.13E-11    0.12E-11    0.12E-11    0.12E-11    0.11E-11  ^
    0.11E-11    0.10E-11    0.96E-12    0.90E-12    0.84E-12  ^
    0.77E-12    0.71E-12    0.63E-12    0.57E-12    0.50E-12  ^
    0.44E-12    0.39E-12    0.34E-12    0.29E-12    0.27E-12  ^

CH3O2   _ALT     0.33     0.98     1.62     2.28     2.93  ^
     3.58     4.23     4.88     5.53     6.18  ^
     6.83     7.48     8.12     8.78     9.42  ^
    10.07    10.72    11.38    12.03    12.67  ^
    13.32    13.97    14.62    15.28    15.93  ^
    16.57    17.23    17.88    18.52    19.18  ^
    19.82    20.48    21.12    21.77    22.43  ^
    23.07    23.73    24.38    25.02    25.68  ^
    26.32    26.98    27.62    28.27    28.93  ^
    29.57    30.23    30.88    31.53    32.18  ^
    32.83    33.48    34.13    34.78    35.43  ^
    36.08    36.73    37.38    38.03    38.68  ^
    39.33    39.98    40.63    41.28    41.93  ^
    42.58    43.23    43.88    44.53    45.18  ^
    45.83    46.48    47.13    47.78    48.43  ^
    49.08    49.73    50.38    51.03    51.68  ^
    52.33    52.98    53.63    54.28    54.93  ^
    55.58    56.23    56.88    57.53    58.18  ^
    58.83    59.48    60.13    60.78    61.43  ^
    62.08    62.73    63.38    64.03    64.67  ^

Molecule N2O     

N2O     _MR    0.30E-06    0.30E-06    0.30E-06    0.30E-06    0.30E-06  ^
    0.30E-06    0.30E-06    0.30E-06    0.30E-06    0.30E-06  ^
    0.30E-06    0.30E-06    0.30E-06    0.30E-06    0.30E-06  ^
    0.30E-06    0.30E-06    0.30E-06    0.30E-06    0.30E-06  ^
    0.30E-06    0.30E-06    0.30E-06    0.30E-06    0.30E-06  ^
    0.30E-06    0.30E-06    0.30E-06    0.29E-06    0.29E-06  ^
    0.28E-06    0.28E-06    0.27E-06    0.27E-06    0.26E-06  ^
    0.25E-06    0.24E-06    0.23E-06    0.21E-06    0.20E-06  ^
    0.19E-06    0.18E-06    0.16E-06    0.15E-06    0.14E-06  ^
    0.13E-06    0.11E-06    0.10E-06    0.90E-07    0.80E-07  ^
    0.70E-07    0.62E-07    0.54E-07    0.46E-07    0.40E-07  ^
    0.34E-07    0.29E-07    0.25E-07    0.21E-07    0.17E-07  ^
    0.15E-07    0.12E-07    0.10E-07    0.83E-08    0.69E-08  ^
    0.57E-08    0.47E-08    0.39E-08    0.32E-08    0.26E-08  ^
    0.22E-08    0.18E-08    0.15E-08    0.12E-08    0.10E-08  ^
    0.84E-09    0.70E-09    0.59E-09    0.49E-09    0.42E-09  ^
    0.35E-09    0.30E-09    0.25E-09    0.22E-09    0.19E-09  ^
    0.16E-09    0.14E-09    0.12E-09    0.10E-09    0.91E-10  ^
    0.80E-10    0.71E-10    0.63E-10    0.57E-10    0.51E-10  ^
    0.47E-10    0.44E-10    0.41E-10    0.40E-10    0.39E-10  ^

N2O     _ALT     0.33     0.98     1.62     2.28     2.93  ^
     3.58     4.23     4.88     5.53     6.18  ^
     6.83     7.48     8.12     8.78     9.42  ^
    10.07    10.72    11.38    12.03    12.67  ^
    13.32    13.97    14.62    15.28    15.93  ^
    16.57    17.23    17.88    18.52    19.18  ^
    19.82    20.48    21.12    21.77    22.43  ^
    23.07    23.73    24.38    25.02    25.68  ^
    26.32    26.98    27.62    28.27    28.93  ^
    29.57    30.23    30.88    31.53    32.18  ^
    32.83    33.48    34.13    34.78    35.43  ^
    36.08    36.73    37.38    38.03    38.68  ^
    39.33    39.98    40.63    41.28    41.93  ^
    42.58    43.23    43.88    44.53    45.18  ^
    45.83    46.48    47.13    47.78    48.43  ^
    49.08    49.73    50.38    51.03    51.68  ^
    52.33    52.98    53.63    54.28    54.93  ^
    55.58    56.23    56.88    57.53    58.18  ^
    58.83    59.48    60.13    60.78    61.43  ^
    62.08    62.73    63.38    64.03    64.67  ^

Molecule NO      

NO      _MR    0.47E-11    0.56E-11    0.66E-11    0.77E-11    0.90E-11  ^
    0.11E-10    0.13E-10    0.16E-10    0.19E-10    0.22E-10  ^
    0.24E-10    0.27E-10    0.32E-10    0.42E-10    0.57E-10  ^
    0.72E-10    0.88E-10    0.10E-09    0.12E-09    0.14E-09  ^
    0.15E-09    0.17E-09    0.19E-09    0.21E-09    0.24E-09  ^
    0.27E-09    0.30E-09    0.34E-09    0.38E-09    0.42E-09  ^
    0.47E-09    0.53E-09    0.59E-09    0.66E-09    0.74E-09  ^
    0.84E-09    0.95E-09    0.11E-08    0.12E-08    0.14E-08  ^
    0.16E-08    0.19E-08    0.22E-08    0.25E-08    0.29E-08  ^
    0.34E-08    0.39E-08    0.44E-08    0.50E-08    0.56E-08  ^
    0.63E-08    0.70E-08    0.77E-08    0.84E-08    0.91E-08  ^
    0.97E-08    0.10E-07    0.11E-07    0.11E-07    0.12E-07  ^
    0.12E-07    0.13E-07    0.13E-07    0.13E-07    0.13E-07  ^
    0.14E-07    0.13E-07    0.13E-07    0.13E-07    0.13E-07  ^
    0.13E-07    0.12E-07    0.12E-07    0.11E-07    0.11E-07  ^
    0.10E-07    0.98E-08    0.94E-08    0.89E-08    0.85E-08  ^
    0.80E-08    0.76E-08    0.72E-08    0.67E-08    0.63E-08  ^
    0.60E-08    0.56E-08    0.52E-08    0.49E-08    0.45E-08  ^
    0.42E-08    0.39E-08    0.37E-08    0.34E-08    0.32E-08  ^
    0.30E-08    0.28E-08    0.26E-08    0.25E-08    0.25E-08  ^

NO      _ALT     0.33     0.98     1.62     2.28     2.93  ^
     3.58     4.23     4.88     5.53     6.18  ^
     6.83     7.48     8.12     8.78     9.42  ^
    10.07    10.72    11.38    12.03    12.67  ^
    13.32    13.97    14.62    15.28    15.93  ^
    16.57    17.23    17.88    18.52    19.18  ^
    19.82    20.48    21.12    21.77    22.43  ^
    23.07    23.73    24.38    25.02    25.68  ^
    26.32    26.98    27.62    28.27    28.93  ^
    29.57    30.23    30.88    31.53    32.18  ^
    32.83    33.48    34.13    34.78    35.43  ^
    36.08    36.73    37.38    38.03    38.68  ^
    39.33    39.98    40.63    41.28    41.93  ^
    42.58    43.23    43.88    44.53    45.18  ^
    45.83    46.48    47.13    47.78    48.43  ^
    49.08    49.73    50.38    51.03    51.68  ^
    52.33    52.98    53.63    54.28    54.93  ^
    55.58    56.23    56.88    57.53    58.18  ^
    58.83    59.48    60.13    60.78    61.43  ^
    62.08    62.73    63.38    64.03    64.67  ^

Molecule NO2     

NO2     _MR    0.20E-10    0.22E-10    0.23E-10    0.25E-10    0.28E-10  ^
    0.31E-10    0.34E-10    0.37E-10    0.39E-10    0.39E-10  ^
    0.36E-10    0.34E-10    0.33E-10    0.35E-10    0.38E-10  ^
    0.38E-10    0.40E-10    0.41E-10    0.42E-10    0.43E-10  ^
    0.44E-10    0.47E-10    0.51E-10    0.59E-10    0.73E-10  ^
    0.96E-10    0.13E-09    0.17E-09    0.23E-09    0.32E-09  ^
    0.41E-09    0.54E-09    0.69E-09    0.87E-09    0.11E-08  ^
    0.13E-08    0.16E-08    0.19E-08    0.23E-08    0.27E-08  ^
    0.32E-08    0.37E-08    0.43E-08    0.49E-08    0.55E-08  ^
    0.62E-08    0.68E-08    0.75E-08    0.81E-08    0.86E-08  ^
    0.91E-08    0.94E-08    0.96E-08    0.97E-08    0.97E-08  ^
    0.95E-08    0.92E-08    0.87E-08    0.82E-08    0.76E-08  ^
    0.69E-08    0.62E-08    0.54E-08    0.47E-08    0.40E-08  ^
    0.33E-08    0.27E-08    0.22E-08    0.17E-08    0.14E-08  ^
    0.11E-08    0.85E-09    0.67E-09    0.53E-09    0.41E-09  ^
    0.32E-09    0.26E-09    0.20E-09    0.16E-09    0.13E-09  ^
    0.10E-09    0.79E-10    0.63E-10    0.50E-10    0.40E-10  ^
    0.32E-10    0.25E-10    0.20E-10    0.16E-10    0.13E-10  ^
    0.11E-10    0.92E-11    0.78E-11    0.68E-11    0.60E-11  ^
    0.54E-11    0.49E-11    0.46E-11    0.42E-11    0.34E-11  ^

NO2     _ALT     0.33     0.98     1.62     2.28     2.93  ^
     3.58     4.23     4.88     5.53     6.18  ^
     6.83     7.48     8.12     8.78     9.42  ^
    10.07    10.72    11.38    12.03    12.67  ^
    13.32    13.97    14.62    15.28    15.93  ^
    16.57    17.23    17.88    18.52    19.18  ^
    19.82    20.48    21.12    21.77    22.43  ^
    23.07    23.73    24.38    25.02    25.68  ^
    26.32    26.98    27.62    28.27    28.93  ^
    29.57    30.23    30.88    31.53    32.18  ^
    32.83    33.48    34.13    34.78    35.43  ^
    36.08    36.73    37.38    38.03    38.68  ^
    39.33    39.98    40.63    41.28    41.93  ^
    42.58    43.23    43.88    44.53    45.18  ^
    45.83    46.48    47.13    47.78    48.43  ^
    49.08    49.73    50.38    51.03    51.68  ^
    52.33    52.98    53.63    54.28    54.93  ^
    55.58    56.23    56.88    57.53    58.18  ^
    58.83    59.48    60.13    60.78    61.43  ^
    62.08    62.73    63.38    64.03    64.67  ^

Molecule HNO2    

HNO2    _MR    0.17E-13    0.22E-13    0.27E-13    0.34E-13    0.42E-13  ^
    0.52E-13    0.64E-13    0.78E-13    0.92E-13    0.98E-13  ^
    0.94E-13    0.89E-13    0.91E-13    0.10E-12    0.12E-12  ^
    0.13E-12    0.14E-12    0.15E-12    0.16E-12    0.16E-12  ^
    0.17E-12    0.18E-12    0.18E-12    0.19E-12    0.20E-12  ^
    0.20E-12    0.21E-12    0.22E-12    0.23E-12    0.25E-12  ^
    0.26E-12    0.29E-12    0.31E-12    0.34E-12    0.38E-12  ^
    0.43E-12    0.49E-12    0.56E-12    0.64E-12    0.75E-12  ^
    0.89E-12    0.11E-11    0.13E-11    0.15E-11    0.18E-11  ^
    0.22E-11    0.26E-11    0.30E-11    0.35E-11    0.40E-11  ^
    0.45E-11    0.49E-11    0.53E-11    0.56E-11    0.59E-11  ^
    0.61E-11    0.62E-11    0.63E-11    0.64E-11    0.63E-11  ^
    0.63E-11    0.62E-11    0.61E-11    0.59E-11    0.57E-11  ^
    0.54E-11    0.50E-11    0.46E-11    0.42E-11    0.38E-11  ^
    0.33E-11    0.29E-11    0.26E-11    0.22E-11    0.19E-11  ^
    0.16E-11    0.14E-11    0.12E-11    0.10E-11    0.88E-12  ^
    0.75E-12    0.64E-12    0.55E-12    0.47E-12    0.40E-12  ^
    0.35E-12    0.30E-12    0.26E-12    0.23E-12    0.20E-12  ^
    0.18E-12    0.16E-12    0.15E-12    0.13E-12    0.12E-12  ^
    0.12E-12    0.11E-12    0.11E-12    0.11E-12    0.13E-12  ^

HNO2    _ALT     0.33     0.98     1.62     2.28     2.93  ^
     3.58     4.23     4.88     5.53     6.18  ^
     6.83     7.48     8.12     8.78     9.42  ^
    10.07    10.72    11.38    12.03    12.67  ^
    13.32    13.97    14.62    15.28    15.93  ^
    16.57    17.23    17.88    18.52    19.18  ^
    19.82    20.48    21.12    21.77    22.43  ^
    23.07    23.73    24.38    25.02    25.68  ^
    26.32    26.98    27.62    28.27    28.93  ^
    29.57    30.23    30.88    31.53    32.18  ^
    32.83    33.48    34.13    34.78    35.43  ^
    36.08    36.73    37.38    38.03    38.68  ^
    39.33    39.98    40.63    41.28    41.93  ^
    42.58    43.23    43.88    44.53    45.18  ^
    45.83    46.48    47.13    47.78    48.43  ^
    49.08    49.73    50.38    51.03    51.68  ^
    52.33    52.98    53.63    54.28    54.93  ^
    55.58    56.23    56.88    57.53    58.18  ^
    58.83    59.48    60.13    60.78    61.43  ^
    62.08    62.73    63.38    64.03    64.67  ^

Molecule HNO3    

HNO3    _MR    0.12E-09    0.16E-09    0.21E-09    0.27E-09    0.32E-09  ^
    0.38E-09    0.43E-09    0.47E-09    0.51E-09    0.52E-09  ^
    0.53E-09    0.53E-09    0.53E-09    0.53E-09    0.53E-09  ^
    0.52E-09    0.52E-09    0.52E-09    0.52E-09    0.52E-09  ^
    0.52E-09    0.52E-09    0.54E-09    0.56E-09    0.63E-09  ^
    0.73E-09    0.89E-09    0.11E-08    0.14E-08    0.18E-08  ^
    0.23E-08    0.28E-08    0.34E-08    0.41E-08    0.48E-08  ^
    0.56E-08    0.64E-08    0.71E-08    0.79E-08    0.85E-08  ^
    0.91E-08    0.95E-08    0.98E-08    0.99E-08    0.99E-08  ^
    0.97E-08    0.93E-08    0.88E-08    0.82E-08    0.75E-08  ^
    0.68E-08    0.60E-08    0.52E-08    0.45E-08    0.38E-08  ^
    0.32E-08    0.26E-08    0.21E-08    0.17E-08    0.14E-08  ^
    0.11E-08    0.87E-09    0.67E-09    0.51E-09    0.38E-09  ^
    0.28E-09    0.20E-09    0.14E-09    0.10E-09    0.70E-10  ^
    0.48E-10    0.33E-10    0.23E-10    0.15E-10    0.11E-10  ^
    0.73E-11    0.50E-11    0.35E-11    0.24E-11    0.17E-11  ^
    0.12E-11    0.82E-12    0.58E-12    0.41E-12    0.30E-12  ^
    0.21E-12    0.16E-12    0.11E-12    0.86E-13    0.65E-13  ^
    0.51E-13    0.41E-13    0.33E-13    0.28E-13    0.24E-13  ^
    0.21E-13    0.20E-13    0.18E-13    0.18E-13    0.17E-13  ^

HNO3    _ALT     0.33     0.98     1.62     2.28     2.93  ^
     3.58     4.23     4.88     5.53     6.18  ^
     6.83     7.48     8.12     8.78     9.42  ^
    10.07    10.72    11.38    12.03    12.67  ^
    13.32    13.97    14.62    15.28    15.93  ^
    16.57    17.23    17.88    18.52    19.18  ^
    19.82    20.48    21.12    21.77    22.43  ^
    23.07    23.73    24.38    25.02    25.68  ^
    26.32    26.98    27.62    28.27    28.93  ^
    29.57    30.23    30.88    31.53    32.18  ^
    32.83    33.48    34.13    34.78    35.43  ^
    36.08    36.73    37.38    38.03    38.68  ^
    39.33    39.98    40.63    41.28    41.93  ^
    42.58    43.23    43.88    44.53    45.18  ^
    45.83    46.48    47.13    47.78    48.43  ^
    49.08    49.73    50.38    51.03    51.68  ^
    52.33    52.98    53.63    54.28    54.93  ^
    55.58    56.23    56.88    57.53    58.18  ^
    58.83    59.48    60.13    60.78    61.43  ^
    62.08    62.73    63.38    64.03    64.67  ^

Molecule HO2NO2  

HO2NO2  _MR    0.34E-12    0.56E-12    0.91E-12    0.15E-11    0.26E-11  ^
    0.44E-11    0.77E-11    0.14E-10    0.25E-10    0.41E-10  ^
    0.62E-10    0.81E-10    0.90E-10    0.88E-10    0.77E-10  ^
    0.64E-10    0.52E-10    0.43E-10    0.35E-10    0.29E-10  ^
    0.24E-10    0.20E-10    0.17E-10    0.15E-10    0.14E-10  ^
    0.15E-10    0.18E-10    0.22E-10    0.28E-10    0.36E-10  ^
    0.46E-10    0.59E-10    0.76E-10    0.94E-10    0.12E-09  ^
    0.14E-09    0.16E-09    0.18E-09    0.21E-09    0.22E-09  ^
    0.24E-09    0.25E-09    0.25E-09    0.25E-09    0.24E-09  ^
    0.23E-09    0.22E-09    0.20E-09    0.18E-09    0.16E-09  ^
    0.14E-09    0.12E-09    0.10E-09    0.84E-10    0.68E-10  ^
    0.54E-10    0.43E-10    0.33E-10    0.25E-10    0.19E-10  ^
    0.14E-10    0.99E-11    0.70E-11    0.49E-11    0.33E-11  ^
    0.23E-11    0.15E-11    0.10E-11    0.68E-12    0.46E-12  ^
    0.31E-12    0.21E-12    0.14E-12    0.97E-13    0.66E-13  ^
    0.46E-13    0.32E-13    0.22E-13    0.16E-13    0.11E-13  ^
    0.77E-14    0.55E-14    0.39E-14    0.28E-14    0.20E-14  ^
    0.15E-14    0.11E-14    0.81E-15    0.61E-15    0.47E-15  ^
    0.37E-15    0.30E-15    0.25E-15    0.21E-15    0.18E-15  ^
    0.16E-15    0.15E-15    0.14E-15    0.13E-15    0.11E-15  ^

HO2NO2  _ALT     0.33     0.98     1.62     2.28     2.93  ^
     3.58     4.23     4.88     5.53     6.18  ^
     6.83     7.48     8.12     8.78     9.42  ^
    10.07    10.72    11.38    12.03    12.67  ^
    13.32    13.97    14.62    15.28    15.93  ^
    16.57    17.23    17.88    18.52    19.18  ^
    19.82    20.48    21.12    21.77    22.43  ^
    23.07    23.73    24.38    25.02    25.68  ^
    26.32    26.98    27.62    28.27    28.93  ^
    29.57    30.23    30.88    31.53    32.18  ^
    32.83    33.48    34.13    34.78    35.43  ^
    36.08    36.73    37.38    38.03    38.68  ^
    39.33    39.98    40.63    41.28    41.93  ^
    42.58    43.23    43.88    44.53    45.18  ^
    45.83    46.48    47.13    47.78    48.43  ^
    49.08    49.73    50.38    51.03    51.68  ^
    52.33    52.98    53.63    54.28    54.93  ^
    55.58    56.23    56.88    57.53    58.18  ^
    58.83    59.48    60.13    60.78    61.43  ^
    62.08    62.73    63.38    64.03    64.67  ^

Molecule NO3     

NO3     _MR    0.15E-13    0.15E-13    0.16E-13    0.16E-13    0.17E-13  ^
    0.18E-13    0.19E-13    0.19E-13    0.18E-13    0.17E-13  ^
    0.14E-13    0.12E-13    0.98E-14    0.80E-14    0.64E-14  ^
    0.52E-14    0.45E-14    0.39E-14    0.36E-14    0.33E-14  ^
    0.32E-14    0.31E-14    0.31E-14    0.33E-14    0.37E-14  ^
    0.45E-14    0.60E-14    0.86E-14    0.13E-13    0.19E-13  ^
    0.29E-13    0.42E-13    0.61E-13    0.86E-13    0.12E-12  ^
    0.16E-12    0.21E-12    0.27E-12    0.35E-12    0.43E-12  ^
    0.51E-12    0.60E-12    0.69E-12    0.78E-12    0.86E-12  ^
    0.94E-12    0.10E-11    0.11E-11    0.11E-11    0.12E-11  ^
    0.12E-11    0.12E-11    0.12E-11    0.12E-11    0.12E-11  ^
    0.12E-11    0.12E-11    0.11E-11    0.11E-11    0.10E-11  ^
    0.93E-12    0.85E-12    0.76E-12    0.67E-12    0.58E-12  ^
    0.49E-12    0.41E-12    0.33E-12    0.26E-12    0.21E-12  ^
    0.16E-12    0.12E-12    0.95E-13    0.72E-13    0.55E-13  ^
    0.41E-13    0.31E-13    0.23E-13    0.18E-13    0.13E-13  ^
    0.10E-13    0.75E-14    0.56E-14    0.42E-14    0.32E-14  ^
    0.24E-14    0.18E-14    0.14E-14    0.11E-14    0.81E-15  ^
    0.63E-15    0.50E-15    0.40E-15    0.32E-15    0.27E-15  ^
    0.23E-15    0.20E-15    0.18E-15    0.17E-15    0.15E-15  ^

NO3     _ALT     0.33     0.98     1.62     2.28     2.93  ^
     3.58     4.23     4.88     5.53     6.18  ^
     6.83     7.48     8.12     8.78     9.42  ^
    10.07    10.72    11.38    12.03    12.67  ^
    13.32    13.97    14.62    15.28    15.93  ^
    16.57    17.23    17.88    18.52    19.18  ^
    19.82    20.48    21.12    21.77    22.43  ^
    23.07    23.73    24.38    25.02    25.68  ^
    26.32    26.98    27.62    28.27    28.93  ^
    29.57    30.23    30.88    31.53    32.18  ^
    32.83    33.48    34.13    34.78    35.43  ^
    36.08    36.73    37.38    38.03    38.68  ^
    39.33    39.98    40.63    41.28    41.93  ^
    42.58    43.23    43.88    44.53    45.18  ^
    45.83    46.48    47.13    47.78    48.43  ^
    49.08    49.73    50.38    51.03    51.68  ^
    52.33    52.98    53.63    54.28    54.93  ^
    55.58    56.23    56.88    57.53    58.18  ^
    58.83    59.48    60.13    60.78    61.43  ^
    62.08    62.73    63.38    64.03    64.67  ^

Molecule N2O5    

N2O5    _MR    0.14E-15    0.20E-15    0.29E-15    0.44E-15    0.67E-15  ^
    0.11E-14    0.17E-14    0.28E-14    0.44E-14    0.65E-14  ^
    0.88E-14    0.12E-13    0.19E-13    0.32E-13    0.49E-13  ^
    0.65E-13    0.71E-13    0.70E-13    0.66E-13    0.62E-13  ^
    0.57E-13    0.54E-13    0.53E-13    0.56E-13    0.70E-13  ^
    0.10E-12    0.16E-12    0.27E-12    0.47E-12    0.84E-12  ^
    0.14E-11    0.23E-11    0.36E-11    0.56E-11    0.81E-11  ^
    0.11E-10    0.15E-10    0.20E-10    0.25E-10    0.29E-10  ^
    0.34E-10    0.38E-10    0.41E-10    0.42E-10    0.43E-10  ^
    0.41E-10    0.39E-10    0.36E-10    0.32E-10    0.27E-10  ^
    0.23E-10    0.19E-10    0.15E-10    0.12E-10    0.87E-11  ^
    0.65E-11    0.47E-11    0.33E-11    0.22E-11    0.15E-11  ^
    0.96E-12    0.60E-12    0.36E-12    0.21E-12    0.12E-12  ^
    0.63E-13    0.33E-13    0.17E-13    0.85E-14    0.43E-14  ^
    0.21E-14    0.11E-14    0.53E-15    0.27E-15    0.14E-15  ^
    0.69E-16    0.35E-16    0.18E-16    0.94E-17    0.49E-17  ^
    0.25E-17    0.13E-17    0.69E-18    0.36E-18    0.19E-18  ^
    0.10E-18    0.55E-19    0.30E-19    0.16E-19    0.91E-20  ^
    0.52E-20    0.31E-20    0.19E-20    0.12E-20    0.81E-21  ^
    0.56E-21    0.41E-21    0.31E-21    0.25E-21    0.18E-21  ^

N2O5    _ALT     0.33     0.98     1.62     2.28     2.93  ^
     3.58     4.23     4.88     5.53     6.18  ^
     6.83     7.48     8.12     8.78     9.42  ^
    10.07    10.72    11.38    12.03    12.67  ^
    13.32    13.97    14.62    15.28    15.93  ^
    16.57    17.23    17.88    18.52    19.18  ^
    19.82    20.48    21.12    21.77    22.43  ^
    23.07    23.73    24.38    25.02    25.68  ^
    26.32    26.98    27.62    28.27    28.93  ^
    29.57    30.23    30.88    31.53    32.18  ^
    32.83    33.48    34.13    34.78    35.43  ^
    36.08    36.73    37.38    38.03    38.68  ^
    39.33    39.98    40.63    41.28    41.93  ^
    42.58    43.23    43.88    44.53    45.18  ^
    45.83    46.48    47.13    47.78    48.43  ^
    49.08    49.73    50.38    51.03    51.68  ^
    52.33    52.98    53.63    54.28    54.93  ^
    55.58    56.23    56.88    57.53    58.18  ^
    58.83    59.48    60.13    60.78    61.43  ^
    62.08    62.73    63.38    64.03    64.67  ^

Molecule CL2O2   

CL2O2   _MR    0.52E-22    0.10E-21    0.21E-21    0.43E-21    0.85E-21  ^
    0.16E-20    0.30E-20    0.55E-20    0.10E-19    0.20E-19  ^
    0.40E-19    0.81E-19    0.14E-18    0.23E-18    0.37E-18  ^
    0.54E-18    0.59E-18    0.56E-18    0.52E-18    0.49E-18  ^
    0.49E-18    0.50E-18    0.55E-18    0.68E-18    0.98E-18  ^
    0.16E-17    0.29E-17    0.55E-17    0.11E-16    0.21E-16  ^
    0.37E-16    0.63E-16    0.10E-15    0.16E-15    0.24E-15  ^
    0.34E-15    0.46E-15    0.59E-15    0.73E-15    0.87E-15  ^
    0.10E-14    0.12E-14    0.13E-14    0.15E-14    0.16E-14  ^
    0.18E-14    0.20E-14    0.22E-14    0.23E-14    0.25E-14  ^
    0.26E-14    0.26E-14    0.27E-14    0.26E-14    0.26E-14  ^
    0.24E-14    0.23E-14    0.21E-14    0.18E-14    0.16E-14  ^
    0.13E-14    0.11E-14    0.85E-15    0.65E-15    0.49E-15  ^
    0.36E-15    0.27E-15    0.19E-15    0.14E-15    0.11E-15  ^
    0.78E-16    0.57E-16    0.42E-16    0.31E-16    0.23E-16  ^
    0.17E-16    0.12E-16    0.90E-17    0.66E-17    0.48E-17  ^
    0.35E-17    0.26E-17    0.19E-17    0.13E-17    0.95E-18  ^
    0.67E-18    0.47E-18    0.33E-18    0.22E-18    0.15E-18  ^
    0.10E-18    0.69E-19    0.45E-19    0.30E-19    0.20E-19  ^
    0.13E-19    0.82E-20    0.54E-20    0.38E-20    0.27E-20  ^

CL2O2   _ALT     0.33     0.98     1.62     2.28     2.93  ^
     3.58     4.23     4.88     5.53     6.18  ^
     6.83     7.48     8.12     8.78     9.42  ^
    10.07    10.72    11.38    12.03    12.67  ^
    13.32    13.97    14.62    15.28    15.93  ^
    16.57    17.23    17.88    18.52    19.18  ^
    19.82    20.48    21.12    21.77    22.43  ^
    23.07    23.73    24.38    25.02    25.68  ^
    26.32    26.98    27.62    28.27    28.93  ^
    29.57    30.23    30.88    31.53    32.18  ^
    32.83    33.48    34.13    34.78    35.43  ^
    36.08    36.73    37.38    38.03    38.68  ^
    39.33    39.98    40.63    41.28    41.93  ^
    42.58    43.23    43.88    44.53    45.18  ^
    45.83    46.48    47.13    47.78    48.43  ^
    49.08    49.73    50.38    51.03    51.68  ^
    52.33    52.98    53.63    54.28    54.93  ^
    55.58    56.23    56.88    57.53    58.18  ^
    58.83    59.48    60.13    60.78    61.43  ^
    62.08    62.73    63.38    64.03    64.67  ^

Molecule CH3CL   

CH3CL   _MR    0.53E-09    0.52E-09    0.52E-09    0.51E-09    0.50E-09  ^
    0.50E-09    0.49E-09    0.49E-09    0.49E-09    0.48E-09  ^
    0.48E-09    0.48E-09    0.48E-09    0.48E-09    0.48E-09  ^
    0.47E-09    0.47E-09    0.47E-09    0.47E-09    0.47E-09  ^
    0.47E-09    0.47E-09    0.47E-09    0.46E-09    0.46E-09  ^
    0.45E-09    0.45E-09    0.44E-09    0.42E-09    0.41E-09  ^
    0.39E-09    0.37E-09    0.35E-09    0.33E-09    0.30E-09  ^
    0.28E-09    0.26E-09    0.23E-09    0.21E-09    0.18E-09  ^
    0.16E-09    0.14E-09    0.12E-09    0.11E-09    0.91E-10  ^
    0.77E-10    0.65E-10    0.54E-10    0.45E-10    0.37E-10  ^
    0.30E-10    0.24E-10    0.20E-10    0.16E-10    0.13E-10  ^
    0.99E-11    0.78E-11    0.61E-11    0.48E-11    0.37E-11  ^
    0.28E-11    0.21E-11    0.16E-11    0.12E-11    0.91E-12  ^
    0.67E-12    0.50E-12    0.37E-12    0.27E-12    0.20E-12  ^
    0.15E-12    0.12E-12    0.88E-13    0.67E-13    0.52E-13  ^
    0.41E-13    0.33E-13    0.27E-13    0.22E-13    0.18E-13  ^
    0.15E-13    0.13E-13    0.11E-13    0.94E-14    0.82E-14  ^
    0.72E-14    0.65E-14    0.58E-14    0.53E-14    0.48E-14  ^
    0.45E-14    0.41E-14    0.39E-14    0.37E-14    0.35E-14  ^
    0.34E-14    0.32E-14    0.32E-14    0.31E-14    0.31E-14  ^

CH3CL   _ALT     0.33     0.98     1.62     2.28     2.93  ^
     3.58     4.23     4.88     5.53     6.18  ^
     6.83     7.48     8.12     8.78     9.42  ^
    10.07    10.72    11.38    12.03    12.67  ^
    13.32    13.97    14.62    15.28    15.93  ^
    16.57    17.23    17.88    18.52    19.18  ^
    19.82    20.48    21.12    21.77    22.43  ^
    23.07    23.73    24.38    25.02    25.68  ^
    26.32    26.98    27.62    28.27    28.93  ^
    29.57    30.23    30.88    31.53    32.18  ^
    32.83    33.48    34.13    34.78    35.43  ^
    36.08    36.73    37.38    38.03    38.68  ^
    39.33    39.98    40.63    41.28    41.93  ^
    42.58    43.23    43.88    44.53    45.18  ^
    45.83    46.48    47.13    47.78    48.43  ^
    49.08    49.73    50.38    51.03    51.68  ^
    52.33    52.98    53.63    54.28    54.93  ^
    55.58    56.23    56.88    57.53    58.18  ^
    58.83    59.48    60.13    60.78    61.43  ^
    62.08    62.73    63.38    64.03    64.67  ^

Molecule HOCL    

HOCL    _MR    0.18E-12    0.21E-12    0.24E-12    0.27E-12    0.29E-12  ^
    0.31E-12    0.30E-12    0.29E-12    0.26E-12    0.22E-12  ^
    0.18E-12    0.14E-12    0.89E-13    0.51E-13    0.28E-13  ^
    0.16E-13    0.10E-13    0.71E-14    0.55E-14    0.46E-14  ^
    0.41E-14    0.38E-14    0.37E-14    0.39E-14    0.44E-14  ^
    0.55E-14    0.76E-14    0.12E-13    0.18E-13    0.30E-13  ^
    0.49E-13    0.81E-13    0.13E-12    0.21E-12    0.32E-12  ^
    0.49E-12    0.74E-12    0.11E-11    0.15E-11    0.21E-11  ^
    0.28E-11    0.37E-11    0.48E-11    0.61E-11    0.77E-11  ^
    0.95E-11    0.12E-10    0.14E-10    0.17E-10    0.21E-10  ^
    0.24E-10    0.28E-10    0.32E-10    0.36E-10    0.40E-10  ^
    0.43E-10    0.47E-10    0.50E-10    0.52E-10    0.53E-10  ^
    0.54E-10    0.54E-10    0.52E-10    0.51E-10    0.48E-10  ^
    0.45E-10    0.42E-10    0.39E-10    0.35E-10    0.32E-10  ^
    0.28E-10    0.25E-10    0.22E-10    0.19E-10    0.16E-10  ^
    0.14E-10    0.12E-10    0.10E-10    0.84E-11    0.71E-11  ^
    0.60E-11    0.51E-11    0.43E-11    0.37E-11    0.31E-11  ^
    0.27E-11    0.23E-11    0.20E-11    0.17E-11    0.15E-11  ^
    0.14E-11    0.12E-11    0.11E-11    0.10E-11    0.92E-12  ^
    0.85E-12    0.79E-12    0.75E-12    0.74E-12    0.78E-12  ^

HOCL    _ALT     0.33     0.98     1.62     2.28     2.93  ^
     3.58     4.23     4.88     5.53     6.18  ^
     6.83     7.48     8.12     8.78     9.42  ^
    10.07    10.72    11.38    12.03    12.67  ^
    13.32    13.97    14.62    15.28    15.93  ^
    16.57    17.23    17.88    18.52    19.18  ^
    19.82    20.48    21.12    21.77    22.43  ^
    23.07    23.73    24.38    25.02    25.68  ^
    26.32    26.98    27.62    28.27    28.93  ^
    29.57    30.23    30.88    31.53    32.18  ^
    32.83    33.48    34.13    34.78    35.43  ^
    36.08    36.73    37.38    38.03    38.68  ^
    39.33    39.98    40.63    41.28    41.93  ^
    42.58    43.23    43.88    44.53    45.18  ^
    45.83    46.48    47.13    47.78    48.43  ^
    49.08    49.73    50.38    51.03    51.68  ^
    52.33    52.98    53.63    54.28    54.93  ^
    55.58    56.23    56.88    57.53    58.18  ^
    58.83    59.48    60.13    60.78    61.43  ^
    62.08    62.73    63.38    64.03    64.67  ^

Molecule CL      

CL      _MR    0.71E-17    0.92E-17    0.12E-16    0.14E-16    0.18E-16  ^
    0.21E-16    0.25E-16    0.29E-16    0.34E-16    0.37E-16  ^
    0.39E-16    0.41E-16    0.43E-16    0.45E-16    0.48E-16  ^
    0.52E-16    0.55E-16    0.59E-16    0.64E-16    0.70E-16  ^
    0.78E-16    0.88E-16    0.10E-15    0.12E-15    0.14E-15  ^
    0.17E-15    0.21E-15    0.27E-15    0.36E-15    0.47E-15  ^
    0.62E-15    0.81E-15    0.11E-14    0.14E-14    0.18E-14  ^
    0.23E-14    0.30E-14    0.39E-14    0.51E-14    0.66E-14  ^
    0.86E-14    0.11E-13    0.15E-13    0.19E-13    0.25E-13  ^
    0.33E-13    0.43E-13    0.56E-13    0.73E-13    0.95E-13  ^
    0.12E-12    0.16E-12    0.20E-12    0.25E-12    0.31E-12  ^
    0.38E-12    0.47E-12    0.57E-12    0.68E-12    0.82E-12  ^
    0.99E-12    0.12E-11    0.14E-11    0.18E-11    0.21E-11  ^
    0.26E-11    0.32E-11    0.38E-11    0.46E-11    0.54E-11  ^
    0.63E-11    0.73E-11    0.83E-11    0.94E-11    0.10E-10  ^
    0.11E-10    0.12E-10    0.13E-10    0.14E-10    0.15E-10  ^
    0.16E-10    0.16E-10    0.17E-10    0.17E-10    0.18E-10  ^
    0.18E-10    0.18E-10    0.18E-10    0.18E-10    0.18E-10  ^
    0.18E-10    0.18E-10    0.18E-10    0.18E-10    0.17E-10  ^
    0.17E-10    0.17E-10    0.16E-10    0.16E-10    0.16E-10  ^

CL      _ALT     0.33     0.98     1.62     2.28     2.93  ^
     3.58     4.23     4.88     5.53     6.18  ^
     6.83     7.48     8.12     8.78     9.42  ^
    10.07    10.72    11.38    12.03    12.67  ^
    13.32    13.97    14.62    15.28    15.93  ^
    16.57    17.23    17.88    18.52    19.18  ^
    19.82    20.48    21.12    21.77    22.43  ^
    23.07    23.73    24.38    25.02    25.68  ^
    26.32    26.98    27.62    28.27    28.93  ^
    29.57    30.23    30.88    31.53    32.18  ^
    32.83    33.48    34.13    34.78    35.43  ^
    36.08    36.73    37.38    38.03    38.68  ^
    39.33    39.98    40.63    41.28    41.93  ^
    42.58    43.23    43.88    44.53    45.18  ^
    45.83    46.48    47.13    47.78    48.43  ^
    49.08    49.73    50.38    51.03    51.68  ^
    52.33    52.98    53.63    54.28    54.93  ^
    55.58    56.23    56.88    57.53    58.18  ^
    58.83    59.48    60.13    60.78    61.43  ^
    62.08    62.73    63.38    64.03    64.67  ^

Molecule CLO     

CLO     _MR    0.11E-13    0.13E-13    0.16E-13    0.19E-13    0.23E-13  ^
    0.27E-13    0.30E-13    0.33E-13    0.35E-13    0.37E-13  ^
    0.38E-13    0.38E-13    0.34E-13    0.28E-13    0.23E-13  ^
    0.19E-13    0.17E-13    0.16E-13    0.16E-13    0.16E-13  ^
    0.17E-13    0.18E-13    0.20E-13    0.25E-13    0.32E-13  ^
    0.46E-13    0.68E-13    0.11E-12    0.16E-12    0.26E-12  ^
    0.39E-12    0.58E-12    0.84E-12    0.12E-11    0.17E-11  ^
    0.23E-11    0.31E-11    0.40E-11    0.52E-11    0.66E-11  ^
    0.83E-11    0.10E-10    0.12E-10    0.15E-10    0.18E-10  ^
    0.22E-10    0.26E-10    0.31E-10    0.36E-10    0.43E-10  ^
    0.51E-10    0.59E-10    0.69E-10    0.79E-10    0.90E-10  ^
    0.10E-09    0.11E-09    0.13E-09    0.14E-09    0.15E-09  ^
    0.16E-09    0.17E-09    0.18E-09    0.18E-09    0.19E-09  ^
    0.19E-09    0.18E-09    0.18E-09    0.17E-09    0.16E-09  ^
    0.15E-09    0.14E-09    0.13E-09    0.12E-09    0.11E-09  ^
    0.95E-10    0.84E-10    0.75E-10    0.66E-10    0.58E-10  ^
    0.51E-10    0.45E-10    0.39E-10    0.34E-10    0.29E-10  ^
    0.26E-10    0.22E-10    0.19E-10    0.17E-10    0.14E-10  ^
    0.12E-10    0.10E-10    0.89E-11    0.76E-11    0.64E-11  ^
    0.55E-11    0.46E-11    0.39E-11    0.33E-11    0.29E-11  ^

CLO     _ALT     0.33     0.98     1.62     2.28     2.93  ^
     3.58     4.23     4.88     5.53     6.18  ^
     6.83     7.48     8.12     8.78     9.42  ^
    10.07    10.72    11.38    12.03    12.67  ^
    13.32    13.97    14.62    15.28    15.93  ^
    16.57    17.23    17.88    18.52    19.18  ^
    19.82    20.48    21.12    21.77    22.43  ^
    23.07    23.73    24.38    25.02    25.68  ^
    26.32    26.98    27.62    28.27    28.93  ^
    29.57    30.23    30.88    31.53    32.18  ^
    32.83    33.48    34.13    34.78    35.43  ^
    36.08    36.73    37.38    38.03    38.68  ^
    39.33    39.98    40.63    41.28    41.93  ^
    42.58    43.23    43.88    44.53    45.18  ^
    45.83    46.48    47.13    47.78    48.43  ^
    49.08    49.73    50.38    51.03    51.68  ^
    52.33    52.98    53.63    54.28    54.93  ^
    55.58    56.23    56.88    57.53    58.18  ^
    58.83    59.48    60.13    60.78    61.43  ^
    62.08    62.73    63.38    64.03    64.67  ^

Molecule HCL     

HCL     _MR    0.73E-11    0.96E-11    0.12E-10    0.14E-10    0.17E-10  ^
    0.19E-10    0.21E-10    0.23E-10    0.24E-10    0.25E-10  ^
    0.26E-10    0.27E-10    0.27E-10    0.28E-10    0.29E-10  ^
    0.29E-10    0.30E-10    0.31E-10    0.32E-10    0.32E-10  ^
    0.33E-10    0.35E-10    0.36E-10    0.39E-10    0.44E-10  ^
    0.50E-10    0.57E-10    0.67E-10    0.79E-10    0.93E-10  ^
    0.11E-09    0.12E-09    0.14E-09    0.15E-09    0.17E-09  ^
    0.18E-09    0.19E-09    0.20E-09    0.21E-09    0.22E-09  ^
    0.22E-09    0.23E-09    0.23E-09    0.24E-09    0.24E-09  ^
    0.24E-09    0.25E-09    0.25E-09    0.26E-09    0.26E-09  ^
    0.27E-09    0.27E-09    0.28E-09    0.28E-09    0.28E-09  ^
    0.29E-09    0.28E-09    0.28E-09    0.28E-09    0.27E-09  ^
    0.27E-09    0.27E-09    0.26E-09    0.26E-09    0.26E-09  ^
    0.27E-09    0.28E-09    0.28E-09    0.29E-09    0.31E-09  ^
    0.32E-09    0.33E-09    0.35E-09    0.36E-09    0.37E-09  ^
    0.38E-09    0.40E-09    0.41E-09    0.42E-09    0.42E-09  ^
    0.43E-09    0.44E-09    0.44E-09    0.45E-09    0.45E-09  ^
    0.46E-09    0.46E-09    0.47E-09    0.47E-09    0.47E-09  ^
    0.47E-09    0.47E-09    0.48E-09    0.48E-09    0.48E-09  ^
    0.48E-09    0.48E-09    0.48E-09    0.48E-09    0.48E-09  ^

HCL     _ALT     0.33     0.98     1.62     2.28     2.93  ^
     3.58     4.23     4.88     5.53     6.18  ^
     6.83     7.48     8.12     8.78     9.42  ^
    10.07    10.72    11.38    12.03    12.67  ^
    13.32    13.97    14.62    15.28    15.93  ^
    16.57    17.23    17.88    18.52    19.18  ^
    19.82    20.48    21.12    21.77    22.43  ^
    23.07    23.73    24.38    25.02    25.68  ^
    26.32    26.98    27.62    28.27    28.93  ^
    29.57    30.23    30.88    31.53    32.18  ^
    32.83    33.48    34.13    34.78    35.43  ^
    36.08    36.73    37.38    38.03    38.68  ^
    39.33    39.98    40.63    41.28    41.93  ^
    42.58    43.23    43.88    44.53    45.18  ^
    45.83    46.48    47.13    47.78    48.43  ^
    49.08    49.73    50.38    51.03    51.68  ^
    52.33    52.98    53.63    54.28    54.93  ^
    55.58    56.23    56.88    57.53    58.18  ^
    58.83    59.48    60.13    60.78    61.43  ^
    62.08    62.73    63.38    64.03    64.67  ^

Molecule CLONO2  

CLONO2  _MR    0.68E-12    0.85E-12    0.10E-11    0.12E-11    0.14E-11  ^
    0.15E-11    0.17E-11    0.18E-11    0.18E-11    0.18E-11  ^
    0.16E-11    0.14E-11    0.12E-11    0.10E-11    0.82E-12  ^
    0.67E-12    0.54E-12    0.45E-12    0.38E-12    0.33E-12  ^
    0.30E-12    0.28E-12    0.28E-12    0.32E-12    0.43E-12  ^
    0.64E-12    0.10E-11    0.17E-11    0.29E-11    0.49E-11  ^
    0.77E-11    0.12E-10    0.17E-10    0.24E-10    0.33E-10  ^
    0.44E-10    0.55E-10    0.68E-10    0.81E-10    0.94E-10  ^
    0.11E-09    0.12E-09    0.13E-09    0.14E-09    0.15E-09  ^
    0.15E-09    0.15E-09    0.15E-09    0.15E-09    0.14E-09  ^
    0.13E-09    0.12E-09    0.11E-09    0.91E-10    0.77E-10  ^
    0.63E-10    0.50E-10    0.39E-10    0.29E-10    0.22E-10  ^
    0.15E-10    0.11E-10    0.70E-11    0.45E-11    0.28E-11  ^
    0.17E-11    0.10E-11    0.60E-12    0.35E-12    0.20E-12  ^
    0.11E-12    0.64E-13    0.36E-13    0.21E-13    0.12E-13  ^
    0.68E-14    0.39E-14    0.23E-14    0.13E-14    0.77E-15  ^
    0.45E-15    0.27E-15    0.16E-15    0.95E-16    0.57E-16  ^
    0.35E-16    0.21E-16    0.13E-16    0.82E-17    0.52E-17  ^
    0.34E-17    0.22E-17    0.15E-17    0.10E-17    0.70E-18  ^
    0.49E-18    0.35E-18    0.25E-18    0.18E-18    0.11E-18  ^

CLONO2  _ALT     0.33     0.98     1.62     2.28     2.93  ^
     3.58     4.23     4.88     5.53     6.18  ^
     6.83     7.48     8.12     8.78     9.42  ^
    10.07    10.72    11.38    12.03    12.67  ^
    13.32    13.97    14.62    15.28    15.93  ^
    16.57    17.23    17.88    18.52    19.18  ^
    19.82    20.48    21.12    21.77    22.43  ^
    23.07    23.73    24.38    25.02    25.68  ^
    26.32    26.98    27.62    28.27    28.93  ^
    29.57    30.23    30.88    31.53    32.18  ^
    32.83    33.48    34.13    34.78    35.43  ^
    36.08    36.73    37.38    38.03    38.68  ^
    39.33    39.98    40.63    41.28    41.93  ^
    42.58    43.23    43.88    44.53    45.18  ^
    45.83    46.48    47.13    47.78    48.43  ^
    49.08    49.73    50.38    51.03    51.68  ^
    52.33    52.98    53.63    54.28    54.93  ^
    55.58    56.23    56.88    57.53    58.18  ^
    58.83    59.48    60.13    60.78    61.43  ^
    62.08    62.73    63.38    64.03    64.67  ^

Molecule H2S     

H2S     _MR    0.25E-11    0.25E-11    0.25E-11    0.26E-11    0.26E-11  ^
    0.27E-11    0.29E-11    0.31E-11    0.34E-11    0.38E-11  ^
    0.44E-11    0.50E-11    0.54E-11    0.56E-11    0.52E-11  ^
    0.39E-11    0.30E-11    0.24E-11    0.19E-11    0.15E-11  ^
    0.12E-11    0.91E-12    0.64E-12    0.42E-12    0.23E-12  ^
    0.12E-12    0.53E-13    0.21E-13    0.77E-14    0.25E-14  ^
    0.78E-15    0.22E-15    0.57E-16    0.14E-16    0.30E-17  ^
    0.60E-18    0.11E-18    0.19E-19    0.29E-20    0.41E-21  ^
    0.53E-22    0.63E-23    0.68E-24    0.67E-25    0.61E-26  ^
    0.51E-27    0.56E-28    0.25E-28    0.28E-28    0.37E-28  ^
    0.54E-28    0.79E-28    0.12E-27    0.17E-27    0.24E-27  ^
    0.34E-27    0.48E-27    0.65E-27    0.86E-27    0.11E-26  ^
    0.15E-26    0.19E-26    0.24E-26    0.30E-26    0.37E-26  ^
    0.46E-26    0.56E-26    0.69E-26    0.82E-26    0.97E-26  ^
    0.11E-25    0.13E-25    0.15E-25    0.16E-25    0.18E-25  ^
    0.19E-25    0.20E-25    0.21E-25    0.22E-25    0.23E-25  ^
    0.24E-25    0.25E-25    0.26E-25    0.27E-25    0.28E-25  ^
    0.30E-25    0.32E-25    0.34E-25    0.38E-25    0.42E-25  ^
    0.48E-25    0.55E-25    0.65E-25    0.77E-25    0.93E-25  ^
    0.11E-24    0.13E-24    0.15E-24    0.17E-24    0.17E-24  ^

H2S     _ALT     0.33     0.98     1.62     2.28     2.93  ^
     3.58     4.23     4.88     5.53     6.18  ^
     6.83     7.48     8.12     8.78     9.42  ^
    10.07    10.72    11.38    12.03    12.67  ^
    13.32    13.97    14.62    15.28    15.93  ^
    16.57    17.23    17.88    18.52    19.18  ^
    19.82    20.48    21.12    21.77    22.43  ^
    23.07    23.73    24.38    25.02    25.68  ^
    26.32    26.98    27.62    28.27    28.93  ^
    29.57    30.23    30.88    31.53    32.18  ^
    32.83    33.48    34.13    34.78    35.43  ^
    36.08    36.73    37.38    38.03    38.68  ^
    39.33    39.98    40.63    41.28    41.93  ^
    42.58    43.23    43.88    44.53    45.18  ^
    45.83    46.48    47.13    47.78    48.43  ^
    49.08    49.73    50.38    51.03    51.68  ^
    52.33    52.98    53.63    54.28    54.93  ^
    55.58    56.23    56.88    57.53    58.18  ^
    58.83    59.48    60.13    60.78    61.43  ^
    62.08    62.73    63.38    64.03    64.67  ^

Molecule HS      

HS      _MR    0.34E-17    0.38E-17    0.42E-17    0.46E-17    0.51E-17  ^
    0.56E-17    0.61E-17    0.68E-17    0.76E-17    0.82E-17  ^
    0.85E-17    0.84E-17    0.81E-17    0.75E-17    0.64E-17  ^
    0.44E-17    0.32E-17    0.25E-17    0.20E-17    0.16E-17  ^
    0.14E-17    0.11E-17    0.75E-18    0.47E-18    0.23E-18  ^
    0.10E-18    0.40E-19    0.14E-19    0.43E-20    0.12E-20  ^
    0.36E-21    0.96E-22    0.24E-22    0.58E-23    0.13E-23  ^
    0.28E-24    0.58E-25    0.11E-25    0.19E-26    0.32E-27  ^
    0.50E-28    0.80E-29    0.20E-29    0.11E-29    0.11E-29  ^
    0.11E-29    0.13E-29    0.16E-29    0.22E-29    0.34E-29  ^
    0.55E-29    0.91E-29    0.15E-28    0.25E-28    0.40E-28  ^
    0.63E-28    0.98E-28    0.15E-27    0.22E-27    0.33E-27  ^
    0.47E-27    0.67E-27    0.95E-27    0.13E-26    0.18E-26  ^
    0.25E-26    0.33E-26    0.43E-26    0.56E-26    0.71E-26  ^
    0.88E-26    0.11E-25    0.13E-25    0.15E-25    0.17E-25  ^
    0.20E-25    0.22E-25    0.24E-25    0.27E-25    0.29E-25  ^
    0.32E-25    0.34E-25    0.37E-25    0.39E-25    0.43E-25  ^
    0.46E-25    0.50E-25    0.55E-25    0.60E-25    0.67E-25  ^
    0.76E-25    0.87E-25    0.10E-24    0.12E-24    0.13E-24  ^
    0.16E-24    0.18E-24    0.20E-24    0.22E-24    0.20E-24  ^

HS      _ALT     0.33     0.98     1.62     2.28     2.93  ^
     3.58     4.23     4.88     5.53     6.18  ^
     6.83     7.48     8.12     8.78     9.42  ^
    10.07    10.72    11.38    12.03    12.67  ^
    13.32    13.97    14.62    15.28    15.93  ^
    16.57    17.23    17.88    18.52    19.18  ^
    19.82    20.48    21.12    21.77    22.43  ^
    23.07    23.73    24.38    25.02    25.68  ^
    26.32    26.98    27.62    28.27    28.93  ^
    29.57    30.23    30.88    31.53    32.18  ^
    32.83    33.48    34.13    34.78    35.43  ^
    36.08    36.73    37.38    38.03    38.68  ^
    39.33    39.98    40.63    41.28    41.93  ^
    42.58    43.23    43.88    44.53    45.18  ^
    45.83    46.48    47.13    47.78    48.43  ^
    49.08    49.73    50.38    51.03    51.68  ^
    52.33    52.98    53.63    54.28    54.93  ^
    55.58    56.23    56.88    57.53    58.18  ^
    58.83    59.48    60.13    60.78    61.43  ^
    62.08    62.73    63.38    64.03    64.67  ^

Molecule SO      

SO      _MR    0.42E-19    0.56E-19    0.72E-19    0.93E-19    0.12E-18  ^
    0.16E-18    0.21E-18    0.28E-18    0.38E-18    0.50E-18  ^
    0.66E-18    0.83E-18    0.10E-17    0.13E-17    0.14E-17  ^
    0.14E-17    0.12E-17    0.11E-17    0.95E-18    0.85E-18  ^
    0.77E-18    0.66E-18    0.53E-18    0.39E-18    0.25E-18  ^
    0.16E-18    0.12E-18    0.11E-18    0.12E-18    0.14E-18  ^
    0.16E-18    0.18E-18    0.19E-18    0.19E-18    0.18E-18  ^
    0.17E-18    0.16E-18    0.14E-18    0.13E-18    0.11E-18  ^
    0.92E-19    0.77E-19    0.64E-19    0.54E-19    0.46E-19  ^
    0.42E-19    0.40E-19    0.43E-19    0.51E-19    0.65E-19  ^
    0.90E-19    0.13E-18    0.18E-18    0.25E-18    0.35E-18  ^
    0.47E-18    0.64E-18    0.84E-18    0.11E-17    0.14E-17  ^
    0.18E-17    0.22E-17    0.27E-17    0.32E-17    0.39E-17  ^
    0.46E-17    0.54E-17    0.64E-17    0.76E-17    0.90E-17  ^
    0.11E-16    0.13E-16    0.15E-16    0.17E-16    0.20E-16  ^
    0.24E-16    0.28E-16    0.33E-16    0.39E-16    0.46E-16  ^
    0.53E-16    0.63E-16    0.74E-16    0.88E-16    0.10E-15  ^
    0.12E-15    0.15E-15    0.18E-15    0.21E-15    0.26E-15  ^
    0.32E-15    0.39E-15    0.48E-15    0.60E-15    0.75E-15  ^
    0.94E-15    0.12E-14    0.15E-14    0.19E-14    0.24E-14  ^

SO      _ALT     0.33     0.98     1.62     2.28     2.93  ^
     3.58     4.23     4.88     5.53     6.18  ^
     6.83     7.48     8.12     8.78     9.42  ^
    10.07    10.72    11.38    12.03    12.67  ^
    13.32    13.97    14.62    15.28    15.93  ^
    16.57    17.23    17.88    18.52    19.18  ^
    19.82    20.48    21.12    21.77    22.43  ^
    23.07    23.73    24.38    25.02    25.68  ^
    26.32    26.98    27.62    28.27    28.93  ^
    29.57    30.23    30.88    31.53    32.18  ^
    32.83    33.48    34.13    34.78    35.43  ^
    36.08    36.73    37.38    38.03    38.68  ^
    39.33    39.98    40.63    41.28    41.93  ^
    42.58    43.23    43.88    44.53    45.18  ^
    45.83    46.48    47.13    47.78    48.43  ^
    49.08    49.73    50.38    51.03    51.68  ^
    52.33    52.98    53.63    54.28    54.93  ^
    55.58    56.23    56.88    57.53    58.18  ^
    58.83    59.48    60.13    60.78    61.43  ^
    62.08    62.73    63.38    64.03    64.67  ^

Molecule SO2     

SO2     _MR    0.30E-10    0.46E-10    0.61E-10    0.75E-10    0.89E-10  ^
    0.10E-09    0.12E-09    0.13E-09    0.14E-09    0.16E-09  ^
    0.17E-09    0.19E-09    0.20E-09    0.20E-09    0.19E-09  ^
    0.18E-09    0.16E-09    0.15E-09    0.14E-09    0.13E-09  ^
    0.12E-09    0.11E-09    0.10E-09    0.90E-10    0.74E-10  ^
    0.59E-10    0.45E-10    0.33E-10    0.24E-10    0.16E-10  ^
    0.11E-10    0.74E-11    0.48E-11    0.31E-11    0.20E-11  ^
    0.12E-11    0.75E-12    0.46E-12    0.28E-12    0.17E-12  ^
    0.10E-12    0.60E-13    0.36E-13    0.22E-13    0.14E-13  ^
    0.92E-14    0.67E-14    0.54E-14    0.50E-14    0.51E-14  ^
    0.56E-14    0.64E-14    0.74E-14    0.86E-14    0.10E-13  ^
    0.12E-13    0.14E-13    0.16E-13    0.18E-13    0.20E-13  ^
    0.23E-13    0.26E-13    0.29E-13    0.32E-13    0.35E-13  ^
    0.38E-13    0.42E-13    0.45E-13    0.49E-13    0.53E-13  ^
    0.57E-13    0.62E-13    0.66E-13    0.70E-13    0.74E-13  ^
    0.79E-13    0.83E-13    0.87E-13    0.90E-13    0.94E-13  ^
    0.98E-13    0.10E-12    0.10E-12    0.11E-12    0.11E-12  ^
    0.11E-12    0.12E-12    0.12E-12    0.12E-12    0.12E-12  ^
    0.12E-12    0.13E-12    0.13E-12    0.13E-12    0.13E-12  ^
    0.13E-12    0.13E-12    0.13E-12    0.13E-12    0.13E-12  ^

SO2     _ALT     0.33     0.98     1.62     2.28     2.93  ^
     3.58     4.23     4.88     5.53     6.18  ^
     6.83     7.48     8.12     8.78     9.42  ^
    10.07    10.72    11.38    12.03    12.67  ^
    13.32    13.97    14.62    15.28    15.93  ^
    16.57    17.23    17.88    18.52    19.18  ^
    19.82    20.48    21.12    21.77    22.43  ^
    23.07    23.73    24.38    25.02    25.68  ^
    26.32    26.98    27.62    28.27    28.93  ^
    29.57    30.23    30.88    31.53    32.18  ^
    32.83    33.48    34.13    34.78    35.43  ^
    36.08    36.73    37.38    38.03    38.68  ^
    39.33    39.98    40.63    41.28    41.93  ^
    42.58    43.23    43.88    44.53    45.18  ^
    45.83    46.48    47.13    47.78    48.43  ^
    49.08    49.73    50.38    51.03    51.68  ^
    52.33    52.98    53.63    54.28    54.93  ^
    55.58    56.23    56.88    57.53    58.18  ^
    58.83    59.48    60.13    60.78    61.43  ^
    62.08    62.73    63.38    64.03    64.67  ^

Molecule H2SO4   

H2SO4   _MR    0.18E-11    0.31E-11    0.44E-11    0.59E-11    0.74E-11  ^
    0.89E-11    0.10E-10    0.12E-10    0.13E-10    0.13E-10  ^
    0.13E-10    0.12E-10    0.11E-10    0.96E-11    0.83E-11  ^
    0.69E-11    0.58E-11    0.49E-11    0.42E-11    0.36E-11  ^
    0.32E-11    0.28E-11    0.23E-11    0.19E-11    0.15E-11  ^
    0.11E-11    0.77E-12    0.54E-12    0.37E-12    0.25E-12  ^
    0.17E-12    0.11E-12    0.72E-13    0.47E-13    0.30E-13  ^
    0.20E-13    0.13E-13    0.11E-13    0.13E-13    0.23E-13  ^
    0.52E-13    0.92E-13    0.12E-12    0.13E-12    0.14E-12  ^
    0.14E-12    0.15E-12    0.15E-12    0.15E-12    0.15E-12  ^
    0.15E-12    0.15E-12    0.14E-12    0.14E-12    0.14E-12  ^
    0.14E-12    0.14E-12    0.14E-12    0.13E-12    0.13E-12  ^
    0.13E-12    0.13E-12    0.12E-12    0.12E-12    0.12E-12  ^
    0.11E-12    0.11E-12    0.11E-12    0.10E-12    0.99E-13  ^
    0.95E-13    0.91E-13    0.86E-13    0.82E-13    0.78E-13  ^
    0.74E-13    0.70E-13    0.66E-13    0.62E-13    0.58E-13  ^
    0.55E-13    0.51E-13    0.48E-13    0.45E-13    0.42E-13  ^
    0.39E-13    0.37E-13    0.34E-13    0.32E-13    0.30E-13  ^
    0.28E-13    0.27E-13    0.25E-13    0.24E-13    0.23E-13  ^
    0.22E-13    0.21E-13    0.21E-13    0.20E-13    0.20E-13  ^

H2SO4   _ALT     0.33     0.98     1.62     2.28     2.93  ^
     3.58     4.23     4.88     5.53     6.18  ^
     6.83     7.48     8.12     8.78     9.42  ^
    10.07    10.72    11.38    12.03    12.67  ^
    13.32    13.97    14.62    15.28    15.93  ^
    16.57    17.23    17.88    18.52    19.18  ^
    19.82    20.48    21.12    21.77    22.43  ^
    23.07    23.73    24.38    25.02    25.68  ^
    26.32    26.98    27.62    28.27    28.93  ^
    29.57    30.23    30.88    31.53    32.18  ^
    32.83    33.48    34.13    34.78    35.43  ^
    36.08    36.73    37.38    38.03    38.68  ^
    39.33    39.98    40.63    41.28    41.93  ^
    42.58    43.23    43.88    44.53    45.18  ^
    45.83    46.48    47.13    47.78    48.43  ^
    49.08    49.73    50.38    51.03    51.68  ^
    52.33    52.98    53.63    54.28    54.93  ^
    55.58    56.23    56.88    57.53    58.18  ^
    58.83    59.48    60.13    60.78    61.43  ^
    62.08    62.73    63.38    64.03    64.67  ^

Molecule HSO     

HSO     _MR    0.45E-13    0.50E-13    0.53E-13    0.55E-13    0.58E-13  ^
    0.62E-13    0.66E-13    0.72E-13    0.79E-13    0.88E-13  ^
    0.99E-13    0.11E-12    0.12E-12    0.12E-12    0.10E-12  ^
    0.79E-13    0.60E-13    0.47E-13    0.37E-13    0.30E-13  ^
    0.24E-13    0.18E-13    0.13E-13    0.86E-14    0.49E-14  ^
    0.25E-14    0.11E-14    0.45E-15    0.16E-15    0.48E-16  ^
    0.14E-16    0.36E-17    0.84E-18    0.18E-18    0.36E-19  ^
    0.66E-20    0.11E-20    0.18E-21    0.26E-22    0.35E-23  ^
    0.44E-24    0.57E-25    0.11E-25    0.53E-26    0.40E-26  ^
    0.33E-26    0.30E-26    0.30E-26    0.34E-26    0.41E-26  ^
    0.52E-26    0.67E-26    0.89E-26    0.12E-25    0.15E-25  ^
    0.22E-25    0.22E-25    0.26E-25    0.30E-25    0.34E-25  ^
    0.37E-25    0.41E-25    0.43E-25    0.46E-25    0.47E-25  ^
    0.49E-25    0.50E-25    0.50E-25    0.51E-25    0.51E-25  ^
    0.52E-25    0.52E-25    0.53E-25    0.54E-25    0.56E-25  ^
    0.58E-25    0.62E-25    0.67E-25    0.74E-25    0.83E-25  ^
    0.95E-25    0.11E-24    0.13E-24    0.15E-24    0.19E-24  ^
    0.23E-24    0.28E-24    0.36E-24    0.46E-24    0.59E-24  ^
    0.78E-24    0.10E-23    0.14E-23    0.20E-23    0.27E-23  ^
    0.38E-23    0.54E-23    0.78E-23    0.12E-22    0.18E-22  ^

HSO     _ALT     0.33     0.98     1.62     2.28     2.93  ^
     3.58     4.23     4.88     5.53     6.18  ^
     6.83     7.48     8.12     8.78     9.42  ^
    10.07    10.72    11.38    12.03    12.67  ^
    13.32    13.97    14.62    15.28    15.93  ^
    16.57    17.23    17.88    18.52    19.18  ^
    19.82    20.48    21.12    21.77    22.43  ^
    23.07    23.73    24.38    25.02    25.68  ^
    26.32    26.98    27.62    28.27    28.93  ^
    29.57    30.23    30.88    31.53    32.18  ^
    32.83    33.48    34.13    34.78    35.43  ^
    36.08    36.73    37.38    38.03    38.68  ^
    39.33    39.98    40.63    41.28    41.93  ^
    42.58    43.23    43.88    44.53    45.18  ^
    45.83    46.48    47.13    47.78    48.43  ^
    49.08    49.73    50.38    51.03    51.68  ^
    52.33    52.98    53.63    54.28    54.93  ^
    55.58    56.23    56.88    57.53    58.18  ^
    58.83    59.48    60.13    60.78    61.43  ^
    62.08    62.73    63.38    64.03    64.67  ^
