
Molecule O2      

O2      _MR    0.21E+00    0.21E+00    0.21E+00    0.21E+00    0.21E+00  ^
    0.21E+00    0.21E+00    0.21E+00    0.21E+00    0.21E+00  ^
    0.21E+00    0.21E+00    0.21E+00    0.21E+00    0.21E+00  ^
    0.21E+00    0.21E+00    0.21E+00    0.21E+00    0.21E+00  ^
    0.21E+00    0.21E+00    0.21E+00    0.21E+00    0.21E+00  ^
    0.21E+00    0.21E+00    0.21E+00    0.21E+00    0.21E+00  ^
    0.21E+00    0.21E+00    0.21E+00    0.21E+00    0.21E+00  ^
    0.21E+00    0.21E+00    0.21E+00    0.21E+00    0.21E+00  ^
    0.21E+00    0.21E+00    0.21E+00    0.21E+00    0.21E+00  ^
    0.21E+00    0.21E+00    0.21E+00    0.21E+00    0.21E+00  ^
    0.21E+00    0.21E+00    0.21E+00    0.21E+00    0.21E+00  ^
    0.21E+00    0.21E+00    0.21E+00    0.21E+00    0.21E+00  ^
    0.21E+00    0.21E+00    0.21E+00    0.21E+00    0.21E+00  ^
    0.21E+00    0.21E+00    0.21E+00    0.21E+00    0.21E+00  ^
    0.21E+00    0.21E+00    0.21E+00    0.21E+00    0.21E+00  ^
    0.21E+00    0.21E+00    0.21E+00    0.21E+00    0.21E+00  ^
    0.21E+00    0.21E+00    0.21E+00    0.21E+00    0.21E+00  ^
    0.21E+00    0.21E+00    0.21E+00    0.21E+00    0.21E+00  ^
    0.21E+00    0.21E+00    0.21E+00    0.21E+00    0.21E+00  ^
    0.21E+00    0.21E+00    0.21E+00    0.21E+00    0.21E+00  ^

O2      _ALT     0.35     1.05     1.75     2.45     3.15  ^
     3.85     4.55     5.25     5.95     6.65  ^
     7.35     8.05     8.75     9.45    10.15  ^
    10.85    11.55    12.25    12.95    13.65  ^
    14.35    15.05    15.75    16.45    17.15  ^
    17.85    18.55    19.25    19.95    20.65  ^
    21.35    22.05    22.75    23.45    24.15  ^
    24.85    25.55    26.25    26.95    27.65  ^
    28.35    29.05    29.75    30.45    31.15  ^
    31.85    32.55    33.25    33.95    34.65  ^
    35.35    36.05    36.75    37.45    38.15  ^
    38.85    39.55    40.25    40.95    41.65  ^
    42.35    43.05    43.75    44.45    45.15  ^
    45.85    46.55    47.25    47.95    48.65  ^
    49.35    50.05    50.75    51.45    52.15  ^
    52.85    53.55    54.25    54.95    55.65  ^
    56.35    57.05    57.75    58.45    59.15  ^
    59.85    60.55    61.25    61.95    62.65  ^
    63.35    64.05    64.75    65.45    66.15  ^
    66.85    67.55    68.25    68.95    69.65  ^

Molecule CO2     

CO2     _MR    0.36E-03    0.36E-03    0.36E-03    0.36E-03    0.36E-03  ^
    0.36E-03    0.36E-03    0.36E-03    0.36E-03    0.36E-03  ^
    0.36E-03    0.36E-03    0.36E-03    0.36E-03    0.36E-03  ^
    0.36E-03    0.36E-03    0.36E-03    0.36E-03    0.36E-03  ^
    0.36E-03    0.36E-03    0.36E-03    0.36E-03    0.36E-03  ^
    0.36E-03    0.36E-03    0.36E-03    0.36E-03    0.36E-03  ^
    0.36E-03    0.36E-03    0.36E-03    0.36E-03    0.36E-03  ^
    0.36E-03    0.36E-03    0.36E-03    0.36E-03    0.36E-03  ^
    0.36E-03    0.36E-03    0.36E-03    0.36E-03    0.36E-03  ^
    0.36E-03    0.36E-03    0.36E-03    0.36E-03    0.36E-03  ^
    0.36E-03    0.36E-03    0.36E-03    0.36E-03    0.36E-03  ^
    0.36E-03    0.36E-03    0.36E-03    0.36E-03    0.36E-03  ^
    0.36E-03    0.36E-03    0.36E-03    0.36E-03    0.36E-03  ^
    0.36E-03    0.36E-03    0.36E-03    0.36E-03    0.36E-03  ^
    0.36E-03    0.36E-03    0.36E-03    0.36E-03    0.36E-03  ^
    0.36E-03    0.36E-03    0.36E-03    0.36E-03    0.36E-03  ^
    0.36E-03    0.36E-03    0.36E-03    0.36E-03    0.36E-03  ^
    0.36E-03    0.36E-03    0.36E-03    0.36E-03    0.36E-03  ^
    0.36E-03    0.36E-03    0.36E-03    0.36E-03    0.36E-03  ^
    0.36E-03    0.36E-03    0.36E-03    0.36E-03    0.36E-03  ^

CO2     _ALT     0.35     1.05     1.75     2.45     3.15  ^
     3.85     4.55     5.25     5.95     6.65  ^
     7.35     8.05     8.75     9.45    10.15  ^
    10.85    11.55    12.25    12.95    13.65  ^
    14.35    15.05    15.75    16.45    17.15  ^
    17.85    18.55    19.25    19.95    20.65  ^
    21.35    22.05    22.75    23.45    24.15  ^
    24.85    25.55    26.25    26.95    27.65  ^
    28.35    29.05    29.75    30.45    31.15  ^
    31.85    32.55    33.25    33.95    34.65  ^
    35.35    36.05    36.75    37.45    38.15  ^
    38.85    39.55    40.25    40.95    41.65  ^
    42.35    43.05    43.75    44.45    45.15  ^
    45.85    46.55    47.25    47.95    48.65  ^
    49.35    50.05    50.75    51.45    52.15  ^
    52.85    53.55    54.25    54.95    55.65  ^
    56.35    57.05    57.75    58.45    59.15  ^
    59.85    60.55    61.25    61.95    62.65  ^
    63.35    64.05    64.75    65.45    66.15  ^
    66.85    67.55    68.25    68.95    69.65  ^

Molecule H2CO    

H2CO    _MR    0.75E-09    0.87E-09    0.10E-08    0.12E-08    0.14E-08  ^
    0.16E-08    0.18E-08    0.20E-08    0.22E-08    0.23E-08  ^
    0.24E-08    0.25E-08    0.26E-08    0.26E-08    0.26E-08  ^
    0.25E-08    0.24E-08    0.23E-08    0.22E-08    0.21E-08  ^
    0.20E-08    0.19E-08    0.18E-08    0.17E-08    0.17E-08  ^
    0.17E-08    0.17E-08    0.18E-08    0.19E-08    0.22E-08  ^
    0.24E-08    0.27E-08    0.30E-08    0.34E-08    0.38E-08  ^
    0.42E-08    0.47E-08    0.53E-08    0.59E-08    0.66E-08  ^
    0.73E-08    0.81E-08    0.89E-08    0.98E-08    0.11E-07  ^
    0.12E-07    0.13E-07    0.14E-07    0.15E-07    0.17E-07  ^
    0.18E-07    0.20E-07    0.21E-07    0.23E-07    0.25E-07  ^
    0.26E-07    0.28E-07    0.29E-07    0.31E-07    0.32E-07  ^
    0.33E-07    0.34E-07    0.35E-07    0.36E-07    0.37E-07  ^
    0.37E-07    0.38E-07    0.38E-07    0.38E-07    0.38E-07  ^
    0.38E-07    0.38E-07    0.38E-07    0.38E-07    0.38E-07  ^
    0.37E-07    0.37E-07    0.36E-07    0.36E-07    0.35E-07  ^
    0.34E-07    0.34E-07    0.33E-07    0.32E-07    0.31E-07  ^
    0.30E-07    0.29E-07    0.29E-07    0.28E-07    0.27E-07  ^
    0.26E-07    0.25E-07    0.24E-07    0.22E-07    0.21E-07  ^
    0.18E-07    0.16E-07    0.13E-07    0.99E-08    0.77E-08  ^

H2CO    _ALT     0.35     1.05     1.75     2.45     3.15  ^
     3.85     4.55     5.25     5.95     6.65  ^
     7.35     8.05     8.75     9.45    10.15  ^
    10.85    11.55    12.25    12.95    13.65  ^
    14.35    15.05    15.75    16.45    17.15  ^
    17.85    18.55    19.25    19.95    20.65  ^
    21.35    22.05    22.75    23.45    24.15  ^
    24.85    25.55    26.25    26.95    27.65  ^
    28.35    29.05    29.75    30.45    31.15  ^
    31.85    32.55    33.25    33.95    34.65  ^
    35.35    36.05    36.75    37.45    38.15  ^
    38.85    39.55    40.25    40.95    41.65  ^
    42.35    43.05    43.75    44.45    45.15  ^
    45.85    46.55    47.25    47.95    48.65  ^
    49.35    50.05    50.75    51.45    52.15  ^
    52.85    53.55    54.25    54.95    55.65  ^
    56.35    57.05    57.75    58.45    59.15  ^
    59.85    60.55    61.25    61.95    62.65  ^
    63.35    64.05    64.75    65.45    66.15  ^
    66.85    67.55    68.25    68.95    69.65  ^

Molecule O       

O       _MR    0.15E-16    0.18E-16    0.22E-16    0.27E-16    0.33E-16  ^
    0.40E-16    0.49E-16    0.60E-16    0.73E-16    0.88E-16  ^
    0.11E-15    0.13E-15    0.15E-15    0.18E-15    0.21E-15  ^
    0.24E-15    0.28E-15    0.32E-15    0.39E-15    0.46E-15  ^
    0.56E-15    0.68E-15    0.84E-15    0.11E-14    0.14E-14  ^
    0.18E-14    0.24E-14    0.34E-14    0.49E-14    0.72E-14  ^
    0.11E-13    0.16E-13    0.24E-13    0.36E-13    0.54E-13  ^
    0.80E-13    0.12E-12    0.17E-12    0.25E-12    0.36E-12  ^
    0.50E-12    0.71E-12    0.97E-12    0.13E-11    0.18E-11  ^
    0.24E-11    0.31E-11    0.41E-11    0.53E-11    0.68E-11  ^
    0.87E-11    0.11E-10    0.14E-10    0.17E-10    0.22E-10  ^
    0.27E-10    0.33E-10    0.40E-10    0.49E-10    0.59E-10  ^
    0.72E-10    0.87E-10    0.10E-09    0.13E-09    0.15E-09  ^
    0.18E-09    0.21E-09    0.25E-09    0.30E-09    0.36E-09  ^
    0.43E-09    0.52E-09    0.62E-09    0.74E-09    0.88E-09  ^
    0.11E-08    0.13E-08    0.15E-08    0.18E-08    0.21E-08  ^
    0.25E-08    0.30E-08    0.35E-08    0.41E-08    0.47E-08  ^
    0.54E-08    0.62E-08    0.71E-08    0.80E-08    0.90E-08  ^
    0.10E-07    0.12E-07    0.13E-07    0.16E-07    0.19E-07  ^
    0.24E-07    0.30E-07    0.42E-07    0.63E-07    0.12E-06  ^

O       _ALT     0.35     1.05     1.75     2.45     3.15  ^
     3.85     4.55     5.25     5.95     6.65  ^
     7.35     8.05     8.75     9.45    10.15  ^
    10.85    11.55    12.25    12.95    13.65  ^
    14.35    15.05    15.75    16.45    17.15  ^
    17.85    18.55    19.25    19.95    20.65  ^
    21.35    22.05    22.75    23.45    24.15  ^
    24.85    25.55    26.25    26.95    27.65  ^
    28.35    29.05    29.75    30.45    31.15  ^
    31.85    32.55    33.25    33.95    34.65  ^
    35.35    36.05    36.75    37.45    38.15  ^
    38.85    39.55    40.25    40.95    41.65  ^
    42.35    43.05    43.75    44.45    45.15  ^
    45.85    46.55    47.25    47.95    48.65  ^
    49.35    50.05    50.75    51.45    52.15  ^
    52.85    53.55    54.25    54.95    55.65  ^
    56.35    57.05    57.75    58.45    59.15  ^
    59.85    60.55    61.25    61.95    62.65  ^
    63.35    64.05    64.75    65.45    66.15  ^
    66.85    67.55    68.25    68.95    69.65  ^

Molecule H2O     

H2O     _MR    0.29E-01    0.24E-01    0.21E-01    0.18E-01    0.15E-01  ^
    0.12E-01    0.10E-01    0.84E-02    0.68E-02    0.55E-02  ^
    0.42E-02    0.32E-02    0.24E-02    0.18E-02    0.12E-02  ^
    0.83E-03    0.53E-03    0.35E-03    0.28E-03    0.23E-03  ^
    0.18E-03    0.15E-03    0.15E-03    0.15E-03    0.15E-03  ^
    0.14E-03    0.14E-03    0.14E-03    0.14E-03    0.14E-03  ^
    0.14E-03    0.14E-03    0.14E-03    0.14E-03    0.14E-03  ^
    0.14E-03    0.14E-03    0.14E-03    0.14E-03    0.15E-03  ^
    0.15E-03    0.15E-03    0.15E-03    0.15E-03    0.15E-03  ^
    0.15E-03    0.15E-03    0.15E-03    0.16E-03    0.16E-03  ^
    0.16E-03    0.16E-03    0.16E-03    0.16E-03    0.16E-03  ^
    0.16E-03    0.17E-03    0.17E-03    0.17E-03    0.17E-03  ^
    0.17E-03    0.17E-03    0.17E-03    0.17E-03    0.17E-03  ^
    0.17E-03    0.17E-03    0.18E-03    0.18E-03    0.18E-03  ^
    0.18E-03    0.18E-03    0.18E-03    0.18E-03    0.18E-03  ^
    0.18E-03    0.18E-03    0.17E-03    0.17E-03    0.17E-03  ^
    0.17E-03    0.17E-03    0.17E-03    0.17E-03    0.17E-03  ^
    0.16E-03    0.16E-03    0.16E-03    0.16E-03    0.15E-03  ^
    0.15E-03    0.15E-03    0.14E-03    0.14E-03    0.13E-03  ^
    0.13E-03    0.12E-03    0.12E-03    0.11E-03    0.11E-03  ^

H2O     _ALT     0.35     1.05     1.75     2.45     3.15  ^
     3.85     4.55     5.25     5.95     6.65  ^
     7.35     8.05     8.75     9.45    10.15  ^
    10.85    11.55    12.25    12.95    13.65  ^
    14.35    15.05    15.75    16.45    17.15  ^
    17.85    18.55    19.25    19.95    20.65  ^
    21.35    22.05    22.75    23.45    24.15  ^
    24.85    25.55    26.25    26.95    27.65  ^
    28.35    29.05    29.75    30.45    31.15  ^
    31.85    32.55    33.25    33.95    34.65  ^
    35.35    36.05    36.75    37.45    38.15  ^
    38.85    39.55    40.25    40.95    41.65  ^
    42.35    43.05    43.75    44.45    45.15  ^
    45.85    46.55    47.25    47.95    48.65  ^
    49.35    50.05    50.75    51.45    52.15  ^
    52.85    53.55    54.25    54.95    55.65  ^
    56.35    57.05    57.75    58.45    59.15  ^
    59.85    60.55    61.25    61.95    62.65  ^
    63.35    64.05    64.75    65.45    66.15  ^
    66.85    67.55    68.25    68.95    69.65  ^

Molecule OH      

OH      _MR    0.29E-16    0.37E-16    0.46E-16    0.57E-16    0.71E-16  ^
    0.88E-16    0.11E-15    0.13E-15    0.17E-15    0.20E-15  ^
    0.24E-15    0.28E-15    0.33E-15    0.38E-15    0.44E-15  ^
    0.50E-15    0.54E-15    0.57E-15    0.61E-15    0.66E-15  ^
    0.71E-15    0.77E-15    0.85E-15    0.95E-15    0.11E-14  ^
    0.13E-14    0.15E-14    0.19E-14    0.23E-14    0.29E-14  ^
    0.37E-14    0.46E-14    0.58E-14    0.72E-14    0.90E-14  ^
    0.11E-13    0.14E-13    0.17E-13    0.21E-13    0.27E-13  ^
    0.33E-13    0.41E-13    0.51E-13    0.64E-13    0.80E-13  ^
    0.10E-12    0.13E-12    0.16E-12    0.21E-12    0.27E-12  ^
    0.34E-12    0.44E-12    0.58E-12    0.75E-12    0.96E-12  ^
    0.12E-11    0.16E-11    0.20E-11    0.25E-11    0.30E-11  ^
    0.37E-11    0.45E-11    0.53E-11    0.63E-11    0.73E-11  ^
    0.85E-11    0.98E-11    0.11E-10    0.13E-10    0.14E-10  ^
    0.16E-10    0.18E-10    0.21E-10    0.24E-10    0.27E-10  ^
    0.31E-10    0.35E-10    0.41E-10    0.48E-10    0.56E-10  ^
    0.65E-10    0.77E-10    0.91E-10    0.11E-09    0.13E-09  ^
    0.16E-09    0.19E-09    0.24E-09    0.30E-09    0.38E-09  ^
    0.48E-09    0.61E-09    0.77E-09    0.99E-09    0.13E-08  ^
    0.16E-08    0.21E-08    0.27E-08    0.35E-08    0.49E-08  ^

OH      _ALT     0.35     1.05     1.75     2.45     3.15  ^
     3.85     4.55     5.25     5.95     6.65  ^
     7.35     8.05     8.75     9.45    10.15  ^
    10.85    11.55    12.25    12.95    13.65  ^
    14.35    15.05    15.75    16.45    17.15  ^
    17.85    18.55    19.25    19.95    20.65  ^
    21.35    22.05    22.75    23.45    24.15  ^
    24.85    25.55    26.25    26.95    27.65  ^
    28.35    29.05    29.75    30.45    31.15  ^
    31.85    32.55    33.25    33.95    34.65  ^
    35.35    36.05    36.75    37.45    38.15  ^
    38.85    39.55    40.25    40.95    41.65  ^
    42.35    43.05    43.75    44.45    45.15  ^
    45.85    46.55    47.25    47.95    48.65  ^
    49.35    50.05    50.75    51.45    52.15  ^
    52.85    53.55    54.25    54.95    55.65  ^
    56.35    57.05    57.75    58.45    59.15  ^
    59.85    60.55    61.25    61.95    62.65  ^
    63.35    64.05    64.75    65.45    66.15  ^
    66.85    67.55    68.25    68.95    69.65  ^

Molecule HO2     

HO2     _MR    0.14E-11    0.16E-11    0.18E-11    0.20E-11    0.22E-11  ^
    0.25E-11    0.27E-11    0.30E-11    0.32E-11    0.34E-11  ^
    0.37E-11    0.39E-11    0.41E-11    0.43E-11    0.45E-11  ^
    0.47E-11    0.47E-11    0.48E-11    0.50E-11    0.52E-11  ^
    0.55E-11    0.58E-11    0.61E-11    0.65E-11    0.69E-11  ^
    0.74E-11    0.80E-11    0.87E-11    0.96E-11    0.10E-10  ^
    0.11E-10    0.12E-10    0.13E-10    0.14E-10    0.15E-10  ^
    0.16E-10    0.18E-10    0.19E-10    0.21E-10    0.23E-10  ^
    0.25E-10    0.27E-10    0.30E-10    0.34E-10    0.38E-10  ^
    0.42E-10    0.48E-10    0.54E-10    0.61E-10    0.69E-10  ^
    0.78E-10    0.89E-10    0.10E-09    0.11E-09    0.13E-09  ^
    0.14E-09    0.15E-09    0.17E-09    0.18E-09    0.20E-09  ^
    0.22E-09    0.23E-09    0.25E-09    0.26E-09    0.28E-09  ^
    0.29E-09    0.31E-09    0.32E-09    0.34E-09    0.35E-09  ^
    0.37E-09    0.38E-09    0.39E-09    0.40E-09    0.41E-09  ^
    0.42E-09    0.43E-09    0.43E-09    0.44E-09    0.45E-09  ^
    0.45E-09    0.46E-09    0.48E-09    0.49E-09    0.52E-09  ^
    0.55E-09    0.59E-09    0.64E-09    0.71E-09    0.79E-09  ^
    0.88E-09    0.98E-09    0.11E-08    0.12E-08    0.13E-08  ^
    0.14E-08    0.14E-08    0.15E-08    0.16E-08    0.19E-08  ^

HO2     _ALT     0.35     1.05     1.75     2.45     3.15  ^
     3.85     4.55     5.25     5.95     6.65  ^
     7.35     8.05     8.75     9.45    10.15  ^
    10.85    11.55    12.25    12.95    13.65  ^
    14.35    15.05    15.75    16.45    17.15  ^
    17.85    18.55    19.25    19.95    20.65  ^
    21.35    22.05    22.75    23.45    24.15  ^
    24.85    25.55    26.25    26.95    27.65  ^
    28.35    29.05    29.75    30.45    31.15  ^
    31.85    32.55    33.25    33.95    34.65  ^
    35.35    36.05    36.75    37.45    38.15  ^
    38.85    39.55    40.25    40.95    41.65  ^
    42.35    43.05    43.75    44.45    45.15  ^
    45.85    46.55    47.25    47.95    48.65  ^
    49.35    50.05    50.75    51.45    52.15  ^
    52.85    53.55    54.25    54.95    55.65  ^
    56.35    57.05    57.75    58.45    59.15  ^
    59.85    60.55    61.25    61.95    62.65  ^
    63.35    64.05    64.75    65.45    66.15  ^
    66.85    67.55    68.25    68.95    69.65  ^

Molecule H2O2    

H2O2    _MR    0.13E-09    0.16E-09    0.20E-09    0.25E-09    0.32E-09  ^
    0.39E-09    0.47E-09    0.56E-09    0.65E-09    0.74E-09  ^
    0.84E-09    0.94E-09    0.10E-08    0.11E-08    0.13E-08  ^
    0.14E-08    0.14E-08    0.15E-08    0.16E-08    0.17E-08  ^
    0.18E-08    0.19E-08    0.20E-08    0.22E-08    0.24E-08  ^
    0.26E-08    0.30E-08    0.34E-08    0.38E-08    0.42E-08  ^
    0.47E-08    0.50E-08    0.54E-08    0.57E-08    0.60E-08  ^
    0.62E-08    0.65E-08    0.68E-08    0.71E-08    0.75E-08  ^
    0.79E-08    0.85E-08    0.91E-08    0.98E-08    0.11E-07  ^
    0.12E-07    0.13E-07    0.14E-07    0.15E-07    0.16E-07  ^
    0.17E-07    0.18E-07    0.19E-07    0.20E-07    0.20E-07  ^
    0.20E-07    0.21E-07    0.21E-07    0.20E-07    0.20E-07  ^
    0.20E-07    0.19E-07    0.19E-07    0.18E-07    0.17E-07  ^
    0.17E-07    0.16E-07    0.15E-07    0.15E-07    0.14E-07  ^
    0.13E-07    0.13E-07    0.12E-07    0.11E-07    0.11E-07  ^
    0.98E-08    0.90E-08    0.83E-08    0.76E-08    0.69E-08  ^
    0.63E-08    0.58E-08    0.53E-08    0.50E-08    0.47E-08  ^
    0.44E-08    0.43E-08    0.42E-08    0.41E-08    0.41E-08  ^
    0.41E-08    0.41E-08    0.41E-08    0.40E-08    0.39E-08  ^
    0.38E-08    0.37E-08    0.36E-08    0.36E-08    0.37E-08  ^

H2O2    _ALT     0.35     1.05     1.75     2.45     3.15  ^
     3.85     4.55     5.25     5.95     6.65  ^
     7.35     8.05     8.75     9.45    10.15  ^
    10.85    11.55    12.25    12.95    13.65  ^
    14.35    15.05    15.75    16.45    17.15  ^
    17.85    18.55    19.25    19.95    20.65  ^
    21.35    22.05    22.75    23.45    24.15  ^
    24.85    25.55    26.25    26.95    27.65  ^
    28.35    29.05    29.75    30.45    31.15  ^
    31.85    32.55    33.25    33.95    34.65  ^
    35.35    36.05    36.75    37.45    38.15  ^
    38.85    39.55    40.25    40.95    41.65  ^
    42.35    43.05    43.75    44.45    45.15  ^
    45.85    46.55    47.25    47.95    48.65  ^
    49.35    50.05    50.75    51.45    52.15  ^
    52.85    53.55    54.25    54.95    55.65  ^
    56.35    57.05    57.75    58.45    59.15  ^
    59.85    60.55    61.25    61.95    62.65  ^
    63.35    64.05    64.75    65.45    66.15  ^
    66.85    67.55    68.25    68.95    69.65  ^

Molecule O3      

O3      _MR    0.16E-07    0.17E-07    0.18E-07    0.19E-07    0.21E-07  ^
    0.22E-07    0.24E-07    0.26E-07    0.27E-07    0.29E-07  ^
    0.31E-07    0.32E-07    0.34E-07    0.35E-07    0.37E-07  ^
    0.38E-07    0.39E-07    0.40E-07    0.41E-07    0.42E-07  ^
    0.43E-07    0.44E-07    0.45E-07    0.48E-07    0.51E-07  ^
    0.56E-07    0.64E-07    0.74E-07    0.88E-07    0.11E-06  ^
    0.13E-06    0.16E-06    0.20E-06    0.24E-06    0.30E-06  ^
    0.36E-06    0.43E-06    0.51E-06    0.60E-06    0.70E-06  ^
    0.80E-06    0.91E-06    0.10E-05    0.11E-05    0.12E-05  ^
    0.13E-05    0.14E-05    0.15E-05    0.16E-05    0.17E-05  ^
    0.17E-05    0.18E-05    0.18E-05    0.18E-05    0.18E-05  ^
    0.18E-05    0.18E-05    0.17E-05    0.17E-05    0.17E-05  ^
    0.16E-05    0.15E-05    0.15E-05    0.14E-05    0.14E-05  ^
    0.13E-05    0.13E-05    0.12E-05    0.12E-05    0.12E-05  ^
    0.11E-05    0.11E-05    0.10E-05    0.10E-05    0.10E-05  ^
    0.97E-06    0.95E-06    0.93E-06    0.91E-06    0.89E-06  ^
    0.87E-06    0.85E-06    0.83E-06    0.80E-06    0.76E-06  ^
    0.73E-06    0.69E-06    0.64E-06    0.60E-06    0.56E-06  ^
    0.52E-06    0.49E-06    0.47E-06    0.46E-06    0.46E-06  ^
    0.48E-06    0.54E-06    0.66E-06    0.91E-06    0.14E-05  ^

O3      _ALT     0.35     1.05     1.75     2.45     3.15  ^
     3.85     4.55     5.25     5.95     6.65  ^
     7.35     8.05     8.75     9.45    10.15  ^
    10.85    11.55    12.25    12.95    13.65  ^
    14.35    15.05    15.75    16.45    17.15  ^
    17.85    18.55    19.25    19.95    20.65  ^
    21.35    22.05    22.75    23.45    24.15  ^
    24.85    25.55    26.25    26.95    27.65  ^
    28.35    29.05    29.75    30.45    31.15  ^
    31.85    32.55    33.25    33.95    34.65  ^
    35.35    36.05    36.75    37.45    38.15  ^
    38.85    39.55    40.25    40.95    41.65  ^
    42.35    43.05    43.75    44.45    45.15  ^
    45.85    46.55    47.25    47.95    48.65  ^
    49.35    50.05    50.75    51.45    52.15  ^
    52.85    53.55    54.25    54.95    55.65  ^
    56.35    57.05    57.75    58.45    59.15  ^
    59.85    60.55    61.25    61.95    62.65  ^
    63.35    64.05    64.75    65.45    66.15  ^
    66.85    67.55    68.25    68.95    69.65  ^

Molecule H       

H       _MR    0.13E-21    0.17E-21    0.23E-21    0.30E-21    0.40E-21  ^
    0.52E-21    0.67E-21    0.86E-21    0.11E-20    0.14E-20  ^
    0.17E-20    0.21E-20    0.25E-20    0.30E-20    0.35E-20  ^
    0.41E-20    0.45E-20    0.50E-20    0.57E-20    0.65E-20  ^
    0.75E-20    0.87E-20    0.10E-19    0.12E-19    0.15E-19  ^
    0.19E-19    0.24E-19    0.31E-19    0.42E-19    0.58E-19  ^
    0.80E-19    0.11E-18    0.15E-18    0.20E-18    0.28E-18  ^
    0.38E-18    0.53E-18    0.73E-18    0.10E-17    0.14E-17  ^
    0.19E-17    0.26E-17    0.36E-17    0.50E-17    0.68E-17  ^
    0.94E-17    0.13E-16    0.18E-16    0.25E-16    0.36E-16  ^
    0.50E-16    0.71E-16    0.10E-15    0.14E-15    0.20E-15  ^
    0.29E-15    0.40E-15    0.56E-15    0.77E-15    0.11E-14  ^
    0.14E-14    0.19E-14    0.25E-14    0.33E-14    0.43E-14  ^
    0.56E-14    0.72E-14    0.91E-14    0.11E-13    0.14E-13  ^
    0.18E-13    0.23E-13    0.29E-13    0.36E-13    0.45E-13  ^
    0.57E-13    0.73E-13    0.93E-13    0.12E-12    0.15E-12  ^
    0.20E-12    0.26E-12    0.35E-12    0.46E-12    0.63E-12  ^
    0.86E-12    0.12E-11    0.17E-11    0.24E-11    0.34E-11  ^
    0.50E-11    0.75E-11    0.11E-10    0.17E-10    0.26E-10  ^
    0.41E-10    0.66E-10    0.11E-09    0.21E-09    0.52E-09  ^

H       _ALT     0.35     1.05     1.75     2.45     3.15  ^
     3.85     4.55     5.25     5.95     6.65  ^
     7.35     8.05     8.75     9.45    10.15  ^
    10.85    11.55    12.25    12.95    13.65  ^
    14.35    15.05    15.75    16.45    17.15  ^
    17.85    18.55    19.25    19.95    20.65  ^
    21.35    22.05    22.75    23.45    24.15  ^
    24.85    25.55    26.25    26.95    27.65  ^
    28.35    29.05    29.75    30.45    31.15  ^
    31.85    32.55    33.25    33.95    34.65  ^
    35.35    36.05    36.75    37.45    38.15  ^
    38.85    39.55    40.25    40.95    41.65  ^
    42.35    43.05    43.75    44.45    45.15  ^
    45.85    46.55    47.25    47.95    48.65  ^
    49.35    50.05    50.75    51.45    52.15  ^
    52.85    53.55    54.25    54.95    55.65  ^
    56.35    57.05    57.75    58.45    59.15  ^
    59.85    60.55    61.25    61.95    62.65  ^
    63.35    64.05    64.75    65.45    66.15  ^
    66.85    67.55    68.25    68.95    69.65  ^

Molecule H2      

H2      _MR    0.56E-05    0.56E-05    0.56E-05    0.56E-05    0.56E-05  ^
    0.56E-05    0.56E-05    0.56E-05    0.56E-05    0.56E-05  ^
    0.56E-05    0.56E-05    0.56E-05    0.56E-05    0.56E-05  ^
    0.56E-05    0.56E-05    0.56E-05    0.56E-05    0.56E-05  ^
    0.56E-05    0.56E-05    0.56E-05    0.56E-05    0.56E-05  ^
    0.56E-05    0.56E-05    0.57E-05    0.57E-05    0.58E-05  ^
    0.58E-05    0.59E-05    0.60E-05    0.61E-05    0.62E-05  ^
    0.63E-05    0.64E-05    0.66E-05    0.67E-05    0.69E-05  ^
    0.70E-05    0.72E-05    0.74E-05    0.75E-05    0.77E-05  ^
    0.79E-05    0.81E-05    0.82E-05    0.84E-05    0.86E-05  ^
    0.87E-05    0.89E-05    0.90E-05    0.92E-05    0.93E-05  ^
    0.95E-05    0.96E-05    0.97E-05    0.98E-05    0.10E-04  ^
    0.10E-04    0.10E-04    0.10E-04    0.10E-04    0.10E-04  ^
    0.11E-04    0.11E-04    0.11E-04    0.11E-04    0.11E-04  ^
    0.11E-04    0.11E-04    0.11E-04    0.11E-04    0.11E-04  ^
    0.11E-04    0.11E-04    0.11E-04    0.11E-04    0.11E-04  ^
    0.11E-04    0.11E-04    0.11E-04    0.11E-04    0.11E-04  ^
    0.11E-04    0.11E-04    0.11E-04    0.11E-04    0.11E-04  ^
    0.12E-04    0.12E-04    0.12E-04    0.12E-04    0.12E-04  ^
    0.12E-04    0.12E-04    0.12E-04    0.12E-04    0.12E-04  ^

H2      _ALT     0.35     1.05     1.75     2.45     3.15  ^
     3.85     4.55     5.25     5.95     6.65  ^
     7.35     8.05     8.75     9.45    10.15  ^
    10.85    11.55    12.25    12.95    13.65  ^
    14.35    15.05    15.75    16.45    17.15  ^
    17.85    18.55    19.25    19.95    20.65  ^
    21.35    22.05    22.75    23.45    24.15  ^
    24.85    25.55    26.25    26.95    27.65  ^
    28.35    29.05    29.75    30.45    31.15  ^
    31.85    32.55    33.25    33.95    34.65  ^
    35.35    36.05    36.75    37.45    38.15  ^
    38.85    39.55    40.25    40.95    41.65  ^
    42.35    43.05    43.75    44.45    45.15  ^
    45.85    46.55    47.25    47.95    48.65  ^
    49.35    50.05    50.75    51.45    52.15  ^
    52.85    53.55    54.25    54.95    55.65  ^
    56.35    57.05    57.75    58.45    59.15  ^
    59.85    60.55    61.25    61.95    62.65  ^
    63.35    64.05    64.75    65.45    66.15  ^
    66.85    67.55    68.25    68.95    69.65  ^

Molecule CH4     

CH4     _MR    0.50E-03    0.50E-03    0.50E-03    0.50E-03    0.50E-03  ^
    0.50E-03    0.50E-03    0.50E-03    0.50E-03    0.50E-03  ^
    0.50E-03    0.50E-03    0.50E-03    0.50E-03    0.50E-03  ^
    0.50E-03    0.50E-03    0.50E-03    0.50E-03    0.50E-03  ^
    0.50E-03    0.50E-03    0.50E-03    0.50E-03    0.50E-03  ^
    0.50E-03    0.50E-03    0.50E-03    0.50E-03    0.50E-03  ^
    0.50E-03    0.50E-03    0.50E-03    0.50E-03    0.50E-03  ^
    0.50E-03    0.50E-03    0.50E-03    0.50E-03    0.50E-03  ^
    0.49E-03    0.49E-03    0.49E-03    0.49E-03    0.49E-03  ^
    0.49E-03    0.49E-03    0.49E-03    0.49E-03    0.49E-03  ^
    0.49E-03    0.48E-03    0.48E-03    0.48E-03    0.48E-03  ^
    0.48E-03    0.48E-03    0.48E-03    0.48E-03    0.48E-03  ^
    0.48E-03    0.48E-03    0.47E-03    0.47E-03    0.47E-03  ^
    0.47E-03    0.47E-03    0.47E-03    0.47E-03    0.47E-03  ^
    0.47E-03    0.47E-03    0.47E-03    0.46E-03    0.46E-03  ^
    0.46E-03    0.46E-03    0.46E-03    0.46E-03    0.46E-03  ^
    0.46E-03    0.46E-03    0.46E-03    0.46E-03    0.46E-03  ^
    0.46E-03    0.46E-03    0.46E-03    0.46E-03    0.45E-03  ^
    0.45E-03    0.45E-03    0.45E-03    0.45E-03    0.45E-03  ^
    0.45E-03    0.45E-03    0.45E-03    0.45E-03    0.45E-03  ^

CH4     _ALT     0.35     1.05     1.75     2.45     3.15  ^
     3.85     4.55     5.25     5.95     6.65  ^
     7.35     8.05     8.75     9.45    10.15  ^
    10.85    11.55    12.25    12.95    13.65  ^
    14.35    15.05    15.75    16.45    17.15  ^
    17.85    18.55    19.25    19.95    20.65  ^
    21.35    22.05    22.75    23.45    24.15  ^
    24.85    25.55    26.25    26.95    27.65  ^
    28.35    29.05    29.75    30.45    31.15  ^
    31.85    32.55    33.25    33.95    34.65  ^
    35.35    36.05    36.75    37.45    38.15  ^
    38.85    39.55    40.25    40.95    41.65  ^
    42.35    43.05    43.75    44.45    45.15  ^
    45.85    46.55    47.25    47.95    48.65  ^
    49.35    50.05    50.75    51.45    52.15  ^
    52.85    53.55    54.25    54.95    55.65  ^
    56.35    57.05    57.75    58.45    59.15  ^
    59.85    60.55    61.25    61.95    62.65  ^
    63.35    64.05    64.75    65.45    66.15  ^
    66.85    67.55    68.25    68.95    69.65  ^

Molecule CO      

CO      _MR    0.33E-05    0.33E-05    0.33E-05    0.33E-05    0.33E-05  ^
    0.33E-05    0.33E-05    0.33E-05    0.33E-05    0.33E-05  ^
    0.33E-05    0.33E-05    0.33E-05    0.33E-05    0.33E-05  ^
    0.33E-05    0.33E-05    0.33E-05    0.33E-05    0.33E-05  ^
    0.33E-05    0.33E-05    0.33E-05    0.33E-05    0.33E-05  ^
    0.33E-05    0.33E-05    0.33E-05    0.33E-05    0.33E-05  ^
    0.33E-05    0.33E-05    0.33E-05    0.33E-05    0.33E-05  ^
    0.34E-05    0.34E-05    0.34E-05    0.34E-05    0.34E-05  ^
    0.34E-05    0.34E-05    0.34E-05    0.34E-05    0.34E-05  ^
    0.34E-05    0.34E-05    0.34E-05    0.34E-05    0.34E-05  ^
    0.34E-05    0.34E-05    0.34E-05    0.34E-05    0.34E-05  ^
    0.34E-05    0.34E-05    0.34E-05    0.34E-05    0.34E-05  ^
    0.34E-05    0.34E-05    0.35E-05    0.35E-05    0.35E-05  ^
    0.35E-05    0.35E-05    0.35E-05    0.35E-05    0.35E-05  ^
    0.34E-05    0.34E-05    0.34E-05    0.34E-05    0.33E-05  ^
    0.33E-05    0.33E-05    0.32E-05    0.32E-05    0.31E-05  ^
    0.30E-05    0.30E-05    0.29E-05    0.28E-05    0.27E-05  ^
    0.26E-05    0.25E-05    0.24E-05    0.23E-05    0.22E-05  ^
    0.21E-05    0.20E-05    0.19E-05    0.18E-05    0.17E-05  ^
    0.16E-05    0.15E-05    0.14E-05    0.13E-05    0.13E-05  ^

CO      _ALT     0.35     1.05     1.75     2.45     3.15  ^
     3.85     4.55     5.25     5.95     6.65  ^
     7.35     8.05     8.75     9.45    10.15  ^
    10.85    11.55    12.25    12.95    13.65  ^
    14.35    15.05    15.75    16.45    17.15  ^
    17.85    18.55    19.25    19.95    20.65  ^
    21.35    22.05    22.75    23.45    24.15  ^
    24.85    25.55    26.25    26.95    27.65  ^
    28.35    29.05    29.75    30.45    31.15  ^
    31.85    32.55    33.25    33.95    34.65  ^
    35.35    36.05    36.75    37.45    38.15  ^
    38.85    39.55    40.25    40.95    41.65  ^
    42.35    43.05    43.75    44.45    45.15  ^
    45.85    46.55    47.25    47.95    48.65  ^
    49.35    50.05    50.75    51.45    52.15  ^
    52.85    53.55    54.25    54.95    55.65  ^
    56.35    57.05    57.75    58.45    59.15  ^
    59.85    60.55    61.25    61.95    62.65  ^
    63.35    64.05    64.75    65.45    66.15  ^
    66.85    67.55    68.25    68.95    69.65  ^

Molecule CH3OOH  

CH3OOH  _MR    0.50E-09    0.60E-09    0.73E-09    0.90E-09    0.11E-08  ^
    0.13E-08    0.15E-08    0.18E-08    0.20E-08    0.22E-08  ^
    0.25E-08    0.27E-08    0.30E-08    0.32E-08    0.35E-08  ^
    0.37E-08    0.39E-08    0.42E-08    0.44E-08    0.46E-08  ^
    0.48E-08    0.50E-08    0.53E-08    0.57E-08    0.63E-08  ^
    0.71E-08    0.81E-08    0.93E-08    0.11E-07    0.12E-07  ^
    0.14E-07    0.16E-07    0.18E-07    0.19E-07    0.21E-07  ^
    0.22E-07    0.23E-07    0.24E-07    0.25E-07    0.26E-07  ^
    0.26E-07    0.27E-07    0.27E-07    0.27E-07    0.27E-07  ^
    0.26E-07    0.26E-07    0.25E-07    0.24E-07    0.23E-07  ^
    0.21E-07    0.20E-07    0.19E-07    0.17E-07    0.16E-07  ^
    0.15E-07    0.13E-07    0.12E-07    0.12E-07    0.11E-07  ^
    0.10E-07    0.98E-08    0.93E-08    0.90E-08    0.87E-08  ^
    0.85E-08    0.84E-08    0.83E-08    0.82E-08    0.82E-08  ^
    0.83E-08    0.84E-08    0.85E-08    0.86E-08    0.88E-08  ^
    0.89E-08    0.89E-08    0.90E-08    0.90E-08    0.89E-08  ^
    0.88E-08    0.86E-08    0.84E-08    0.81E-08    0.78E-08  ^
    0.75E-08    0.71E-08    0.66E-08    0.61E-08    0.56E-08  ^
    0.50E-08    0.44E-08    0.38E-08    0.32E-08    0.26E-08  ^
    0.20E-08    0.15E-08    0.10E-08    0.71E-09    0.49E-09  ^

CH3OOH  _ALT     0.35     1.05     1.75     2.45     3.15  ^
     3.85     4.55     5.25     5.95     6.65  ^
     7.35     8.05     8.75     9.45    10.15  ^
    10.85    11.55    12.25    12.95    13.65  ^
    14.35    15.05    15.75    16.45    17.15  ^
    17.85    18.55    19.25    19.95    20.65  ^
    21.35    22.05    22.75    23.45    24.15  ^
    24.85    25.55    26.25    26.95    27.65  ^
    28.35    29.05    29.75    30.45    31.15  ^
    31.85    32.55    33.25    33.95    34.65  ^
    35.35    36.05    36.75    37.45    38.15  ^
    38.85    39.55    40.25    40.95    41.65  ^
    42.35    43.05    43.75    44.45    45.15  ^
    45.85    46.55    47.25    47.95    48.65  ^
    49.35    50.05    50.75    51.45    52.15  ^
    52.85    53.55    54.25    54.95    55.65  ^
    56.35    57.05    57.75    58.45    59.15  ^
    59.85    60.55    61.25    61.95    62.65  ^
    63.35    64.05    64.75    65.45    66.15  ^
    66.85    67.55    68.25    68.95    69.65  ^

Molecule CH3O2   

CH3O2   _MR    0.41E-11    0.42E-11    0.43E-11    0.43E-11    0.43E-11  ^
    0.43E-11    0.44E-11    0.44E-11    0.44E-11    0.44E-11  ^
    0.44E-11    0.44E-11    0.44E-11    0.44E-11    0.44E-11  ^
    0.43E-11    0.42E-11    0.41E-11    0.42E-11    0.43E-11  ^
    0.44E-11    0.46E-11    0.48E-11    0.51E-11    0.55E-11  ^
    0.60E-11    0.67E-11    0.76E-11    0.87E-11    0.10E-10  ^
    0.12E-10    0.14E-10    0.16E-10    0.18E-10    0.21E-10  ^
    0.24E-10    0.27E-10    0.30E-10    0.34E-10    0.38E-10  ^
    0.42E-10    0.46E-10    0.51E-10    0.55E-10    0.58E-10  ^
    0.62E-10    0.65E-10    0.68E-10    0.71E-10    0.74E-10  ^
    0.77E-10    0.80E-10    0.84E-10    0.87E-10    0.92E-10  ^
    0.97E-10    0.10E-09    0.11E-09    0.11E-09    0.12E-09  ^
    0.13E-09    0.14E-09    0.15E-09    0.16E-09    0.17E-09  ^
    0.18E-09    0.20E-09    0.21E-09    0.23E-09    0.25E-09  ^
    0.28E-09    0.31E-09    0.34E-09    0.39E-09    0.43E-09  ^
    0.49E-09    0.55E-09    0.63E-09    0.71E-09    0.80E-09  ^
    0.91E-09    0.10E-08    0.11E-08    0.12E-08    0.13E-08  ^
    0.14E-08    0.15E-08    0.16E-08    0.16E-08    0.17E-08  ^
    0.16E-08    0.16E-08    0.16E-08    0.15E-08    0.14E-08  ^
    0.12E-08    0.10E-08    0.78E-09    0.58E-09    0.42E-09  ^

CH3O2   _ALT     0.35     1.05     1.75     2.45     3.15  ^
     3.85     4.55     5.25     5.95     6.65  ^
     7.35     8.05     8.75     9.45    10.15  ^
    10.85    11.55    12.25    12.95    13.65  ^
    14.35    15.05    15.75    16.45    17.15  ^
    17.85    18.55    19.25    19.95    20.65  ^
    21.35    22.05    22.75    23.45    24.15  ^
    24.85    25.55    26.25    26.95    27.65  ^
    28.35    29.05    29.75    30.45    31.15  ^
    31.85    32.55    33.25    33.95    34.65  ^
    35.35    36.05    36.75    37.45    38.15  ^
    38.85    39.55    40.25    40.95    41.65  ^
    42.35    43.05    43.75    44.45    45.15  ^
    45.85    46.55    47.25    47.95    48.65  ^
    49.35    50.05    50.75    51.45    52.15  ^
    52.85    53.55    54.25    54.95    55.65  ^
    56.35    57.05    57.75    58.45    59.15  ^
    59.85    60.55    61.25    61.95    62.65  ^
    63.35    64.05    64.75    65.45    66.15  ^
    66.85    67.55    68.25    68.95    69.65  ^

Molecule N2O     

N2O     _MR    0.51E-05    0.51E-05    0.51E-05    0.51E-05    0.51E-05  ^
    0.51E-05    0.51E-05    0.51E-05    0.51E-05    0.51E-05  ^
    0.51E-05    0.51E-05    0.51E-05    0.51E-05    0.51E-05  ^
    0.51E-05    0.51E-05    0.51E-05    0.51E-05    0.51E-05  ^
    0.51E-05    0.51E-05    0.51E-05    0.51E-05    0.51E-05  ^
    0.51E-05    0.51E-05    0.51E-05    0.51E-05    0.51E-05  ^
    0.51E-05    0.51E-05    0.51E-05    0.51E-05    0.51E-05  ^
    0.51E-05    0.51E-05    0.50E-05    0.50E-05    0.50E-05  ^
    0.50E-05    0.50E-05    0.50E-05    0.49E-05    0.49E-05  ^
    0.49E-05    0.49E-05    0.49E-05    0.48E-05    0.48E-05  ^
    0.48E-05    0.48E-05    0.48E-05    0.47E-05    0.47E-05  ^
    0.47E-05    0.47E-05    0.46E-05    0.46E-05    0.46E-05  ^
    0.46E-05    0.46E-05    0.45E-05    0.45E-05    0.45E-05  ^
    0.45E-05    0.44E-05    0.44E-05    0.44E-05    0.44E-05  ^
    0.44E-05    0.43E-05    0.43E-05    0.43E-05    0.43E-05  ^
    0.43E-05    0.42E-05    0.42E-05    0.42E-05    0.42E-05  ^
    0.42E-05    0.42E-05    0.41E-05    0.41E-05    0.41E-05  ^
    0.41E-05    0.41E-05    0.41E-05    0.41E-05    0.40E-05  ^
    0.40E-05    0.40E-05    0.40E-05    0.40E-05    0.40E-05  ^
    0.40E-05    0.40E-05    0.40E-05    0.40E-05    0.40E-05  ^

N2O     _ALT     0.35     1.05     1.75     2.45     3.15  ^
     3.85     4.55     5.25     5.95     6.65  ^
     7.35     8.05     8.75     9.45    10.15  ^
    10.85    11.55    12.25    12.95    13.65  ^
    14.35    15.05    15.75    16.45    17.15  ^
    17.85    18.55    19.25    19.95    20.65  ^
    21.35    22.05    22.75    23.45    24.15  ^
    24.85    25.55    26.25    26.95    27.65  ^
    28.35    29.05    29.75    30.45    31.15  ^
    31.85    32.55    33.25    33.95    34.65  ^
    35.35    36.05    36.75    37.45    38.15  ^
    38.85    39.55    40.25    40.95    41.65  ^
    42.35    43.05    43.75    44.45    45.15  ^
    45.85    46.55    47.25    47.95    48.65  ^
    49.35    50.05    50.75    51.45    52.15  ^
    52.85    53.55    54.25    54.95    55.65  ^
    56.35    57.05    57.75    58.45    59.15  ^
    59.85    60.55    61.25    61.95    62.65  ^
    63.35    64.05    64.75    65.45    66.15  ^
    66.85    67.55    68.25    68.95    69.65  ^

Molecule NO      

NO      _MR    0.17E-11    0.21E-11    0.25E-11    0.31E-11    0.37E-11  ^
    0.44E-11    0.52E-11    0.60E-11    0.69E-11    0.78E-11  ^
    0.85E-11    0.93E-11    0.99E-11    0.10E-10    0.11E-10  ^
    0.11E-10    0.10E-10    0.93E-11    0.85E-11    0.78E-11  ^
    0.73E-11    0.69E-11    0.65E-11    0.63E-11    0.62E-11  ^
    0.60E-11    0.59E-11    0.58E-11    0.59E-11    0.60E-11  ^
    0.63E-11    0.66E-11    0.71E-11    0.78E-11    0.89E-11  ^
    0.10E-10    0.12E-10    0.14E-10    0.17E-10    0.21E-10  ^
    0.25E-10    0.30E-10    0.36E-10    0.44E-10    0.54E-10  ^
    0.67E-10    0.83E-10    0.10E-09    0.13E-09    0.17E-09  ^
    0.21E-09    0.26E-09    0.33E-09    0.42E-09    0.52E-09  ^
    0.63E-09    0.77E-09    0.92E-09    0.11E-08    0.13E-08  ^
    0.15E-08    0.17E-08    0.19E-08    0.21E-08    0.23E-08  ^
    0.25E-08    0.27E-08    0.28E-08    0.29E-08    0.30E-08  ^
    0.31E-08    0.31E-08    0.31E-08    0.31E-08    0.31E-08  ^
    0.30E-08    0.29E-08    0.28E-08    0.27E-08    0.25E-08  ^
    0.24E-08    0.23E-08    0.21E-08    0.20E-08    0.18E-08  ^
    0.17E-08    0.16E-08    0.15E-08    0.14E-08    0.12E-08  ^
    0.12E-08    0.11E-08    0.10E-08    0.94E-09    0.90E-09  ^
    0.86E-09    0.84E-09    0.83E-09    0.82E-09    0.83E-09  ^

NO      _ALT     0.35     1.05     1.75     2.45     3.15  ^
     3.85     4.55     5.25     5.95     6.65  ^
     7.35     8.05     8.75     9.45    10.15  ^
    10.85    11.55    12.25    12.95    13.65  ^
    14.35    15.05    15.75    16.45    17.15  ^
    17.85    18.55    19.25    19.95    20.65  ^
    21.35    22.05    22.75    23.45    24.15  ^
    24.85    25.55    26.25    26.95    27.65  ^
    28.35    29.05    29.75    30.45    31.15  ^
    31.85    32.55    33.25    33.95    34.65  ^
    35.35    36.05    36.75    37.45    38.15  ^
    38.85    39.55    40.25    40.95    41.65  ^
    42.35    43.05    43.75    44.45    45.15  ^
    45.85    46.55    47.25    47.95    48.65  ^
    49.35    50.05    50.75    51.45    52.15  ^
    52.85    53.55    54.25    54.95    55.65  ^
    56.35    57.05    57.75    58.45    59.15  ^
    59.85    60.55    61.25    61.95    62.65  ^
    63.35    64.05    64.75    65.45    66.15  ^
    66.85    67.55    68.25    68.95    69.65  ^

Molecule NO2     

NO2     _MR    0.11E-09    0.12E-09    0.14E-09    0.15E-09    0.17E-09  ^
    0.19E-09    0.21E-09    0.22E-09    0.24E-09    0.24E-09  ^
    0.25E-09    0.24E-09    0.24E-09    0.22E-09    0.20E-09  ^
    0.18E-09    0.15E-09    0.12E-09    0.96E-10    0.80E-10  ^
    0.67E-10    0.57E-10    0.50E-10    0.45E-10    0.42E-10  ^
    0.40E-10    0.39E-10    0.39E-10    0.41E-10    0.44E-10  ^
    0.49E-10    0.55E-10    0.63E-10    0.74E-10    0.89E-10  ^
    0.11E-09    0.14E-09    0.17E-09    0.21E-09    0.26E-09  ^
    0.32E-09    0.39E-09    0.47E-09    0.56E-09    0.67E-09  ^
    0.80E-09    0.94E-09    0.11E-08    0.13E-08    0.15E-08  ^
    0.18E-08    0.21E-08    0.24E-08    0.28E-08    0.31E-08  ^
    0.34E-08    0.37E-08    0.40E-08    0.43E-08    0.44E-08  ^
    0.46E-08    0.46E-08    0.46E-08    0.46E-08    0.45E-08  ^
    0.43E-08    0.41E-08    0.39E-08    0.36E-08    0.33E-08  ^
    0.30E-08    0.27E-08    0.25E-08    0.22E-08    0.20E-08  ^
    0.17E-08    0.15E-08    0.13E-08    0.12E-08    0.10E-08  ^
    0.88E-09    0.76E-09    0.66E-09    0.57E-09    0.49E-09  ^
    0.42E-09    0.36E-09    0.31E-09    0.27E-09    0.23E-09  ^
    0.19E-09    0.16E-09    0.14E-09    0.11E-09    0.94E-10  ^
    0.74E-10    0.57E-10    0.43E-10    0.31E-10    0.18E-10  ^

NO2     _ALT     0.35     1.05     1.75     2.45     3.15  ^
     3.85     4.55     5.25     5.95     6.65  ^
     7.35     8.05     8.75     9.45    10.15  ^
    10.85    11.55    12.25    12.95    13.65  ^
    14.35    15.05    15.75    16.45    17.15  ^
    17.85    18.55    19.25    19.95    20.65  ^
    21.35    22.05    22.75    23.45    24.15  ^
    24.85    25.55    26.25    26.95    27.65  ^
    28.35    29.05    29.75    30.45    31.15  ^
    31.85    32.55    33.25    33.95    34.65  ^
    35.35    36.05    36.75    37.45    38.15  ^
    38.85    39.55    40.25    40.95    41.65  ^
    42.35    43.05    43.75    44.45    45.15  ^
    45.85    46.55    47.25    47.95    48.65  ^
    49.35    50.05    50.75    51.45    52.15  ^
    52.85    53.55    54.25    54.95    55.65  ^
    56.35    57.05    57.75    58.45    59.15  ^
    59.85    60.55    61.25    61.95    62.65  ^
    63.35    64.05    64.75    65.45    66.15  ^
    66.85    67.55    68.25    68.95    69.65  ^

Molecule HNO2    

HNO2    _MR    0.32E-17    0.45E-17    0.62E-17    0.85E-17    0.12E-16  ^
    0.16E-16    0.21E-16    0.27E-16    0.35E-16    0.42E-16  ^
    0.50E-16    0.58E-16    0.67E-16    0.75E-16    0.80E-16  ^
    0.82E-16    0.77E-16    0.68E-16    0.59E-16    0.51E-16  ^
    0.45E-16    0.40E-16    0.37E-16    0.34E-16    0.33E-16  ^
    0.32E-16    0.33E-16    0.34E-16    0.36E-16    0.40E-16  ^
    0.44E-16    0.49E-16    0.56E-16    0.64E-16    0.76E-16  ^
    0.92E-16    0.11E-15    0.14E-15    0.17E-15    0.21E-15  ^
    0.25E-15    0.31E-15    0.39E-15    0.49E-15    0.61E-15  ^
    0.79E-15    0.10E-14    0.13E-14    0.18E-14    0.23E-14  ^
    0.31E-14    0.42E-14    0.55E-14    0.73E-14    0.94E-14  ^
    0.12E-13    0.15E-13    0.19E-13    0.22E-13    0.26E-13  ^
    0.29E-13    0.32E-13    0.35E-13    0.37E-13    0.38E-13  ^
    0.39E-13    0.39E-13    0.38E-13    0.37E-13    0.35E-13  ^
    0.33E-13    0.31E-13    0.29E-13    0.26E-13    0.24E-13  ^
    0.22E-13    0.20E-13    0.19E-13    0.17E-13    0.16E-13  ^
    0.14E-13    0.13E-13    0.12E-13    0.11E-13    0.10E-13  ^
    0.97E-14    0.91E-14    0.86E-14    0.82E-14    0.78E-14  ^
    0.76E-14    0.74E-14    0.73E-14    0.74E-14    0.76E-14  ^
    0.80E-14    0.87E-14    0.10E-13    0.12E-13    0.16E-13  ^

HNO2    _ALT     0.35     1.05     1.75     2.45     3.15  ^
     3.85     4.55     5.25     5.95     6.65  ^
     7.35     8.05     8.75     9.45    10.15  ^
    10.85    11.55    12.25    12.95    13.65  ^
    14.35    15.05    15.75    16.45    17.15  ^
    17.85    18.55    19.25    19.95    20.65  ^
    21.35    22.05    22.75    23.45    24.15  ^
    24.85    25.55    26.25    26.95    27.65  ^
    28.35    29.05    29.75    30.45    31.15  ^
    31.85    32.55    33.25    33.95    34.65  ^
    35.35    36.05    36.75    37.45    38.15  ^
    38.85    39.55    40.25    40.95    41.65  ^
    42.35    43.05    43.75    44.45    45.15  ^
    45.85    46.55    47.25    47.95    48.65  ^
    49.35    50.05    50.75    51.45    52.15  ^
    52.85    53.55    54.25    54.95    55.65  ^
    56.35    57.05    57.75    58.45    59.15  ^
    59.85    60.55    61.25    61.95    62.65  ^
    63.35    64.05    64.75    65.45    66.15  ^
    66.85    67.55    68.25    68.95    69.65  ^

Molecule HNO3    

HNO3    _MR    0.12E-09    0.17E-09    0.22E-09    0.28E-09    0.33E-09  ^
    0.39E-09    0.44E-09    0.48E-09    0.52E-09    0.54E-09  ^
    0.56E-09    0.57E-09    0.58E-09    0.58E-09    0.58E-09  ^
    0.58E-09    0.57E-09    0.57E-09    0.57E-09    0.57E-09  ^
    0.57E-09    0.57E-09    0.56E-09    0.56E-09    0.56E-09  ^
    0.55E-09    0.55E-09    0.55E-09    0.55E-09    0.55E-09  ^
    0.56E-09    0.57E-09    0.60E-09    0.64E-09    0.68E-09  ^
    0.75E-09    0.82E-09    0.92E-09    0.10E-08    0.12E-08  ^
    0.13E-08    0.14E-08    0.16E-08    0.18E-08    0.19E-08  ^
    0.21E-08    0.23E-08    0.24E-08    0.26E-08    0.28E-08  ^
    0.29E-08    0.31E-08    0.32E-08    0.33E-08    0.33E-08  ^
    0.34E-08    0.34E-08    0.34E-08    0.33E-08    0.32E-08  ^
    0.30E-08    0.28E-08    0.26E-08    0.24E-08    0.22E-08  ^
    0.20E-08    0.17E-08    0.15E-08    0.13E-08    0.11E-08  ^
    0.98E-09    0.84E-09    0.71E-09    0.60E-09    0.50E-09  ^
    0.42E-09    0.35E-09    0.29E-09    0.24E-09    0.20E-09  ^
    0.17E-09    0.14E-09    0.11E-09    0.93E-10    0.77E-10  ^
    0.63E-10    0.52E-10    0.42E-10    0.34E-10    0.28E-10  ^
    0.22E-10    0.18E-10    0.14E-10    0.11E-10    0.85E-11  ^
    0.65E-11    0.48E-11    0.36E-11    0.27E-11    0.21E-11  ^

HNO3    _ALT     0.35     1.05     1.75     2.45     3.15  ^
     3.85     4.55     5.25     5.95     6.65  ^
     7.35     8.05     8.75     9.45    10.15  ^
    10.85    11.55    12.25    12.95    13.65  ^
    14.35    15.05    15.75    16.45    17.15  ^
    17.85    18.55    19.25    19.95    20.65  ^
    21.35    22.05    22.75    23.45    24.15  ^
    24.85    25.55    26.25    26.95    27.65  ^
    28.35    29.05    29.75    30.45    31.15  ^
    31.85    32.55    33.25    33.95    34.65  ^
    35.35    36.05    36.75    37.45    38.15  ^
    38.85    39.55    40.25    40.95    41.65  ^
    42.35    43.05    43.75    44.45    45.15  ^
    45.85    46.55    47.25    47.95    48.65  ^
    49.35    50.05    50.75    51.45    52.15  ^
    52.85    53.55    54.25    54.95    55.65  ^
    56.35    57.05    57.75    58.45    59.15  ^
    59.85    60.55    61.25    61.95    62.65  ^
    63.35    64.05    64.75    65.45    66.15  ^
    66.85    67.55    68.25    68.95    69.65  ^

Molecule HO2NO2  

HO2NO2  _MR    0.38E-13    0.63E-13    0.10E-12    0.16E-12    0.27E-12  ^
    0.44E-12    0.72E-12    0.12E-11    0.19E-11    0.31E-11  ^
    0.48E-11    0.75E-11    0.12E-10    0.19E-10    0.32E-10  ^
    0.53E-10    0.85E-10    0.12E-09    0.14E-09    0.16E-09  ^
    0.18E-09    0.20E-09    0.21E-09    0.23E-09    0.25E-09  ^
    0.29E-09    0.33E-09    0.39E-09    0.47E-09    0.56E-09  ^
    0.69E-09    0.82E-09    0.99E-09    0.12E-08    0.14E-08  ^
    0.16E-08    0.18E-08    0.20E-08    0.23E-08    0.25E-08  ^
    0.27E-08    0.29E-08    0.31E-08    0.33E-08    0.35E-08  ^
    0.36E-08    0.37E-08    0.38E-08    0.38E-08    0.37E-08  ^
    0.36E-08    0.35E-08    0.33E-08    0.30E-08    0.27E-08  ^
    0.24E-08    0.21E-08    0.18E-08    0.16E-08    0.13E-08  ^
    0.11E-08    0.90E-09    0.73E-09    0.59E-09    0.47E-09  ^
    0.37E-09    0.30E-09    0.23E-09    0.18E-09    0.14E-09  ^
    0.10E-09    0.79E-10    0.59E-10    0.44E-10    0.32E-10  ^
    0.23E-10    0.17E-10    0.12E-10    0.83E-11    0.58E-11  ^
    0.41E-11    0.28E-11    0.19E-11    0.13E-11    0.91E-12  ^
    0.62E-12    0.43E-12    0.30E-12    0.20E-12    0.14E-12  ^
    0.96E-13    0.65E-13    0.43E-13    0.28E-13    0.18E-13  ^
    0.11E-13    0.66E-14    0.38E-14    0.21E-14    0.11E-14  ^

HO2NO2  _ALT     0.35     1.05     1.75     2.45     3.15  ^
     3.85     4.55     5.25     5.95     6.65  ^
     7.35     8.05     8.75     9.45    10.15  ^
    10.85    11.55    12.25    12.95    13.65  ^
    14.35    15.05    15.75    16.45    17.15  ^
    17.85    18.55    19.25    19.95    20.65  ^
    21.35    22.05    22.75    23.45    24.15  ^
    24.85    25.55    26.25    26.95    27.65  ^
    28.35    29.05    29.75    30.45    31.15  ^
    31.85    32.55    33.25    33.95    34.65  ^
    35.35    36.05    36.75    37.45    38.15  ^
    38.85    39.55    40.25    40.95    41.65  ^
    42.35    43.05    43.75    44.45    45.15  ^
    45.85    46.55    47.25    47.95    48.65  ^
    49.35    50.05    50.75    51.45    52.15  ^
    52.85    53.55    54.25    54.95    55.65  ^
    56.35    57.05    57.75    58.45    59.15  ^
    59.85    60.55    61.25    61.95    62.65  ^
    63.35    64.05    64.75    65.45    66.15  ^
    66.85    67.55    68.25    68.95    69.65  ^

Molecule NO3     

NO3     _MR    0.67E-13    0.69E-13    0.70E-13    0.70E-13    0.70E-13  ^
    0.69E-13    0.68E-13    0.65E-13    0.61E-13    0.55E-13  ^
    0.49E-13    0.43E-13    0.36E-13    0.29E-13    0.23E-13  ^
    0.17E-13    0.11E-13    0.75E-14    0.53E-14    0.38E-14  ^
    0.28E-14    0.21E-14    0.17E-14    0.14E-14    0.12E-14  ^
    0.11E-14    0.10E-14    0.11E-14    0.11E-14    0.13E-14  ^
    0.16E-14    0.19E-14    0.23E-14    0.29E-14    0.38E-14  ^
    0.50E-14    0.67E-14    0.88E-14    0.12E-13    0.15E-13  ^
    0.19E-13    0.24E-13    0.29E-13    0.34E-13    0.40E-13  ^
    0.45E-13    0.51E-13    0.57E-13    0.63E-13    0.70E-13  ^
    0.76E-13    0.81E-13    0.86E-13    0.89E-13    0.91E-13  ^
    0.92E-13    0.91E-13    0.89E-13    0.85E-13    0.80E-13  ^
    0.75E-13    0.69E-13    0.63E-13    0.57E-13    0.51E-13  ^
    0.45E-13    0.39E-13    0.34E-13    0.29E-13    0.25E-13  ^
    0.21E-13    0.18E-13    0.15E-13    0.12E-13    0.10E-13  ^
    0.86E-14    0.72E-14    0.60E-14    0.50E-14    0.42E-14  ^
    0.35E-14    0.29E-14    0.25E-14    0.21E-14    0.18E-14  ^
    0.15E-14    0.13E-14    0.11E-14    0.95E-15    0.83E-15  ^
    0.74E-15    0.66E-15    0.59E-15    0.53E-15    0.48E-15  ^
    0.44E-15    0.41E-15    0.39E-15    0.40E-15    0.45E-15  ^

NO3     _ALT     0.35     1.05     1.75     2.45     3.15  ^
     3.85     4.55     5.25     5.95     6.65  ^
     7.35     8.05     8.75     9.45    10.15  ^
    10.85    11.55    12.25    12.95    13.65  ^
    14.35    15.05    15.75    16.45    17.15  ^
    17.85    18.55    19.25    19.95    20.65  ^
    21.35    22.05    22.75    23.45    24.15  ^
    24.85    25.55    26.25    26.95    27.65  ^
    28.35    29.05    29.75    30.45    31.15  ^
    31.85    32.55    33.25    33.95    34.65  ^
    35.35    36.05    36.75    37.45    38.15  ^
    38.85    39.55    40.25    40.95    41.65  ^
    42.35    43.05    43.75    44.45    45.15  ^
    45.85    46.55    47.25    47.95    48.65  ^
    49.35    50.05    50.75    51.45    52.15  ^
    52.85    53.55    54.25    54.95    55.65  ^
    56.35    57.05    57.75    58.45    59.15  ^
    59.85    60.55    61.25    61.95    62.65  ^
    63.35    64.05    64.75    65.45    66.15  ^
    66.85    67.55    68.25    68.95    69.65  ^

Molecule N2O5    

N2O5    _MR    0.11E-14    0.16E-14    0.21E-14    0.29E-14    0.39E-14  ^
    0.53E-14    0.71E-14    0.92E-14    0.12E-13    0.14E-13  ^
    0.16E-13    0.19E-13    0.21E-13    0.22E-13    0.23E-13  ^
    0.22E-13    0.20E-13    0.16E-13    0.12E-13    0.88E-14  ^
    0.68E-14    0.52E-14    0.36E-14    0.27E-14    0.21E-14  ^
    0.19E-14    0.18E-14    0.18E-14    0.20E-14    0.24E-14  ^
    0.31E-14    0.41E-14    0.56E-14    0.81E-14    0.12E-13  ^
    0.19E-13    0.31E-13    0.48E-13    0.74E-13    0.11E-12  ^
    0.17E-12    0.24E-12    0.34E-12    0.45E-12    0.59E-12  ^
    0.75E-12    0.95E-12    0.12E-11    0.14E-11    0.17E-11  ^
    0.20E-11    0.24E-11    0.27E-11    0.29E-11    0.31E-11  ^
    0.31E-11    0.31E-11    0.29E-11    0.27E-11    0.24E-11  ^
    0.21E-11    0.18E-11    0.14E-11    0.12E-11    0.90E-12  ^
    0.69E-12    0.51E-12    0.38E-12    0.27E-12    0.20E-12  ^
    0.14E-12    0.96E-13    0.66E-13    0.45E-13    0.31E-13  ^
    0.21E-13    0.14E-13    0.97E-14    0.66E-14    0.45E-14  ^
    0.31E-14    0.21E-14    0.15E-14    0.10E-14    0.72E-15  ^
    0.51E-15    0.36E-15    0.26E-15    0.19E-15    0.13E-15  ^
    0.98E-16    0.72E-16    0.54E-16    0.40E-16    0.31E-16  ^
    0.24E-16    0.19E-16    0.15E-16    0.13E-16    0.12E-16  ^

N2O5    _ALT     0.35     1.05     1.75     2.45     3.15  ^
     3.85     4.55     5.25     5.95     6.65  ^
     7.35     8.05     8.75     9.45    10.15  ^
    10.85    11.55    12.25    12.95    13.65  ^
    14.35    15.05    15.75    16.45    17.15  ^
    17.85    18.55    19.25    19.95    20.65  ^
    21.35    22.05    22.75    23.45    24.15  ^
    24.85    25.55    26.25    26.95    27.65  ^
    28.35    29.05    29.75    30.45    31.15  ^
    31.85    32.55    33.25    33.95    34.65  ^
    35.35    36.05    36.75    37.45    38.15  ^
    38.85    39.55    40.25    40.95    41.65  ^
    42.35    43.05    43.75    44.45    45.15  ^
    45.85    46.55    47.25    47.95    48.65  ^
    49.35    50.05    50.75    51.45    52.15  ^
    52.85    53.55    54.25    54.95    55.65  ^
    56.35    57.05    57.75    58.45    59.15  ^
    59.85    60.55    61.25    61.95    62.65  ^
    63.35    64.05    64.75    65.45    66.15  ^
    66.85    67.55    68.25    68.95    69.65  ^

Molecule CL2O2   

CL2O2   _MR    0.11E-29    0.19E-29    0.32E-29    0.56E-29    0.10E-28  ^
    0.18E-28    0.33E-28    0.62E-28    0.12E-27    0.24E-27  ^
    0.49E-27    0.10E-26    0.21E-26    0.47E-26    0.11E-25  ^
    0.27E-25    0.70E-25    0.17E-24    0.35E-24    0.65E-24  ^
    0.11E-23    0.19E-23    0.32E-23    0.52E-23    0.88E-23  ^
    0.17E-22    0.36E-22    0.80E-22    0.20E-21    0.50E-21  ^
    0.13E-20    0.35E-20    0.92E-20    0.23E-19    0.54E-19  ^
    0.12E-18    0.24E-18    0.45E-18    0.82E-18    0.14E-17  ^
    0.23E-17    0.36E-17    0.55E-17    0.81E-17    0.12E-16  ^
    0.17E-16    0.23E-16    0.31E-16    0.39E-16    0.46E-16  ^
    0.53E-16    0.59E-16    0.64E-16    0.68E-16    0.70E-16  ^
    0.71E-16    0.70E-16    0.68E-16    0.65E-16    0.61E-16  ^
    0.56E-16    0.51E-16    0.46E-16    0.42E-16    0.38E-16  ^
    0.35E-16    0.33E-16    0.31E-16    0.30E-16    0.29E-16  ^
    0.28E-16    0.27E-16    0.27E-16    0.28E-16    0.28E-16  ^
    0.30E-16    0.31E-16    0.33E-16    0.35E-16    0.36E-16  ^
    0.37E-16    0.38E-16    0.38E-16    0.38E-16    0.37E-16  ^
    0.36E-16    0.34E-16    0.33E-16    0.32E-16    0.32E-16  ^
    0.31E-16    0.31E-16    0.32E-16    0.34E-16    0.38E-16  ^
    0.47E-16    0.65E-16    0.10E-15    0.16E-15    0.21E-15  ^

CL2O2   _ALT     0.35     1.05     1.75     2.45     3.15  ^
     3.85     4.55     5.25     5.95     6.65  ^
     7.35     8.05     8.75     9.45    10.15  ^
    10.85    11.55    12.25    12.95    13.65  ^
    14.35    15.05    15.75    16.45    17.15  ^
    17.85    18.55    19.25    19.95    20.65  ^
    21.35    22.05    22.75    23.45    24.15  ^
    24.85    25.55    26.25    26.95    27.65  ^
    28.35    29.05    29.75    30.45    31.15  ^
    31.85    32.55    33.25    33.95    34.65  ^
    35.35    36.05    36.75    37.45    38.15  ^
    38.85    39.55    40.25    40.95    41.65  ^
    42.35    43.05    43.75    44.45    45.15  ^
    45.85    46.55    47.25    47.95    48.65  ^
    49.35    50.05    50.75    51.45    52.15  ^
    52.85    53.55    54.25    54.95    55.65  ^
    56.35    57.05    57.75    58.45    59.15  ^
    59.85    60.55    61.25    61.95    62.65  ^
    63.35    64.05    64.75    65.45    66.15  ^
    66.85    67.55    68.25    68.95    69.65  ^

Molecule CH3CL   

CH3CL   _MR    0.18E-06    0.18E-06    0.18E-06    0.18E-06    0.18E-06  ^
    0.18E-06    0.18E-06    0.18E-06    0.18E-06    0.18E-06  ^
    0.18E-06    0.18E-06    0.18E-06    0.18E-06    0.18E-06  ^
    0.18E-06    0.18E-06    0.18E-06    0.18E-06    0.18E-06  ^
    0.18E-06    0.18E-06    0.18E-06    0.18E-06    0.18E-06  ^
    0.18E-06    0.18E-06    0.18E-06    0.18E-06    0.18E-06  ^
    0.18E-06    0.18E-06    0.18E-06    0.17E-06    0.17E-06  ^
    0.17E-06    0.17E-06    0.17E-06    0.17E-06    0.16E-06  ^
    0.16E-06    0.16E-06    0.16E-06    0.16E-06    0.15E-06  ^
    0.15E-06    0.15E-06    0.15E-06    0.14E-06    0.14E-06  ^
    0.14E-06    0.14E-06    0.13E-06    0.13E-06    0.13E-06  ^
    0.13E-06    0.12E-06    0.12E-06    0.12E-06    0.12E-06  ^
    0.11E-06    0.11E-06    0.11E-06    0.11E-06    0.10E-06  ^
    0.10E-06    0.99E-07    0.97E-07    0.95E-07    0.94E-07  ^
    0.92E-07    0.90E-07    0.88E-07    0.86E-07    0.85E-07  ^
    0.83E-07    0.81E-07    0.80E-07    0.78E-07    0.77E-07  ^
    0.75E-07    0.74E-07    0.73E-07    0.71E-07    0.70E-07  ^
    0.69E-07    0.68E-07    0.67E-07    0.65E-07    0.64E-07  ^
    0.63E-07    0.63E-07    0.62E-07    0.61E-07    0.60E-07  ^
    0.60E-07    0.59E-07    0.59E-07    0.59E-07    0.59E-07  ^

CH3CL   _ALT     0.35     1.05     1.75     2.45     3.15  ^
     3.85     4.55     5.25     5.95     6.65  ^
     7.35     8.05     8.75     9.45    10.15  ^
    10.85    11.55    12.25    12.95    13.65  ^
    14.35    15.05    15.75    16.45    17.15  ^
    17.85    18.55    19.25    19.95    20.65  ^
    21.35    22.05    22.75    23.45    24.15  ^
    24.85    25.55    26.25    26.95    27.65  ^
    28.35    29.05    29.75    30.45    31.15  ^
    31.85    32.55    33.25    33.95    34.65  ^
    35.35    36.05    36.75    37.45    38.15  ^
    38.85    39.55    40.25    40.95    41.65  ^
    42.35    43.05    43.75    44.45    45.15  ^
    45.85    46.55    47.25    47.95    48.65  ^
    49.35    50.05    50.75    51.45    52.15  ^
    52.85    53.55    54.25    54.95    55.65  ^
    56.35    57.05    57.75    58.45    59.15  ^
    59.85    60.55    61.25    61.95    62.65  ^
    63.35    64.05    64.75    65.45    66.15  ^
    66.85    67.55    68.25    68.95    69.65  ^

Molecule HOCL    

HOCL    _MR    0.21E-15    0.29E-15    0.37E-15    0.46E-15    0.57E-15  ^
    0.70E-15    0.85E-15    0.10E-14    0.13E-14    0.15E-14  ^
    0.19E-14    0.23E-14    0.27E-14    0.33E-14    0.40E-14  ^
    0.48E-14    0.57E-14    0.68E-14    0.80E-14    0.93E-14  ^
    0.11E-13    0.13E-13    0.15E-13    0.18E-13    0.23E-13  ^
    0.31E-13    0.43E-13    0.63E-13    0.96E-13    0.15E-12  ^
    0.24E-12    0.38E-12    0.58E-12    0.89E-12    0.13E-11  ^
    0.20E-11    0.28E-11    0.39E-11    0.54E-11    0.73E-11  ^
    0.97E-11    0.13E-10    0.16E-10    0.21E-10    0.26E-10  ^
    0.32E-10    0.39E-10    0.47E-10    0.56E-10    0.65E-10  ^
    0.75E-10    0.86E-10    0.96E-10    0.11E-09    0.12E-09  ^
    0.12E-09    0.13E-09    0.14E-09    0.14E-09    0.15E-09  ^
    0.15E-09    0.15E-09    0.15E-09    0.15E-09    0.15E-09  ^
    0.15E-09    0.14E-09    0.14E-09    0.14E-09    0.14E-09  ^
    0.14E-09    0.14E-09    0.14E-09    0.14E-09    0.14E-09  ^
    0.14E-09    0.14E-09    0.14E-09    0.14E-09    0.14E-09  ^
    0.14E-09    0.15E-09    0.15E-09    0.15E-09    0.15E-09  ^
    0.16E-09    0.17E-09    0.18E-09    0.19E-09    0.21E-09  ^
    0.23E-09    0.26E-09    0.30E-09    0.34E-09    0.40E-09  ^
    0.48E-09    0.59E-09    0.75E-09    0.94E-09    0.11E-08  ^

HOCL    _ALT     0.35     1.05     1.75     2.45     3.15  ^
     3.85     4.55     5.25     5.95     6.65  ^
     7.35     8.05     8.75     9.45    10.15  ^
    10.85    11.55    12.25    12.95    13.65  ^
    14.35    15.05    15.75    16.45    17.15  ^
    17.85    18.55    19.25    19.95    20.65  ^
    21.35    22.05    22.75    23.45    24.15  ^
    24.85    25.55    26.25    26.95    27.65  ^
    28.35    29.05    29.75    30.45    31.15  ^
    31.85    32.55    33.25    33.95    34.65  ^
    35.35    36.05    36.75    37.45    38.15  ^
    38.85    39.55    40.25    40.95    41.65  ^
    42.35    43.05    43.75    44.45    45.15  ^
    45.85    46.55    47.25    47.95    48.65  ^
    49.35    50.05    50.75    51.45    52.15  ^
    52.85    53.55    54.25    54.95    55.65  ^
    56.35    57.05    57.75    58.45    59.15  ^
    59.85    60.55    61.25    61.95    62.65  ^
    63.35    64.05    64.75    65.45    66.15  ^
    66.85    67.55    68.25    68.95    69.65  ^

Molecule CL      

CL      _MR    0.46E-20    0.58E-20    0.73E-20    0.92E-20    0.12E-19  ^
    0.14E-19    0.18E-19    0.22E-19    0.28E-19    0.34E-19  ^
    0.40E-19    0.48E-19    0.58E-19    0.68E-19    0.80E-19  ^
    0.92E-19    0.10E-18    0.11E-18    0.12E-18    0.13E-18  ^
    0.14E-18    0.16E-18    0.17E-18    0.20E-18    0.23E-18  ^
    0.28E-18    0.35E-18    0.45E-18    0.61E-18    0.83E-18  ^
    0.12E-17    0.16E-17    0.23E-17    0.32E-17    0.46E-17  ^
    0.65E-17    0.90E-17    0.13E-16    0.17E-16    0.24E-16  ^
    0.33E-16    0.45E-16    0.61E-16    0.83E-16    0.11E-15  ^
    0.15E-15    0.21E-15    0.28E-15    0.39E-15    0.53E-15  ^
    0.71E-15    0.97E-15    0.13E-14    0.18E-14    0.24E-14  ^
    0.31E-14    0.41E-14    0.54E-14    0.69E-14    0.87E-14  ^
    0.11E-13    0.13E-13    0.16E-13    0.20E-13    0.23E-13  ^
    0.28E-13    0.33E-13    0.38E-13    0.44E-13    0.51E-13  ^
    0.59E-13    0.69E-13    0.79E-13    0.92E-13    0.11E-12  ^
    0.13E-12    0.15E-12    0.18E-12    0.21E-12    0.25E-12  ^
    0.31E-12    0.38E-12    0.46E-12    0.57E-12    0.71E-12  ^
    0.89E-12    0.11E-11    0.14E-11    0.19E-11    0.24E-11  ^
    0.32E-11    0.42E-11    0.56E-11    0.76E-11    0.10E-10  ^
    0.15E-10    0.21E-10    0.32E-10    0.50E-10    0.84E-10  ^

CL      _ALT     0.35     1.05     1.75     2.45     3.15  ^
     3.85     4.55     5.25     5.95     6.65  ^
     7.35     8.05     8.75     9.45    10.15  ^
    10.85    11.55    12.25    12.95    13.65  ^
    14.35    15.05    15.75    16.45    17.15  ^
    17.85    18.55    19.25    19.95    20.65  ^
    21.35    22.05    22.75    23.45    24.15  ^
    24.85    25.55    26.25    26.95    27.65  ^
    28.35    29.05    29.75    30.45    31.15  ^
    31.85    32.55    33.25    33.95    34.65  ^
    35.35    36.05    36.75    37.45    38.15  ^
    38.85    39.55    40.25    40.95    41.65  ^
    42.35    43.05    43.75    44.45    45.15  ^
    45.85    46.55    47.25    47.95    48.65  ^
    49.35    50.05    50.75    51.45    52.15  ^
    52.85    53.55    54.25    54.95    55.65  ^
    56.35    57.05    57.75    58.45    59.15  ^
    59.85    60.55    61.25    61.95    62.65  ^
    63.35    64.05    64.75    65.45    66.15  ^
    66.85    67.55    68.25    68.95    69.65  ^

Molecule CLO     

CLO     _MR    0.32E-17    0.39E-17    0.46E-17    0.56E-17    0.68E-17  ^
    0.82E-17    0.99E-17    0.12E-16    0.15E-16    0.18E-16  ^
    0.22E-16    0.28E-16    0.34E-16    0.43E-16    0.54E-16  ^
    0.68E-16    0.84E-16    0.10E-15    0.13E-15    0.16E-15  ^
    0.20E-15    0.24E-15    0.29E-15    0.36E-15    0.46E-15  ^
    0.62E-15    0.87E-15    0.13E-14    0.19E-14    0.30E-14  ^
    0.49E-14    0.78E-14    0.13E-13    0.20E-13    0.31E-13  ^
    0.46E-13    0.68E-13    0.98E-13    0.14E-12    0.19E-12  ^
    0.26E-12    0.34E-12    0.44E-12    0.55E-12    0.69E-12  ^
    0.84E-12    0.10E-11    0.12E-11    0.14E-11    0.16E-11  ^
    0.18E-11    0.20E-11    0.22E-11    0.25E-11    0.27E-11  ^
    0.29E-11    0.32E-11    0.34E-11    0.36E-11    0.38E-11  ^
    0.40E-11    0.42E-11    0.44E-11    0.46E-11    0.48E-11  ^
    0.51E-11    0.53E-11    0.56E-11    0.59E-11    0.63E-11  ^
    0.67E-11    0.71E-11    0.76E-11    0.82E-11    0.89E-11  ^
    0.97E-11    0.11E-10    0.12E-10    0.13E-10    0.14E-10  ^
    0.15E-10    0.16E-10    0.17E-10    0.18E-10    0.20E-10  ^
    0.21E-10    0.22E-10    0.24E-10    0.25E-10    0.27E-10  ^
    0.30E-10    0.33E-10    0.36E-10    0.40E-10    0.45E-10  ^
    0.52E-10    0.64E-10    0.83E-10    0.11E-09    0.14E-09  ^

CLO     _ALT     0.35     1.05     1.75     2.45     3.15  ^
     3.85     4.55     5.25     5.95     6.65  ^
     7.35     8.05     8.75     9.45    10.15  ^
    10.85    11.55    12.25    12.95    13.65  ^
    14.35    15.05    15.75    16.45    17.15  ^
    17.85    18.55    19.25    19.95    20.65  ^
    21.35    22.05    22.75    23.45    24.15  ^
    24.85    25.55    26.25    26.95    27.65  ^
    28.35    29.05    29.75    30.45    31.15  ^
    31.85    32.55    33.25    33.95    34.65  ^
    35.35    36.05    36.75    37.45    38.15  ^
    38.85    39.55    40.25    40.95    41.65  ^
    42.35    43.05    43.75    44.45    45.15  ^
    45.85    46.55    47.25    47.95    48.65  ^
    49.35    50.05    50.75    51.45    52.15  ^
    52.85    53.55    54.25    54.95    55.65  ^
    56.35    57.05    57.75    58.45    59.15  ^
    59.85    60.55    61.25    61.95    62.65  ^
    63.35    64.05    64.75    65.45    66.15  ^
    66.85    67.55    68.25    68.95    69.65  ^

Molecule HCL     

HCL     _MR    0.52E-11    0.74E-11    0.10E-10    0.14E-10    0.19E-10  ^
    0.24E-10    0.30E-10    0.36E-10    0.44E-10    0.52E-10  ^
    0.61E-10    0.71E-10    0.81E-10    0.93E-10    0.11E-09  ^
    0.12E-09    0.13E-09    0.15E-09    0.16E-09    0.18E-09  ^
    0.20E-09    0.22E-09    0.26E-09    0.31E-09    0.40E-09  ^
    0.54E-09    0.75E-09    0.10E-08    0.14E-08    0.19E-08  ^
    0.26E-08    0.34E-08    0.43E-08    0.54E-08    0.66E-08  ^
    0.80E-08    0.95E-08    0.11E-07    0.13E-07    0.15E-07  ^
    0.17E-07    0.19E-07    0.21E-07    0.24E-07    0.26E-07  ^
    0.28E-07    0.31E-07    0.33E-07    0.36E-07    0.38E-07  ^
    0.41E-07    0.43E-07    0.46E-07    0.48E-07    0.51E-07  ^
    0.54E-07    0.56E-07    0.59E-07    0.61E-07    0.64E-07  ^
    0.66E-07    0.68E-07    0.71E-07    0.73E-07    0.75E-07  ^
    0.78E-07    0.80E-07    0.82E-07    0.84E-07    0.86E-07  ^
    0.88E-07    0.89E-07    0.91E-07    0.93E-07    0.95E-07  ^
    0.96E-07    0.98E-07    0.99E-07    0.10E-06    0.10E-06  ^
    0.10E-06    0.11E-06    0.11E-06    0.11E-06    0.11E-06  ^
    0.11E-06    0.11E-06    0.11E-06    0.11E-06    0.11E-06  ^
    0.12E-06    0.12E-06    0.12E-06    0.12E-06    0.12E-06  ^
    0.12E-06    0.12E-06    0.12E-06    0.12E-06    0.12E-06  ^

HCL     _ALT     0.35     1.05     1.75     2.45     3.15  ^
     3.85     4.55     5.25     5.95     6.65  ^
     7.35     8.05     8.75     9.45    10.15  ^
    10.85    11.55    12.25    12.95    13.65  ^
    14.35    15.05    15.75    16.45    17.15  ^
    17.85    18.55    19.25    19.95    20.65  ^
    21.35    22.05    22.75    23.45    24.15  ^
    24.85    25.55    26.25    26.95    27.65  ^
    28.35    29.05    29.75    30.45    31.15  ^
    31.85    32.55    33.25    33.95    34.65  ^
    35.35    36.05    36.75    37.45    38.15  ^
    38.85    39.55    40.25    40.95    41.65  ^
    42.35    43.05    43.75    44.45    45.15  ^
    45.85    46.55    47.25    47.95    48.65  ^
    49.35    50.05    50.75    51.45    52.15  ^
    52.85    53.55    54.25    54.95    55.65  ^
    56.35    57.05    57.75    58.45    59.15  ^
    59.85    60.55    61.25    61.95    62.65  ^
    63.35    64.05    64.75    65.45    66.15  ^
    66.85    67.55    68.25    68.95    69.65  ^

Molecule CLONO2  

CLONO2  _MR    0.18E-13    0.25E-13    0.31E-13    0.38E-13    0.45E-13  ^
    0.52E-13    0.60E-13    0.68E-13    0.76E-13    0.83E-13  ^
    0.90E-13    0.97E-13    0.10E-12    0.11E-12    0.11E-12  ^
    0.11E-12    0.11E-12    0.11E-12    0.10E-12    0.10E-12  ^
    0.96E-13    0.92E-13    0.87E-13    0.83E-13    0.80E-13  ^
    0.81E-13    0.88E-13    0.11E-12    0.14E-12    0.20E-12  ^
    0.29E-12    0.43E-12    0.65E-12    0.10E-11    0.15E-11  ^
    0.23E-11    0.34E-11    0.48E-11    0.68E-11    0.93E-11  ^
    0.12E-10    0.16E-10    0.20E-10    0.24E-10    0.29E-10  ^
    0.33E-10    0.38E-10    0.42E-10    0.46E-10    0.49E-10  ^
    0.51E-10    0.52E-10    0.52E-10    0.51E-10    0.49E-10  ^
    0.46E-10    0.43E-10    0.38E-10    0.34E-10    0.29E-10  ^
    0.25E-10    0.21E-10    0.17E-10    0.14E-10    0.11E-10  ^
    0.88E-11    0.70E-11    0.55E-11    0.43E-11    0.33E-11  ^
    0.25E-11    0.20E-11    0.15E-11    0.11E-11    0.87E-12  ^
    0.66E-12    0.51E-12    0.39E-12    0.29E-12    0.22E-12  ^
    0.17E-12    0.13E-12    0.97E-13    0.73E-13    0.55E-13  ^
    0.42E-13    0.31E-13    0.24E-13    0.18E-13    0.14E-13  ^
    0.10E-13    0.79E-14    0.60E-14    0.45E-14    0.34E-14  ^
    0.26E-14    0.20E-14    0.15E-14    0.12E-14    0.91E-15  ^

CLONO2  _ALT     0.35     1.05     1.75     2.45     3.15  ^
     3.85     4.55     5.25     5.95     6.65  ^
     7.35     8.05     8.75     9.45    10.15  ^
    10.85    11.55    12.25    12.95    13.65  ^
    14.35    15.05    15.75    16.45    17.15  ^
    17.85    18.55    19.25    19.95    20.65  ^
    21.35    22.05    22.75    23.45    24.15  ^
    24.85    25.55    26.25    26.95    27.65  ^
    28.35    29.05    29.75    30.45    31.15  ^
    31.85    32.55    33.25    33.95    34.65  ^
    35.35    36.05    36.75    37.45    38.15  ^
    38.85    39.55    40.25    40.95    41.65  ^
    42.35    43.05    43.75    44.45    45.15  ^
    45.85    46.55    47.25    47.95    48.65  ^
    49.35    50.05    50.75    51.45    52.15  ^
    52.85    53.55    54.25    54.95    55.65  ^
    56.35    57.05    57.75    58.45    59.15  ^
    59.85    60.55    61.25    61.95    62.65  ^
    63.35    64.05    64.75    65.45    66.15  ^
    66.85    67.55    68.25    68.95    69.65  ^

Molecule H2S     

H2S     _MR    0.50E-09    0.50E-09    0.51E-09    0.52E-09    0.52E-09  ^
    0.53E-09    0.53E-09    0.54E-09    0.54E-09    0.54E-09  ^
    0.54E-09    0.54E-09    0.54E-09    0.54E-09    0.54E-09  ^
    0.53E-09    0.53E-09    0.52E-09    0.52E-09    0.52E-09  ^
    0.51E-09    0.51E-09    0.50E-09    0.49E-09    0.48E-09  ^
    0.47E-09    0.44E-09    0.42E-09    0.38E-09    0.34E-09  ^
    0.30E-09    0.26E-09    0.22E-09    0.18E-09    0.14E-09  ^
    0.11E-09    0.87E-10    0.65E-10    0.48E-10    0.35E-10  ^
    0.24E-10    0.17E-10    0.12E-10    0.78E-11    0.51E-11  ^
    0.33E-11    0.21E-11    0.13E-11    0.80E-12    0.48E-12  ^
    0.28E-12    0.16E-12    0.90E-13    0.49E-13    0.26E-13  ^
    0.13E-13    0.68E-14    0.33E-14    0.16E-14    0.77E-15  ^
    0.37E-15    0.17E-15    0.79E-16    0.36E-16    0.17E-16  ^
    0.77E-17    0.36E-17    0.17E-17    0.78E-18    0.37E-18  ^
    0.17E-18    0.83E-19    0.40E-19    0.20E-19    0.10E-19  ^
    0.52E-20    0.29E-20    0.17E-20    0.12E-20    0.87E-21  ^
    0.72E-21    0.63E-21    0.58E-21    0.55E-21    0.54E-21  ^
    0.53E-21    0.53E-21    0.54E-21    0.55E-21    0.57E-21  ^
    0.58E-21    0.58E-21    0.56E-21    0.53E-21    0.47E-21  ^
    0.39E-21    0.31E-21    0.23E-21    0.16E-21    0.11E-21  ^

H2S     _ALT     0.35     1.05     1.75     2.45     3.15  ^
     3.85     4.55     5.25     5.95     6.65  ^
     7.35     8.05     8.75     9.45    10.15  ^
    10.85    11.55    12.25    12.95    13.65  ^
    14.35    15.05    15.75    16.45    17.15  ^
    17.85    18.55    19.25    19.95    20.65  ^
    21.35    22.05    22.75    23.45    24.15  ^
    24.85    25.55    26.25    26.95    27.65  ^
    28.35    29.05    29.75    30.45    31.15  ^
    31.85    32.55    33.25    33.95    34.65  ^
    35.35    36.05    36.75    37.45    38.15  ^
    38.85    39.55    40.25    40.95    41.65  ^
    42.35    43.05    43.75    44.45    45.15  ^
    45.85    46.55    47.25    47.95    48.65  ^
    49.35    50.05    50.75    51.45    52.15  ^
    52.85    53.55    54.25    54.95    55.65  ^
    56.35    57.05    57.75    58.45    59.15  ^
    59.85    60.55    61.25    61.95    62.65  ^
    63.35    64.05    64.75    65.45    66.15  ^
    66.85    67.55    68.25    68.95    69.65  ^

Molecule HS      

HS      _MR    0.47E-18    0.57E-18    0.70E-18    0.85E-18    0.10E-17  ^
    0.12E-17    0.15E-17    0.18E-17    0.21E-17    0.25E-17  ^
    0.29E-17    0.33E-17    0.38E-17    0.44E-17    0.50E-17  ^
    0.56E-17    0.60E-17    0.63E-17    0.67E-17    0.71E-17  ^
    0.75E-17    0.81E-17    0.87E-17    0.94E-17    0.10E-16  ^
    0.11E-16    0.11E-16    0.12E-16    0.12E-16    0.12E-16  ^
    0.11E-16    0.10E-16    0.93E-17    0.80E-17    0.68E-17  ^
    0.57E-17    0.46E-17    0.38E-17    0.30E-17    0.24E-17  ^
    0.18E-17    0.14E-17    0.11E-17    0.84E-18    0.64E-18  ^
    0.48E-18    0.37E-18    0.27E-18    0.20E-18    0.15E-18  ^
    0.11E-18    0.79E-19    0.55E-19    0.38E-19    0.26E-19  ^
    0.17E-19    0.11E-19    0.69E-20    0.42E-20    0.25E-20  ^
    0.15E-20    0.86E-21    0.49E-21    0.27E-21    0.15E-21  ^
    0.85E-22    0.47E-22    0.26E-22    0.15E-22    0.90E-23  ^
    0.58E-23    0.41E-23    0.34E-23    0.32E-23    0.32E-23  ^
    0.35E-23    0.39E-23    0.44E-23    0.50E-23    0.57E-23  ^
    0.64E-23    0.74E-23    0.84E-23    0.97E-23    0.11E-22  ^
    0.13E-22    0.16E-22    0.19E-22    0.24E-22    0.29E-22  ^
    0.35E-22    0.42E-22    0.49E-22    0.54E-22    0.58E-22  ^
    0.59E-22    0.56E-22    0.50E-22    0.41E-22    0.29E-22  ^

HS      _ALT     0.35     1.05     1.75     2.45     3.15  ^
     3.85     4.55     5.25     5.95     6.65  ^
     7.35     8.05     8.75     9.45    10.15  ^
    10.85    11.55    12.25    12.95    13.65  ^
    14.35    15.05    15.75    16.45    17.15  ^
    17.85    18.55    19.25    19.95    20.65  ^
    21.35    22.05    22.75    23.45    24.15  ^
    24.85    25.55    26.25    26.95    27.65  ^
    28.35    29.05    29.75    30.45    31.15  ^
    31.85    32.55    33.25    33.95    34.65  ^
    35.35    36.05    36.75    37.45    38.15  ^
    38.85    39.55    40.25    40.95    41.65  ^
    42.35    43.05    43.75    44.45    45.15  ^
    45.85    46.55    47.25    47.95    48.65  ^
    49.35    50.05    50.75    51.45    52.15  ^
    52.85    53.55    54.25    54.95    55.65  ^
    56.35    57.05    57.75    58.45    59.15  ^
    59.85    60.55    61.25    61.95    62.65  ^
    63.35    64.05    64.75    65.45    66.15  ^
    66.85    67.55    68.25    68.95    69.65  ^

Molecule SO      

SO      _MR    0.21E-20    0.29E-20    0.39E-20    0.53E-20    0.73E-20  ^
    0.10E-19    0.14E-19    0.19E-19    0.26E-19    0.36E-19  ^
    0.48E-19    0.65E-19    0.88E-19    0.12E-18    0.16E-18  ^
    0.21E-18    0.28E-18    0.35E-18    0.42E-18    0.49E-18  ^
    0.58E-18    0.68E-18    0.80E-18    0.94E-18    0.11E-17  ^
    0.13E-17    0.16E-17    0.19E-17    0.23E-17    0.27E-17  ^
    0.32E-17    0.37E-17    0.43E-17    0.48E-17    0.54E-17  ^
    0.60E-17    0.67E-17    0.75E-17    0.85E-17    0.98E-17  ^
    0.11E-16    0.13E-16    0.16E-16    0.19E-16    0.23E-16  ^
    0.28E-16    0.35E-16    0.42E-16    0.51E-16    0.61E-16  ^
    0.73E-16    0.85E-16    0.10E-15    0.12E-15    0.13E-15  ^
    0.15E-15    0.17E-15    0.20E-15    0.22E-15    0.25E-15  ^
    0.28E-15    0.31E-15    0.34E-15    0.38E-15    0.43E-15  ^
    0.48E-15    0.54E-15    0.60E-15    0.68E-15    0.76E-15  ^
    0.85E-15    0.96E-15    0.11E-14    0.12E-14    0.14E-14  ^
    0.16E-14    0.18E-14    0.20E-14    0.24E-14    0.27E-14  ^
    0.32E-14    0.37E-14    0.43E-14    0.51E-14    0.60E-14  ^
    0.70E-14    0.83E-14    0.98E-14    0.11E-13    0.14E-13  ^
    0.16E-13    0.19E-13    0.22E-13    0.26E-13    0.31E-13  ^
    0.38E-13    0.47E-13    0.56E-13    0.63E-13    0.63E-13  ^

SO      _ALT     0.35     1.05     1.75     2.45     3.15  ^
     3.85     4.55     5.25     5.95     6.65  ^
     7.35     8.05     8.75     9.45    10.15  ^
    10.85    11.55    12.25    12.95    13.65  ^
    14.35    15.05    15.75    16.45    17.15  ^
    17.85    18.55    19.25    19.95    20.65  ^
    21.35    22.05    22.75    23.45    24.15  ^
    24.85    25.55    26.25    26.95    27.65  ^
    28.35    29.05    29.75    30.45    31.15  ^
    31.85    32.55    33.25    33.95    34.65  ^
    35.35    36.05    36.75    37.45    38.15  ^
    38.85    39.55    40.25    40.95    41.65  ^
    42.35    43.05    43.75    44.45    45.15  ^
    45.85    46.55    47.25    47.95    48.65  ^
    49.35    50.05    50.75    51.45    52.15  ^
    52.85    53.55    54.25    54.95    55.65  ^
    56.35    57.05    57.75    58.45    59.15  ^
    59.85    60.55    61.25    61.95    62.65  ^
    63.35    64.05    64.75    65.45    66.15  ^
    66.85    67.55    68.25    68.95    69.65  ^

Molecule SO2     

SO2     _MR    0.72E-10    0.12E-09    0.17E-09    0.23E-09    0.29E-09  ^
    0.35E-09    0.41E-09    0.47E-09    0.53E-09    0.59E-09  ^
    0.64E-09    0.68E-09    0.71E-09    0.73E-09    0.73E-09  ^
    0.73E-09    0.73E-09    0.73E-09    0.74E-09    0.74E-09  ^
    0.74E-09    0.74E-09    0.75E-09    0.75E-09    0.76E-09  ^
    0.77E-09    0.78E-09    0.80E-09    0.81E-09    0.83E-09  ^
    0.84E-09    0.85E-09    0.86E-09    0.86E-09    0.85E-09  ^
    0.84E-09    0.82E-09    0.79E-09    0.76E-09    0.73E-09  ^
    0.70E-09    0.66E-09    0.63E-09    0.59E-09    0.56E-09  ^
    0.53E-09    0.49E-09    0.47E-09    0.44E-09    0.41E-09  ^
    0.39E-09    0.37E-09    0.35E-09    0.33E-09    0.31E-09  ^
    0.30E-09    0.28E-09    0.27E-09    0.26E-09    0.25E-09  ^
    0.24E-09    0.23E-09    0.22E-09    0.22E-09    0.21E-09  ^
    0.20E-09    0.20E-09    0.20E-09    0.19E-09    0.19E-09  ^
    0.19E-09    0.18E-09    0.18E-09    0.18E-09    0.18E-09  ^
    0.18E-09    0.17E-09    0.17E-09    0.17E-09    0.17E-09  ^
    0.17E-09    0.17E-09    0.16E-09    0.16E-09    0.16E-09  ^
    0.16E-09    0.16E-09    0.16E-09    0.16E-09    0.16E-09  ^
    0.16E-09    0.16E-09    0.15E-09    0.15E-09    0.15E-09  ^
    0.15E-09    0.15E-09    0.15E-09    0.15E-09    0.15E-09  ^

SO2     _ALT     0.35     1.05     1.75     2.45     3.15  ^
     3.85     4.55     5.25     5.95     6.65  ^
     7.35     8.05     8.75     9.45    10.15  ^
    10.85    11.55    12.25    12.95    13.65  ^
    14.35    15.05    15.75    16.45    17.15  ^
    17.85    18.55    19.25    19.95    20.65  ^
    21.35    22.05    22.75    23.45    24.15  ^
    24.85    25.55    26.25    26.95    27.65  ^
    28.35    29.05    29.75    30.45    31.15  ^
    31.85    32.55    33.25    33.95    34.65  ^
    35.35    36.05    36.75    37.45    38.15  ^
    38.85    39.55    40.25    40.95    41.65  ^
    42.35    43.05    43.75    44.45    45.15  ^
    45.85    46.55    47.25    47.95    48.65  ^
    49.35    50.05    50.75    51.45    52.15  ^
    52.85    53.55    54.25    54.95    55.65  ^
    56.35    57.05    57.75    58.45    59.15  ^
    59.85    60.55    61.25    61.95    62.65  ^
    63.35    64.05    64.75    65.45    66.15  ^
    66.85    67.55    68.25    68.95    69.65  ^

Molecule H2SO4   

H2SO4   _MR    0.28E-14    0.53E-14    0.87E-14    0.13E-13    0.19E-13  ^
    0.26E-13    0.34E-13    0.44E-13    0.54E-13    0.66E-13  ^
    0.78E-13    0.89E-13    0.10E-12    0.11E-12    0.12E-12  ^
    0.12E-12    0.12E-12    0.12E-12    0.11E-12    0.11E-12  ^
    0.11E-12    0.10E-12    0.10E-12    0.99E-13    0.10E-12  ^
    0.10E-12    0.11E-12    0.12E-12    0.13E-12    0.14E-12  ^
    0.16E-12    0.18E-12    0.19E-12    0.21E-12    0.22E-12  ^
    0.23E-12    0.24E-12    0.24E-12    0.25E-12    0.25E-12  ^
    0.25E-12    0.25E-12    0.25E-12    0.25E-12    0.25E-12  ^
    0.25E-12    0.25E-12    0.25E-12    0.25E-12    0.25E-12  ^
    0.26E-12    0.26E-12    0.26E-12    0.27E-12    0.27E-12  ^
    0.27E-12    0.27E-12    0.27E-12    0.27E-12    0.28E-12  ^
    0.29E-12    0.31E-12    0.34E-12    0.41E-12    0.51E-12  ^
    0.66E-12    0.87E-12    0.11E-11    0.15E-11    0.19E-11  ^
    0.25E-11    0.32E-11    0.40E-11    0.48E-11    0.55E-11  ^
    0.59E-11    0.61E-11    0.62E-11    0.60E-11    0.56E-11  ^
    0.51E-11    0.44E-11    0.37E-11    0.30E-11    0.24E-11  ^
    0.19E-11    0.15E-11    0.12E-11    0.88E-12    0.67E-12  ^
    0.49E-12    0.36E-12    0.25E-12    0.18E-12    0.13E-12  ^
    0.11E-12    0.11E-12    0.12E-12    0.14E-12    0.16E-12  ^

H2SO4   _ALT     0.35     1.05     1.75     2.45     3.15  ^
     3.85     4.55     5.25     5.95     6.65  ^
     7.35     8.05     8.75     9.45    10.15  ^
    10.85    11.55    12.25    12.95    13.65  ^
    14.35    15.05    15.75    16.45    17.15  ^
    17.85    18.55    19.25    19.95    20.65  ^
    21.35    22.05    22.75    23.45    24.15  ^
    24.85    25.55    26.25    26.95    27.65  ^
    28.35    29.05    29.75    30.45    31.15  ^
    31.85    32.55    33.25    33.95    34.65  ^
    35.35    36.05    36.75    37.45    38.15  ^
    38.85    39.55    40.25    40.95    41.65  ^
    42.35    43.05    43.75    44.45    45.15  ^
    45.85    46.55    47.25    47.95    48.65  ^
    49.35    50.05    50.75    51.45    52.15  ^
    52.85    53.55    54.25    54.95    55.65  ^
    56.35    57.05    57.75    58.45    59.15  ^
    59.85    60.55    61.25    61.95    62.65  ^
    63.35    64.05    64.75    65.45    66.15  ^
    66.85    67.55    68.25    68.95    69.65  ^

Molecule HSO     

HSO     _MR    0.46E-12    0.79E-12    0.11E-11    0.15E-11    0.20E-11  ^
    0.24E-11    0.29E-11    0.34E-11    0.39E-11    0.43E-11  ^
    0.48E-11    0.52E-11    0.55E-11    0.59E-11    0.61E-11  ^
    0.63E-11    0.64E-11    0.65E-11    0.66E-11    0.66E-11  ^
    0.65E-11    0.65E-11    0.64E-11    0.63E-11    0.60E-11  ^
    0.57E-11    0.53E-11    0.49E-11    0.43E-11    0.38E-11  ^
    0.31E-11    0.25E-11    0.19E-11    0.15E-11    0.11E-11  ^
    0.74E-12    0.51E-12    0.34E-12    0.23E-12    0.15E-12  ^
    0.94E-13    0.60E-13    0.38E-13    0.24E-13    0.15E-13  ^
    0.92E-14    0.56E-14    0.34E-14    0.21E-14    0.12E-14  ^
    0.74E-15    0.43E-15    0.24E-15    0.14E-15    0.74E-16  ^
    0.39E-16    0.20E-16    0.10E-16    0.51E-17    0.25E-17  ^
    0.12E-17    0.55E-18    0.25E-18    0.11E-18    0.51E-19  ^
    0.23E-19    0.10E-19    0.47E-20    0.22E-20    0.11E-20  ^
    0.55E-21    0.32E-21    0.22E-21    0.16E-21    0.14E-21  ^
    0.12E-21    0.11E-21    0.10E-21    0.95E-22    0.88E-22  ^
    0.83E-22    0.78E-22    0.74E-22    0.72E-22    0.70E-22  ^
    0.70E-22    0.72E-22    0.75E-22    0.80E-22    0.88E-22  ^
    0.98E-22    0.11E-21    0.13E-21    0.15E-21    0.18E-21  ^
    0.23E-21    0.29E-21    0.38E-21    0.47E-21    0.55E-21  ^

HSO     _ALT     0.35     1.05     1.75     2.45     3.15  ^
     3.85     4.55     5.25     5.95     6.65  ^
     7.35     8.05     8.75     9.45    10.15  ^
    10.85    11.55    12.25    12.95    13.65  ^
    14.35    15.05    15.75    16.45    17.15  ^
    17.85    18.55    19.25    19.95    20.65  ^
    21.35    22.05    22.75    23.45    24.15  ^
    24.85    25.55    26.25    26.95    27.65  ^
    28.35    29.05    29.75    30.45    31.15  ^
    31.85    32.55    33.25    33.95    34.65  ^
    35.35    36.05    36.75    37.45    38.15  ^
    38.85    39.55    40.25    40.95    41.65  ^
    42.35    43.05    43.75    44.45    45.15  ^
    45.85    46.55    47.25    47.95    48.65  ^
    49.35    50.05    50.75    51.45    52.15  ^
    52.85    53.55    54.25    54.95    55.65  ^
    56.35    57.05    57.75    58.45    59.15  ^
    59.85    60.55    61.25    61.95    62.65  ^
    63.35    64.05    64.75    65.45    66.15  ^
    66.85    67.55    68.25    68.95    69.65  ^
