
*** Output file for diagnostics after 25 coupled iterations ***

*** PHOTOCHEMICAL MODEL output

 Ozone column depth =  4.9830E+18 cm^-2

 Results sorted by Lower Boundary Condition

  Species with fixed surface FLUX
      Specified flux   Calculated flux    calc/spec      TL
 N2O        6.75E+08     6.75E+08          1.00E+00    6.75E+08
 CH3CL      3.31E+08     3.31E+08          1.00E+00    3.32E+08
 
  Species with fixed surface MIXING RATIO
       Specified M R   Calculated M R   calc/spec      TL         TP         TP/TL
 CH4        5.00E-04     5.00E-04       1.00E+00    7.57E+10    7.57E+10    1.00E+00
 
  Species with fixed VELOCITY DEPOSITION
               TL         TP         TL/TP
 H2CO       7.21E+10    7.33E+10    9.84E-01
 O          1.90E+14    1.90E+14    1.00E+00
 OH         4.28E+11    4.28E+11    1.00E+00
 HO2        4.39E+11    4.39E+11    1.00E+00
 H2O2       2.35E+09    2.43E+09    9.69E-01
 O3         1.90E+14    1.90E+14    1.00E+00
 H          2.51E+11    2.51E+11    1.00E+00
 H2         4.16E+08    1.08E+10    1.00E+00
 CO         5.99E+10    6.56E+10    9.14E-01
 CH3OOH     2.05E+10    2.08E+10    9.87E-01
 CH3O2      9.11E+10    9.11E+10    1.00E+00
 NO         4.08E+11    4.08E+11    1.00E+00
 NO2        4.91E+11    4.92E+11    9.99E-01
 HNO2       2.35E+06    2.35E+06    1.00E+00
 HNO3       3.94E+09    5.36E+09    7.34E-01
 HO2NO2     6.90E+10    6.90E+10    1.00E+00
 NO3        1.74E+10    1.74E+10    1.00E+00
 N2O5       2.99E+09    2.99E+09    1.00E+00
 CL2O2      1.51E+06    1.51E+06    1.00E+00
 HOCL       2.82E+09    2.82E+09    1.00E+00
 CL         1.47E+11    1.47E+11    1.00E+00
 CLO        6.36E+10    6.36E+10    1.00E+00
 HCL        1.55E+10    1.55E+10    9.97E-01
 CLONO2     1.99E+08    1.99E+08    9.99E-01
 H2S        5.08E+07    3.33E+08    1.52E-01
 HS         5.07E+07    5.07E+07    1.00E+00
 SO         1.20E+08    1.20E+08    1.00E+00
 SO2        8.35E+09    1.00E+10    8.35E-01
 H2SO4      1.02E+07    1.02E+07    9.99E-01
 HSO        2.56E+07    3.08E+07    8.30E-01
 SO4AER     9.02E+06    9.85E+06    9.15E-01

*** CLIMATE MODEL output

   Selected temperatures for diagnostic
 Layer    T_Ncoup-1       T_Ncoup       (T_n-1)-(T_n)     DIVF_Nstep
 100      2.9496E+02      2.9480E+02      1.5389E-01     -1.5363E+00
  99      2.9305E+02      2.9289E+02      1.6141E-01     -7.8367E-01
  Last convective layer 
  91      2.5877E+02      2.5851E+02      2.6807E-01     -2.6876E-02
  At the cold trap 
  82      2.3910E+02      2.3887E+02      2.3377E-01     -5.7146E-04
   2      1.8299E+02      1.8313E+02      1.4316E-01     -1.5128E-04
   1      1.7751E+02      1.7765E+02      1.3867E-01     -1.0380E-04

  ** PARAMETERS OF THE ATMOSPHERE AT STEADY STATE **


 Factor for stellar flux =     1.0000


 Ozone column depth =  4.9830E+18 cm^-2

   *** Surface fluxes (cm^-2 s^-1) ***

     H2         CH4        CO         N2O        CH3CL 
 -1.043E+10  7.566E+10 -5.792E+09  6.750E+08  3.311E+08

   *** Mixing ratios ***

 Z (km) P(dyn/cm^2)   H2O       H2        CH4       CO        N2O       CH3CL   
  0.34   9.734E+05 1.783E-02 1.807E-06 5.000E-04 2.007E-06 1.122E-06 3.367E-07
  1.02   8.989E+05 1.484E-02 1.808E-06 5.000E-04 2.008E-06 1.122E-06 3.367E-07
  1.70   8.295E+05 1.226E-02 1.808E-06 5.000E-04 2.008E-06 1.122E-06 3.367E-07
  2.38   7.648E+05 1.002E-02 1.808E-06 5.000E-04 2.008E-06 1.122E-06 3.367E-07
  3.06   7.045E+05 8.056E-03 1.809E-06 5.000E-04 2.008E-06 1.122E-06 3.366E-07
  3.74   6.484E+05 6.348E-03 1.809E-06 5.000E-04 2.008E-06 1.122E-06 3.366E-07
  4.42   5.961E+05 4.884E-03 1.809E-06 5.000E-04 2.009E-06 1.122E-06 3.366E-07
  5.10   5.475E+05 3.681E-03 1.810E-06 5.000E-04 2.009E-06 1.122E-06 3.366E-07
  5.78   5.022E+05 2.718E-03 1.810E-06 5.000E-04 2.009E-06 1.122E-06 3.366E-07
  6.46   4.602E+05 1.946E-03 1.811E-06 5.000E-04 2.009E-06 1.122E-06 3.366E-07
  7.14   4.211E+05 1.329E-03 1.811E-06 5.000E-04 2.010E-06 1.121E-06 3.366E-07
  7.82   3.848E+05 8.666E-04 1.812E-06 5.000E-04 2.010E-06 1.121E-06 3.365E-07
  8.50   3.512E+05 6.248E-04 1.812E-06 5.000E-04 2.010E-06 1.121E-06 3.365E-07
  9.18   3.202E+05 4.996E-04 1.813E-06 5.000E-04 2.011E-06 1.121E-06 3.365E-07
  9.86   2.917E+05 4.181E-04 1.814E-06 5.000E-04 2.011E-06 1.121E-06 3.365E-07
 10.54   2.655E+05 3.519E-04 1.814E-06 4.999E-04 2.011E-06 1.121E-06 3.365E-07
 11.22   2.416E+05 2.990E-04 1.815E-06 4.999E-04 2.012E-06 1.121E-06 3.364E-07
 11.90   2.197E+05 2.572E-04 1.815E-06 4.999E-04 2.012E-06 1.121E-06 3.364E-07
 12.58   1.997E+05 2.214E-04 1.816E-06 4.999E-04 2.013E-06 1.121E-06 3.364E-07
 13.26   1.814E+05 1.915E-04 1.817E-06 4.999E-04 2.013E-06 1.121E-06 3.364E-07
 13.94   1.647E+05 1.669E-04 1.818E-06 4.999E-04 2.014E-06 1.121E-06 3.363E-07
 14.62   1.495E+05 1.553E-04 1.821E-06 4.999E-04 2.015E-06 1.121E-06 3.362E-07
 15.30   1.356E+05 1.520E-04 1.824E-06 4.999E-04 2.018E-06 1.120E-06 3.361E-07
 15.98   1.230E+05 1.519E-04 1.829E-06 4.998E-04 2.021E-06 1.120E-06 3.359E-07
 16.66   1.115E+05 1.518E-04 1.837E-06 4.997E-04 2.026E-06 1.119E-06 3.356E-07
 17.34   1.011E+05 1.516E-04 1.849E-06 4.996E-04 2.033E-06 1.117E-06 3.351E-07
 18.02   9.162E+04 1.513E-04 1.866E-06 4.994E-04 2.043E-06 1.115E-06 3.345E-07
 18.70   8.298E+04 1.509E-04 1.888E-06 4.992E-04 2.056E-06 1.112E-06 3.336E-07
 19.38   7.514E+04 1.514E-04 1.914E-06 4.989E-04 2.073E-06 1.109E-06 3.325E-07
 20.06   6.801E+04 1.521E-04 1.947E-06 4.985E-04 2.093E-06 1.105E-06 3.311E-07
 20.74   6.154E+04 1.530E-04 1.984E-06 4.981E-04 2.116E-06 1.099E-06 3.295E-07
 21.42   5.568E+04 1.539E-04 2.028E-06 4.976E-04 2.143E-06 1.093E-06 3.277E-07
 22.10   5.037E+04 1.550E-04 2.075E-06 4.970E-04 2.173E-06 1.086E-06 3.256E-07
 22.78   4.555E+04 1.563E-04 2.127E-06 4.963E-04 2.205E-06 1.079E-06 3.233E-07
 23.46   4.119E+04 1.576E-04 2.183E-06 4.956E-04 2.240E-06 1.070E-06 3.207E-07
 24.14   3.725E+04 1.591E-04 2.242E-06 4.949E-04 2.277E-06 1.061E-06 3.179E-07
 24.82   3.368E+04 1.608E-04 2.303E-06 4.940E-04 2.316E-06 1.050E-06 3.150E-07
 25.50   3.045E+04 1.625E-04 2.365E-06 4.931E-04 2.356E-06 1.040E-06 3.119E-07
 26.18   2.753E+04 1.643E-04 2.428E-06 4.922E-04 2.396E-06 1.028E-06 3.086E-07
 26.86   2.490E+04 1.662E-04 2.492E-06 4.912E-04 2.437E-06 1.016E-06 3.053E-07
 27.54   2.251E+04 1.681E-04 2.555E-06 4.902E-04 2.477E-06 1.003E-06 3.018E-07
 28.22   2.035E+04 1.702E-04 2.617E-06 4.892E-04 2.518E-06 9.904E-07 2.982E-07
 28.90   1.840E+04 1.723E-04 2.679E-06 4.881E-04 2.559E-06 9.769E-07 2.946E-07
 29.58   1.664E+04 1.744E-04 2.740E-06 4.870E-04 2.599E-06 9.629E-07 2.908E-07
 30.26   1.505E+04 1.767E-04 2.800E-06 4.858E-04 2.638E-06 9.484E-07 2.870E-07
 30.94   1.360E+04 1.790E-04 2.858E-06 4.846E-04 2.677E-06 9.336E-07 2.831E-07
 31.62   1.229E+04 1.813E-04 2.916E-06 4.834E-04 2.716E-06 9.183E-07 2.792E-07
 32.30   1.111E+04 1.838E-04 2.972E-06 4.822E-04 2.754E-06 9.026E-07 2.751E-07
 32.98   1.004E+04 1.863E-04 3.027E-06 4.809E-04 2.791E-06 8.865E-07 2.709E-07
 33.66   9.072E+03 1.889E-04 3.081E-06 4.795E-04 2.829E-06 8.699E-07 2.667E-07
 34.34   8.196E+03 1.916E-04 3.135E-06 4.782E-04 2.866E-06 8.529E-07 2.623E-07
 35.02   7.404E+03 1.944E-04 3.187E-06 4.767E-04 2.903E-06 8.353E-07 2.578E-07
 35.70   6.688E+03 1.973E-04 3.239E-06 4.752E-04 2.940E-06 8.172E-07 2.532E-07
 36.38   6.041E+03 2.003E-04 3.290E-06 4.737E-04 2.976E-06 7.988E-07 2.484E-07
 37.06   5.456E+03 2.035E-04 3.339E-06 4.721E-04 3.013E-06 7.801E-07 2.435E-07
 37.74   4.928E+03 2.067E-04 3.388E-06 4.705E-04 3.049E-06 7.610E-07 2.384E-07
 38.42   4.451E+03 2.101E-04 3.436E-06 4.687E-04 3.085E-06 7.415E-07 2.332E-07
 39.10   4.020E+03 2.137E-04 3.483E-06 4.669E-04 3.121E-06 7.215E-07 2.278E-07
 39.78   3.631E+03 2.175E-04 3.530E-06 4.650E-04 3.156E-06 7.012E-07 2.221E-07
 40.46   3.280E+03 2.214E-04 3.576E-06 4.630E-04 3.191E-06 6.808E-07 2.163E-07
 41.14   2.964E+03 2.255E-04 3.620E-06 4.610E-04 3.225E-06 6.605E-07 2.104E-07
 41.82   2.678E+03 2.297E-04 3.663E-06 4.588E-04 3.257E-06 6.402E-07 2.043E-07
 42.50   2.420E+03 2.341E-04 3.705E-06 4.566E-04 3.289E-06 6.199E-07 1.981E-07
 43.18   2.187E+03 2.387E-04 3.746E-06 4.543E-04 3.318E-06 5.997E-07 1.916E-07
 43.86   1.976E+03 2.435E-04 3.786E-06 4.519E-04 3.345E-06 5.798E-07 1.851E-07
 44.54   1.786E+03 2.484E-04 3.824E-06 4.494E-04 3.369E-06 5.601E-07 1.784E-07
 45.22   1.615E+03 2.536E-04 3.862E-06 4.468E-04 3.390E-06 5.408E-07 1.716E-07
 45.90   1.460E+03 2.588E-04 3.897E-06 4.442E-04 3.406E-06 5.220E-07 1.648E-07
 46.58   1.319E+03 2.642E-04 3.931E-06 4.414E-04 3.418E-06 5.038E-07 1.579E-07
 47.26   1.193E+03 2.697E-04 3.963E-06 4.387E-04 3.425E-06 4.862E-07 1.511E-07
 47.94   1.078E+03 2.753E-04 3.993E-06 4.359E-04 3.427E-06 4.693E-07 1.443E-07
 48.62   9.744E+02 2.809E-04 4.022E-06 4.330E-04 3.423E-06 4.532E-07 1.377E-07
 49.30   8.807E+02 2.866E-04 4.048E-06 4.302E-04 3.413E-06 4.378E-07 1.311E-07
 49.98   7.960E+02 2.923E-04 4.073E-06 4.273E-04 3.397E-06 4.231E-07 1.247E-07
 50.66   7.194E+02 2.981E-04 4.097E-06 4.244E-04 3.374E-06 4.090E-07 1.184E-07
 51.34   6.500E+02 3.038E-04 4.118E-06 4.216E-04 3.343E-06 3.956E-07 1.122E-07
 52.02   5.873E+02 3.095E-04 4.138E-06 4.187E-04 3.306E-06 3.829E-07 1.063E-07
 52.70   5.306E+02 3.152E-04 4.157E-06 4.159E-04 3.262E-06 3.709E-07 1.006E-07
 53.38   4.793E+02 3.208E-04 4.174E-06 4.131E-04 3.212E-06 3.595E-07 9.507E-08
 54.06   4.328E+02 3.263E-04 4.190E-06 4.103E-04 3.154E-06 3.487E-07 8.975E-08
 54.74   3.908E+02 3.318E-04 4.205E-06 4.076E-04 3.090E-06 3.384E-07 8.464E-08
 55.42   3.528E+02 3.371E-04 4.220E-06 4.049E-04 3.020E-06 3.286E-07 7.976E-08
 56.10   3.184E+02 3.424E-04 4.234E-06 4.022E-04 2.944E-06 3.195E-07 7.512E-08
 56.78   2.872E+02 3.474E-04 4.247E-06 3.997E-04 2.863E-06 3.109E-07 7.074E-08
 57.46   2.590E+02 3.523E-04 4.261E-06 3.973E-04 2.777E-06 3.029E-07 6.661E-08
 58.14   2.335E+02 3.570E-04 4.274E-06 3.949E-04 2.687E-06 2.955E-07 6.275E-08
 58.82   2.104E+02 3.615E-04 4.287E-06 3.926E-04 2.593E-06 2.886E-07 5.911E-08
 59.50   1.894E+02 3.659E-04 4.301E-06 3.905E-04 2.496E-06 2.821E-07 5.567E-08
 60.18   1.705E+02 3.700E-04 4.316E-06 3.884E-04 2.397E-06 2.760E-07 5.246E-08
 60.86   1.533E+02 3.740E-04 4.331E-06 3.864E-04 2.295E-06 2.704E-07 4.946E-08
 61.54   1.378E+02 3.777E-04 4.347E-06 3.845E-04 2.194E-06 2.653E-07 4.669E-08
 62.22   1.237E+02 3.811E-04 4.364E-06 3.828E-04 2.094E-06 2.607E-07 4.416E-08
 62.90   1.110E+02 3.843E-04 4.382E-06 3.812E-04 1.994E-06 2.566E-07 4.184E-08
 63.58   9.954E+01 3.873E-04 4.401E-06 3.797E-04 1.895E-06 2.528E-07 3.972E-08
 64.26   8.917E+01 3.900E-04 4.421E-06 3.784E-04 1.798E-06 2.495E-07 3.784E-08
 64.94   7.981E+01 3.923E-04 4.443E-06 3.772E-04 1.704E-06 2.466E-07 3.619E-08
 65.62   7.136E+01 3.943E-04 4.466E-06 3.762E-04 1.614E-06 2.443E-07 3.480E-08
 66.30   6.373E+01 3.958E-04 4.488E-06 3.754E-04 1.531E-06 2.424E-07 3.368E-08
 66.98   5.683E+01 3.970E-04 4.510E-06 3.748E-04 1.462E-06 2.411E-07 3.288E-08
 67.66   5.058E+01 3.976E-04 4.528E-06 3.745E-04 1.425E-06 2.404E-07 3.243E-08

   *** Number densities (cm^-3) ***

  Z(km) P(dyn/cm^2)   Total  OH          O3      
  0.34   9.734E+05 2.404E+19 1.061E+02 2.589E+11
  1.02   8.989E+05 2.243E+19 1.356E+02 2.588E+11
  1.70   8.295E+05 2.091E+19 1.687E+02 2.590E+11
  2.38   7.648E+05 1.949E+19 2.123E+02 2.592E+11
  3.06   7.045E+05 1.816E+19 2.699E+02 2.595E+11
  3.74   6.484E+05 1.692E+19 3.461E+02 2.597E+11
  4.42   5.961E+05 1.575E+19 4.458E+02 2.597E+11
  5.10   5.475E+05 1.465E+19 5.750E+02 2.593E+11
  5.78   5.022E+05 1.362E+19 7.436E+02 2.584E+11
  6.46   4.602E+05 1.266E+19 9.510E+02 2.571E+11
  7.14   4.211E+05 1.177E+19 1.153E+03 2.552E+11
  7.82   3.848E+05 1.093E+19 1.280E+03 2.523E+11
  8.50   3.512E+05 1.011E+19 1.353E+03 2.477E+11
  9.18   3.202E+05 9.309E+18 1.418E+03 2.416E+11
  9.86   2.917E+05 8.544E+18 1.478E+03 2.345E+11
 10.54   2.655E+05 7.829E+18 1.504E+03 2.269E+11
 11.22   2.416E+05 7.167E+18 1.520E+03 2.191E+11
 11.90   2.197E+05 6.555E+18 1.524E+03 2.112E+11
 12.58   1.997E+05 5.990E+18 1.519E+03 2.039E+11
 13.26   1.814E+05 5.471E+18 1.503E+03 1.976E+11
 13.94   1.647E+05 4.992E+18 1.488E+03 1.952E+11
 14.62   1.495E+05 4.550E+18 1.475E+03 2.003E+11
 15.30   1.356E+05 4.142E+18 1.467E+03 2.152E+11
 15.98   1.230E+05 3.769E+18 1.481E+03 2.428E+11
 16.66   1.115E+05 3.428E+18 1.537E+03 2.863E+11
 17.34   1.011E+05 3.120E+18 1.655E+03 3.498E+11
 18.02   9.162E+04 2.839E+18 1.853E+03 4.359E+11
 18.70   8.298E+04 2.583E+18 2.143E+03 5.426E+11
 19.38   7.514E+04 2.347E+18 2.514E+03 6.603E+11
 20.06   6.801E+04 2.130E+18 2.971E+03 7.903E+11
 20.74   6.154E+04 1.933E+18 3.509E+03 9.294E+11
 21.42   5.568E+04 1.753E+18 4.121E+03 1.074E+12
 22.10   5.037E+04 1.588E+18 4.791E+03 1.218E+12
 22.78   4.555E+04 1.439E+18 5.514E+03 1.360E+12
 23.46   4.119E+04 1.302E+18 6.281E+03 1.495E+12
 24.14   3.725E+04 1.179E+18 7.094E+03 1.623E+12
 24.82   3.368E+04 1.067E+18 7.958E+03 1.742E+12
 25.50   3.045E+04 9.648E+17 8.868E+03 1.848E+12
 26.18   2.753E+04 8.726E+17 9.827E+03 1.939E+12
 26.86   2.490E+04 7.889E+17 1.084E+04 2.015E+12
 27.54   2.251E+04 7.133E+17 1.194E+04 2.077E+12
 28.22   2.035E+04 6.450E+17 1.312E+04 2.125E+12
 28.90   1.840E+04 5.834E+17 1.442E+04 2.162E+12
 29.58   1.664E+04 5.278E+17 1.585E+04 2.187E+12
 30.26   1.505E+04 4.777E+17 1.745E+04 2.201E+12
 30.94   1.360E+04 4.325E+17 1.925E+04 2.204E+12
 31.62   1.229E+04 3.916E+17 2.132E+04 2.197E+12
 32.30   1.111E+04 3.546E+17 2.371E+04 2.179E+12
 32.98   1.004E+04 3.209E+17 2.652E+04 2.151E+12
 33.66   9.072E+03 2.903E+17 2.987E+04 2.112E+12
 34.34   8.196E+03 2.626E+17 3.387E+04 2.065E+12
 35.02   7.404E+03 2.374E+17 3.869E+04 2.008E+12
 35.70   6.688E+03 2.146E+17 4.451E+04 1.944E+12
 36.38   6.041E+03 1.940E+17 5.154E+04 1.871E+12
 37.06   5.456E+03 1.753E+17 6.004E+04 1.789E+12
 37.74   4.928E+03 1.583E+17 7.035E+04 1.702E+12
 38.42   4.451E+03 1.430E+17 8.288E+04 1.609E+12
 39.10   4.020E+03 1.292E+17 9.811E+04 1.513E+12
 39.78   3.631E+03 1.166E+17 1.166E+05 1.413E+12
 40.46   3.280E+03 1.053E+17 1.391E+05 1.312E+12
 41.14   2.964E+03 9.506E+16 1.662E+05 1.209E+12
 41.82   2.678E+03 8.582E+16 1.988E+05 1.107E+12
 42.50   2.420E+03 7.748E+16 2.381E+05 1.008E+12
 43.18   2.187E+03 6.996E+16 2.852E+05 9.111E+11
 43.86   1.976E+03 6.318E+16 3.414E+05 8.187E+11
 44.54   1.786E+03 5.708E+16 4.083E+05 7.313E+11
 45.22   1.615E+03 5.159E+16 4.876E+05 6.494E+11
 45.90   1.460E+03 4.664E+16 5.812E+05 5.732E+11
 46.58   1.319E+03 4.217E+16 6.912E+05 5.030E+11
 47.26   1.193E+03 3.815E+16 8.199E+05 4.387E+11
 47.94   1.078E+03 3.450E+16 9.691E+05 3.804E+11
 48.62   9.744E+02 3.120E+16 1.140E+06 3.280E+11
 49.30   8.807E+02 2.821E+16 1.334E+06 2.813E+11
 49.98   7.960E+02 2.552E+16 1.551E+06 2.400E+11
 50.66   7.194E+02 2.309E+16 1.791E+06 2.040E+11
 51.34   6.500E+02 2.089E+16 2.053E+06 1.728E+11
 52.02   5.873E+02 1.890E+16 2.337E+06 1.458E+11
 52.70   5.306E+02 1.710E+16 2.645E+06 1.228E+11
 53.38   4.793E+02 1.548E+16 2.977E+06 1.031E+11
 54.06   4.328E+02 1.401E+16 3.335E+06 8.636E+10
 54.74   3.908E+02 1.268E+16 3.722E+06 7.213E+10
 55.42   3.528E+02 1.148E+16 4.142E+06 6.006E+10
 56.10   3.184E+02 1.039E+16 4.601E+06 4.987E+10
 56.78   2.872E+02 9.407E+15 5.104E+06 4.127E+10
 57.46   2.590E+02 8.519E+15 5.660E+06 3.405E+10
 58.14   2.335E+02 7.715E+15 6.277E+06 2.800E+10
 58.82   2.104E+02 6.988E+15 6.965E+06 2.294E+10
 59.50   1.894E+02 6.329E+15 7.738E+06 1.873E+10
 60.18   1.705E+02 5.731E+15 8.619E+06 1.524E+10
 60.86   1.533E+02 5.188E+15 9.631E+06 1.238E+10
 61.54   1.378E+02 4.695E+15 1.081E+07 1.004E+10
 62.22   1.237E+02 4.247E+15 1.220E+07 8.141E+09
 62.90   1.110E+02 3.840E+15 1.385E+07 6.615E+09
 63.58   9.954E+01 3.470E+15 1.583E+07 5.396E+09
 64.26   8.917E+01 3.134E+15 1.822E+07 4.431E+09
 64.94   7.981E+01 2.830E+15 2.112E+07 3.674E+09
 65.62   7.136E+01 2.555E+15 2.468E+07 3.094E+09
 66.30   6.373E+01 2.308E+15 2.936E+07 2.688E+09
 66.98   5.683E+01 2.089E+15 3.651E+07 2.504E+09
 67.66   5.058E+01 1.897E+15 5.109E+07 2.650E+09

    ENERGY FLUXES IN W/m^2/nm and photons/m^2/s/nm (NOT DIURNALLY AVERAGED)

        WAV        EFLUX        GFLUX        PhEFLUX      PhGFLUX
    1.21600E+03  5.96577E-03  0.00000E+00  7.30000E+13  0.00000E+00
    1.32500E+03  1.09500E-03  0.00000E+00  7.30000E+14  0.00000E+00
    1.37500E+03  1.73455E-03  0.00000E+00  1.20000E+15  0.00000E+00
    1.42500E+03  9.48421E-04  0.00000E+00  6.80000E+14  0.00000E+00
    1.47500E+03  1.11839E-03  0.00000E+00  8.30000E+14  0.00000E+00
    1.52500E+03  1.30328E-03  0.00000E+00  1.00000E+15  0.00000E+00
    1.57500E+03  1.26190E-03  0.00000E+00  1.00000E+15  0.00000E+00
    1.62500E+03  2.32385E-03  0.00000E+00  1.90000E+15  0.00000E+00
    1.67500E+03  3.32239E-03  0.00000E+00  2.80000E+15  0.00000E+00
    1.72500E+03  3.22609E-03  0.00000E+00  2.80000E+15  0.00000E+00
    1.76200E+03  1.85271E-03  0.00000E+00  1.64250E+15  0.00000E+00
    1.77800E+03  6.69300E-04  0.00000E+00  5.98750E+14  0.00000E+00
    1.79400E+03  6.69286E-04  0.00000E+00  6.04125E+14  0.00000E+00
    1.81000E+03  6.69340E-04  0.00000E+00  6.09562E+14  0.00000E+00
    1.82700E+03  6.69530E-04  0.00000E+00  6.15294E+14  0.00000E+00
    1.84400E+03  6.69064E-04  0.00000E+00  6.20588E+14  0.00000E+00
    1.86100E+03  6.69234E-04  0.00000E+00  6.26471E+14  0.00000E+00
    1.87800E+03  6.69085E-04  0.00000E+00  6.32222E+14  0.00000E+00
    1.89600E+03  6.69139E-04  0.00000E+00  6.38333E+14  0.00000E+00
    1.91400E+03  6.69192E-04  0.00000E+00  6.44444E+14  0.00000E+00
    1.93300E+03  6.69041E-04  0.00000E+00  6.50526E+14  0.00000E+00
    1.95200E+03  6.69495E-04  0.00000E+00  6.57368E+14  0.00000E+00
    1.97100E+03  6.69410E-04  0.00000E+00  6.63684E+14  0.00000E+00
    1.99000E+03  6.69158E-04  0.00000E+00  6.70000E+14  0.00000E+00
    2.01000E+03  6.69422E-04  2.30335-123  6.77000E+14  2.32943-105
    2.03100E+03  6.69328E-04  9.68185-104  6.83810E+14  9.89132E-86
    2.05200E+03  6.69397E-04  2.04537E-97  6.90952E+14  2.11123E-79
    2.07300E+03  6.69464E-04  4.65346E-32  6.98095E+14  4.85247E-14
    2.09400E+03  7.09267E-04  3.07875E-31  7.47273E+14  3.24373E-13
    2.11700E+03  9.69672E-04  5.52220E-30  1.03261E+15  5.88062E-12
    2.14000E+03  7.21354E-04  1.15213E-28  7.76522E+14  1.24025E-10
    2.16300E+03  8.91902E-04  6.50595E-28  9.70435E+14  7.07880E-10
    2.18700E+03  6.49078E-04  1.48369E-27  7.14231E+14  1.63262E-09
    2.21100E+03  8.48248E-04  4.29665E-28  9.43636E+14  4.77982E-10
    2.23500E+03  7.17261E-04  6.97591E-29  8.06400E+14  7.84285E-11
    2.26000E+03  5.37464E-04  4.94579E-30  6.11154E+14  5.62389E-12
    2.28600E+03  6.44710E-04  2.06275E-31  7.41538E+14  2.37255E-13
    2.31300E+03  6.88841E-04  3.88362E-33  8.01481E+14  4.51867E-15
    2.34000E+03  4.31063E-04  7.77234E-36  5.07407E+14  9.14888E-18
    2.36700E+03  4.41727E-04  1.13089E-38  5.26071E+14  1.34683E-20
    2.39600E+03  3.59051E-04  1.37053E-41  4.32759E+14  1.65188E-23
    2.42500E+03  4.81112E-04  5.36285E-44  5.86897E+14  6.54200E-26
    2.45400E+03  4.88371E-04  1.26026E-44  6.03000E+14  1.55606E-26
    2.48500E+03  5.66165E-04  2.50107E-48  7.07742E+14  3.12649E-30
    2.51600E+03  4.51749E-04  2.08335E-48  5.71875E+14  2.63734E-30
    2.54800E+03  5.05797E-04  4.02524E-52  6.48438E+14  5.16041E-34
    2.58100E+03  4.98996E-04  2.47474E-48  6.47879E+14  3.21312E-30
    2.61500E+03  5.00852E-04  2.56176E-48  6.58857E+14  3.36992E-30
    2.65000E+03  4.31010E-04  3.22375E-43  5.74571E+14  4.29753E-25
    2.68500E+03  5.58457E-04  5.10838E-38  7.54444E+14  6.90113E-20
    2.72200E+03  6.25686E-04  1.26949E-32  8.56757E+14  1.73832E-14
    2.75900E+03  7.16010E-04  9.14999E-27  9.93947E+14  1.27018E-08
    2.79800E+03  1.36134E-03  1.17296E-20  1.91615E+15  1.65100E-02
    2.83700E+03  1.23930E-04  1.02420E-16  1.76900E+14  1.46197E+02
    2.87800E+03  3.24246E-04  4.90070E-12  4.69524E+14  7.09646E+06
    2.92000E+03  6.83730E-04  1.09695E-08  1.00452E+15  1.61162E+10
    2.96300E+03  5.32960E-04  6.91167E-07  7.94545E+14  1.03040E+12
    3.00800E+03  4.81832E-04  1.00550E-05  7.29111E+14  1.52153E+13
    3.05400E+03  1.06940E-03  1.04309E-04  1.64298E+15  1.60256E+14
    3.10100E+03  2.61042E-03  6.29250E-04  4.07292E+15  9.81789E+14
    3.15000E+03  7.37583E-03  2.90668E-03  1.16900E+16  4.60681E+15
    3.20000E+03  7.15252E-03  3.67019E-03  1.15160E+16  5.90923E+15
    3.25000E+03  9.24768E-03  5.51715E-03  1.51220E+16  9.02176E+15
    3.30000E+03  1.45750E-02  9.40246E-03  2.42000E+16  1.56116E+16
    3.35000E+03  1.20674E-02  8.22831E-03  2.03400E+16  1.38691E+16
    3.40000E+03  9.81240E-03  6.94222E-03  1.67860E+16  1.18760E+16
    3.43800E+03  5.80957E-03  4.19942E-03  1.00480E+16  7.26315E+15
    3.50000E+03  1.11698E-02  8.32703E-03  1.96700E+16  1.46640E+16
    3.60000E+03  1.10582E-02  8.58846E-03  2.00300E+16  1.55565E+16
    3.70000E+03  1.53521E-02  1.23672E-02  2.85800E+16  2.30233E+16
    3.80000E+03  2.02359E-02  1.68470E-02  3.86900E+16  3.22106E+16
    3.90000E+03  1.73371E-02  1.48692E-02  3.40200E+16  2.91773E+16
    4.00000E+03  4.25176E-02  3.74573E-02  8.55700E+16  7.53857E+16
    4.10000E+03  7.33436E-02  6.61841E-02  1.51300E+17  1.36531E+17
    4.20000E+03  3.97737E-02  3.66816E-02  8.40500E+16  7.75159E+16
    4.30000E+03  6.08730E-02  5.72471E-02  1.31700E+17  1.23855E+17
    4.40000E+03  1.01498E-01  9.71180E-02  2.24700E+17  2.15003E+17
    4.50000E+03  1.21237E-01  1.17854E-01  2.74500E+17  2.66838E+17
    4.60000E+03  1.34459E-01  1.32395E-01  3.11200E+17  3.06423E+17
    4.70000E+03  1.62298E-01  1.61866E-01  3.83800E+17  3.82778E+17
    4.80000E+03  1.20948E-01  1.21728E-01  2.92100E+17  2.93985E+17
    4.90000E+03  1.92017E-01  1.95151E-01  4.73400E+17  4.81128E+17
    5.00000E+03  1.33520E-01  1.36555E-01  3.35900E+17  3.43534E+17
    5.10000E+03  1.33318E-01  1.37045E-01  3.42100E+17  3.51663E+17
    5.20000E+03  1.49254E-01  1.54394E-01  3.90500E+17  4.03950E+17
    5.30000E+03  2.34750E-01  2.42737E-01  6.26000E+17  6.47300E+17
    5.40000E+03  2.46340E-01  2.55725E-01  6.69300E+17  6.94800E+17
    5.50000E+03  2.13421E-01  2.22296E-01  5.90600E+17  6.15159E+17
    5.60000E+03  2.28775E-01  2.38012E-01  6.44600E+17  6.70625E+17
    5.70000E+03  2.79575E-01  2.90098E-01  8.01800E+17  8.31978E+17
    5.80000E+03  3.20262E-01  3.34282E-01  9.34600E+17  9.75515E+17
    5.90000E+03  1.71026E-01  1.79678E-01  5.07700E+17  5.33384E+17
    6.00000E+03  2.79012E-01  2.92886E-01  8.42300E+17  8.84183E+17
    6.10000E+03  3.74041E-01  3.95721E-01  1.14800E+18  1.21454E+18
    6.20000E+03  2.31031E-01  2.46759E-01  7.20700E+17  7.69763E+17
    6.30000E+03  2.69921E-01  2.90685E-01  8.55600E+17  9.21418E+17
    6.40000E+03  2.92566E-01  3.18238E-01  9.42100E+17  1.02477E+18
    6.50000E+03  3.55610E-01  3.89061E-01  1.16300E+18  1.27240E+18
    6.60000E+03  4.29119E-01  4.72587E-01  1.42500E+18  1.56934E+18
    6.70000E+03  3.19187E-01  3.53423E-01  1.07600E+18  1.19141E+18
    6.80000E+03  2.91607E-01  3.24579E-01  9.97700E+17  1.11051E+18
    6.90000E+03  3.07918E-01  3.44478E-01  1.06900E+18  1.19592E+18
    7.00000E+03  4.83530E-01  5.42966E-01  1.70300E+18  1.91233E+18
    7.10000E+03  4.26613E-01  4.80638E-01  1.52400E+18  1.71700E+18
    7.20000E+03  4.35594E-01  4.92273E-01  1.57800E+18  1.78333E+18
    7.30000E+03  6.66765E-01  7.55467E-01  2.44900E+18  2.77480E+18
    7.40000E+03  8.12726E-01  9.22940E-01  3.02600E+18  3.43636E+18
    7.50000E+03  8.49590E-01  9.66810E-01  3.20600E+18  3.64834E+18
    7.60000E+03  8.31612E-01  9.48330E-01  3.18000E+18  3.62632E+18
    7.70000E+03  6.58456E-01  7.52007E-01  2.55100E+18  2.91343E+18
    7.80000E+03  7.16010E-01  8.18504E-01  2.81000E+18  3.21224E+18
    7.90000E+03  8.08585E-01  9.25962E-01  3.21400E+18  3.68055E+18
    8.00000E+03  9.07542E-01  1.04095E+00  3.65300E+18  4.18998E+18
    8.10000E+03  9.89333E-01  1.13549E+00  4.03200E+18  4.62766E+18
    8.20000E+03  9.61756E-01  1.10504E+00  3.96800E+18  4.55915E+18
    8.30000E+03  9.88961E-01  1.13758E+00  4.13000E+18  4.75066E+18
    8.40000E+03  9.12121E-01  1.05002E+00  3.85500E+18  4.43782E+18
    8.50000E+03  7.75125E-01  8.92884E-01  3.31500E+18  3.81862E+18


   **** From the climate model ****

     P (atm)     Alt (km)         T         DIVF
   3.1624E-05   6.9373E+01   1.7765E+02  -1.0380E-04
   3.5142E-05   6.8819E+01   1.8313E+02  -1.5128E-04
   3.9050E-05   6.8249E+01   1.8850E+02  -1.5630E-04
   4.3393E-05   6.7663E+01   1.9318E+02  -1.5601E-04
   4.8219E-05   6.7065E+01   1.9679E+02  -1.5545E-04
   5.3582E-05   6.6457E+01   1.9951E+02  -1.5507E-04
   5.9542E-05   6.5841E+01   2.0169E+02  -1.5481E-04
   6.6164E-05   6.5219E+01   2.0358E+02  -1.5466E-04
   7.3523E-05   6.4592E+01   2.0530E+02  -1.5456E-04
   8.1700E-05   6.3959E+01   2.0693E+02  -1.5451E-04
   9.0786E-05   6.3322E+01   2.0852E+02  -1.5448E-04
   1.0088E-04   6.2679E+01   2.1005E+02  -1.5446E-04
   1.1210E-04   6.2033E+01   2.1154E+02  -1.5439E-04
   1.2457E-04   6.1381E+01   2.1299E+02  -1.5436E-04
   1.3843E-04   6.0725E+01   2.1441E+02  -1.5437E-04
   1.5382E-04   6.0065E+01   2.1578E+02  -1.5428E-04
   1.7093E-04   5.9401E+01   2.1708E+02  -1.5419E-04
   1.8994E-04   5.8733E+01   2.1829E+02  -1.5409E-04
   2.1107E-04   5.8061E+01   2.1941E+02  -1.5386E-04
   2.3454E-04   5.7387E+01   2.2043E+02  -1.5373E-04
   2.6063E-04   5.6709E+01   2.2134E+02  -1.5347E-04
   2.8961E-04   5.6028E+01   2.2214E+02  -1.5323E-04
   3.2182E-04   5.5345E+01   2.2284E+02  -1.5291E-04
   3.5762E-04   5.4661E+01   2.2344E+02  -1.5268E-04
   3.9739E-04   5.3974E+01   2.2397E+02  -1.5241E-04
   4.4159E-04   5.3286E+01   2.2443E+02  -1.5215E-04
   4.9070E-04   5.2597E+01   2.2485E+02  -1.5210E-04
   5.4528E-04   5.1906E+01   2.2522E+02  -1.5177E-04
   6.0592E-04   5.1215E+01   2.2553E+02  -1.5160E-04
   6.7332E-04   5.0522E+01   2.2581E+02  -1.5136E-04
   7.4820E-04   4.9829E+01   2.2605E+02  -1.5130E-04
   8.3142E-04   4.9135E+01   2.2624E+02  -1.5081E-04
   9.2389E-04   4.8440E+01   2.2636E+02  -1.5039E-04
   1.0266E-03   4.7745E+01   2.2647E+02  -1.4969E-04
   1.1408E-03   4.7050E+01   2.2662E+02  -1.5138E-04
   1.2677E-03   4.6355E+01   2.2676E+02  -1.5066E-04
   1.4087E-03   4.5659E+01   2.2683E+02  -1.5002E-04
   1.5654E-03   4.4963E+01   2.2683E+02  -1.4873E-04
   1.7395E-03   4.4267E+01   2.2675E+02  -1.4816E-04
   1.9329E-03   4.3571E+01   2.2661E+02  -1.4659E-04
   2.1479E-03   4.2876E+01   2.2642E+02  -1.4631E-04
   2.3868E-03   4.2181E+01   2.2621E+02  -1.4505E-04
   2.6523E-03   4.1488E+01   2.2601E+02  -1.4686E-04
   2.9473E-03   4.0794E+01   2.2582E+02  -1.4574E-04
   3.2750E-03   4.0102E+01   2.2566E+02  -1.4751E-04
   3.6393E-03   3.9409E+01   2.2556E+02  -1.4957E-04
   4.0441E-03   3.8717E+01   2.2551E+02  -1.5092E-04
   4.4938E-03   3.8025E+01   2.2550E+02  -1.5396E-04
   4.9936E-03   3.7333E+01   2.2554E+02  -1.5487E-04
   5.5490E-03   3.6641E+01   2.2561E+02  -1.5740E-04
   6.1662E-03   3.5948E+01   2.2573E+02  -1.5926E-04
   6.8520E-03   3.5255E+01   2.2590E+02  -1.6384E-04
   7.6141E-03   3.4562E+01   2.2612E+02  -1.6663E-04
   8.4609E-03   3.3868E+01   2.2635E+02  -1.6835E-04
   9.4019E-03   3.3173E+01   2.2662E+02  -1.6878E-04
   1.0448E-02   3.2477E+01   2.2696E+02  -1.7797E-04
   1.1610E-02   3.1780E+01   2.2740E+02  -1.9196E-04
   1.2901E-02   3.1081E+01   2.2784E+02  -1.9071E-04
   1.4336E-02   3.0381E+01   2.2820E+02  -1.8193E-04
   1.5930E-02   2.9681E+01   2.2846E+02  -1.6305E-04
   1.7702E-02   2.8979E+01   2.2860E+02  -1.4670E-04
   1.9671E-02   2.8278E+01   2.2867E+02  -1.3460E-04
   2.1858E-02   2.7576E+01   2.2868E+02  -1.2156E-04
   2.4289E-02   2.6874E+01   2.2866E+02  -1.1731E-04
   2.6991E-02   2.6173E+01   2.2867E+02  -1.2264E-04
   2.9993E-02   2.5471E+01   2.2872E+02  -1.4178E-04
   3.3328E-02   2.4769E+01   2.2883E+02  -1.5211E-04
   3.7035E-02   2.4066E+01   2.2901E+02  -1.8566E-04
   4.1154E-02   2.3363E+01   2.2923E+02  -1.9702E-04
   4.5731E-02   2.2660E+01   2.2951E+02  -2.2063E-04
   5.0818E-02   2.1955E+01   2.2987E+02  -2.6125E-04
   5.6470E-02   2.1249E+01   2.3034E+02  -3.1129E-04
   6.2750E-02   2.0541E+01   2.3092E+02  -3.9964E-04
   6.9729E-02   1.9831E+01   2.3158E+02  -4.5943E-04
   7.7484E-02   1.9120E+01   2.3229E+02  -4.7301E-04
   8.6102E-02   1.8405E+01   2.3322E+02  -5.3481E-04
   9.5678E-02   1.7688E+01   2.3437E+02  -1.2024E-03
   1.0632E-01   1.6967E+01   2.3541E+02  -5.7095E-04
   1.1814E-01   1.6244E+01   2.3624E+02  -6.8415E-04
   1.3128E-01   1.5517E+01   2.3701E+02  -1.7947E-04
   1.4589E-01   1.4789E+01   2.3785E+02  -8.4291E-04
   1.6211E-01   1.4058E+01   2.3887E+02  -5.7146E-04
   1.8014E-01   1.3323E+01   2.4012E+02  -1.7016E-03
   2.0018E-01   1.2584E+01   2.4152E+02  -1.7215E-03
   2.2244E-01   1.1840E+01   2.4297E+02  -2.0455E-03
   2.4718E-01   1.1092E+01   2.4452E+02  -2.2282E-03
   2.7467E-01   1.0339E+01   2.4622E+02  -2.8105E-03
   3.0522E-01   9.5808E+00   2.4807E+02  -3.3347E-03
   3.3917E-01   8.8160E+00   2.5032E+02  -3.8057E-03
   3.7689E-01   8.0425E+00   2.5372E+02  -9.0639E-03
   4.1881E-01   7.2564E+00   2.5851E+02  -2.6876E-02
   4.6539E-01   6.4551E+00   2.6344E+02  -5.2889E-02
   5.1715E-01   5.6390E+00   2.6799E+02  -8.5903E-02
   5.7466E-01   4.8091E+00   2.7223E+02  -1.2723E-01
   6.3858E-01   3.9655E+00   2.7660E+02  -1.7768E-01
   7.0960E-01   3.1080E+00   2.8089E+02  -2.3578E-01
   7.8852E-01   2.2367E+00   2.8502E+02  -3.1286E-01
   8.7622E-01   1.3520E+00   2.8901E+02  -4.5423E-01
   9.7367E-01   4.5399E-01   2.9289E+02  -7.8367E-01
   1.0264E+00   0.0000E+00   2.9480E+02  -1.5363E+00
