
*** Output file for diagnostics after 25 coupled iterations ***

*** PHOTOCHEMICAL MODEL output

 Ozone column depth =  6.7727E+18 cm^-2

 Results sorted by Lower Boundary Condition

  Species with fixed surface FLUX
      Specified flux   Calculated flux    calc/spec      TL
 N2O        6.75E+08     6.75E+08          1.00E+00    6.78E+08
 CH3CL      3.31E+08     3.31E+08          1.00E+00    3.32E+08
 
  Species with fixed surface MIXING RATIO
       Specified M R   Calculated M R   calc/spec      TL         TP         TP/TL
 CH4        5.00E-04     5.00E-04       1.00E+00    2.55E+11    2.56E+11    9.97E-01
 
  Species with fixed VELOCITY DEPOSITION
               TL         TP         TL/TP
 H2CO       2.44E+11    2.46E+11    9.91E-01
 O          5.90E+14    5.90E+14    1.00E+00
 OH         4.23E+12    4.22E+12    1.00E+00
 HO2        3.60E+12    3.60E+12    1.00E+00
 H2O2       1.49E+10    1.52E+10    9.78E-01
 O3         5.83E+14    5.83E+14    1.00E+00
 H          3.29E+12    3.29E+12    1.00E+00
 H2         7.32E+09    3.66E+10    1.00E+00
 CO         2.26E+11    2.35E+11    9.66E-01
 CH3OOH     6.63E+10    6.75E+10    9.82E-01
 CH3O2      3.01E+11    3.02E+11    1.00E+00
 NO         9.60E+11    9.60E+11    1.00E+00
 NO2        1.09E+12    1.09E+12    1.00E+00
 HNO2       2.83E+07    2.83E+07    1.00E+00
 HNO3       4.36E+09    5.82E+09    7.49E-01
 HO2NO2     1.02E+11    1.02E+11    1.00E+00
 NO3        2.69E+10    2.69E+10    1.00E+00
 N2O5       3.34E+09    3.34E+09    1.00E+00
 CL2O2      1.96E+07    1.96E+07    1.00E+00
 HOCL       4.10E+10    4.10E+10    1.00E+00
 CL         1.54E+12    1.54E+12    1.00E+00
 CLO        1.09E+12    1.09E+12    1.00E+00
 HCL        6.73E+10    6.74E+10    9.99E-01
 CLONO2     5.49E+08    5.49E+08    1.00E+00
 H2S        9.84E+07    3.44E+08    2.86E-01
 HS         9.83E+07    9.83E+07    1.00E+00
 SO         1.55E+08    1.55E+08    1.00E+00
 SO2        2.16E+10    2.32E+10    9.27E-01
 H2SO4      2.11E+07    2.12E+07    9.98E-01
 HSO        5.44E+07    6.37E+07    8.54E-01
 SO4AER     2.00E+07    2.09E+07    9.58E-01

*** CLIMATE MODEL output

   Selected temperatures for diagnostic
 Layer    T_Ncoup-1       T_Ncoup       (T_n-1)-(T_n)     DIVF_Nstep
 100      3.0124E+02      3.0134E+02      1.0359E-01     -4.1508E+00
  99      2.9950E+02      2.9961E+02      1.0607E-01     -1.8294E+00
  Last convective layer 
  87      2.5150E+02      2.5181E+02      3.0799E-01     -1.4902E-02
  At the cold trap 
  80      2.3630E+02      2.3646E+02      1.5403E-01     -2.7903E-04
   2      1.6973E+02      1.8025E+02      1.0525E+01     -1.0731E-05
   1      1.6464E+02      1.7569E+02      1.1054E+01      9.0184E-07

  ** PARAMETERS OF THE ATMOSPHERE AT STEADY STATE **


 Factor for stellar flux =     1.0000


 Ozone column depth =  6.7727E+18 cm^-2

   *** Surface fluxes (cm^-2 s^-1) ***

     H2         CH4        CO         N2O        CH3CL 
 -2.958E+10  2.548E+11 -9.109E+09  6.751E+08  3.311E+08

   *** Mixing ratios ***

 Z (km) P(dyn/cm^2)   H2O       H2        CH4       CO        N2O       CH3CL   
  0.35   9.731E+05 2.647E-02 5.244E-06 5.000E-04 3.229E-06 6.686E-07 1.651E-07
  1.05   8.983E+05 2.258E-02 5.245E-06 5.000E-04 3.229E-06 6.685E-07 1.651E-07
  1.75   8.286E+05 1.911E-02 5.246E-06 5.000E-04 3.229E-06 6.685E-07 1.651E-07
  2.45   7.638E+05 1.605E-02 5.247E-06 5.000E-04 3.230E-06 6.685E-07 1.651E-07
  3.15   7.035E+05 1.344E-02 5.248E-06 5.000E-04 3.230E-06 6.685E-07 1.651E-07
  3.85   6.474E+05 1.115E-02 5.249E-06 5.000E-04 3.230E-06 6.684E-07 1.650E-07
  4.55   5.953E+05 9.127E-03 5.250E-06 4.999E-04 3.230E-06 6.684E-07 1.650E-07
  5.25   5.469E+05 7.360E-03 5.252E-06 4.999E-04 3.231E-06 6.684E-07 1.650E-07
  5.95   5.020E+05 5.851E-03 5.253E-06 4.999E-04 3.231E-06 6.683E-07 1.650E-07
  6.65   4.603E+05 4.598E-03 5.254E-06 4.999E-04 3.231E-06 6.683E-07 1.650E-07
  7.35   4.217E+05 3.514E-03 5.255E-06 4.999E-04 3.232E-06 6.683E-07 1.650E-07
  8.05   3.859E+05 2.630E-03 5.257E-06 4.999E-04 3.232E-06 6.682E-07 1.650E-07
  8.75   3.527E+05 1.914E-03 5.258E-06 4.999E-04 3.232E-06 6.682E-07 1.649E-07
  9.45   3.220E+05 1.345E-03 5.259E-06 4.998E-04 3.232E-06 6.681E-07 1.649E-07
 10.15   2.935E+05 9.049E-04 5.261E-06 4.998E-04 3.232E-06 6.681E-07 1.649E-07
 10.85   2.671E+05 5.782E-04 5.262E-06 4.998E-04 3.233E-06 6.680E-07 1.649E-07
 11.55   2.427E+05 3.604E-04 5.264E-06 4.998E-04 3.233E-06 6.679E-07 1.649E-07
 12.25   2.203E+05 2.913E-04 5.265E-06 4.998E-04 3.233E-06 6.679E-07 1.648E-07
 12.95   1.998E+05 2.426E-04 5.267E-06 4.997E-04 3.233E-06 6.678E-07 1.648E-07
 13.65   1.810E+05 1.980E-04 5.268E-06 4.997E-04 3.233E-06 6.677E-07 1.648E-07
 14.35   1.639E+05 1.625E-04 5.270E-06 4.997E-04 3.233E-06 6.676E-07 1.648E-07
 15.05   1.483E+05 1.407E-04 5.273E-06 4.997E-04 3.233E-06 6.675E-07 1.647E-07
 15.75   1.342E+05 1.391E-04 5.276E-06 4.996E-04 3.233E-06 6.673E-07 1.647E-07
 16.45   1.213E+05 1.367E-04 5.281E-06 4.995E-04 3.233E-06 6.670E-07 1.646E-07
 17.15   1.097E+05 1.341E-04 5.288E-06 4.994E-04 3.233E-06 6.665E-07 1.645E-07
 17.85   9.906E+04 1.319E-04 5.301E-06 4.991E-04 3.232E-06 6.657E-07 1.642E-07
 18.55   8.945E+04 1.308E-04 5.320E-06 4.988E-04 3.232E-06 6.645E-07 1.639E-07
 19.25   8.074E+04 1.303E-04 5.344E-06 4.983E-04 3.231E-06 6.628E-07 1.635E-07
 19.95   7.284E+04 1.309E-04 5.379E-06 4.975E-04 3.229E-06 6.605E-07 1.629E-07
 20.65   6.569E+04 1.335E-04 5.425E-06 4.966E-04 3.227E-06 6.572E-07 1.620E-07
 21.35   5.923E+04 1.377E-04 5.483E-06 4.953E-04 3.225E-06 6.530E-07 1.610E-07
 22.05   5.339E+04 1.427E-04 5.551E-06 4.938E-04 3.223E-06 6.480E-07 1.597E-07
 22.75   4.812E+04 1.469E-04 5.632E-06 4.920E-04 3.220E-06 6.418E-07 1.581E-07
 23.45   4.337E+04 1.507E-04 5.725E-06 4.898E-04 3.216E-06 6.345E-07 1.563E-07
 24.15   3.908E+04 1.546E-04 5.830E-06 4.872E-04 3.213E-06 6.258E-07 1.542E-07
 24.85   3.521E+04 1.590E-04 5.947E-06 4.843E-04 3.208E-06 6.159E-07 1.518E-07
 25.55   3.173E+04 1.642E-04 6.074E-06 4.810E-04 3.203E-06 6.046E-07 1.491E-07
 26.25   2.860E+04 1.699E-04 6.209E-06 4.773E-04 3.198E-06 5.921E-07 1.462E-07
 26.95   2.577E+04 1.759E-04 6.353E-06 4.732E-04 3.191E-06 5.781E-07 1.430E-07
 27.65   2.323E+04 1.825E-04 6.503E-06 4.687E-04 3.182E-06 5.628E-07 1.395E-07
 28.35   2.094E+04 1.898E-04 6.657E-06 4.638E-04 3.173E-06 5.462E-07 1.357E-07
 29.05   1.887E+04 1.977E-04 6.813E-06 4.586E-04 3.161E-06 5.284E-07 1.318E-07
 29.75   1.701E+04 2.061E-04 6.968E-06 4.531E-04 3.148E-06 5.097E-07 1.277E-07
 30.45   1.533E+04 2.147E-04 7.121E-06 4.473E-04 3.132E-06 4.900E-07 1.234E-07
 31.15   1.382E+04 2.238E-04 7.271E-06 4.413E-04 3.114E-06 4.695E-07 1.190E-07
 31.85   1.246E+04 2.332E-04 7.416E-06 4.350E-04 3.093E-06 4.481E-07 1.145E-07
 32.55   1.123E+04 2.432E-04 7.556E-06 4.283E-04 3.069E-06 4.259E-07 1.098E-07
 33.25   1.012E+04 2.536E-04 7.690E-06 4.215E-04 3.042E-06 4.031E-07 1.050E-07
 33.95   9.120E+03 2.645E-04 7.817E-06 4.143E-04 3.012E-06 3.796E-07 1.001E-07
 34.65   8.218E+03 2.757E-04 7.935E-06 4.069E-04 2.978E-06 3.556E-07 9.511E-08
 35.35   7.405E+03 2.873E-04 8.045E-06 3.992E-04 2.940E-06 3.313E-07 9.003E-08
 36.05   6.672E+03 2.994E-04 8.146E-06 3.911E-04 2.897E-06 3.066E-07 8.484E-08
 36.75   6.011E+03 3.119E-04 8.237E-06 3.828E-04 2.850E-06 2.819E-07 7.959E-08
 37.45   5.414E+03 3.249E-04 8.317E-06 3.741E-04 2.797E-06 2.573E-07 7.429E-08
 38.15   4.876E+03 3.383E-04 8.387E-06 3.652E-04 2.739E-06 2.330E-07 6.894E-08
 38.85   4.391E+03 3.522E-04 8.445E-06 3.558E-04 2.675E-06 2.092E-07 6.356E-08
 39.55   3.954E+03 3.666E-04 8.492E-06 3.461E-04 2.605E-06 1.861E-07 5.817E-08
 40.25   3.559E+03 3.816E-04 8.528E-06 3.361E-04 2.528E-06 1.640E-07 5.280E-08
 40.95   3.204E+03 3.969E-04 8.553E-06 3.256E-04 2.445E-06 1.431E-07 4.751E-08
 41.65   2.883E+03 4.124E-04 8.567E-06 3.149E-04 2.357E-06 1.238E-07 4.235E-08
 42.35   2.595E+03 4.283E-04 8.570E-06 3.038E-04 2.263E-06 1.061E-07 3.736E-08
 43.05   2.335E+03 4.445E-04 8.565E-06 2.924E-04 2.165E-06 9.002E-08 3.257E-08
 43.75   2.101E+03 4.610E-04 8.551E-06 2.806E-04 2.063E-06 7.562E-08 2.802E-08
 44.45   1.890E+03 4.777E-04 8.531E-06 2.685E-04 1.959E-06 6.290E-08 2.376E-08
 45.15   1.701E+03 4.942E-04 8.507E-06 2.562E-04 1.855E-06 5.187E-08 1.986E-08
 45.85   1.530E+03 5.103E-04 8.480E-06 2.438E-04 1.755E-06 4.249E-08 1.637E-08
 46.55   1.376E+03 5.257E-04 8.454E-06 2.313E-04 1.660E-06 3.459E-08 1.330E-08
 47.25   1.237E+03 5.403E-04 8.432E-06 2.190E-04 1.573E-06 2.802E-08 1.066E-08
 47.95   1.112E+03 5.538E-04 8.416E-06 2.067E-04 1.493E-06 2.259E-08 8.423E-09
 48.65   1.000E+03 5.660E-04 8.411E-06 1.947E-04 1.420E-06 1.815E-08 6.567E-09
 49.35   8.992E+02 5.767E-04 8.421E-06 1.830E-04 1.352E-06 1.451E-08 5.056E-09
 50.05   8.083E+02 5.855E-04 8.450E-06 1.717E-04 1.286E-06 1.158E-08 3.855E-09
 50.75   7.265E+02 5.922E-04 8.502E-06 1.609E-04 1.220E-06 9.221E-09 2.919E-09
 51.45   6.529E+02 5.968E-04 8.584E-06 1.507E-04 1.156E-06 7.335E-09 2.198E-09
 52.15   5.866E+02 5.991E-04 8.698E-06 1.411E-04 1.092E-06 5.829E-09 1.647E-09
 52.85   5.269E+02 5.991E-04 8.849E-06 1.322E-04 1.029E-06 4.632E-09 1.232E-09
 53.55   4.731E+02 5.967E-04 9.041E-06 1.238E-04 9.689E-07 3.683E-09 9.207E-10
 54.25   4.247E+02 5.921E-04 9.277E-06 1.161E-04 9.109E-07 2.932E-09 6.883E-10
 54.95   3.811E+02 5.852E-04 9.559E-06 1.091E-04 8.557E-07 2.339E-09 5.155E-10
 55.65   3.419E+02 5.761E-04 9.892E-06 1.026E-04 8.029E-07 1.868E-09 3.866E-10
 56.35   3.065E+02 5.647E-04 1.028E-05 9.656E-05 7.519E-07 1.494E-09 2.903E-10
 57.05   2.747E+02 5.509E-04 1.073E-05 9.104E-05 7.022E-07 1.195E-09 2.182E-10
 57.75   2.460E+02 5.349E-04 1.124E-05 8.599E-05 6.540E-07 9.570E-10 1.644E-10
 58.45   2.202E+02 5.165E-04 1.182E-05 8.139E-05 6.074E-07 7.678E-10 1.244E-10
 59.15   1.969E+02 4.958E-04 1.246E-05 7.721E-05 5.630E-07 6.171E-10 9.444E-11
 59.85   1.759E+02 4.728E-04 1.317E-05 7.343E-05 5.213E-07 4.971E-10 7.207E-11
 60.55   1.570E+02 4.474E-04 1.395E-05 7.000E-05 4.825E-07 4.009E-10 5.524E-11
 61.25   1.400E+02 4.195E-04 1.482E-05 6.689E-05 4.473E-07 3.235E-10 4.253E-11
 61.95   1.248E+02 3.894E-04 1.576E-05 6.408E-05 4.164E-07 2.613E-10 3.292E-11
 62.65   1.111E+02 3.574E-04 1.679E-05 6.154E-05 3.897E-07 2.112E-10 2.566E-11
 63.35   9.886E+01 3.239E-04 1.789E-05 5.928E-05 3.661E-07 1.709E-10 2.021E-11
 64.05   8.790E+01 2.895E-04 1.907E-05 5.727E-05 3.444E-07 1.385E-10 1.614E-11
 64.75   7.808E+01 2.548E-04 2.031E-05 5.551E-05 3.234E-07 1.125E-10 1.313E-11
 65.45   6.926E+01 2.207E-04 2.159E-05 5.398E-05 3.037E-07 9.188E-11 1.094E-11
 66.15   6.129E+01 1.878E-04 2.289E-05 5.265E-05 2.920E-07 7.562E-11 9.352E-12
 66.85   5.408E+01 1.566E-04 2.419E-05 5.149E-05 3.079E-07 6.298E-11 8.205E-12
 67.55   4.762E+01 1.268E-04 2.549E-05 5.047E-05 3.776E-07 5.328E-11 7.368E-12
 68.25   4.187E+01 9.823E-05 2.672E-05 4.959E-05 5.314E-07 4.614E-11 6.784E-12
 68.95   3.672E+01 7.019E-05 2.780E-05 4.891E-05 8.135E-07 4.138E-11 6.419E-12
 69.65   3.207E+01 4.667E-05 2.854E-05 4.851E-05 1.272E-06 3.895E-11 6.239E-12

   *** Number densities (cm^-3) ***

  Z(km) P(dyn/cm^2)   Total  OH          O3      
  0.35   9.731E+05 2.350E+19 3.982E+02 4.334E+11
  1.05   8.983E+05 2.189E+19 4.809E+02 4.332E+11
  1.75   8.286E+05 2.038E+19 5.741E+02 4.331E+11
  2.45   7.638E+05 1.896E+19 6.890E+02 4.328E+11
  3.15   7.035E+05 1.763E+19 8.303E+02 4.322E+11
  3.85   6.474E+05 1.639E+19 1.002E+03 4.310E+11
  4.55   5.953E+05 1.523E+19 1.207E+03 4.292E+11
  5.25   5.469E+05 1.415E+19 1.447E+03 4.264E+11
  5.95   5.020E+05 1.314E+19 1.719E+03 4.225E+11
  6.65   4.603E+05 1.219E+19 2.001E+03 4.173E+11
  7.35   4.217E+05 1.130E+19 2.288E+03 4.103E+11
  8.05   3.859E+05 1.047E+19 2.594E+03 4.019E+11
  8.75   3.527E+05 9.698E+18 2.918E+03 3.921E+11
  9.45   3.220E+05 8.985E+18 3.234E+03 3.812E+11
 10.15   2.935E+05 8.326E+18 3.451E+03 3.692E+11
 10.85   2.671E+05 7.713E+18 3.509E+03 3.563E+11
 11.55   2.427E+05 7.124E+18 3.416E+03 3.419E+11
 12.25   2.203E+05 6.536E+18 3.351E+03 3.254E+11
 12.95   1.998E+05 5.970E+18 3.308E+03 3.082E+11
 13.65   1.810E+05 5.449E+18 3.246E+03 2.919E+11
 14.35   1.639E+05 4.968E+18 3.193E+03 2.769E+11
 15.05   1.483E+05 4.520E+18 3.163E+03 2.641E+11
 15.75   1.342E+05 4.108E+18 3.159E+03 2.557E+11
 16.45   1.213E+05 3.729E+18 3.191E+03 2.549E+11
 17.15   1.097E+05 3.385E+18 3.277E+03 2.631E+11
 17.85   9.906E+04 3.073E+18 3.457E+03 2.880E+11
 18.55   8.945E+04 2.789E+18 3.767E+03 3.289E+11
 19.25   8.074E+04 2.529E+18 4.219E+03 3.828E+11
 19.95   7.284E+04 2.290E+18 4.867E+03 4.587E+11
 20.65   6.569E+04 2.072E+18 5.696E+03 5.542E+11
 21.35   5.923E+04 1.873E+18 6.711E+03 6.709E+11
 22.05   5.339E+04 1.692E+18 7.837E+03 7.957E+11
 22.75   4.812E+04 1.527E+18 9.121E+03 9.362E+11
 23.45   4.337E+04 1.378E+18 1.056E+04 1.089E+12
 24.15   3.908E+04 1.242E+18 1.218E+04 1.252E+12
 24.85   3.521E+04 1.120E+18 1.398E+04 1.421E+12
 25.55   3.173E+04 1.009E+18 1.600E+04 1.592E+12
 26.25   2.860E+04 9.091E+17 1.827E+04 1.763E+12
 26.95   2.577E+04 8.190E+17 2.089E+04 1.935E+12
 27.65   2.323E+04 7.377E+17 2.390E+04 2.103E+12
 28.35   2.094E+04 6.646E+17 2.743E+04 2.266E+12
 29.05   1.887E+04 5.989E+17 3.156E+04 2.419E+12
 29.75   1.701E+04 5.399E+17 3.644E+04 2.561E+12
 30.45   1.533E+04 4.868E+17 4.230E+04 2.692E+12
 31.15   1.382E+04 4.391E+17 4.943E+04 2.810E+12
 31.85   1.246E+04 3.962E+17 5.824E+04 2.916E+12
 32.55   1.123E+04 3.574E+17 6.930E+04 3.009E+12
 33.25   1.012E+04 3.224E+17 8.335E+04 3.087E+12
 33.95   9.120E+03 2.907E+17 1.014E+05 3.146E+12
 34.65   8.218E+03 2.621E+17 1.247E+05 3.188E+12
 35.35   7.405E+03 2.364E+17 1.551E+05 3.213E+12
 36.05   6.672E+03 2.133E+17 1.950E+05 3.219E+12
 36.75   6.011E+03 1.924E+17 2.477E+05 3.205E+12
 37.45   5.414E+03 1.736E+17 3.177E+05 3.169E+12
 38.15   4.876E+03 1.566E+17 4.114E+05 3.108E+12
 38.85   4.391E+03 1.413E+17 5.372E+05 3.022E+12
 39.55   3.954E+03 1.274E+17 7.069E+05 2.909E+12
 40.25   3.559E+03 1.149E+17 9.362E+05 2.768E+12
 40.95   3.204E+03 1.035E+17 1.245E+06 2.601E+12
 41.65   2.883E+03 9.328E+16 1.658E+06 2.412E+12
 42.35   2.595E+03 8.403E+16 2.208E+06 2.205E+12
 43.05   2.335E+03 7.570E+16 2.931E+06 1.987E+12
 43.75   2.101E+03 6.818E+16 3.869E+06 1.764E+12
 44.45   1.890E+03 6.141E+16 5.063E+06 1.542E+12
 45.15   1.701E+03 5.532E+16 6.550E+06 1.327E+12
 45.85   1.530E+03 4.983E+16 8.366E+06 1.121E+12
 46.55   1.376E+03 4.489E+16 1.055E+07 9.272E+11
 47.25   1.237E+03 4.042E+16 1.311E+07 7.496E+11
 47.95   1.112E+03 3.639E+16 1.601E+07 5.915E+11
 48.65   1.000E+03 3.275E+16 1.911E+07 4.570E+11
 49.35   8.992E+02 2.947E+16 2.221E+07 3.487E+11
 50.05   8.083E+02 2.652E+16 2.516E+07 2.659E+11
 50.75   7.265E+02 2.388E+16 2.790E+07 2.043E+11
 51.45   6.529E+02 2.150E+16 3.044E+07 1.587E+11
 52.15   5.866E+02 1.936E+16 3.279E+07 1.247E+11
 52.85   5.269E+02 1.744E+16 3.500E+07 9.884E+10
 53.55   4.731E+02 1.571E+16 3.710E+07 7.888E+10
 54.25   4.247E+02 1.415E+16 3.913E+07 6.320E+10
 54.95   3.811E+02 1.275E+16 4.114E+07 5.073E+10
 55.65   3.419E+02 1.148E+16 4.318E+07 4.073E+10
 56.35   3.065E+02 1.034E+16 4.529E+07 3.269E+10
 57.05   2.747E+02 9.317E+15 4.749E+07 2.622E+10
 57.75   2.460E+02 8.396E+15 4.981E+07 2.103E+10
 58.45   2.202E+02 7.567E+15 5.226E+07 1.687E+10
 59.15   1.969E+02 6.818E+15 5.487E+07 1.353E+10
 59.85   1.759E+02 6.142E+15 5.764E+07 1.086E+10
 60.55   1.570E+02 5.528E+15 6.059E+07 8.717E+09
 61.25   1.400E+02 4.971E+15 6.366E+07 7.003E+09
 61.95   1.248E+02 4.462E+15 6.673E+07 5.627E+09
 62.65   1.111E+02 3.998E+15 6.958E+07 4.531E+09
 63.35   9.886E+01 3.580E+15 7.191E+07 3.679E+09
 64.05   8.790E+01 3.205E+15 7.342E+07 3.031E+09
 64.75   7.808E+01 2.873E+15 7.384E+07 2.560E+09
 65.45   6.926E+01 2.587E+15 7.306E+07 2.261E+09
 66.15   6.129E+01 2.346E+15 7.109E+07 2.137E+09
 66.85   5.408E+01 2.120E+15 6.802E+07 2.035E+09
 67.55   4.762E+01 1.884E+15 6.399E+07 1.811E+09
 68.25   4.187E+01 1.677E+15 5.912E+07 1.679E+09
 68.95   3.672E+01 1.514E+15 5.350E+07 1.866E+09
 69.65   3.207E+01 1.366E+15 4.941E+07 2.427E+09

    ENERGY FLUXES IN W/m^2/nm and photons/m^2/s/nm (NOT DIURNALLY AVERAGED)

        WAV        EFLUX        GFLUX        PhEFLUX      PhGFLUX
    1.21600E+03  2.45169E-02  0.00000E+00  3.00000E+14  0.00000E+00
    1.32500E+03  1.80000E-03  0.00000E+00  1.20000E+15  0.00000E+00
    1.37500E+03  2.31273E-03  0.00000E+00  1.60000E+15  0.00000E+00
    1.42500E+03  2.92895E-03  0.00000E+00  2.10000E+15  0.00000E+00
    1.47500E+03  3.23390E-03  0.00000E+00  2.40000E+15  0.00000E+00
    1.52500E+03  3.77951E-03  0.00000E+00  2.90000E+15  0.00000E+00
    1.57500E+03  5.04762E-03  0.00000E+00  4.00000E+15  0.00000E+00
    1.62500E+03  6.60462E-03  0.00000E+00  5.40000E+15  0.00000E+00
    1.67500E+03  6.76343E-03  0.00000E+00  5.70000E+15  0.00000E+00
    1.72500E+03  7.48913E-03  0.00000E+00  6.50000E+15  0.00000E+00
    1.76200E+03  8.29770E-03  0.00000E+00  7.35625E+15  0.00000E+00
    1.77800E+03  8.29988E-03  0.00000E+00  7.42500E+15  0.00000E+00
    1.79400E+03  8.30202E-03  0.00000E+00  7.49375E+15  0.00000E+00
    1.81000E+03  8.30413E-03  0.00000E+00  7.56250E+15  0.00000E+00
    1.82700E+03  8.30192E-03  0.00000E+00  7.62941E+15  0.00000E+00
    1.84400E+03  8.30146E-03  0.00000E+00  7.70000E+15  0.00000E+00
    1.86100E+03  8.30102E-03  0.00000E+00  7.77059E+15  0.00000E+00
    1.87800E+03  8.30183E-03  0.00000E+00  7.84444E+15  0.00000E+00
    1.89600E+03  8.29872E-03  0.00000E+00  7.91667E+15  0.00000E+00
    1.91400E+03  8.30144E-03  0.00000E+00  7.99444E+15  0.00000E+00
    1.93300E+03  8.30347E-03  0.00000E+00  8.07368E+15  0.00000E+00
    1.95200E+03  8.30303E-03  0.00000E+00  8.15263E+15  0.00000E+00
    1.97100E+03  8.30259E-03  0.00000E+00  8.23158E+15  0.00000E+00
    1.99000E+03  8.29956E-03  0.00000E+00  8.31000E+15  0.00000E+00
    2.01000E+03  8.30103E-03  1.64304-124  8.39500E+15  1.66164-106
    2.03100E+03  8.30135E-03  1.78311-103  8.48095E+15  1.82169E-85
    2.05200E+03  8.29942E-03  7.04835E-97  8.56667E+15  7.27531E-79
    2.07300E+03  8.30209E-03  1.38263E-31  8.65714E+15  1.44176E-13
    2.09400E+03  8.30066E-03  6.84597E-31  8.74545E+15  7.21282E-13
    2.11700E+03  8.30039E-03  5.33674E-30  8.83913E+15  5.68313E-12
    2.14000E+03  8.30001E-03  6.76031E-29  8.93478E+15  7.27732E-11
    2.16300E+03  8.29965E-03  9.64726E-29  9.03043E+15  1.04967E-10
    2.18700E+03  8.30135E-03  1.09643E-28  9.13462E+15  1.20648E-10
    2.21100E+03  8.30270E-03  4.65667E-30  9.23636E+15  5.18033E-12
    2.23500E+03  8.30045E-03  1.31146E-31  9.33200E+15  1.47445E-13
    2.26000E+03  8.30042E-03  1.94192E-33  9.43846E+15  2.20817E-15
    2.28600E+03  8.29964E-03  6.05762E-36  9.54615E+15  6.96741E-18
    2.31300E+03  8.30174E-03  9.79554E-39  9.65926E+15  1.13973E-20
    2.34000E+03  8.30033E-03  1.56267E-42  9.77037E+15  1.83943E-24
    2.36700E+03  8.30074E-03  7.96942E-47  9.88571E+15  9.49112E-29
    2.39600E+03  8.29967E-03  4.16581E-51  1.00034E+16  5.02098E-33
    2.42500E+03  8.30216E-03  5.70136E-55  1.01276E+16  6.95494E-37
    2.45400E+03  8.30150E-03  5.75045E-57  1.02500E+16  7.10017E-39
    2.48500E+03  8.30152E-03  4.66598E-62  1.03774E+16  5.83276E-44
    2.51600E+03  8.30182E-03  4.90595E-62  1.05094E+16  6.21050E-44
    2.54800E+03  8.29994E-03  3.98881E-67  1.06406E+16  5.11371E-49
    2.58100E+03  6.54903E-03  4.21461E-62  8.50303E+15  5.47211E-44
    2.61500E+03  6.37034E-03  4.25226E-62  8.38000E+15  5.59372E-44
    2.65000E+03  6.26690E-03  3.97163E-55  8.35429E+15  5.29451E-37
    2.68500E+03  6.47901E-03  2.96364E-48  8.75278E+15  4.00371E-30
    2.72200E+03  6.31805E-03  4.44711E-41  8.65135E+15  6.08947E-23
    2.75900E+03  6.40371E-03  2.42198E-33  8.88947E+15  3.36213E-15
    2.79800E+03  7.60188E-03  1.29170E-25  1.07000E+16  1.81813E-07
    2.83700E+03  7.45225E-03  4.57417E-19  1.06375E+16  6.52927E-01
    2.87800E+03  2.21151E-03  7.05836E-14  3.20238E+15  1.02209E+05
    2.92000E+03  3.75978E-03  1.47358E-09  5.52381E+15  2.16496E+09
    2.96300E+03  3.26087E-03  4.85483E-07  4.86136E+15  7.23767E+11
    3.00800E+03  3.19410E-03  2.04058E-05  4.83333E+15  3.08782E+13
    3.05400E+03  5.67661E-03  2.91068E-04  8.72128E+15  4.47183E+14
    3.10100E+03  1.09064E-02  1.88871E-03  1.70167E+16  2.94686E+15
    3.15000E+03  2.29919E-02  7.67615E-03  3.64400E+16  1.21660E+16
    3.20000E+03  2.28438E-02  1.07999E-02  3.67800E+16  1.73886E+16
    3.25000E+03  2.85222E-02  1.63829E-02  4.66400E+16  2.67896E+16
    3.30000E+03  4.32552E-02  2.73680E-02  7.18200E+16  4.54412E+16
    3.35000E+03  3.45528E-02  2.33601E-02  5.82400E+16  3.93742E+16
    3.40000E+03  3.34835E-02  2.36058E-02  5.72800E+16  4.03822E+16
    3.43800E+03  2.39367E-02  1.72694E-02  4.14000E+16  2.98685E+16
    3.50000E+03  4.02327E-02  2.99705E-02  7.08500E+16  5.27782E+16
    3.60000E+03  3.82759E-02  2.97092E-02  6.93300E+16  5.38129E+16
    3.70000E+03  5.21799E-02  4.20094E-02  9.71400E+16  7.82062E+16
    3.80000E+03  6.12987E-02  5.09996E-02  1.17200E+17  9.75088E+16
    3.90000E+03  5.81981E-02  4.98788E-02  1.14200E+17  9.78754E+16
    4.00000E+03  1.20194E-01  1.05811E-01  2.41900E+17  2.12953E+17
    4.10000E+03  1.88473E-01  1.69928E-01  3.88800E+17  3.50543E+17
    4.20000E+03  1.39267E-01  1.28321E-01  2.94300E+17  2.71168E+17
    4.30000E+03  1.78551E-01  1.67740E-01  3.86300E+17  3.62910E+17
    4.40000E+03  2.73778E-01  2.61630E-01  6.06100E+17  5.79207E+17
    4.50000E+03  3.22461E-01  3.13015E-01  7.30100E+17  7.08713E+17
    4.60000E+03  3.79785E-01  3.73165E-01  8.79000E+17  8.63679E+17
    4.70000E+03  4.35981E-01  4.33813E-01  1.03100E+18  1.02587E+18
    4.80000E+03  3.69095E-01  3.70202E-01  8.91400E+17  8.94072E+17
    4.90000E+03  4.60776E-01  4.66484E-01  1.13600E+18  1.15007E+18
    5.00000E+03  3.66018E-01  3.72391E-01  9.20800E+17  9.36833E+17
    5.10000E+03  3.28444E-01  3.35389E-01  8.42800E+17  8.60620E+17
    5.20000E+03  3.62298E-01  3.72026E-01  9.47900E+17  9.73352E+17
    5.30000E+03  5.19750E-01  5.31966E-01  1.38600E+18  1.41858E+18
    5.40000E+03  5.33312E-01  5.47410E-01  1.44900E+18  1.48730E+18
    5.50000E+03  5.39516E-01  5.55040E-01  1.49300E+18  1.53596E+18
    5.60000E+03  5.80989E-01  5.95520E-01  1.63700E+18  1.67794E+18
    5.70000E+03  6.99461E-01  7.13029E-01  2.00600E+18  2.04491E+18
    5.80000E+03  7.74097E-01  7.94067E-01  2.25900E+18  2.31728E+18
    5.90000E+03  5.81091E-01  6.00401E-01  1.72500E+18  1.78232E+18
    6.00000E+03  7.40013E-01  7.62612E-01  2.23400E+18  2.30222E+18
    6.10000E+03  7.78383E-01  8.09607E-01  2.38900E+18  2.48483E+18
    6.20000E+03  6.32794E-01  6.65897E-01  1.97400E+18  2.07726E+18
    6.30000E+03  6.71018E-01  7.13245E-01  2.12700E+18  2.26085E+18
    6.40000E+03  6.73576E-01  7.24971E-01  2.16900E+18  2.33450E+18
    6.50000E+03  7.28954E-01  7.89979E-01  2.38400E+18  2.58358E+18
    6.60000E+03  8.55528E-01  9.34611E-01  2.84100E+18  3.10361E+18
    6.70000E+03  7.58216E-01  8.33686E-01  2.55600E+18  2.81041E+18
    6.80000E+03  6.93287E-01  7.67115E-01  2.37200E+18  2.62459E+18
    6.90000E+03  6.76038E-01  7.52643E-01  2.34700E+18  2.61295E+18
    7.00000E+03  8.50366E-01  9.50883E-01  2.99500E+18  3.34902E+18
    7.10000E+03  8.38669E-01  9.41415E-01  2.99600E+18  3.36304E+18
    7.20000E+03  8.56281E-01  9.64639E-01  3.10200E+18  3.49454E+18
    7.30000E+03  1.01608E+00  1.14802E+00  3.73200E+18  4.21662E+18
    7.40000E+03  1.08641E+00  1.23063E+00  4.04500E+18  4.58198E+18
    7.50000E+03  1.11698E+00  1.26821E+00  4.21500E+18  4.78569E+18
    7.60000E+03  1.11222E+00  1.26581E+00  4.25300E+18  4.84032E+18
    7.70000E+03  1.02885E+00  1.17283E+00  3.98600E+18  4.54381E+18
    7.80000E+03  1.05261E+00  1.20096E+00  4.13100E+18  4.71319E+18
    7.90000E+03  1.08759E+00  1.24337E+00  4.32300E+18  4.94220E+18
    8.00000E+03  1.11996E+00  1.28270E+00  4.50800E+18  5.16306E+18
    8.10000E+03  1.14171E+00  1.30831E+00  4.65300E+18  5.33200E+18
    8.20000E+03  1.11276E+00  1.27662E+00  4.59100E+18  5.26705E+18
    8.30000E+03  1.12665E+00  1.29416E+00  4.70500E+18  5.40454E+18
    8.40000E+03  1.07159E+00  1.23189E+00  4.52900E+18  5.20648E+18
    8.50000E+03  1.03303E+00  1.18828E+00  4.41800E+18  5.08196E+18


   **** From the climate model ****

     P (atm)     Alt (km)         T         DIVF
   3.1626E-05   6.8957E+01   1.7569E+02   9.0184E-07
   3.5148E-05   6.8410E+01   1.8025E+02  -1.0731E-05
   3.9061E-05   6.7853E+01   1.8270E+02  -9.6623E-06
   4.3411E-05   6.7290E+01   1.8349E+02  -9.0186E-06
   4.8245E-05   6.6724E+01   1.8526E+02  -9.1404E-06
   5.3617E-05   6.6149E+01   1.8930E+02  -1.1385E-05
   5.9587E-05   6.5561E+01   1.9352E+02  -1.0725E-05
   6.6222E-05   6.4962E+01   1.9633E+02  -9.8285E-06
   7.3596E-05   6.4356E+01   1.9811E+02  -9.2016E-06
   8.1790E-05   6.3745E+01   1.9940E+02  -8.9346E-06
   9.0898E-05   6.3131E+01   2.0053E+02  -8.8381E-06
   1.0102E-04   6.2513E+01   2.0162E+02  -8.8448E-06
   1.1227E-04   6.1892E+01   2.0276E+02  -8.7696E-06
   1.2477E-04   6.1267E+01   2.0411E+02  -9.2072E-06
   1.3866E-04   6.0638E+01   2.0561E+02  -9.2428E-06
   1.5410E-04   6.0003E+01   2.0718E+02  -9.3920E-06
   1.7126E-04   5.9364E+01   2.0874E+02  -9.3849E-06
   1.9033E-04   5.8721E+01   2.1025E+02  -9.2310E-06
   2.1152E-04   5.8073E+01   2.1168E+02  -9.1546E-06
   2.3508E-04   5.7420E+01   2.1299E+02  -8.9266E-06
   2.6125E-04   5.6764E+01   2.1416E+02  -8.5487E-06
   2.9034E-04   5.6105E+01   2.1517E+02  -8.2282E-06
   3.2267E-04   5.5442E+01   2.1607E+02  -7.8694E-06
   3.5860E-04   5.4777E+01   2.1688E+02  -7.6186E-06
   3.9853E-04   5.4109E+01   2.1763E+02  -7.4639E-06
   4.4291E-04   5.3440E+01   2.1833E+02  -7.2500E-06
   4.9223E-04   5.2768E+01   2.1898E+02  -7.1336E-06
   5.4704E-04   5.2094E+01   2.1957E+02  -6.8635E-06
   6.0795E-04   5.1419E+01   2.2006E+02  -6.1996E-06
   6.7564E-04   5.0742E+01   2.2047E+02  -5.8575E-06
   7.5087E-04   5.0064E+01   2.2082E+02  -5.5429E-06
   8.3448E-04   4.9385E+01   2.2108E+02  -4.8586E-06
   9.2740E-04   4.8706E+01   2.2127E+02  -4.2149E-06
   1.0307E-03   4.8025E+01   2.2148E+02  -4.0962E-06
   1.1454E-03   4.7345E+01   2.2175E+02  -5.6573E-06
   1.2730E-03   4.6663E+01   2.2205E+02  -5.0680E-06
   1.4147E-03   4.5980E+01   2.2238E+02  -6.1757E-06
   1.5723E-03   4.5296E+01   2.2270E+02  -5.3978E-06
   1.7473E-03   4.4612E+01   2.2300E+02  -5.6112E-06
   1.9419E-03   4.3926E+01   2.2325E+02  -4.3667E-06
   2.1581E-03   4.3240E+01   2.2348E+02  -4.0732E-06
   2.3984E-03   4.2553E+01   2.2370E+02  -3.9604E-06
   2.6655E-03   4.1865E+01   2.2392E+02  -3.8368E-06
   2.9623E-03   4.1177E+01   2.2415E+02  -4.1374E-06
   3.2921E-03   4.0488E+01   2.2442E+02  -5.2068E-06
   3.6587E-03   3.9798E+01   2.2474E+02  -7.3065E-06
   4.0661E-03   3.9107E+01   2.2511E+02  -8.4350E-06
   4.5189E-03   3.8415E+01   2.2549E+02  -9.3211E-06
   5.0220E-03   3.7721E+01   2.2587E+02  -9.0575E-06
   5.5812E-03   3.7027E+01   2.2624E+02  -9.2992E-06
   6.2027E-03   3.6331E+01   2.2658E+02  -6.0143E-06
   6.8934E-03   3.5635E+01   2.2687E+02  -4.9321E-06
   7.6609E-03   3.4938E+01   2.2711E+02  -3.5981E-07
   8.5140E-03   3.4240E+01   2.2728E+02   3.1878E-06
   9.4620E-03   3.3541E+01   2.2741E+02   1.1937E-05
   1.0516E-02   3.2842E+01   2.2757E+02   2.2165E-06
   1.1687E-02   3.2143E+01   2.2780E+02  -9.5046E-07
   1.2988E-02   3.1443E+01   2.2802E+02  -7.0255E-06
   1.4434E-02   3.0742E+01   2.2820E+02   8.3334E-06
   1.6041E-02   3.0041E+01   2.2830E+02   1.0930E-05
   1.7827E-02   2.9339E+01   2.2834E+02   2.6643E-05
   1.9812E-02   2.8638E+01   2.2832E+02   3.2100E-05
   2.2019E-02   2.7937E+01   2.2821E+02   5.2524E-05
   2.4470E-02   2.7236E+01   2.2807E+02   6.4904E-05
   2.7195E-02   2.6535E+01   2.2797E+02   4.5952E-05
   3.0223E-02   2.5835E+01   2.2792E+02   3.3804E-05
   3.3589E-02   2.5135E+01   2.2790E+02   2.7857E-05
   3.7329E-02   2.4435E+01   2.2792E+02   1.7744E-05
   4.1485E-02   2.3734E+01   2.2801E+02  -1.4409E-05
   4.6105E-02   2.3034E+01   2.2818E+02  -3.9136E-05
   5.1238E-02   2.2332E+01   2.2847E+02  -1.0049E-04
   5.6944E-02   2.1630E+01   2.2889E+02  -1.5446E-04
   6.3284E-02   2.0926E+01   2.2946E+02  -2.6208E-04
   7.0331E-02   2.0220E+01   2.3015E+02  -3.3194E-04
   7.8162E-02   1.9512E+01   2.3093E+02  -3.9044E-04
   8.6866E-02   1.8801E+01   2.3195E+02  -4.5565E-04
   9.6538E-02   1.8086E+01   2.3323E+02  -1.1062E-03
   1.0729E-01   1.7368E+01   2.3445E+02  -6.0057E-04
   1.1923E-01   1.6646E+01   2.3548E+02  -6.5792E-04
   1.3251E-01   1.5921E+01   2.3646E+02  -2.7903E-04
   1.4727E-01   1.5193E+01   2.3753E+02  -7.6364E-04
   1.6366E-01   1.4461E+01   2.3884E+02  -7.5518E-04
   1.8189E-01   1.3725E+01   2.4051E+02  -1.9059E-03
   2.0214E-01   1.2983E+01   2.4237E+02  -2.1862E-03
   2.2465E-01   1.2236E+01   2.4428E+02  -1.8711E-03
   2.4966E-01   1.1481E+01   2.4717E+02  -2.8759E-03
   2.7746E-01   1.0714E+01   2.5181E+02  -1.4902E-02
   3.0836E-01   9.9329E+00   2.5684E+02  -3.6301E-02
   3.4269E-01   9.1364E+00   2.6148E+02  -6.3959E-02
   3.8085E-01   8.3259E+00   2.6577E+02  -9.5364E-02
   4.2326E-01   7.5025E+00   2.6976E+02  -1.3016E-01
   4.7039E-01   6.6668E+00   2.7355E+02  -1.7285E-01
   5.2277E-01   5.8186E+00   2.7758E+02  -2.2498E-01
   5.8098E-01   4.9576E+00   2.8148E+02  -2.8678E-01
   6.4567E-01   4.0841E+00   2.8527E+02  -3.5799E-01
   7.1757E-01   3.1982E+00   2.8895E+02  -4.5365E-01
   7.9747E-01   2.3000E+00   2.9255E+02  -6.2027E-01
   8.8626E-01   1.3894E+00   2.9610E+02  -9.7394E-01
   9.8495E-01   4.6630E-01   2.9961E+02  -1.8294E+00
   1.0383E+00   0.0000E+00   3.0134E+02  -4.1508E+00
